0.0
0.0
0.0
0.0
0.0
0.0
0.0
0.0
0.0
0.0
0.0
0.0
0.0
0.0
0.0
0.0
0.0
0.0
0.0
0.0
0.0
0.0
0.0
0.0
0.0
0.0
0.0
0.0
-44.2932
-44.4801
-46.4311
-44.4801
-44.4451
-17.9322
-9.007
-8.8668
0.6192
0.6133
0.6192
0.6192
0.6133
0.6133
0.6192
0.6192
0.6133
0.6133
0.6133
0.6133
0.6192
0.6192
0.6192
0.6192
0.6192
0.6192
0.6133
0.6133
0.6133
0.6133
0.6192
0.6192
0.6192
0.6192
0.6133
0.6192
0.6192
0.6133
0.6133
0.6192
0.6192
0.6133
0.6192
0.6133
0.6192
0.6192
0.6133
0.6133
0.6192
0.6133
-8.9369
-9.2348
-9.2348
-11.3435
-11.3435
-11.3435
-9.6203
-8.8668
-10.5549
0.6192
0.6192
0.6192
0.6133
0.6192
0.6192
0.6192
0.6192
0.6133
0.6133
0.6192
0.6192
0.6133
0.6192
0.6192
0.0
0.0
0.0
0.0
0.0
0.0
0.0
0.0
0.0
0.0
0.0
0.0
0.0
0.0
0.0
0.0
0.0
0.0
0.0
0.0
0.0
0.0
0.0
0.0
0.0
0.0
0.0
0.0
0.0
0.0
0.0
0.0
0.0
0.0
0.0
0.0
0.0
0.0
0.0
0.0
0.0
0.0
0.0
0.0
0.0
0.0
0.0
0.0
0.0
0.0
0.0
0.0
0.0
0.0
0.0
0.0
0.0
0.0
0.0
0.0
0.0
0.0
0.0
0.0
0.0
0.0
0.0
0.0
0.0
0.0
0.0
0.0
0.0
0.0
0.0
0.0
0.0
0.0
0.0
0.0
0.0
0.0
0.0
0.0
0.0
0.0
0.0
0.0
0.0
0.0
0.0
0.0
0.0
0.0
0.0
0.0
0.0
0.0
0.0
0.0
0.0
0.0
0.6192
0.6192
0.59
0.59
0.59
0.59
0.59
0.59
0.59
0.59
0.59
0.59
0.59
0.59
0.59
0.59
0.59
0.59
0.59
0.59
0.59
-49.8189
-49.8014
-50.0
0.59
0.59
0.59
0.59
0.59
0.59
0.59
0.59
0.59
0.59
0.59
0.59
0.59
0.59
0.59
0.59
0.59
0.59
0.59
0.59
0.59
0.59
0.59
0.59
0.59
0.59
0.59
0.59
0.59
0.59
0.59
0.59
0.59
0.59
0.59
0.59
0.59
0.59
0.59
0.59
0.59
0.59
0.59
0.59
0.59
0.59
0.59
0.59
0.59
0.59
0.59
0.59
0.59
0.59
0.59
0.59
0.59
0.59
0.59
0.59
0.59
0.59
0.59
0.59
0.59
0.59
0.59
0.59
0.59
0.59
0.59
0.59
0.59
0.59
0.59
0.59
0.59
0.59
0.59
0.59
0.59
0.59
0.59
0.59
-9.0771
-9.0771
-9.0771
0.59
0.59
0.59
0.59
0.59
0.59
0.59
0.59
0.59
0.59
0.59
0.59
0.59
0.59
0.59
0.59
0.59
0.59
0.59
0.59
0.59
0.59
0.59
0.59
0.59
0.59
0.59
0.59
0.59
0.59
0.59
0.59
0.59
0.59
0.59
0.59
0.59
0.59
0.59
0.59
0.59
0.59
0.59
0.59
0.59
0.59
0.59
0.59
0.59
0.59
0.59
0.59
0.59
0.59
0.59
0.59
0.59
0.59
0.59
0.59
0.59
0.59
0.59
0.59
0.59
0.59
0.59
0.59
0.59
0.59
0.59
0.59
0.59
0.59
0.59
0.59
0.59
0.59
0.59
0.59
0.59
0.59
0.59
0.59
0.59
0.59
0.59
0.59
0.59
0.59
0.59
0.59
0.59
0.59
0.59
0.59
0.59
0.59
0.59
0.59
0.59
0.59
0.59
0.59
0.59
0.59
0.59
0.59
0.59
0.59
0.59
0.59
0.59
0.59
0.59
0.59
0.59
0.59
0.59
0.59
0.59
0.59
0.59
0.59
0.59
0.59
0.59
0.59
0.59
0.59
0.59
0.59
0.59
0.59
0.59
0.59
0.59
0.59
0.59
0.59
0.59
0.59
0.59
0.59
0.59
0.59
0.59
0.59
0.59
0.59
0.59
0.59
0.59
0.59
0.59
0.59
0.59
0.59
0.59
0.59
0.59
0.59
0.59
0.59
0.59
0.59
0.59
0.59
0.59
0.59
0.59
0.59
0.59
0.59
0.59
0.59
0.59
0.59
0.59
0.59
0.59
0.59
0.59
0.59
0.59
0.59
0.59
0.59
0.59
0.59
0.59
0.59
0.59
0.59
0.59
0.59
0.59
0.59
0.59
0.59
0.59
0.59
0.59
0.59
0.59
0.59
0.59
0.59
0.59
0.59
0.59
0.59
0.59
0.59
0.59
0.59
0.59
0.59
0.59
0.59
0.59
0.59
0.59
0.59
0.59
0.59
0.59
0.59
0.59
0.59
0.59
0.59
0.59
0.59
0.59
0.59
0.59
0.59
0.59
0.59
0.59
0.59
0.59
0.59
0.59
0.59
0.59
0.59
0.59
0.59
0.59
0.59
0.6192
0.6192
0.6192
0.6192
0.6192
0.6192
0.6192
0.6192
0.6192
0.6192
0.6192
0.6192
0.6192
0.6192
0.6192
0.6192
0.6192
0.6192
0.6192
0.6192
0.6192
0.6192
0.6192
0.6192
0.6192
0.6192
0.6192
0.6192
0.6192
0.6192
0.6192
0.6192
0.6192
0.6192
0.6192
0.6192
0.6192
0.6192
0.6192
0.6192
0.6192
0.6192
0.6192
0.6192
0.6192
0.6192
0.6192
0.6192
0.6192
0.6192
0.6192
0.6192
0.6192
0.6192
0.6192
0.6192
0.6192
0.6192
0.6192
0.6192
0.6192
0.6192
0.6192
0.6192
0.6192
0.6192
0.6192
0.6192
0.6192
0.6192
0.6192
0.6192
0.6192
0.6192
0.6192
0.6192
0.6192
0.6192
0.6192
0.6192
0.6192
0.6192
0.6192
0.6192
0.6192
0.6192
0.6192
0.6192
0.6192
0.6192
0.6192
0.6192
0.6192
0.6192
0.6192
0.6192
0.6192
0.6192
0.6192
0.6192
0.6192
0.6192
0.6192
0.6192
0.6192
0.6192
0.6192
0.6192
0.6192
0.6192
0.6192
0.6192
0.6192
0.6192
0.6192
0.6192
0.6192
0.6192
0.6192
0.6192
0.6192
0.6192
0.6192
0.6192
0.6192
0.6192
0.6192
0.6192
0.6192
0.6192
0.6192
0.6192
0.6192
0.6192
0.6192
0.6192
0.6192
0.6192
0.6192
0.6192
0.6192
0.6192
0.6192
0.6192
0.6192
0.6192
0.6192
0.6192
0.6192
0.6192
0.6192
0.6192
0.6192
0.6192
0.6192
0.6192
0.6192
0.6192
0.6192
0.6192
0.6192
0.6192
0.6192
0.6192
0.6192
0.6192
0.6192
0.6192
0.6192
0.6192
0.6192
0.6192
0.6192
0.6192
0.6192
0.6192
0.6192
0.6192
0.6192
0.6192
0.6192
0.6192
0.6192
0.6192
0.6192
0.6192
0.6192
0.6192
0.6192
0.6192
0.6192
0.6192
0.6192
0.6192
0.6192
0.6192
0.6192
0.6192
0.6192
0.6192
0.6192
0.6192
0.6192
0.6192
0.6192
0.6192
0.6192
0.6192
0.6192
0.6192
0.6192
0.6192
0.6192
0.6192
0.6192
0.6192
0.6192
0.6192
0.6192
0.6192
0.6192
0.6192
0.6192
0.6192
0.6192
0.6192
0.6192
0.6192
0.6192
0.6192
0.6192
0.6192
0.6192
0.6192
-11.3435
-11.3435
-11.3435
-11.3435
-11.3435
-11.3435
-8.9603
-8.8551
-9.4451
0.6192
0.6192
0.6192
0.6192
0.6192
0.6192
0.6192
0.6192
0.6192
0.6192
0.6192
0.6192
0.6192
0.6192
0.6192
0.6192
0.6192
0.6192
0.0
0.0
0.0
0.0
0.0
0.0
0.0
0.0
0.0
0.6192
0.6192
0.6192
0.6192
0.6192
0.6192
0.6192
0.6192
0.6192
0.6192
0.6192
0.6192
0.6192
0.6192
0.6192
0.6192
0.6192
0.6192
0.6192
0.6192
0.6192
0.6192
0.6192
0.6192
0.6192
0.6192
0.6192
0.6192
0.6192
0.6192
0.6192
0.6192
0.6192
0.6192
0.6192
0.6192
0.6192
0.6192
0.6192
0.6192
0.6192
0.6192
0.6192
0.6192
0.6192
0.6192
0.6192
0.6192
0.6192
0.6192
0.6192
0.6192
0.6192
0.6192
0.6192
0.6192
0.6192
0.6192
0.6192
0.6192
0.6192
0.6192
0.6192
0.6192
0.6192
0.6192
0.6192
0.6192
0.6192
0.6192
0.6192
0.6192
0.6192
0.6192
0.6192
0.6192
0.6192
0.6192
0.6192
0.6192
0.6192
0.6192
0.6192
0.6192
0.6192
0.6192
0.6192
0.6192
0.6192
0.6192
0.6192
0.6192
0.6192
0.6192
0.6192
0.6192
0.6192
0.6192
0.6192
0.6192
0.6192
0.6192
0.6192
0.6192
0.6192
0.6192
0.6192
0.6192
0.6192
0.6192
0.6192
0.6192
0.6192
0.6192
0.6192
0.6192
0.6192
0.6192
0.6192
0.6192
0.6192
0.6192
0.6192
0.6192
0.6192
0.6192
0.6192
0.6192
0.6192
0.6192
0.6192
0.6192
0.6192
0.6192
0.6192
0.6192
0.6192
0.6192
0.6192
0.6192
0.6192
0.6192
0.6192
0.6192
0.6192
0.6192
0.6192
0.6192
0.6192
0.6192
0.6192
0.6192
0.6192
0.6192
0.6192
0.6192
0.6192
0.6192
0.6192
0.6192
0.6192
0.6192
0.6192
0.6192
0.6192
0.6192
0.6192
0.6192
0.6192
0.6192
0.6192
0.6192
0.6192
0.6192
0.6192
0.6192
0.6192
0.6192
0.6192
0.6192
0.6192
0.6192
0.6192
0.6192
0.6192
0.6192
0.6192
0.6192
0.6192
0.6192
0.6192
0.6192
0.6192
0.6192
0.6192
0.6192
0.6192
0.6192
