0.8175
0.8175
0.8175
0.8175
0.8175
0.8175
0.8175
0.8175
0.8175
0.8175
0.8175
0.8175
0.8175
0.8175
0.8175
0.8175
0.8175
0.8175
0.8175
0.8175
0.8175
0.8175
0.8175
0.8175
0.8175
0.8175
0.8175
0.8175
0.8175
0.8175
0.8175
0.8175
0.8175
0.8175
0.8175
0.8175
0.8175
0.8175
0.8175
0.8175
0.8175
0.8175
0.8175
0.8175
0.8175
0.8175
0.8175
0.8175
-5.9064
-5.8706
-5.8962
0.8175
0.8175
0.8175
0.8175
0.8175
0.8175
0.8175
0.8175
0.8175
0.8175
0.8175
0.8175
0.8175
0.8175
0.8175
0.8175
0.8175
0.8175
0.8175
0.8175
0.8175
0.8175
0.8175
0.8175
0.8175
0.8175
0.8175
0.8175
0.8175
0.8175
0.8175
0.8175
0.8175
0.8175
0.8175
0.8175
0.8175
0.8175
0.8175
0.8175
0.8175
0.8175
-8.737
-8.737
-8.737
0.8175
0.8175
0.8175
0.8175
0.8175
0.8175
0.8175
0.8175
0.8175
0.8175
0.8175
0.8175
0.8175
0.8175
0.8175
-5.9933
-7.3012
-5.9933
0.8175
0.8175
0.8175
0.8175
0.8175
0.8175
0.8175
0.8175
0.8175
0.8175
0.8175
0.8175
0.8175
0.8175
0.8175
0.8175
0.8175
0.8175
0.8175
0.8175
0.8175
0.8175
0.8175
0.8175
0.8175
0.8175
0.8175
0.8175
0.8175
0.8175
0.8175
0.8175
0.8175
-5.8706
-5.9422
-5.8809
0.8175
0.8175
0.8175
0.8175
0.8175
0.8175
0.8175
0.8175
0.8175
0.8175
0.8175
0.8175
0.8175
0.8175
0.8175
0.8175
0.8175
0.8175
0.8175
0.8175
0.8175
0.8175
0.8175
0.8175
0.8175
0.8175
0.8175
0.8175
0.8175
0.8175
0.8175
0.8175
0.8175
0.8175
0.8175
0.8175
0.8175
0.8175
0.8175
0.8175
0.8175
0.8175
0.8175
0.8175
0.8175
0.8175
0.8175
0.8175
0.8175
0.8175
0.8175
0.8175
0.8175
0.8175
0.8175
0.8175
0.8175
0.8175
0.8175
0.8175
0.8175
0.8175
0.8175
0.8175
0.8175
0.8175
0.8175
0.8175
0.8175
0.8175
0.8175
0.8175
0.8175
0.8175
0.8175
0.8175
0.8175
0.8175
0.8175
0.8175
0.8175
0.8175
0.8175
0.8175
0.8175
0.8175
0.8175
0.8175
0.8175
0.8175
0.8175
0.8175
0.8175
0.8175
0.8175
0.8175
0.8175
0.8175
0.8175
0.8175
0.8175
0.8175
0.8175
0.8175
0.8175
0.8175
0.8175
0.8175
0.8175
0.8175
0.8175
0.8175
0.8175
0.8175
0.8175
0.8175
0.8175
0.8175
0.8175
0.8175
0.8175
0.8175
0.8175
0.8175
0.8175
0.8175
0.8175
0.8175
0.8175
0.8175
0.8175
0.8175
0.8175
0.8175
0.8175
0.8175
0.8175
0.8175
0.8175
0.8175
0.8175
0.8175
0.8175
0.8175
0.8175
0.8175
0.8175
0.8175
0.8175
0.8175
0.8175
0.8175
0.8175
0.8175
0.8175
0.8175
0.8175
0.8175
0.8175
0.8175
0.8175
0.8175
0.8175
0.8175
0.8175
0.8175
0.8175
0.8175
0.8175
0.8175
0.8175
0.8175
0.8175
0.8175
0.8175
0.8175
0.8175
0.8175
0.8175
0.8175
0.8175
0.8175
0.8175
0.8175
0.8175
0.8175
0.8175
0.8175
0.8175
0.8175
0.8175
0.8175
0.8175
0.8175
0.8175
0.8175
0.8175
0.8175
0.8175
0.8175
0.8175
0.8175
0.8175
0.8175
0.8175
0.8175
0.8175
0.8175
0.8175
0.8175
0.8175
0.8175
0.8175
0.8175
0.8175
0.8175
0.8175
0.8175
0.8175
0.8175
0.8175
0.8175
0.8175
0.8175
0.8175
0.8175
0.8175
0.8175
0.8175
0.8175
0.8175
0.8175
0.8175
0.8175
0.8175
0.8175
0.8175
0.8175
0.8175
0.8175
0.8175
0.8175
0.8175
0.8175
0.8175
0.8175
0.8175
0.8175
0.8175
0.8175
0.8175
0.8175
0.8175
0.8175
0.8175
0.8175
0.8175
0.8175
0.8175
0.8175
0.8175
0.8175
0.8175
0.8175
0.8175
0.8175
0.8175
0.8175
0.8175
0.8175
0.8175
0.8175
0.8175
-50.0
-43.5622
-43.6951
0.8175
0.8175
0.8175
0.8175
0.8175
0.8175
0.8175
0.8175
0.8175
0.8175
0.8175
0.8175
0.8175
0.8175
0.8175
0.8175
0.8175
0.8175
0.8175
0.8175
0.8175
0.8175
0.8175
0.8175
0.8175
0.8175
0.8175
0.8175
0.8175
0.8175
0.8175
0.8175
0.8175
0.8175
0.8175
0.8175
0.8175
0.8175
0.8175
0.8175
0.8175
0.8175
0.8175
0.8175
0.8175
0.8175
0.8175
0.8175
0.8175
0.8175
0.8175
0.8175
0.8175
0.8175
0.8175
0.8175
0.8175
0.8175
0.8175
0.8175
0.8175
0.8175
0.8175
0.8175
0.8175
0.8175
0.8175
0.8175
0.8175
0.8175
0.8175
0.8175
0.8175
0.8175
0.8175
0.8175
0.8175
0.8175
0.8175
0.8175
0.8175
0.8175
0.8175
0.8175
0.8175
0.8175
0.8175
0.8175
0.8175
0.8175
0.8175
0.8175
0.8175
0.8175
0.8175
0.8175
0.8175
0.8175
0.8175
0.8175
0.8175
0.8175
0.8175
0.8175
0.8175
0.8175
0.8175
0.8175
0.8175
0.8175
0.8175
0.8175
0.8175
0.8175
0.8175
0.8175
0.8175
-5.8706
-5.9217
-5.9728
0.8175
0.8175
0.8175
0.8175
0.8175
0.8175
0.8175
0.8175
0.8175
0.8175
0.8175
0.8175
0.8175
0.8175
0.8175
0.8175
0.8175
0.8175
0.8175
0.8175
0.8175
0.8175
0.8175
0.8175
-6.2385
-6.2641
-6.2845
-6.2692
-6.4531
-6.2283
-6.2283
-6.2283
-6.2283
-6.2538
-6.2283
-6.2283
-6.2283
-6.2283
-6.2283
0.0
0.0
0.0
0.0
0.0
0.0
0.0
0.0
0.0
0.0
0.0
0.0
0.0
0.0
0.0
0.8175
0.8175
0.8175
0.8175
0.8175
0.8175
0.8175
0.8175
0.8175
0.8175
0.8175
0.8175
0.8175
0.8175
0.8175
0.8175
0.8175
0.8175
0.8175
0.8175
0.8175
0.8175
0.8175
0.8175
0.8175
0.8175
0.8175
0.8175
0.8175
0.8175
0.8175
0.8175
0.8175
0.8175
0.8175
0.8175
0.8175
0.8175
0.8175
0.8175
0.8175
0.8175
-5.8757
-5.9881
-5.8706
-5.8706
-5.9371
-5.9473
0.8175
0.8175
0.8175
0.8175
0.8175
0.8175
0.8175
0.8175
0.8175
0.8175
0.8175
0.8175
0.8175
0.8175
0.8175
0.8175
0.8175
0.8175
0.8175
0.8175
0.8175
0.8175
0.8175
0.8175
0.8175
0.8175
0.8175
0.8175
0.8175
0.8175
0.8175
0.8175
0.8175
0.8175
0.8175
0.8175
0.8175
0.8175
0.8175
0.8175
0.8175
0.8175
0.8175
0.8175
0.8175
0.8175
0.8175
0.8175
0.8175
0.8175
0.8175
0.8175
0.8175
0.8175
0.8175
0.8175
0.8175
0.8175
0.8175
0.8175
0.8175
0.8175
0.8175
0.8175
0.8175
0.8175
0.8175
0.8175
0.8175
0.8175
0.8175
0.8175
0.8175
0.8175
0.8175
0.8175
0.8175
0.8175
0.8175
0.8175
0.8175
0.8175
0.8175
0.8175
-7.0815
-7.0509
-7.0509
-7.0509
-7.0509
-7.0509
-7.0509
-7.0509
-7.0918
0.8175
0.8175
0.8175
0.8175
0.8175
0.8175
0.8175
0.8175
0.8175
0.8175
0.8175
0.8175
-7.291
-7.8071
-7.7815
-8.2567
-8.2567
-8.2567
0.8175
0.8175
0.8175
0.8175
0.8175
0.8175
0.8175
0.8175
0.8175
0.8175
0.8175
0.8175
0.8175
0.8175
0.8175
0.0
0.0
0.0
0.0
0.0
0.0
0.0
0.0
0.0
0.8175
0.8175
0.8175
0.8175
0.8175
0.8175
0.8175
0.8175
0.8175
0.8175
0.8175
0.8175
0.8175
0.8175
0.8175
0.8175
0.8175
0.8175
0.8175
0.8175
0.8175
0.8175
0.8175
0.8175
0.8175
0.8175
0.8175
0.8175
0.8175
0.8175
0.8175
0.8175
0.8175
0.8175
0.8175
0.8175
0.8175
0.8175
0.8175
0.8175
0.8175
0.8175
0.8175
0.8175
0.8175
0.8175
0.8175
0.8175
