4.858
5.0288
4.7939
-3.7583
-3.8971
4.7192
4.858
4.7939
-12.8977
4.7192
4.7939
-7.5059
4.7192
4.7192
4.7192
-3.8757
4.7939
-4.4523
4.858
4.7939
-3.8757
4.7192
4.7192
4.7192
-3.6515
4.7939
-12.524
4.7939
4.7192
-3.865
-12.6949
-36.1734
4.7192
4.7192
-25.347
-3.5981
4.7939
-12.3318
-12.0969
4.7192
4.7192
4.7192
5.0288
4.7939
4.7939
-3.4059
4.7939
-12.524
-4.3882
4.6658
-12.2678
-12.7269
-13.517
4.7939
4.7192
-3.6515
-3.7583
4.7192
4.7192
-4.3242
4.7939
4.7939
4.858
4.7939
4.7939
4.858
4.7192
4.7192
-12.5667
-23.233
-3.865
-3.8864
-3.9398
-4.0679
5.0288
4.7939
4.7192
4.7192
4.858
4.858
-3.7583
4.7192
4.7939
-3.865
-23.0621
-36.846
-4.2814
4.7192
4.7939
4.858
-21.909
5.0288
4.7939
0.0
0.0
0.0
-4.7726
4.858
-3.9505
4.7939
4.858
-13.8266
-13.2714
4.7192
-24.8238
-13.0579
-3.833
-4.3989
-4.4309
-24.2686
-3.865
4.527
-12.9938
4.527
4.7939
4.858
-3.7583
-34.7107
-4.9221
4.7192
-4.4523
-3.9505
-3.9078
-4.2281
-47.0959
-4.3989
-3.7583
-4.4736
-23.628
-3.833
4.7192
4.7192
4.858
4.7939
4.7192
4.7192
-21.6741
-3.865
4.7939
-3.7583
4.858
4.7939
4.858
4.7192
-3.833
4.7192
4.7939
4.6445
-24.6957
-3.9825
4.7939
4.7939
-12.0863
-38.3515
-50.0
-4.0252
-4.2814
4.7192
-14.243
-4.164
4.7192
4.7192
-3.7903
-19.2078
4.7939
4.7939
-22.6671
4.7192
-13.2501
-14.0615
-4.3989
-4.0359
5.0288
-4.2814
4.858
-12.5774
4.7192
-3.4273
-4.0893
-4.559
-22.539
5.0288
-24.621
-12.3105
5.0288
-3.8437
4.7939
5.0288
4.7192
4.7192
-3.3953
4.7939
4.7939
-3.9078
-4.0252
-3.7583
-4.0572
-23.8309
4.7939
4.7939
4.7192
-3.5768
4.7939
5.0288
-12.4493
4.7192
4.7192
-3.833
5.0288
4.7939
-4.0786
-7.5059
-12.7909
4.7939
5.0288
4.7939
-4.0893
-12.3959
-3.9611
4.7192
-3.5661
4.7939
-3.865
4.858
-12.4066
-12.0863
-3.8223
4.7192
-3.7583
-3.5768
-12.5774
-3.865
4.858
4.7192
-3.865
5.0288
-12.2464
4.7939
5.0288
-3.7476
4.7192
5.0288
-3.7583
4.7939
-3.8437
4.7939
4.7192
-14.243
4.7192
-3.8864
-4.4523
-4.0893
-3.9825
4.7192
-12.3852
4.858
-3.865
-13.2394
5.0288
4.7192
-3.8117
-12.0969
5.0288
4.7192
-4.0786
5.0288
-3.9078
4.7192
-3.8117
4.858
4.7939
5.0288
-3.8117
5.0288
4.7192
-3.5981
-3.833
5.0288
-12.492
4.7939
-22.5496
-4.0893
4.7939
4.7939
-3.7583
4.7192
4.858
-4.0572
-3.6515
-3.865
4.7192
4.7192
5.0288
4.7192
-3.833
5.0288
4.7192
-4.0359
5.0288
-3.8223
-3.7583
5.0288
4.7192
-4.0252
4.7192
-35.2872
4.7939
4.858
4.7939
4.7939
5.0288
-4.0572
-4.0252
-3.3953
4.7192
4.7192
5.0288
-12.1183
-3.7583
4.7939
-4.3455
5.0288
-4.9221
-36.2481
-3.9505
-3.438
-3.865
-4.7726
4.858
-4.559
4.7939
4.858
-3.6515
-38.896
-4.164
4.7192
-3.7583
-13.3782
-3.7583
4.7939
-12.4493
4.858
4.7939
-13.88
-13.6024
4.7192
4.858
-12.8016
-3.801
-13.6985
4.7192
4.7939
4.858
4.7192
5.0288
-13.1433
4.7939
-3.7583
4.7192
-3.5981
-3.7476
-3.833
-13.9013
-3.9291
-3.9291
-12.3852
4.7192
5.0288
-3.9078
-3.9078
-3.8437
4.858
-13.6237
-17.3393
-4.3989
-12.3639
-3.7583
-4.2814
4.7939
5.0288
5.0288
5.0288
5.0288
4.7192
-4.559
5.0288
4.7939
4.7939
4.7939
-13.0045
4.7939
4.7192
5.0288
-3.9078
-11.9154
-3.833
-3.7903
4.7939
-3.7583
4.7939
4.858
-13.0152
4.7939
4.858
-4.4523
-3.8117
5.0288
4.7192
4.7939
5.0288
-4.0572
-13.3889
5.0288
-13.0045
-3.833
4.858
-3.865
4.7192
-3.7156
4.7939
-4.3989
-4.3242
4.858
-7.3671
3.6622
3.438
-21.5994
5.0288
4.7192
-3.5981
-4.3135
-3.865
-4.7726
-4.3455
-4.0466
5.0288
4.7192
-3.3953
4.7939
5.0288
4.7192
-14.0615
4.7192
4.858
4.7939
4.858
-4.2281
-12.6628
5.0288
4.7192
4.7939
4.7192
-12.4386
4.7939
4.7192
4.7192
-3.9078
4.858
-3.8117
-3.8117
4.858
-7.5486
4.7939
-3.7583
4.7939
4.7939
-4.0893
-4.0893
5.0288
-4.2387
4.7192
-4.3989
-3.6515
-4.3989
-3.7476
4.858
-4.2281
4.7939
4.858
-23.4572
-4.7726
4.7192
-4.2281
4.7939
4.858
-4.4736
-12.1397
-12.524
-3.865
-4.3135
-4.1106
-24.6103
-4.1106
5.0288
-22.6564
4.7192
-33.0557
4.7939
4.7939
-13.0899
4.7939
4.7192
-3.5981
-3.9825
-12.3532
-3.7583
-3.833
4.858
-3.4273
4.7939
4.7939
4.858
-4.4523
-11.8407
4.7192
-3.833
-12.6201
4.7192
4.858
-35.6075
4.7192
-4.2814
-3.7476
4.7939
4.7192
-3.3953
-4.2814
4.858
4.7939
4.7192
-4.2814
4.7939
4.7192
5.0288
4.7939
4.7939
4.7939
4.7192
5.0288
-4.0359
-3.5981
4.858
-4.4736
-4.0359
-4.1106
-4.3882
5.0288
-12.2571
-4.2814
-3.769
4.7192
-3.4273
-3.6515
4.7939
-3.8223
-3.6622
-4.7726
-4.1106
-12.0115
5.0288
-3.9078
5.0288
-3.5981
4.7192
-13.1113
-3.769
-3.865
4.7192
-3.865
4.7192
-5.4559
-15.7057
-41.5119
-28.0589
-28.5714
3.6302
3.6302
3.6835
3.6302
-6.0325
3.6302
3.5768
3.5768
3.5768
3.5768
0.0
0.0
0.0
0.0
0.0
0.0
0.0
0.0
0.0
0.0
0.0
0.0
0.0
0.0
0.0
-3.7583
5.0288
-12.524
4.7192
-4.0359
4.858
4.7939
-12.0115
-22.2614
4.7192
4.7192
-3.9184
-3.9611
-4.3989
5.0288
-4.3989
4.7192
5.0288
4.7192
-22.1226
4.7939
4.7939
-3.833
4.7192
-3.8757
-3.833
4.7192
4.858
-14.0615
-35.8851
4.7192
4.7192
-12.2571
4.858
4.7939
5.0288
-3.5981
-3.865
-11.8514
4.7939
-3.7583
4.7939
-3.9184
-13.6131
4.7085
4.5697
-17.019
-14.4459
-3.5234
-4.0038
-11.6912
-4.0038
-3.865
4.858
-36.5898
-3.8117
4.7192
4.7192
4.7192
4.7192
-11.8941
-11.7126
-13.3782
5.0288
-3.6408
-13.0579
4.7939
4.858
4.7192
4.7192
-35.5648
-12.2785
4.7939
4.858
-3.6408
5.0288
5.0288
4.7192
4.7192
-23.2116
-4.2494
-4.0893
5.0288
5.0288
4.7192
5.0288
4.7939
-3.865
4.858
-3.7476
4.7192
4.7192
5.0288
-4.3135
5.0288
-4.0893
4.7192
4.7192
4.7192
4.858
-3.9505
4.7192
5.0288
4.7192
4.858
4.7192
4.7192
-12.9725
4.7192
5.0288
-12.6628
4.7192
4.858
4.858
-3.9184
4.7192
5.0288
-3.865
-3.4059
4.858
4.7192
-3.865
5.0288
4.7192
4.7192
-22.4856
5.0288
4.7192
-4.2601
-4.0252
-3.9825
-12.1183
-9.6413
2.4984
2.4664
2.4984
2.6158
2.4984
2.4984
2.4984
-8.99
4.858
-4.7726
5.0288
4.7192
4.7192
-3.6622
-4.164
4.7939
5.0288
-4.9221
4.7192
-4.3455
1.4734
-14.6274
-14.4993
0.0
0.0
0.0
4.7192
4.858
-35.7036
-14.243
-3.9505
-14.1362
4.7192
-22.6564
-4.3455
-14.1149
-4.0572
-35.4901
-3.8544
-12.1183
-3.9184
0.0
0.0
0.0
0.0
0.0
0.0
0.0
0.0
0.0
4.7192
-12.5667
-4.0038
-3.833
4.7192
-24.322
-13.5597
-4.3242
-24.2686
4.7192
-4.164
-4.3455
4.7192
4.7192
5.0288
4.7192
-23.265
-13.5917
5.0288
4.7939
-4.9221
4.858
4.858
4.7939
4.7939
-3.8757
4.7192
4.7192
4.7939
-35.4794
4.858
4.7939
4.858
-12.8977
4.7939
-40.3267
-3.833
5.0288
4.7939
5.0288
5.0288
-13.3355
4.7192
-4.1106
-3.801
4.7939
-3.8223
4.858
