fixedStep chrom=ENSGT00390000016096 start=1 step=1
0.000
-1.492
-1.496
-1.505
-1.496
-1.505
0.117
0.117
0.117
0.117
0.117
0.117
0.117
0.117
0.117
0.117
0.117
0.117
0.117
0.117
0.117
0.117
0.117
0.117
0.117
0.117
0.117
0.117
0.117
0.117
0.117
0.117
0.117
0.117
0.117
0.117
0.117
0.117
0.117
0.117
0.117
0.117
0.117
0.117
0.117
0.117
0.117
0.117
-1.492
-1.492
-1.492
0.117
0.117
0.117
0.117
0.117
0.117
0.117
0.117
0.117
0.117
0.117
0.117
0.117
0.117
0.117
0.117
0.117
0.117
-1.461
-1.455
-1.450
0.117
0.117
0.117
0.117
0.117
0.117
0.117
0.117
0.117
-2.962
-2.953
-2.962
0.117
0.117
0.117
0.117
0.117
0.117
0.117
0.117
0.117
0.117
0.117
0.117
0.117
0.117
0.117
0.117
0.117
0.117
0.117
0.117
0.117
0.117
0.117
0.117
-1.514
-1.509
-1.514
0.117
0.117
0.117
0.117
0.117
0.117
0.117
0.117
0.117
0.117
0.117
0.117
0.117
0.117
0.117
0.117
0.117
0.117
0.117
0.117
0.117
0.117
0.117
0.117
0.117
0.117
0.117
0.117
0.117
0.117
0.117
0.117
0.117
0.117
0.117
0.117
0.117
0.117
0.117
0.117
0.117
0.117
0.117
0.117
0.117
0.117
0.117
0.117
0.117
0.117
0.117
0.117
0.117
0.117
0.117
0.117
0.117
0.117
0.117
0.117
0.117
0.117
0.117
0.117
0.117
0.117
0.117
0.117
0.117
0.117
0.117
0.117
0.117
0.117
0.117
0.117
0.117
0.117
0.117
0.117
0.117
0.117
0.117
0.117
0.117
0.117
0.117
0.117
0.117
0.117
0.117
0.117
0.117
0.117
0.117
0.117
0.117
0.117
0.117
0.117
0.117
0.117
