fixedStep chrom=ENSGT00390000001505 start=1 step=1
0.104
0.104
0.104
0.104
0.104
0.104
0.104
0.104
0.104
0.104
0.104
0.104
0.104
0.104
0.104
0.104
0.104
0.104
0.104
0.104
0.104
0.104
0.104
0.104
0.104
0.104
0.104
0.104
0.104
0.104
0.104
0.104
0.104
0.104
0.104
0.104
0.104
0.104
0.104
0.104
0.104
0.104
0.104
0.104
0.104
0.104
0.104
0.104
0.104
0.104
0.104
0.104
0.104
0.104
0.104
0.104
0.104
0.104
0.104
0.104
0.104
0.104
0.104
0.104
0.104
0.104
0.104
0.104
0.104
0.104
0.104
0.104
0.104
0.104
0.104
0.104
0.104
0.104
0.104
0.104
0.104
0.104
0.104
0.104
0.104
0.104
0.104
0.104
0.104
0.104
0.104
0.104
0.104
0.104
0.104
0.104
0.104
0.104
0.104
0.104
0.104
0.104
0.104
0.104
0.104
0.104
0.104
0.104
0.104
0.104
0.104
0.104
0.104
0.104
-1.625
-1.613
-1.617
-1.618
-1.613
-1.613
-1.617
-1.613
-1.624
-1.613
-1.613
-1.639
0.104
0.104
0.104
0.104
0.104
0.104
-3.531
-3.531
-3.552
-3.532
-3.532
-3.532
0.104
0.104
0.104
0.104
0.104
0.104
0.104
0.104
0.104
0.104
0.104
0.104
0.104
0.104
0.104
0.104
0.104
0.104
0.104
0.104
0.104
0.104
0.104
0.104
-1.613
-1.613
-1.613
-10.813
-10.808
-10.813
0.104
0.104
0.104
0.104
0.104
0.104
0.104
0.104
0.104
0.104
0.104
0.104
0.104
0.104
0.104
0.104
0.104
0.104
0.104
0.104
0.104
0.104
0.104
0.104
0.104
0.104
0.104
0.104
0.104
0.104
0.104
0.104
0.104
0.104
0.104
0.104
0.104
0.104
0.104
0.104
0.104
0.104
0.104
0.104
0.104
0.104
0.104
0.104
0.104
0.104
0.104
0.104
0.104
0.104
0.104
0.104
0.104
0.104
0.104
0.104
0.104
0.104
0.104
0.104
0.104
0.104
0.104
0.104
0.104
0.104
0.104
0.104
0.104
0.104
0.104
-1.544
-1.541
-1.554
0.104
0.104
0.104
0.104
0.104
0.104
0.104
0.104
0.104
0.104
0.104
0.104
0.104
0.104
0.104
0.104
0.104
0.104
0.104
0.104
0.104
0.104
0.104
0.104
0.104
0.104
0.104
0.104
0.104
0.104
0.104
0.104
0.104
0.104
0.104
0.104
0.104
0.104
0.104
0.104
0.104
0.104
0.104
0.104
0.104
0.104
0.104
0.104
0.104
0.104
0.104
0.104
0.104
0.104
0.104
0.104
0.104
0.104
0.104
0.104
0.104
0.104
0.104
0.104
0.104
0.104
0.104
0.104
0.104
0.104
0.104
0.104
0.104
0.104
0.104
-1.544
-1.544
-1.557
0.104
0.104
0.104
0.104
0.104
0.104
0.104
0.104
0.104
0.104
0.104
0.104
0.104
0.104
0.104
0.104
0.104
0.104
0.104
0.104
0.104
0.104
0.104
0.104
0.104
0.104
0.104
0.104
0.104
0.104
0.104
0.104
0.104
0.104
0.104
0.104
0.104
0.104
0.104
0.104
0.104
0.104
0.104
0.104
0.104
0.104
0.104
0.104
0.104
0.104
0.104
0.104
0.104
0.104
0.104
0.104
0.104
0.104
0.104
0.104
0.104
0.104
0.104
0.104
0.104
0.104
0.104
0.104
0.104
0.104
0.104
0.104
0.104
0.104
0.104
0.104
0.104
0.104
0.104
0.104
0.104
0.104
0.104
0.104
0.104
0.104
0.104
0.104
0.104
0.104
0.104
0.104
0.104
0.104
0.104
0.104
0.104
0.104
0.104
0.104
0.104
0.104
0.104
0.104
0.104
0.104
0.104
0.104
0.104
0.104
0.104
0.104
0.104
0.104
0.104
0.104
0.104
0.104
0.104
0.104
0.104
0.104
0.104
0.104
0.104
0.104
0.104
0.104
0.104
0.104
0.104
0.104
0.104
0.104
0.104
0.104
0.104
0.104
0.104
0.104
0.104
0.104
0.104
0.104
0.104
0.104
0.104
0.104
0.104
0.104
0.104
0.104
0.104
0.104
0.104
0.104
0.104
0.104
0.104
0.104
0.104
0.104
0.104
0.104
0.104
0.104
0.104
0.104
0.104
0.104
0.104
0.104
0.104
0.104
-1.544
-1.543
-1.589
0.104
0.104
0.104
0.104
0.104
0.104
0.104
0.104
0.104
0.104
0.104
0.104
-1.543
-1.543
-1.543
-1.543
-1.543
-1.547
-1.589
-1.543
-1.543
0.104
0.104
0.104
0.104
0.104
0.104
0.104
0.104
0.104
0.104
0.104
0.104
0.104
0.104
0.104
0.104
0.104
0.104
0.104
0.104
0.104
-1.543
-1.543
-1.543
0.104
0.104
0.104
0.104
0.104
0.104
0.104
0.104
0.104
0.104
0.104
0.104
0.104
0.104
0.104
0.104
0.104
0.104
0.104
0.104
0.104
0.104
0.104
0.104
0.104
0.104
0.104
0.104
0.104
0.104
0.104
0.104
0.104
0.104
0.104
0.104
0.104
0.104
0.104
0.104
0.104
0.104
0.104
0.104
0.104
0.104
0.104
0.104
0.104
0.104
0.104
0.104
0.104
0.104
0.104
0.104
0.104
0.104
0.104
0.104
0.104
0.104
0.104
0.104
0.104
0.104
0.104
0.104
0.104
0.104
0.104
0.104
0.104
0.104
0.104
0.104
0.104
0.104
0.104
0.104
0.104
0.104
0.104
0.104
0.104
0.104
0.104
0.104
0.104
0.104
0.104
0.104
0.104
0.104
0.104
0.104
