fixedStep chrom=ENSGT00390000004856 start=1 step=1
0.000
0.000
0.000
-1.099
-1.099
-1.099
0.171
0.171
0.171
0.171
0.171
0.171
0.171
0.171
0.171
0.171
0.171
0.171
-1.118
-1.116
-1.118
0.171
0.171
0.171
-4.091
-4.091
-4.094
-1.094
-1.093
-1.094
-1.093
-1.093
-1.096
-1.093
-1.093
-1.099
-1.096
-1.093
-1.095
-1.094
-1.093
-1.093
-1.093
-1.093
-1.093
-1.093
-1.096
-1.094
-1.093
-1.095
-1.093
0.171
0.171
0.171
0.171
0.171
0.171
0.171
0.171
0.171
0.171
0.171
0.171
0.171
0.171
0.171
0.171
0.171
0.171
0.171
0.171
0.171
0.171
0.171
0.171
0.171
0.171
0.171
0.171
0.171
0.171
0.171
0.171
0.171
0.171
0.171
0.171
0.171
0.171
0.171
0.171
0.171
0.171
0.171
0.171
0.171
0.171
0.171
0.171
-2.524
-2.524
-2.524
0.171
0.171
0.171
0.171
0.171
0.171
0.171
0.171
0.171
0.171
0.171
0.171
0.171
0.171
0.171
0.171
0.171
0.171
0.171
0.171
0.171
0.171
0.171
0.171
0.171
0.171
0.171
0.171
0.171
0.171
0.171
0.171
0.171
0.171
0.171
0.171
0.171
0.171
0.171
0.171
0.171
0.171
0.171
0.171
0.171
0.171
0.171
0.171
0.171
0.171
0.171
0.171
0.171
0.171
0.171
0.171
0.171
0.171
0.171
0.171
0.171
0.171
0.171
0.171
0.171
0.171
0.171
0.171
0.171
0.171
0.171
0.171
0.171
0.171
0.171
0.171
0.171
0.171
0.171
0.171
0.171
0.171
0.171
0.171
0.171
0.171
0.171
0.171
0.171
0.171
0.171
0.171
0.171
0.171
0.171
0.171
0.171
0.171
0.171
0.171
0.171
0.171
0.000
0.000
0.000
0.000
0.000
0.000
0.000
0.000
0.000
0.171
0.171
0.171
0.171
0.171
0.171
0.171
0.171
0.171
0.171
0.171
0.171
0.171
0.171
0.171
0.171
0.171
0.171
0.171
0.171
0.171
0.171
0.171
0.171
0.171
0.171
0.171
0.171
0.171
0.171
0.171
0.171
0.171
0.171
0.171
0.171
0.171
0.171
0.171
0.171
0.171
0.171
0.171
0.171
0.171
0.171
0.171
0.171
0.171
0.171
0.171
0.171
0.171
0.171
0.171
0.171
0.171
0.171
0.171
0.171
0.171
0.171
0.171
0.171
0.171
0.171
0.171
0.171
0.171
0.171
0.171
0.171
0.171
0.171
0.171
0.171
0.171
0.171
0.171
0.171
0.171
0.171
0.171
0.171
0.171
0.171
0.171
0.171
0.171
0.171
0.171
0.171
0.171
0.171
0.171
0.171
0.171
0.171
0.171
0.171
0.171
0.171
0.171
0.171
0.171
0.171
0.171
0.171
0.171
0.171
0.171
0.171
0.171
0.171
0.171
0.171
0.171
0.171
0.171
0.171
0.171
0.171
0.171
0.171
0.171
0.171
0.171
0.171
0.171
-1.115
-1.115
-1.115
-1.118
-1.115
-1.117
-1.116
-1.115
-1.119
0.171
0.171
0.171
0.171
0.171
0.171
0.171
0.171
0.171
0.171
0.171
0.171
0.171
0.171
0.171
0.171
0.171
0.171
0.171
0.171
0.171
0.171
0.171
0.171
0.171
0.171
0.171
0.171
0.171
0.171
0.171
0.171
0.171
0.171
0.171
0.171
