fixedStep chrom=ENSGT00390000007318 start=1 step=1
0.082
0.082
0.082
0.082
0.082
0.082
0.082
0.082
0.082
0.082
0.082
0.082
0.082
0.082
0.082
0.082
0.082
0.082
0.082
0.082
0.082
0.082
0.082
0.082
0.082
0.082
0.082
0.082
0.082
0.082
0.082
0.082
0.082
0.082
0.082
0.082
0.082
0.082
0.082
0.082
0.082
0.082
0.082
0.082
0.082
0.082
0.082
0.082
0.082
0.082
0.082
0.082
0.082
0.082
0.082
0.082
0.082
0.082
0.082
0.082
0.082
0.082
0.082
0.082
0.082
0.082
0.082
0.082
0.082
0.082
0.082
0.082
0.082
0.082
0.082
0.082
0.082
0.082
0.082
0.082
0.082
0.082
0.082
0.082
0.082
0.082
0.082
0.082
0.082
0.082
0.082
0.082
0.082
0.082
0.082
0.082
0.082
0.082
0.082
0.082
0.082
0.082
0.082
0.082
0.082
0.082
0.082
0.082
0.082
0.082
0.082
0.082
0.082
0.082
0.082
0.082
0.082
0.082
0.082
0.082
0.082
0.082
0.082
0.082
0.082
0.082
0.082
0.082
0.082
0.082
0.082
0.082
0.082
0.082
0.082
0.082
0.082
0.082
0.082
0.082
0.082
0.082
0.082
0.082
0.082
0.082
0.082
0.082
0.082
0.082
0.082
0.082
0.082
0.082
0.082
0.082
0.082
0.082
0.082
0.082
0.082
0.082
0.082
0.082
0.082
0.082
0.082
0.082
0.082
0.082
0.082
0.082
0.082
0.082
0.082
0.082
0.082
0.082
0.082
0.082
0.082
0.082
0.082
0.082
0.082
0.082
0.082
0.082
0.082
0.082
0.082
0.082
0.082
0.082
0.082
0.082
0.082
0.082
0.082
0.082
0.082
0.082
0.082
0.082
0.082
0.082
0.082
0.082
0.082
0.082
0.082
0.082
0.082
0.082
0.082
0.082
0.082
0.082
0.082
0.082
0.082
0.082
0.082
0.082
0.082
0.082
0.082
0.082
0.082
0.082
0.082
0.082
0.082
0.082
0.082
0.082
0.082
0.082
0.082
0.082
0.082
0.082
0.082
0.082
0.082
0.082
0.082
0.082
0.082
0.082
0.082
0.082
0.082
0.082
0.082
0.082
0.082
0.082
0.082
0.082
0.082
0.082
0.082
0.082
0.082
0.082
0.082
0.082
0.082
0.082
0.082
0.082
0.082
0.082
0.082
0.082
0.082
0.082
0.082
0.082
0.082
0.082
0.082
0.082
0.082
0.082
0.082
0.082
0.082
0.082
0.082
0.082
0.082
0.082
0.082
0.082
0.082
0.082
0.082
0.082
0.082
0.082
0.082
0.082
0.082
0.082
0.082
0.082
0.082
0.082
0.082
0.082
0.082
0.082
0.082
0.082
0.082
0.082
0.082
0.082
0.082
0.082
0.082
0.082
0.082
0.082
0.082
0.082
0.082
0.082
0.082
0.082
0.082
0.082
0.082
0.082
0.082
0.082
0.082
0.082
0.082
0.082
0.082
0.082
0.082
0.082
0.082
0.082
0.082
0.082
0.082
0.082
0.082
0.082
0.082
0.082
0.082
0.082
0.082
0.082
0.082
0.082
0.082
0.082
0.082
0.082
0.082
0.082
0.082
0.082
0.082
0.082
-3.077
-3.068
-3.079
0.082
0.082
0.082
0.082
0.082
0.082
0.082
0.082
0.082
0.082
0.082
0.082
0.082
0.082
0.082
0.082
0.082
0.082
0.082
0.082
0.082
0.082
0.082
0.082
0.082
0.082
0.082
0.082
0.082
0.082
0.082
0.082
0.082
0.082
0.082
0.082
0.082
0.082
0.082
0.082
0.082
0.082
0.082
0.082
0.082
-1.972
-1.972
-1.972
0.082
0.082
0.082
0.082
0.082
0.082
0.082
0.082
0.082
0.082
0.082
0.082
0.082
0.082
0.082
0.082
0.082
0.082
0.082
0.082
0.082
0.082
0.082
0.082
0.082
0.082
0.082
0.082
0.082
0.082
0.082
0.082
0.082
0.082
0.082
0.082
0.082
0.082
0.082
0.082
0.082
0.082
0.082
0.082
0.082
-1.760
-1.760
-1.760
0.082
0.082
0.082
0.082
0.082
0.082
0.082
0.082
0.082
0.082
0.082
0.082
0.082
0.082
0.082
0.082
0.082
0.082
0.082
0.082
0.082
0.082
0.082
0.082
0.082
0.082
0.082
0.082
0.082
0.082
0.082
0.082
0.082
0.082
0.082
0.082
0.082
0.082
0.082
0.082
0.082
0.082
0.082
0.082
0.082
0.082
0.082
0.082
0.082
0.082
0.082
0.082
0.082
0.082
0.082
0.082
0.082
0.082
0.082
0.082
0.082
0.082
0.082
0.082
0.082
0.082
0.082
0.082
0.082
0.082
0.082
0.082
0.082
0.082
0.082
0.082
0.082
0.082
0.082
0.082
0.082
0.082
0.082
0.082
0.082
0.082
0.082
0.082
0.082
0.082
0.082
0.082
0.082
0.082
0.082
0.082
0.082
0.082
0.082
0.082
0.082
0.082
0.082
0.082
0.082
0.082
0.082
0.082
0.082
0.082
0.082
0.082
0.082
0.082
0.082
0.082
0.082
0.082
0.082
0.082
0.082
0.082
0.082
0.082
0.082
0.082
0.082
0.082
0.082
0.082
0.082
0.082
0.082
0.082
0.082
0.082
0.082
0.082
0.082
0.082
0.082
0.082
0.082
0.082
0.082
0.082
0.082
-1.745
-1.758
-1.755
0.082
0.082
0.082
0.082
0.082
0.082
0.082
0.082
0.082
0.082
0.082
0.082
0.082
0.082
0.082
0.082
0.082
0.082
0.082
0.082
0.082
0.082
0.082
0.082
0.082
0.082
0.082
0.082
0.082
0.082
0.082
0.082
0.082
0.082
0.082
0.082
0.082
0.082
0.082
0.082
0.082
0.082
0.082
0.082
0.082
0.082
0.082
0.082
0.082
0.082
0.082
0.082
0.082
0.082
0.082
0.082
0.082
0.082
0.082
0.082
0.082
0.082
0.082
0.082
0.082
0.082
0.082
0.082
0.082
0.082
0.082
0.082
0.082
0.082
0.082
0.082
0.082
0.082
0.082
0.082
0.082
0.082
0.082
0.082
-1.786
-1.786
-1.786
0.082
0.082
0.082
0.082
0.082
0.082
0.082
0.082
0.082
0.082
0.082
0.082
-1.786
-1.786
-1.786
0.082
0.082
0.082
0.082
0.082
0.082
0.082
0.082
0.082
0.082
0.082
0.082
0.082
0.082
0.082
0.082
0.082
0.082
0.082
0.082
0.082
0.082
0.082
0.082
0.082
0.082
0.082
0.082
0.082
0.082
0.082
0.082
0.082
0.082
0.082
0.082
0.082
0.082
0.082
0.082
0.082
0.082
0.082
0.082
0.082
0.082
0.082
0.082
0.082
0.082
0.082
0.082
0.082
0.082
0.082
0.082
0.082
0.082
0.082
0.082
0.082
0.082
0.082
0.082
0.082
0.082
-2.976
-2.978
-2.978
0.082
0.082
0.082
0.082
0.082
0.082
0.082
0.082
0.082
0.082
0.082
0.082
0.082
0.082
0.082
0.082
0.082
0.082
0.082
0.082
0.082
0.082
0.082
0.082
0.082
0.082
0.082
0.082
0.082
0.082
0.082
0.082
0.082
0.082
0.082
0.082
0.082
0.082
0.082
0.082
0.082
0.082
0.082
0.082
0.082
0.082
0.082
0.082
0.082
0.082
0.082
0.082
0.082
0.082
0.082
0.082
0.082
0.082
0.082
0.082
0.082
0.082
0.082
0.082
0.082
0.082
-1.788
-1.796
-1.791
-4.793
-4.865
-5.005
-4.793
-4.865
-5.016
-4.793
-4.984
-5.152
-4.865
-4.865
-4.793
-5.005
-4.979
-4.985
-4.940
-4.830
-4.793
-4.865
-4.949
-5.123
-4.949
0.000
0.000
0.000
0.000
0.000
