fixedStep chrom=ENSGT00390000004173 start=1 step=1
0.000
0.000
0.000
0.000
0.000
0.000
0.139
0.138
0.139
0.139
0.139
0.139
0.139
0.139
0.139
0.139
0.139
0.139
-1.300
-1.300
-1.300
-1.300
-1.300
-1.302
0.139
0.139
0.139
0.139
0.139
0.139
0.139
0.139
0.138
0.139
0.139
0.139
0.139
0.139
0.139
0.139
0.139
0.139
0.000
0.000
0.000
0.000
0.000
0.000
0.000
0.000
0.000
-1.406
-1.394
-1.394
0.139
0.139
0.139
0.139
0.139
0.139
0.139
0.139
0.139
0.139
0.139
0.139
0.139
0.139
0.139
0.139
0.139
0.139
0.139
0.139
0.139
0.139
0.139
0.139
0.139
0.139
0.139
0.139
0.139
0.139
0.139
0.139
0.139
0.139
0.139
0.139
0.139
0.139
0.139
0.139
0.139
0.139
0.139
0.139
0.139
0.139
0.139
0.139
0.139
0.139
0.139
0.139
0.139
0.139
0.139
0.139
0.139
0.139
0.139
0.139
0.139
0.139
0.139
0.139
0.139
0.139
0.139
0.139
0.139
0.139
0.139
0.138
0.139
0.139
0.139
0.139
0.139
0.139
0.139
0.139
0.139
0.139
0.139
0.138
0.139
0.139
0.139
0.139
0.139
0.139
0.139
0.139
0.139
-1.294
-1.305
-1.297
-1.336
-1.306
-1.293
-1.293
-1.297
-1.298
-1.293
-1.299
-1.293
0.139
0.139
0.139
0.139
0.139
0.139
0.139
0.139
0.138
0.139
0.139
0.139
0.139
0.139
0.138
0.139
0.139
0.139
0.139
0.139
0.139
0.139
0.139
0.139
0.139
0.139
0.139
0.139
0.139
0.139
0.139
0.139
0.139
0.139
0.139
0.139
0.139
0.139
0.139
0.139
0.139
0.139
0.139
0.139
0.139
0.139
0.139
0.139
0.139
0.139
0.139
0.139
0.139
0.139
0.139
0.139
0.139
0.139
0.139
0.139
0.139
0.139
0.139
0.139
0.139
0.139
0.139
0.139
0.139
0.139
0.139
0.139
0.139
0.139
0.139
0.139
0.139
0.139
0.139
0.139
0.139
0.139
0.139
0.139
0.139
0.139
0.139
0.139
0.139
0.139
0.139
0.139
0.139
0.139
0.139
0.139
0.139
0.139
0.139
0.139
0.139
0.139
0.139
0.139
0.139
0.139
0.139
0.139
0.139
0.139
0.139
0.139
0.139
0.139
0.139
0.139
0.139
0.139
0.139
0.139
0.139
0.138
0.138
0.000
0.000
0.000
0.000
0.000
0.000
0.000
0.000
0.000
0.000
0.000
0.000
0.000
0.000
0.000
0.000
0.000
0.000
0.000
0.000
0.000
0.000
0.000
0.000
0.000
0.000
0.000
0.000
0.000
0.000
0.000
0.000
0.000
0.000
0.000
0.000
0.000
0.000
0.000
0.000
0.000
0.000
0.138
0.138
0.138
0.139
0.138
0.138
0.000
0.000
0.000
0.000
0.000
0.000
0.000
0.000
0.000
0.139
0.138
0.139
0.138
0.139
0.139
0.138
0.139
0.138
0.139
0.139
0.139
0.139
0.138
0.139
-5.579
-5.920
-5.044
-3.159
-3.159
-3.159
0.139
0.138
0.138
0.138
0.138
0.138
0.138
0.138
0.138
0.138
0.138
0.139
0.139
0.138
0.138
0.139
0.139
0.139
0.139
0.139
0.139
0.139
0.139
0.138
0.139
0.139
0.138
0.138
0.138
0.138
0.138
0.139
0.139
0.138
0.139
0.139
0.139
0.138
0.138
0.138
0.138
0.139
0.139
0.139
0.138
0.138
0.138
0.138
0.139
0.139
0.139
-2.014
-2.014
-2.025
0.138
0.139
0.139
0.138
0.138
0.139
0.139
0.138
0.138
0.139
0.138
0.138
0.138
0.138
0.138
0.139
0.138
0.138
0.139
0.139
0.139
0.139
0.139
0.138
0.139
0.139
0.138
0.138
0.138
0.139
0.139
0.138
0.138
0.138
0.139
0.139
0.139
0.138
0.138
0.139
0.138
0.139
0.139
0.139
0.138
0.139
0.139
0.139
-1.300
-1.342
-1.322
-1.342
-1.300
-1.313
-1.342
-1.345
-1.301
0.000
0.000
0.000
0.000
0.000
0.000
0.000
0.000
0.000
0.000
0.000
0.000
