fixedStep chrom=ENSGT00390000017390 start=1 step=1
0.093
0.093
0.093
0.093
0.093
0.093
0.093
0.093
0.093
0.093
0.093
0.093
0.093
0.093
0.093
0.093
0.093
0.093
0.093
0.093
0.093
0.093
0.093
0.093
0.093
0.093
0.093
0.093
0.093
0.093
0.093
0.093
0.093
0.093
0.093
0.093
0.093
0.093
0.093
0.093
0.093
0.093
0.093
0.093
0.093
0.093
0.093
0.093
0.093
0.093
0.093
0.093
0.093
0.093
0.093
0.093
0.093
0.093
0.093
0.093
0.093
0.093
0.093
0.093
0.093
0.093
0.093
0.093
0.093
0.093
0.093
0.093
0.093
0.093
0.093
0.093
0.093
0.093
0.093
0.093
0.093
0.093
0.093
0.093
0.093
0.093
0.093
0.093
0.093
0.093
0.093
0.093
0.093
0.093
0.093
0.093
0.093
0.093
0.093
0.093
0.093
0.093
0.093
0.093
0.093
0.093
0.093
0.093
0.093
0.093
0.093
0.093
0.093
0.093
0.093
0.093
0.093
-1.660
-1.660
-1.669
-1.660
-1.660
-1.660
0.093
0.093
0.093
0.093
0.093
0.093
0.093
0.093
0.093
0.093
0.093
0.093
0.093
0.093
0.093
0.093
0.093
0.093
0.093
0.093
0.093
0.093
0.093
0.093
0.093
0.093
0.093
0.093
0.093
0.093
0.093
0.093
0.093
0.093
0.093
0.093
0.093
0.093
0.093
0.093
0.093
0.093
0.093
0.093
0.093
0.093
0.093
0.093
0.093
0.093
0.093
0.093
0.093
0.093
0.093
0.093
0.093
0.093
0.093
0.093
0.093
0.093
0.093
0.093
0.093
0.093
0.093
0.093
0.093
0.093
0.093
0.093
0.093
0.093
0.093
0.093
0.093
0.093
0.093
0.093
0.093
0.093
0.093
0.093
0.093
0.093
0.093
0.093
0.093
0.093
0.093
0.093
0.093
0.093
0.093
0.093
0.093
0.093
0.093
0.093
0.093
0.093
0.093
0.093
0.093
0.093
0.093
0.093
0.093
0.093
0.093
0.093
0.093
0.093
0.093
0.093
0.093
0.093
0.093
0.093
0.093
0.093
0.093
0.093
0.093
0.093
0.093
0.093
0.093
0.093
0.093
0.093
0.000
0.000
0.000
0.000
0.000
0.000
0.000
0.000
0.000
0.093
0.093
0.093
0.093
0.093
0.093
0.093
0.093
0.093
0.093
0.093
0.093
0.093
0.093
0.093
0.093
0.093
0.093
0.093
0.093
0.093
0.093
0.093
0.093
0.093
0.093
0.093
0.093
0.093
0.093
0.093
0.093
0.093
0.093
0.093
0.093
0.093
0.093
0.093
0.093
0.093
0.093
0.093
0.093
0.093
0.093
0.093
0.093
0.093
0.093
0.093
0.093
0.093
0.093
0.093
0.093
0.093
0.093
0.093
0.093
0.093
0.093
0.093
0.093
0.093
0.093
0.093
0.093
0.093
0.093
0.093
0.093
0.093
0.093
0.093
0.093
0.093
0.093
0.093
0.093
0.093
0.093
0.093
0.093
0.093
0.093
0.093
0.093
0.093
0.093
0.093
0.093
0.093
0.093
0.093
0.093
0.093
0.093
0.093
0.093
0.093
0.093
0.093
0.093
0.093
0.093
0.093
0.093
0.093
0.093
0.093
0.093
0.093
0.093
0.093
0.093
0.093
0.093
0.093
0.093
0.093
0.093
0.093
0.093
0.093
0.093
0.093
0.093
0.093
0.093
0.093
0.093
0.093
0.093
0.093
0.093
0.093
0.093
0.093
0.093
0.093
0.093
0.093
0.093
0.093
0.093
0.093
0.093
0.093
0.093
0.093
0.093
0.093
0.093
0.093
0.093
0.093
0.093
0.093
0.093
0.093
0.093
0.093
0.093
0.093
0.093
0.093
0.093
0.093
0.093
0.093
0.093
0.093
0.093
0.093
0.093
0.093
0.093
0.093
0.093
0.093
0.093
0.093
0.093
0.093
0.093
0.093
0.093
0.093
0.093
0.093
0.093
0.093
0.093
0.093
0.093
0.093
0.093
0.093
0.093
0.093
0.093
0.093
0.093
0.093
0.093
0.093
0.093
0.093
0.093
0.093
0.093
0.093
0.093
0.093
0.093
0.093
0.093
0.093
0.093
0.093
0.093
0.093
0.093
0.093
0.093
0.093
0.093
0.093
0.093
0.093
0.093
0.093
0.093
0.093
0.093
0.093
0.093
0.093
0.093
0.093
0.093
0.093
0.093
0.093
0.093
0.093
0.093
0.093
-4.119
-4.119
-4.119
0.093
0.093
0.093
0.093
0.093
0.093
0.093
0.093
0.093
0.093
0.093
0.093
0.093
0.093
0.093
0.093
0.093
0.093
0.093
0.093
0.093
-1.652
-1.662
-1.652
-1.652
-1.652
-1.652
-1.652
-1.652
-1.652
-1.652
-1.652
-1.652
0.093
0.093
0.093
0.093
0.093
0.093
0.093
0.093
0.093
0.093
0.093
0.093
0.093
0.093
0.093
0.093
0.093
0.093
0.093
0.093
0.093
0.093
0.093
0.093
0.093
0.093
0.093
0.093
0.093
0.093
0.093
0.093
0.093
0.093
0.093
0.093
-1.647
-1.642
-1.650
0.093
0.093
0.093
0.093
0.093
0.093
0.093
0.093
0.093
0.093
0.093
0.093
0.093
0.093
0.093
0.093
0.093
0.093
0.093
0.093
0.093
0.093
0.093
0.093
0.093
0.093
0.093
-1.899
-1.947
-1.900
-1.880
-1.899
-1.899
0.093
0.093
0.093
0.093
0.093
0.093
0.093
0.093
0.093
0.093
0.093
0.093
0.093
0.093
0.093
0.093
0.093
0.093
0.093
0.093
0.093
0.093
0.093
0.093
0.093
0.093
0.093
0.093
0.093
0.093
0.093
0.093
0.093
0.093
0.093
0.093
0.093
0.093
0.093
0.093
0.093
0.093
0.093
0.093
0.093
0.093
0.093
0.093
0.093
0.093
0.093
0.093
0.093
0.093
0.093
0.093
0.093
0.093
0.093
0.093
0.093
0.093
0.093
0.093
0.093
0.093
0.093
0.093
0.093
0.093
0.093
0.093
0.093
0.093
0.093
0.093
0.093
0.093
0.093
0.093
0.093
0.093
0.093
0.093
-1.642
-1.642
-1.667
-1.662
-1.646
-1.641
0.093
0.093
0.093
0.093
0.093
0.093
0.093
0.093
0.093
0.093
0.093
0.093
0.093
0.093
0.093
0.093
0.093
0.093
0.093
0.093
0.093
0.093
0.093
0.093
0.093
0.093
0.093
0.093
0.093
0.093
0.093
0.093
0.093
0.093
0.093
0.093
0.093
0.093
0.093
0.093
0.093
0.093
0.093
0.093
0.093
0.093
0.093
0.093
0.093
0.093
0.093
0.093
0.093
0.093
0.093
0.093
0.093
0.093
0.093
0.093
0.093
0.093
0.093
0.093
0.093
0.093
0.093
0.093
0.093
0.093
0.093
0.093
0.093
0.093
0.093
0.093
0.093
0.093
0.093
0.093
0.093
0.093
0.093
0.093
0.093
0.093
0.093
0.093
0.093
0.093
0.093
0.093
0.093
0.093
0.093
0.093
0.093
0.093
0.093
0.093
0.093
0.093
0.093
0.093
0.093
0.093
0.093
0.093
0.093
0.093
0.093
0.093
0.093
0.093
0.093
0.093
0.093
0.093
0.093
0.093
0.093
0.093
0.093
0.093
0.093
0.093
0.093
0.093
0.093
0.093
0.093
0.093
0.093
0.093
0.093
0.093
0.093
0.093
0.093
0.093
0.093
0.093
0.093
0.093
0.093
0.093
0.093
0.093
0.093
0.093
0.093
0.093
0.093
0.093
0.093
0.093
0.093
0.093
0.093
0.093
0.093
0.093
0.093
0.093
0.093
0.093
0.093
0.093
0.093
0.093
0.093
