fixedStep chrom=ENSGT00390000004362 start=1 step=1
0.121
0.121
0.121
0.121
0.121
0.121
0.121
0.121
0.121
0.121
0.121
0.121
0.121
0.121
0.121
0.121
0.121
0.121
0.121
0.121
0.121
0.121
0.121
0.121
0.121
0.121
0.121
0.121
0.121
0.121
0.121
0.121
0.121
0.121
0.121
0.121
0.121
0.121
0.121
0.121
0.121
0.121
0.121
0.121
0.121
0.121
0.121
0.121
0.121
0.121
0.121
0.121
0.121
0.121
0.121
0.121
0.121
0.121
0.121
0.121
0.121
0.121
0.121
0.121
0.121
0.121
0.121
0.121
0.121
0.121
0.121
0.121
0.121
0.121
0.121
0.121
0.121
0.121
0.121
0.121
0.121
0.121
0.121
0.121
0.121
0.121
0.121
0.121
0.121
0.121
0.121
0.121
0.121
0.121
0.121
0.121
0.121
0.121
0.121
0.121
0.121
0.121
0.121
0.121
0.121
0.121
0.121
0.121
0.121
0.121
0.121
0.121
0.121
0.121
0.121
0.121
0.121
0.121
0.121
0.121
0.121
0.121
0.121
0.121
0.121
0.121
0.121
0.121
0.121
0.121
0.121
0.121
0.121
0.121
0.121
0.121
0.121
0.121
0.121
0.121
0.121
-1.390
-1.390
-1.397
0.121
0.121
0.121
0.121
0.121
0.121
0.121
0.121
0.121
0.121
0.121
0.121
0.121
0.121
0.121
0.121
0.121
0.121
0.121
0.121
0.121
0.121
0.121
0.121
0.121
0.121
0.121
0.121
0.121
0.121
0.121
0.121
0.121
0.121
0.121
0.121
0.121
0.121
0.121
0.121
0.121
0.121
0.121
0.121
0.121
0.121
0.121
0.121
0.121
0.121
0.121
0.121
0.121
0.121
0.121
0.121
0.121
0.121
0.121
0.121
0.121
0.121
0.121
0.121
0.121
0.121
0.121
0.121
0.121
0.121
0.121
0.121
0.121
0.121
0.121
0.121
0.121
0.121
0.121
0.121
0.121
0.121
0.121
0.121
0.121
0.121
0.121
0.121
0.121
0.121
0.121
0.121
0.121
0.121
0.121
0.121
0.121
0.121
0.121
0.121
0.121
0.121
0.121
0.121
0.121
0.121
0.121
0.121
0.121
0.121
0.121
0.121
0.121
0.121
0.121
0.121
0.121
0.121
0.121
0.121
0.121
0.121
0.121
0.121
0.121
0.121
0.121
0.121
0.121
0.121
0.121
0.121
0.121
0.121
0.121
0.121
0.121
0.121
0.121
0.121
0.121
0.121
0.121
0.121
0.121
0.121
0.121
0.121
0.121
0.121
-3.573
-3.715
-3.570
-2.514
-2.516
-2.516
-5.177
0.000
0.000
0.000
0.000
0.000
