fixedStep chrom=ENSGT00390000012916 start=1 step=1
-4.133
-4.131
-4.133
-4.133
-4.133
-4.131
-4.133
-4.133
-4.181
-3.480
-3.419
-3.439
-3.438
-3.482
-3.419
-3.482
-3.438
-3.512
-1.558
-1.558
-1.558
0.101
0.101
0.101
0.101
0.101
0.101
0.101
0.101
0.101
0.101
0.101
0.101
0.101
0.101
0.101
0.101
0.101
0.101
0.101
0.101
0.101
0.101
0.101
0.101
0.101
0.101
0.101
0.101
0.101
0.101
0.101
0.101
0.101
0.101
0.101
0.101
0.101
0.101
0.101
0.101
0.101
0.101
0.101
0.101
0.101
0.101
0.101
0.101
0.101
0.101
0.101
0.101
0.101
0.101
0.101
0.101
0.101
0.101
0.101
0.101
0.101
0.101
0.101
0.101
0.101
0.101
0.101
0.101
0.101
0.101
0.101
0.101
0.101
0.101
0.101
0.101
0.101
0.101
0.101
0.101
0.101
0.101
0.101
0.101
0.101
0.101
0.101
0.101
0.101
0.101
0.101
0.101
0.101
0.101
0.101
0.101
0.101
0.101
0.101
0.101
0.101
0.101
0.101
0.101
0.101
0.101
0.101
0.101
0.101
0.101
0.101
0.101
0.101
0.101
0.101
0.101
0.101
0.101
0.101
0.101
0.101
0.101
0.101
0.101
0.101
0.101
0.101
0.101
0.101
0.101
0.101
0.101
0.101
0.101
0.101
0.101
0.101
0.101
0.101
0.101
0.101
0.101
0.101
0.101
0.101
0.101
0.101
0.101
0.101
0.101
0.101
0.101
0.101
0.101
0.101
0.101
0.101
0.101
0.101
0.101
0.101
0.101
0.101
0.101
0.101
0.101
0.101
0.101
0.101
0.101
0.101
0.101
0.101
0.101
0.101
0.101
0.101
0.101
0.101
0.101
0.101
0.101
0.101
0.101
0.101
0.101
0.101
0.101
0.101
0.101
0.101
0.101
0.101
0.101
0.101
0.101
0.101
0.101
0.101
0.101
0.101
0.101
0.101
0.101
0.101
0.101
0.101
0.101
0.101
0.101
0.101
0.101
0.101
0.101
0.101
0.101
0.101
0.101
0.101
0.101
0.101
0.101
0.101
0.101
0.101
0.101
0.101
0.101
0.101
0.101
0.101
0.101
0.101
0.101
0.101
0.101
0.101
0.101
0.101
0.000
0.000
0.000
0.000
0.000
0.000
0.000
0.000
0.000
0.000
0.000
0.000
0.000
0.000
0.000
0.000
0.000
0.000
0.000
0.000
0.000
0.000
0.000
0.000
0.000
0.101
0.101
0.101
0.101
0.101
0.101
0.101
0.101
0.101
0.101
0.101
0.101
0.101
0.101
0.101
0.000
0.000
0.000
0.000
0.000
0.000
0.000
0.000
0.000
0.000
0.000
0.000
0.000
0.000
0.000
0.000
0.000
0.000
0.000
0.000
0.000
0.000
0.000
0.000
0.000
0.000
0.000
0.000
0.000
0.000
0.000
0.000
0.000
0.000
0.000
0.000
0.000
0.000
0.000
0.000
0.000
0.000
0.000
0.000
0.000
0.000
0.000
0.000
0.000
0.000
0.000
0.000
0.000
0.000
0.000
0.000
0.000
0.000
0.000
0.000
0.101
0.101
0.101
0.101
0.101
0.101
0.101
0.101
0.101
0.101
0.101
0.101
0.101
0.101
0.101
0.101
0.101
0.101
0.101
0.101
0.101
0.101
0.101
0.101
0.101
0.101
0.101
0.101
0.101
0.101
0.101
0.101
0.101
0.101
0.101
0.101
0.101
0.101
0.101
0.101
0.101
0.101
0.101
0.101
0.101
0.000
0.000
0.000
0.000
0.000
0.000
0.000
0.000
0.000
0.000
0.000
0.000
0.000
0.000
0.000
0.101
0.101
0.101
0.101
0.101
0.101
0.101
0.101
0.101
0.101
0.101
0.101
0.000
0.000
0.000
0.000
0.000
0.000
0.000
0.000
0.000
0.000
0.000
0.000
0.000
0.000
0.000
0.000
0.000
0.000
0.000
0.000
0.000
0.000
0.000
0.000
0.000
0.000
0.000
0.000
0.000
0.000
0.000
0.000
0.000
0.000
0.000
0.000
0.000
0.000
0.000
0.000
0.000
0.000
0.000
0.000
0.000
0.000
0.000
0.000
0.000
0.000
0.000
0.000
0.000
0.000
0.000
0.000
0.000
0.000
0.000
0.000
0.000
0.000
0.000
0.000
0.000
0.000
0.000
0.000
0.000
0.000
0.000
0.000
0.000
0.000
0.000
0.000
0.000
0.000
0.000
0.000
0.000
0.000
0.000
0.000
0.000
0.000
0.000
0.000
0.000
0.000
0.000
0.000
0.000
0.000
0.000
0.000
0.000
0.000
0.000
0.000
0.000
0.000
0.000
0.000
0.000
0.000
0.000
0.000
0.000
0.000
0.000
0.000
0.000
0.000
0.000
0.000
0.000
0.000
0.000
0.000
0.000
0.000
0.000
0.000
0.000
0.000
0.000
0.000
0.000
0.000
0.000
0.000
0.000
0.000
0.000
