fixedStep chrom=ENSGT00390000012229 start=1 step=1
0.043
0.043
0.043
0.043
0.043
0.043
0.043
0.043
0.043
0.043
0.043
0.043
0.043
0.043
0.043
0.043
0.043
0.043
0.043
0.043
0.043
0.043
0.043
0.043
0.043
0.043
0.043
0.043
0.043
0.043
0.043
0.043
0.043
0.043
0.043
0.043
-2.420
-2.417
-2.423
0.043
0.043
0.043
0.043
0.043
0.043
0.043
0.043
0.043
0.043
0.043
0.043
0.043
0.043
0.043
0.043
0.043
0.043
0.043
0.043
0.043
0.043
0.043
0.043
0.043
0.043
0.043
0.043
0.043
0.043
0.043
0.043
0.043
0.043
0.043
0.043
-3.015
-3.008
-3.015
0.043
0.043
0.043
0.043
0.043
0.043
0.043
0.043
0.043
0.043
0.043
0.043
0.043
0.043
0.043
0.043
0.043
0.043
0.043
0.043
0.043
0.043
0.043
0.043
0.043
0.043
0.043
0.043
0.043
0.043
0.043
0.043
0.043
0.043
0.043
0.043
0.043
0.043
0.043
0.043
0.043
0.043
0.043
0.043
0.043
0.043
0.043
0.043
0.043
0.043
0.043
0.043
0.043
0.043
0.043
0.043
0.043
0.043
0.043
0.043
0.043
0.043
0.043
0.043
0.043
0.043
0.043
0.043
0.043
0.043
0.043
0.043
0.043
0.043
0.043
0.043
0.043
0.043
0.043
0.043
0.043
0.043
0.043
0.043
0.043
0.043
0.043
0.043
0.043
0.043
0.043
0.043
0.043
0.043
0.043
0.043
0.043
0.043
0.043
0.043
0.043
0.043
0.043
0.043
0.043
0.043
0.043
0.043
0.043
0.043
0.043
0.043
0.043
0.043
0.043
0.043
0.043
