fixedStep chrom=ENSGT00390000015933 start=1 step=1
0.000
0.000
0.000
0.000
0.000
0.000
0.000
0.000
0.000
0.000
0.000
0.000
0.000
0.000
0.000
0.000
0.000
0.000
0.000
0.000
0.000
0.000
0.000
0.000
0.000
0.000
0.000
0.000
0.000
0.000
0.000
0.000
0.000
0.000
0.000
0.000
0.000
0.000
0.000
0.000
0.000
0.000
0.000
0.000
0.000
0.000
0.000
0.000
0.000
0.000
0.000
0.000
0.000
0.000
0.000
0.000
0.000
0.000
0.000
0.000
0.000
0.000
0.000
0.000
0.000
0.000
0.000
0.000
0.000
0.000
0.000
0.000
0.000
0.000
0.000
0.000
0.000
0.000
0.000
0.000
0.000
0.000
0.000
0.000
0.000
0.000
0.000
0.000
0.000
0.000
0.000
0.000
0.000
0.000
0.000
0.000
0.000
0.000
0.000
0.000
0.000
0.000
0.000
0.000
0.000
0.000
0.000
0.000
0.000
0.000
0.000
0.000
0.000
0.000
0.000
0.000
0.000
0.000
0.000
0.000
0.000
0.000
0.000
0.000
0.000
0.000
0.000
0.000
0.000
-3.767
-3.766
-3.767
-3.767
-3.767
-3.767
-3.767
-3.766
-3.801
-3.767
-3.767
-3.886
-3.868
-3.766
-3.767
-3.766
-3.767
-3.767
-3.766
-3.767
-3.767
-3.767
-3.766
-3.767
-3.767
-3.767
-3.767
0.088
0.088
0.088
0.088
0.088
0.088
0.088
0.088
0.088
0.088
0.088
0.088
0.088
0.088
0.088
0.088
0.088
0.088
0.088
0.088
0.088
0.088
0.088
0.088
0.088
0.088
0.088
0.088
0.088
0.088
0.088
0.088
0.088
0.088
0.088
0.088
0.088
0.088
0.088
0.088
0.088
0.088
0.088
0.088
0.088
0.088
0.088
0.088
0.088
0.088
0.088
0.088
0.088
0.088
0.088
0.088
0.088
0.088
0.088
0.088
0.088
0.088
0.088
0.088
0.088
0.088
0.088
0.088
0.088
0.088
0.088
0.088
0.088
0.088
0.088
0.088
0.088
0.088
0.088
0.088
0.088
0.088
0.088
0.088
0.088
0.088
0.088
0.088
0.088
0.088
0.088
0.088
0.088
0.088
0.088
0.088
0.088
0.088
0.088
0.088
0.088
0.088
0.088
0.088
0.088
0.088
0.088
0.088
0.088
0.088
0.088
0.088
0.088
0.088
0.088
0.088
0.088
0.088
0.088
0.088
0.088
0.088
0.088
0.088
0.088
0.088
0.088
0.088
0.088
0.088
0.088
0.088
0.088
0.088
0.088
0.088
0.088
0.088
0.088
0.088
0.088
0.088
0.088
0.088
0.088
0.088
0.088
0.088
0.088
0.088
0.088
0.088
0.088
0.088
0.088
0.088
0.088
0.088
0.088
0.088
0.088
0.088
0.088
0.088
0.088
0.088
0.088
0.088
0.088
0.088
0.088
0.088
0.088
0.088
0.088
0.088
0.088
0.088
0.088
0.088
0.088
0.088
0.088
0.088
0.088
0.088
0.088
0.088
0.088
0.088
0.088
0.088
0.088
0.088
0.088
0.088
0.088
0.088
0.088
0.088
0.088
