fixedStep chrom=ENSGT00390000008176 start=1 step=1
0.104
0.104
0.104
0.104
0.104
0.104
0.104
0.104
0.104
0.104
0.104
0.104
0.104
0.104
0.104
0.104
0.104
0.104
0.104
0.104
0.104
0.104
0.104
0.104
0.104
0.104
0.104
0.104
0.104
0.104
0.104
0.104
0.104
0.104
0.104
0.104
0.104
0.104
0.104
0.104
0.104
0.104
0.104
0.104
0.104
0.104
0.104
0.104
0.104
0.104
0.104
0.104
0.104
0.104
0.104
0.104
0.104
0.104
0.104
0.104
0.104
0.104
0.104
0.104
0.104
0.104
0.104
0.104
0.104
0.104
0.104
0.104
0.104
0.104
0.104
0.000
0.000
0.000
0.000
0.000
0.000
0.000
0.000
0.000
-1.568
-1.572
-1.570
-1.568
-1.568
-1.568
-1.568
-1.594
-1.568
0.104
0.104
0.104
0.104
0.104
0.104
0.104
0.104
0.104
0.104
0.104
0.104
0.104
0.104
0.104
0.104
0.104
0.104
0.104
0.104
0.104
0.104
0.104
0.104
0.104
0.104
0.104
0.104
0.104
0.104
0.104
0.104
0.104
0.104
0.104
0.104
0.104
0.104
0.104
0.104
0.104
0.104
0.104
0.104
0.104
0.104
0.104
0.104
0.104
0.104
0.104
0.104
0.104
0.104
0.104
0.104
0.104
0.104
0.104
0.104
0.104
0.104
0.104
-1.555
-1.552
-1.550
-1.550
-1.551
-1.552
0.104
0.104
0.104
0.104
0.104
0.104
0.104
0.104
0.104
0.104
0.104
0.104
0.104
0.104
0.104
0.104
0.104
0.104
0.104
0.104
0.104
0.104
0.104
0.104
0.104
0.104
0.104
0.104
0.104
0.104
0.104
0.104
0.104
0.000
0.000
0.000
0.000
0.000
0.000
0.000
0.000
0.000
0.000
0.000
0.000
0.104
0.104
0.104
0.104
0.104
0.104
0.104
0.104
0.104
0.104
0.104
0.104
0.104
0.104
0.104
0.104
0.104
0.104
0.104
0.104
0.104
0.104
0.104
0.104
0.104
0.104
0.104
0.104
0.104
0.104
0.104
0.104
0.104
0.104
0.104
0.104
0.104
0.104
0.104
0.104
0.104
0.104
0.104
0.104
0.104
0.104
0.104
0.104
0.104
0.104
0.104
0.104
0.104
0.104
-3.387
-3.384
-3.385
-3.385
-3.387
-3.384
0.104
0.104
0.104
0.104
0.104
0.104
0.104
0.104
0.104
0.104
0.104
0.104
0.104
0.104
0.104
0.104
0.104
0.104
0.104
0.104
0.104
0.104
0.104
0.104
0.104
0.104
0.104
0.104
0.104
0.104
0.104
0.104
0.104
0.104
0.104
0.104
-1.614
-1.614
-1.614
0.104
0.104
0.104
0.104
0.104
0.104
0.104
0.104
0.104
0.104
0.104
0.104
0.104
0.104
0.104
0.104
0.104
0.104
0.104
0.104
0.104
0.104
0.104
0.104
0.104
0.104
0.104
0.104
0.104
0.104
0.104
0.104
0.104
0.104
0.104
0.104
0.104
0.104
0.104
0.104
0.104
0.104
0.104
0.104
0.104
0.104
0.104
0.104
0.104
0.104
0.104
0.104
0.104
0.104
0.104
0.104
0.104
0.104
0.104
0.104
0.104
0.104
0.104
0.104
0.104
0.104
0.104
0.104
0.104
0.104
0.104
0.104
0.104
0.104
0.104
0.104
0.104
0.104
0.104
0.104
0.104
0.104
0.104
0.104
0.104
0.104
0.104
0.104
0.104
0.104
0.104
0.104
0.104
0.104
0.104
0.104
0.104
0.104
0.104
0.104
0.104
0.104
0.104
0.104
0.104
0.104
0.104
0.104
0.104
0.104
0.104
0.104
0.104
0.104
0.104
0.104
0.104
0.104
0.104
0.104
0.104
0.104
0.104
0.104
0.104
0.104
0.104
0.104
0.104
0.104
0.104
0.000
0.000
0.000
0.000
0.000
0.000
0.000
0.000
0.000
0.000
0.000
0.000
0.000
