fixedStep chrom=ENSGT00390000003997 start=1 step=1
-1.437
-1.437
-1.445
-1.437
-1.437
-1.446
0.116
0.116
0.116
0.116
0.116
0.116
-1.441
-1.450
-1.441
-3.007
-2.982
-2.982
0.116
0.116
0.116
0.116
0.116
0.116
-3.328
-3.329
-3.328
0.116
0.116
0.116
0.116
0.116
0.116
0.116
0.116
0.116
0.116
0.116
0.116
0.116
0.116
0.116
0.116
0.116
0.116
0.116
0.116
0.116
-1.535
-1.510
-1.499
0.116
0.116
0.116
0.116
0.116
0.116
0.116
0.116
0.116
0.116
0.116
0.116
0.116
0.116
0.116
0.116
0.116
0.116
0.116
0.116
0.116
0.116
0.116
0.116
0.116
0.116
0.116
0.116
0.116
0.116
0.116
0.116
0.116
0.116
0.116
0.116
0.116
0.116
0.116
0.116
0.116
0.116
0.116
0.116
0.116
0.116
0.116
0.116
0.116
0.116
0.116
0.116
0.116
0.116
0.116
0.116
0.116
0.116
0.116
0.116
0.116
0.116
0.116
0.116
0.116
0.116
0.116
0.116
0.116
0.116
0.116
0.116
0.116
0.116
0.116
0.116
0.116
0.116
0.116
0.116
0.116
0.116
0.116
0.116
0.116
0.116
0.116
0.116
0.116
0.116
0.116
0.116
0.116
0.116
0.116
0.116
0.116
0.116
0.116
0.116
0.116
0.116
0.116
0.116
0.116
0.116
0.116
0.116
0.116
0.116
0.116
0.116
0.116
0.116
0.116
0.116
0.116
0.116
0.116
0.116
0.116
0.116
0.116
0.116
0.116
0.116
-2.562
-2.554
-2.554
-2.554
-2.554
-2.554
0.116
0.116
0.116
0.116
0.116
0.116
0.116
0.116
0.116
0.116
0.116
0.116
0.116
0.116
0.116
0.116
0.116
0.116
0.116
0.116
0.116
0.116
0.116
0.116
0.116
0.116
0.116
-1.499
-1.509
-1.509
0.116
0.116
0.116
0.116
0.116
0.116
0.116
0.116
0.116
0.116
0.116
0.116
0.116
0.116
0.116
0.116
0.116
0.116
0.116
0.116
0.116
0.116
0.116
0.116
-1.501
-1.490
-1.526
0.116
0.116
0.116
0.116
0.116
0.116
-1.509
-1.510
-1.499
0.116
0.116
0.116
0.116
0.116
0.116
0.116
0.116
0.116
-1.465
-1.446
-1.446
-1.437
-1.462
-1.437
-1.465
-1.465
-1.437
0.116
0.116
0.116
0.116
0.116
0.116
0.116
0.116
0.116
0.116
0.116
0.116
-1.491
-1.501
-1.491
-1.491
-1.490
-1.491
-1.491
-1.501
-1.490
0.116
0.116
0.116
0.116
0.116
0.116
0.116
0.116
0.116
0.116
0.116
0.116
-2.563
-2.554
-2.554
-2.554
-2.554
-2.554
-2.563
-2.554
-2.554
-2.554
-2.554
-2.554
-2.554
-2.554
-2.554
-2.554
-2.554
-2.554
-1.535
-1.535
-1.509
0.116
0.116
0.116
0.116
0.116
0.116
0.116
0.116
0.116
0.116
0.116
0.116
0.116
0.116
0.116
0.116
0.116
0.116
0.116
0.116
0.116
-1.502
-1.526
-1.490
0.116
0.116
0.116
-1.499
-1.499
-1.499
-1.499
-1.501
-1.535
0.116
0.116
0.116
-1.499
-1.499
-1.499
-1.499
-1.499
-1.499
0.116
0.116
0.116
0.116
0.116
0.116
0.116
0.116
0.116
0.116
0.116
0.116
0.116
0.116
0.116
0.116
0.116
0.116
0.116
0.116
0.116
0.116
0.116
0.116
-1.435
-1.444
-1.463
-5.781
-5.289
-5.780
-1.499
-1.510
-1.535
-1.510
-1.535
-1.510
-1.510
-1.535
-1.510
-1.535
-1.535
-1.535
-1.535
-1.535
-1.535
-1.499
-1.535
-1.509
-1.510
-1.535
-1.536
-1.499
-1.535
-1.499
0.116
0.116
0.116
0.116
0.116
0.116
0.116
0.116
0.116
0.116
0.116
0.116
0.116
0.116
0.116
0.116
0.116
0.116
0.116
0.116
0.116
0.116
0.116
0.116
0.116
0.116
0.116
0.116
0.116
0.116
0.116
0.116
0.116
0.116
0.116
0.116
0.116
0.116
0.116
0.000
0.000
0.000
