fixedStep chrom=ENSGT00390000002634 start=1 step=1
0.000
0.000
0.000
0.000
0.000
0.000
0.000
0.000
0.000
0.000
0.000
0.000
-2.422
-2.347
-2.422
-2.372
-2.423
-2.423
-2.422
-2.349
-2.429
-2.349
-2.350
-2.422
-2.369
-2.347
-2.370
-10.169
-9.499
-9.764
-7.476
-7.890
-7.442
-5.353
-5.350
-5.442
0.209
0.209
0.209
0.209
0.209
0.209
0.209
0.210
0.209
-2.244
-2.226
-2.228
0.210
0.210
0.209
0.209
0.210
0.209
0.209
0.209
0.209
0.210
0.209
0.209
0.210
0.210
0.209
0.209
0.210
0.209
-1.195
-1.195
-1.196
-0.947
-0.947
-0.937
-1.118
-1.118
-1.118
-1.195
-1.195
-1.195
0.209
0.209
0.209
0.209
0.210
0.209
0.210
0.209
0.209
0.209
0.210
0.209
0.209
0.210
0.209
0.209
0.210
0.209
0.210
0.210
0.210
0.209
0.209
0.209
0.209
0.209
0.209
0.210
0.210
0.209
0.209
0.209
0.209
0.210
0.210
0.210
0.209
0.210
0.209
0.209
0.210
0.210
0.210
0.210
0.209
0.210
0.210
0.209
0.210
0.210
0.210
0.210
0.210
0.209
0.209
0.209
0.209
0.209
0.210
0.209
0.210
0.210
0.209
0.210
0.210
0.210
0.209
0.210
0.209
0.210
0.210
0.000
0.000
0.000
0.000
0.000
0.000
0.000
0.000
0.000
0.000
0.209
0.209
0.209
0.209
0.209
0.209
0.209
0.209
0.209
0.209
0.209
0.209
0.209
0.209
0.209
0.209
0.210
0.209
0.209
0.209
0.209
0.210
0.209
0.209
-1.120
-1.119
-1.118
0.209
0.210
0.210
0.210
0.209
0.209
0.210
0.210
0.210
0.209
0.210
0.209
0.209
0.209
0.210
0.210
0.210
0.210
0.209
0.209
0.210
0.210
0.210
0.210
0.209
0.210
0.209
0.210
0.210
0.210
0.209
0.209
0.209
0.209
0.209
0.209
0.209
0.210
0.209
0.209
0.210
0.209
0.209
0.210
0.210
0.210
0.210
0.210
0.209
0.210
0.209
0.209
0.209
0.209
0.209
0.210
0.209
0.210
0.209
0.209
-1.195
-1.195
-1.195
-1.119
-1.118
-1.118
0.210
0.210
0.209
0.210
0.210
0.209
0.210
0.210
0.209
0.210
0.209
0.210
0.209
0.210
0.209
0.209
0.209
0.210
0.209
0.210
0.209
0.210
0.209
0.209
0.209
0.210
0.210
0.210
0.210
0.209
0.209
0.210
0.209
0.210
0.209
0.209
0.209
0.210
0.209
0.210
0.210
0.209
0.210
0.209
0.210
0.210
0.210
0.209
0.210
0.210
0.209
0.209
0.209
0.209
0.209
0.209
0.209
-2.893
-2.886
-2.870
0.209
0.210
0.209
0.209
0.209
0.210
0.209
0.209
0.209
0.209
0.210
0.210
0.000
0.000
0.000
0.000
0.000
0.000
0.000
0.000
0.000
0.000
0.000
0.000
0.210
0.210
0.210
0.210
0.209
0.209
0.210
0.210
0.209
0.209
0.210
0.209
0.210
0.210
0.210
0.210
0.210
0.210
0.210
0.210
0.209
0.209
0.209
0.209
0.209
0.209
0.209
0.210
0.210
0.210
0.210
0.210
0.210
0.000
0.000
0.000
0.000
0.000
0.000
0.000
0.000
0.000
0.210
0.209
0.209
0.209
0.210
0.209
0.209
0.210
0.210
0.209
0.209
0.209
0.209
0.209
0.209
0.210
0.209
0.209
0.209
0.209
0.210
0.210
0.210
0.210
0.210
0.210
0.210
0.210
0.210
0.209
0.210
0.210
0.209
0.210
0.210
0.210
0.209
0.210
0.209
0.209
0.210
0.210
0.210
0.210
0.209
0.209
0.209
0.209
0.209
0.210
0.210
0.209
0.209
0.209
0.210
0.209
0.209
0.209
0.209
0.210
0.210
0.210
0.209
0.210
0.210
0.209
0.210
0.210
0.210
0.210
0.210
0.209
0.209
0.210
0.209
-2.893
-2.836
-2.893
0.210
0.210
0.209
0.209
0.209
0.210
0.209
0.210
0.209
0.210
0.210
0.209
0.210
0.209
0.209
0.210
0.210
0.209
0.210
0.210
0.210
0.210
0.210
0.209
0.209
0.209
0.209
0.209
0.210
0.209
0.209
0.209
0.209
-0.946
-0.944
-0.946
-0.933
-0.945
-0.937
-2.635
-2.650
-2.635
0.210
0.210
0.209
0.209
0.209
0.209
0.210
0.209
0.209
0.210
0.210
0.209
0.209
0.209
0.209
0.210
0.209
0.209
0.210
0.209
0.209
0.209
0.209
0.209
0.209
0.209
0.209
0.209
0.210
0.209
0.210
0.210
0.209
-0.935
-0.935
-0.939
0.210
0.209
0.209
0.209
0.209
0.209
0.209
0.210
0.210
0.210
0.210
0.209
0.209
0.210
0.209
0.209
0.210
0.210
0.210
0.210
0.210
0.209
0.209
0.209
0.209
0.209
0.210
0.210
0.209
0.210
0.210
0.210
0.210
0.210
0.209
0.209
0.209
0.209
0.209
0.209
0.209
0.209
0.210
0.210
0.209
0.210
0.209
0.209
0.209
0.209
0.209
0.210
0.210
0.210
0.210
0.210
0.209
0.209
0.209
0.209
0.209
0.209
0.210
0.209
0.209
0.210
0.209
0.210
0.210
0.210
0.210
0.209
0.209
0.209
0.209
0.209
0.210
0.210
0.210
0.210
0.210
0.209
0.209
0.210
0.210
0.209
0.209
0.209
0.209
0.209
0.209
0.210
0.209
0.209
0.209
0.209
0.210
0.209
0.209
0.209
0.209
0.210
0.210
0.210
0.210
0.209
0.209
0.210
0.210
0.210
0.210
0.209
0.210
0.209
0.209
0.210
0.210
0.209
0.209
0.210
0.209
0.210
0.210
0.209
0.210
0.209
0.209
0.209
0.209
0.209
0.210
0.209
0.209
0.210
0.210
0.209
0.209
0.210
-1.121
-1.118
-1.118
-1.195
-1.198
-1.195
0.209
0.210
0.209
0.209
0.209
0.210
0.209
0.209
0.210
0.209
0.209
0.209
0.209
0.209
0.209
0.209
0.210
0.209
0.209
0.209
0.209
0.210
0.210
0.209
-1.195
-1.195
-1.195
-1.118
-1.118
-1.118
0.210
0.209
0.209
0.209
0.209
0.210
0.209
0.209
0.209
0.209
0.209
0.209
0.210
0.209
0.210
0.210
0.210
0.209
0.209
0.209
0.209
0.210
0.210
0.209
0.209
0.209
0.209
0.209
0.209
0.209
0.210
0.210
0.209
0.209
0.209
0.209
0.210
0.209
0.210
0.210
0.210
0.210
0.210
0.209
0.209
0.209
0.209
0.209
0.210
0.210
0.210
0.210
0.210
0.209
0.210
0.210
0.209
0.210
0.210
0.209
0.209
0.209
0.209
0.209
0.209
0.209
0.210
0.210
0.210
0.209
0.209
0.209
0.210
0.210
0.210
0.210
0.210
0.210
0.209
0.210
0.209
0.210
0.209
0.209
0.209
0.210
0.209
0.210
0.209
0.210
0.210
0.210
0.210
0.209
0.210
0.210
0.210
0.210
0.209
0.209
0.209
0.210
0.209
0.209
0.209
0.210
0.210
0.209
0.209
0.209
0.209
0.210
0.209
0.209
0.209
0.210
0.210
0.209
0.210
0.210
0.210
0.209
0.209
0.209
0.209
0.209
0.209
0.210
0.209
0.209
0.209
0.210
0.210
0.210
0.210
0.210
0.209
0.209
0.209
0.209
0.209
0.209
0.209
0.209
0.209
0.209
0.210
0.209
0.209
0.209
0.209
0.209
0.209
0.210
0.210
0.209
0.210
0.210
0.209
0.210
0.210
0.209
0.210
0.210
0.210
0.210
0.210
0.210
0.210
0.210
0.209
0.209
0.209
0.209
0.209
0.210
0.209
0.210
0.209
0.209
0.209
0.210
0.209
0.210
0.210
0.209
0.209
0.209
0.209
0.209
0.210
0.210
0.209
0.210
0.209
0.210
0.209
0.209
0.209
0.209
0.209
0.210
0.210
0.209
0.209
0.209
0.209
0.210
0.210
0.209
0.209
0.210
0.209
0.209
0.210
0.209
0.210
0.209
0.209
0.209
0.210
0.209
-1.118
-1.118
-1.120
-1.118
-1.118
-1.118
0.209
0.209
0.209
0.210
0.210
0.210
0.210
0.209
0.209
0.209
0.209
0.209
0.209
0.209
0.209
0.209
0.210
0.210
0.210
0.210
0.209
0.210
0.210
0.210
0.209
0.210
0.210
0.210
0.210
0.209
0.210
0.210
0.210
0.210
0.210
0.209
0.209
0.210
0.209
0.209
0.210
0.210
0.210
0.209
0.210
0.209
0.210
0.209
0.210
0.210
0.209
-1.195
-1.195
-1.195
-1.195
-1.195
-1.196
-1.195
-1.195
-1.195
0.210
0.209
0.210
0.210
0.210
0.210
0.209
0.210
0.209
0.210
0.210
0.210
0.209
0.210
0.209
0.210
0.210
0.209
0.210
0.210
0.210
0.209
0.210
0.209
0.210
0.210
0.210
0.210
0.210
0.210
0.210
0.209
0.209
0.210
0.209
0.209
0.209
0.209
0.209
0.209
0.210
0.209
0.210
0.209
0.209
0.209
0.209
0.209
0.209
0.210
0.209
0.209
0.210
0.210
0.210
0.210
0.209
0.210
0.210
0.209
0.209
0.209
0.209
0.209
0.210
0.209
0.210
0.210
0.210
0.209
0.210
0.210
0.210
0.210
0.210
0.209
0.209
0.209
0.210
0.209
0.209
0.209
0.209
0.210
0.209
0.210
0.209
0.210
0.209
0.209
0.209
0.210
0.209
0.210
0.210
0.209
0.210
0.210
0.209
0.210
0.210
0.209
0.209
0.209
0.209
0.209
0.210
0.209
0.210
0.210
0.209
0.209
0.209
0.209
0.209
0.209
0.209
0.210
0.209
0.209
0.209
0.210
0.209
0.209
0.209
0.209
0.210
0.210
0.210
0.210
0.209
0.000
0.000
0.000
0.000
0.000
0.000
0.000
0.000
0.000
0.000
0.000
0.000
0.000
0.000
0.000
0.000
0.000
0.000
0.000
0.000
0.000
0.000
0.000
0.000
0.000
0.000
0.000
0.000
0.000
0.000
0.000
0.000
0.000
0.000
0.000
0.000
0.000
0.000
0.000
0.000
0.000
0.000
0.000
