fixedStep chrom=ENSGT00390000007040 start=1 step=1
0.000
0.000
0.000
0.000
0.000
0.000
0.000
0.000
0.000
0.000
0.000
0.000
0.000
0.000
0.000
0.000
0.000
0.000
0.000
0.000
0.000
0.000
0.000
0.000
0.000
0.000
0.000
0.000
0.000
0.000
0.000
0.000
0.000
0.000
0.000
0.000
0.000
0.000
0.000
0.000
0.000
0.000
0.000
0.000
0.000
0.000
0.000
0.000
0.000
0.000
0.000
0.000
0.000
0.000
0.000
0.000
0.000
0.000
0.000
0.000
0.000
0.000
0.000
0.000
0.000
0.000
0.000
0.000
0.000
0.000
0.000
0.000
0.000
0.000
0.000
-1.639
-1.639
-1.639
-0.637
-0.635
-0.632
-0.630
-0.630
-0.632
-0.630
-0.630
-0.631
-0.630
-0.630
-0.637
-0.630
-0.630
-0.632
0.303
0.303
0.303
0.303
0.303
0.303
0.303
0.303
0.303
0.303
0.303
0.303
0.303
0.303
0.303
0.303
0.303
0.303
0.303
0.303
0.303
0.303
0.303
0.303
0.303
0.303
0.303
0.303
0.303
0.303
0.303
0.303
0.303
0.303
0.303
0.303
0.303
0.303
0.303
0.303
0.303
0.303
0.303
0.303
0.303
0.303
0.303
0.303
0.303
0.303
0.303
0.303
0.303
0.303
0.303
0.303
0.303
-0.630
-0.630
-0.631
0.303
0.303
0.303
0.303
0.303
0.303
0.303
0.303
0.303
0.303
0.303
0.303
0.303
0.303
0.303
0.303
0.303
0.303
0.303
0.303
0.303
0.303
0.303
0.303
0.303
0.303
0.303
0.303
0.303
0.303
0.303
0.303
0.303
-0.636
-0.636
-0.636
0.303
0.303
0.303
0.303
0.303
0.303
0.303
0.303
0.303
0.303
0.303
0.303
0.303
0.303
0.303
0.303
0.303
0.000
0.000
0.000
0.000
