fixedStep chrom=ENSGT00390000008537 start=1 step=1
0.065
0.065
0.065
0.065
0.065
0.065
0.065
0.065
0.065
0.065
0.065
0.065
0.065
0.065
0.065
0.065
0.065
0.065
0.065
0.065
0.065
0.065
0.065
0.065
0.065
0.065
0.065
0.065
0.065
0.065
0.065
0.065
0.065
0.065
0.065
0.065
0.065
0.065
0.065
0.065
0.065
0.065
0.065
0.065
0.065
0.065
0.065
0.065
0.065
0.065
0.065
0.065
0.065
0.065
0.065
0.065
0.065
0.065
0.065
0.065
0.065
0.065
0.065
0.065
0.065
0.065
0.065
0.065
0.065
0.065
0.065
0.065
0.065
0.065
0.065
0.065
0.065
0.065
0.065
0.065
0.065
0.065
0.065
0.065
0.065
0.065
0.065
0.065
0.065
0.065
0.065
0.065
0.065
0.065
0.065
0.065
0.065
0.065
0.065
0.000
0.000
0.000
0.000
0.000
0.000
0.000
0.000
0.000
0.000
0.000
0.000
-1.942
-1.970
-1.942
-1.942
-1.955
-1.956
0.065
0.065
0.011
0.065
0.065
0.065
-3.157
-3.157
-3.157
-1.976
-1.976
-1.976
0.065
0.065
0.065
0.065
0.065
0.065
0.065
0.065
0.065
0.065
0.065
0.065
0.065
0.065
0.065
0.065
0.065
0.065
0.065
0.065
0.065
0.065
0.065
0.065
0.065
0.065
0.065
0.065
0.065
0.065
0.065
0.065
0.065
0.065
0.065
0.065
0.065
0.065
0.065
0.065
0.065
0.065
0.065
0.065
0.065
0.065
0.065
0.065
0.065
0.065
0.065
0.065
0.065
0.065
0.065
0.065
0.065
0.065
0.065
0.065
0.065
0.065
0.065
0.065
0.065
0.065
0.065
0.065
0.065
0.065
0.065
0.065
0.065
0.065
0.065
0.065
0.065
0.065
0.065
0.065
0.065
0.065
0.065
0.065
0.065
0.065
0.065
0.065
0.065
0.065
0.065
0.065
0.065
0.065
0.065
0.065
0.065
0.065
0.065
0.065
0.065
0.065
0.065
0.065
0.065
0.065
0.065
0.065
0.065
0.065
0.065
0.065
0.065
0.065
0.065
0.065
0.065
0.065
0.065
0.065
0.065
0.065
0.065
0.065
0.065
0.065
0.065
0.065
0.065
0.065
0.065
0.065
0.065
0.065
0.065
0.065
0.065
0.065
0.065
0.065
0.065
0.065
0.065
0.065
0.065
0.065
0.065
0.065
0.065
0.065
0.065
0.065
0.065
0.065
0.065
0.065
0.065
0.065
0.065
0.065
0.065
0.065
0.065
0.065
0.065
0.065
0.065
0.065
0.065
0.065
0.065
0.065
0.065
0.065
0.065
0.065
0.065
0.065
0.065
0.065
0.065
0.065
0.065
0.065
0.065
0.065
0.065
0.065
0.065
0.065
0.065
0.065
0.065
0.065
0.065
