fixedStep chrom=ENSGT00390000016309 start=1 step=1
0.106
0.106
0.106
0.106
0.106
0.106
0.106
0.106
0.106
0.106
0.106
0.106
0.106
0.106
0.106
0.106
0.106
0.106
0.106
0.106
0.106
0.106
0.106
0.106
0.106
0.106
0.106
0.106
0.106
0.106
0.106
0.106
0.106
0.106
0.106
0.106
0.106
0.106
0.106
0.106
0.106
0.106
0.106
0.106
0.106
0.106
0.106
0.106
0.106
0.106
0.106
0.106
0.106
0.106
0.106
0.106
0.106
0.106
0.106
0.106
0.106
0.106
0.106
0.106
0.106
0.106
0.106
0.106
0.106
0.106
0.106
0.106
0.106
0.106
0.106
0.106
0.106
0.106
0.106
0.106
0.106
0.106
0.106
0.106
0.106
0.106
0.106
0.106
0.106
0.106
0.106
0.106
0.106
0.106
0.106
0.106
0.106
0.106
0.106
0.106
0.106
0.106
0.106
0.106
0.106
0.106
0.106
0.106
0.106
0.106
0.106
0.106
0.106
0.106
0.106
0.106
0.106
0.106
0.106
0.106
0.106
0.106
0.106
0.106
0.106
0.106
0.106
0.106
0.106
0.106
0.106
0.106
0.106
0.106
0.106
0.106
0.106
0.106
0.106
0.106
0.106
0.106
0.106
0.106
0.106
0.106
0.106
0.106
0.106
0.106
0.106
0.106
0.106
0.106
0.106
0.106
0.106
0.106
0.106
0.106
0.106
0.106
0.106
0.106
0.106
0.106
0.106
0.106
0.106
0.106
0.106
0.106
0.106
0.106
0.106
0.106
0.106
0.106
0.106
0.106
0.106
0.106
0.106
0.106
0.106
0.106
0.106
0.106
0.106
0.106
0.106
0.106
0.106
0.106
0.106
0.106
0.106
0.106
0.106
0.106
0.106
0.106
0.106
0.106
0.106
0.106
0.106
0.106
0.106
0.106
0.106
0.106
0.106
0.106
0.106
0.106
0.106
0.106
0.106
0.106
0.106
0.106
0.106
0.106
0.106
0.106
0.106
0.106
0.106
0.106
0.106
0.106
0.106
0.106
0.106
0.106
0.106
0.106
0.106
0.106
0.106
0.106
0.106
0.106
0.106
0.106
0.106
0.106
0.106
0.106
0.106
0.106
0.106
0.106
0.106
0.106
0.106
0.106
0.106
0.106
0.106
0.106
0.106
0.106
0.106
0.106
0.106
0.106
0.106
0.106
0.106
0.106
0.106
0.106
0.106
0.106
0.106
0.106
0.106
0.106
0.106
0.106
0.106
0.106
0.106
-1.937
-1.926
-1.926
-1.926
-1.926
-1.926
-3.227
-3.227
-3.224
-1.555
-1.560
-1.559
0.106
0.106
0.106
0.106
0.106
0.106
0.106
0.106
0.106
0.106
0.106
0.106
0.106
0.106
0.106
0.106
0.106
0.106
0.106
0.106
0.106
0.106
0.106
0.106
0.106
0.106
0.106
0.106
0.106
0.106
0.106
0.106
0.106
0.106
0.106
0.106
0.106
0.106
0.106
0.106
0.106
0.106
0.106
0.106
0.106
0.106
0.106
0.106
0.106
0.106
0.106
0.106
0.106
0.106
0.106
0.106
0.106
0.106
0.106
0.106
0.106
0.106
0.106
0.106
0.106
0.106
0.106
0.106
0.106
0.106
0.106
0.106
0.106
0.106
0.106
0.106
0.106
0.106
0.106
0.106
0.106
0.106
0.106
0.106
0.106
0.106
0.106
0.106
0.106
0.106
