fixedStep chrom=ENSGT00390000007683 start=1 step=1
0.000
0.000
0.000
0.072
0.072
0.072
0.072
0.072
0.072
0.072
0.072
0.072
0.072
0.072
0.072
0.072
0.072
0.072
0.072
0.072
0.072
0.072
0.072
0.072
0.072
0.072
0.072
0.072
0.072
0.072
0.072
0.072
0.072
0.072
0.072
0.072
0.072
0.072
0.072
0.072
0.072
0.072
0.072
0.072
0.072
0.072
0.072
0.072
0.072
0.072
0.072
0.072
0.072
0.072
0.072
0.072
0.072
0.072
0.072
0.072
0.072
0.072
0.072
0.072
0.072
0.072
0.072
0.072
0.072
0.072
0.072
0.072
0.072
0.072
0.072
0.072
0.072
0.072
0.072
0.072
0.072
0.072
0.072
0.072
0.072
0.072
0.072
0.072
0.072
0.072
0.072
0.072
0.072
0.072
0.072
0.072
0.072
0.072
0.072
0.072
0.072
0.072
0.072
0.072
0.072
0.072
0.072
0.072
0.072
0.072
0.072
0.072
0.072
0.072
0.072
0.072
0.072
0.072
0.072
0.072
0.072
0.072
0.072
0.072
0.072
0.072
0.072
0.072
0.072
0.072
0.072
0.072
0.072
0.072
0.072
0.072
0.072
0.072
0.072
0.072
0.072
0.072
0.072
0.072
0.072
0.072
0.072
0.072
0.072
0.072
0.072
0.072
0.072
0.072
0.072
0.072
0.072
0.072
0.072
0.072
0.072
0.072
0.072
0.072
0.072
0.072
0.072
0.072
0.072
0.072
0.072
0.072
0.072
0.072
0.072
0.072
0.072
0.072
0.072
0.072
0.072
0.072
0.072
0.072
0.072
0.072
0.072
0.072
0.072
0.072
0.072
0.072
0.072
0.072
0.072
0.072
0.072
0.072
0.072
0.072
0.072
0.072
0.072
0.072
0.072
0.072
0.072
0.072
0.072
0.072
0.072
0.072
0.072
0.072
0.072
0.072
0.072
0.072
0.072
0.072
0.072
0.072
0.072
0.072
0.072
0.072
0.072
0.072
0.072
0.072
0.072
0.072
0.072
0.072
0.072
0.072
0.072
0.072
0.072
0.072
0.072
0.072
0.072
0.072
0.072
0.072
0.072
0.072
0.072
0.072
0.072
0.072
0.072
0.072
0.072
0.072
0.072
0.072
0.072
0.072
0.072
0.072
0.072
0.072
0.072
0.072
0.072
0.072
0.072
0.072
0.072
0.072
0.072
-1.906
-1.870
-1.914
-1.904
-1.870
-1.870
-1.884
-1.870
-1.885
-1.870
-1.870
-1.870
0.072
0.072
0.072
0.072
0.072
0.072
0.072
0.072
0.072
0.072
0.072
0.072
0.072
0.072
0.072
0.072
0.072
0.072
0.072
0.072
0.072
0.072
0.072
0.072
0.072
0.072
0.072
0.072
0.072
0.072
0.072
0.072
0.072
0.072
0.072
0.072
0.072
0.072
0.072
0.072
0.072
0.072
0.072
0.072
0.072
0.072
0.072
0.072
0.072
0.072
0.072
0.072
0.072
0.072
0.072
0.072
0.072
0.072
0.072
0.072
0.072
0.072
0.072
0.072
0.072
0.072
0.072
0.072
0.072
0.072
0.072
0.072
