fixedStep chrom=ENSGT00390000011180 start=1 step=1
0.088
0.088
0.088
0.088
0.088
0.088
0.088
0.088
0.088
0.088
0.088
0.088
0.088
0.088
0.088
0.088
0.088
0.088
0.088
0.088
0.088
0.088
0.088
0.088
0.088
0.088
0.088
0.088
0.088
0.088
0.088
0.088
0.088
0.088
0.088
0.088
0.088
0.088
0.088
0.088
0.088
0.088
0.088
0.088
0.088
0.088
0.088
0.088
0.088
0.088
0.088
0.088
0.088
0.088
0.088
0.088
0.088
0.088
0.088
0.088
0.088
0.088
0.088
0.088
0.088
0.088
0.088
0.088
0.088
0.088
0.088
0.088
0.088
0.088
0.088
0.088
0.088
0.088
0.088
0.088
0.088
0.088
0.088
0.088
0.088
0.088
0.088
0.088
0.088
0.088
0.088
0.088
0.088
0.088
0.088
0.088
0.088
0.088
0.088
0.088
0.088
0.088
-1.750
-1.750
-1.769
-1.750
-1.750
-1.750
0.088
0.088
0.088
0.088
0.088
0.088
0.088
0.088
0.088
0.088
0.088
0.088
0.088
0.088
0.088
0.088
0.088
0.088
0.088
0.088
0.088
0.088
0.088
0.088
0.088
0.088
0.088
0.088
0.088
0.088
0.088
0.088
0.088
0.088
0.088
0.088
0.088
0.088
0.088
0.088
0.088
0.088
0.088
0.088
0.088
0.088
0.088
0.088
0.088
0.088
0.088
0.000
0.000
0.000
0.000
0.000
0.000
0.000
0.000
0.000
0.000
0.000
0.000
0.088
0.088
0.088
-1.750
-1.750
-1.752
-1.750
-1.750
-1.756
-1.750
-1.750
-1.750
-1.750
-1.750
-1.750
-1.750
-1.750
-1.750
0.088
0.088
0.088
0.088
0.088
0.088
0.088
0.088
0.088
0.088
0.088
0.088
0.088
0.088
0.088
0.088
0.088
0.088
-7.454
-7.454
-7.454
0.088
0.088
0.088
0.088
0.088
0.088
0.088
0.088
0.088
0.088
0.088
0.088
0.088
0.088
0.088
0.088
0.088
0.088
0.088
0.088
0.088
0.088
0.088
0.088
0.088
0.088
0.088
0.088
0.088
0.088
0.088
0.088
0.088
0.088
0.088
0.088
0.088
0.088
0.088
0.088
0.088
0.088
0.088
0.088
0.088
0.088
0.088
0.088
0.088
0.088
0.088
0.088
0.088
0.088
0.088
0.088
0.088
0.088
0.088
0.088
0.088
0.088
0.088
0.088
0.088
0.088
0.088
0.088
0.088
0.088
0.088
0.088
0.088
0.088
0.088
0.088
0.088
0.088
0.088
0.088
0.088
0.088
0.088
0.088
0.088
0.088
0.088
0.088
0.088
0.088
0.088
0.088
0.088
0.088
0.088
0.088
0.088
0.088
0.088
0.088
0.088
0.088
0.088
0.088
0.088
0.088
0.088
0.088
0.088
0.088
0.088
0.088
0.088
0.088
0.088
0.088
0.088
0.088
0.088
0.088
0.088
0.088
0.088
0.088
0.088
0.088
0.088
0.088
0.088
0.088
0.088
0.088
0.088
0.088
0.088
0.088
0.088
0.088
0.088
0.088
0.088
0.088
0.088
0.088
-8.176
-8.176
-8.178
0.088
0.088
0.088
0.088
0.088
0.088
0.088
0.088
0.088
0.088
0.088
0.088
0.088
0.088
0.088
0.088
0.088
0.088
0.088
0.088
0.088
0.088
0.088
0.088
0.088
0.088
0.088
0.088
0.088
0.088
0.000
0.000
0.000
0.000
0.000
0.000
0.000
0.000
0.000
0.000
0.000
0.000
0.088
0.088
0.088
0.088
0.088
0.088
0.088
0.088
0.088
0.088
0.088
0.088
0.088
0.088
0.088
0.088
0.088
0.088
-1.703
-1.703
-1.749
0.088
0.088
0.088
0.088
0.088
0.088
0.088
0.088
0.088
0.088
0.088
0.088
0.088
0.088
0.088
0.088
0.088
0.088
0.088
0.088
0.088
0.088
0.088
0.088
0.088
0.088
0.088
0.088
0.088
0.088
0.088
0.088
0.088
0.088
0.088
0.088
0.088
0.088
0.088
0.088
0.088
0.088
0.088
0.088
0.088
0.088
0.088
0.088
0.088
0.088
0.088
0.088
0.088
0.088
0.088
0.088
0.088
0.088
0.088
0.088
0.088
0.088
0.088
0.088
0.088
0.088
0.088
0.088
0.088
0.000
0.000
0.000
0.000
0.000
0.000
0.000
0.000
0.000
0.000
0.000
0.000
0.000
0.000
0.000
0.088
0.088
0.088
0.088
0.088
0.088
0.088
0.088
0.088
0.088
0.088
0.088
0.088
0.088
0.088
0.088
0.088
0.088
0.088
0.088
0.088
0.088
0.088
0.088
-3.102
-3.102
-3.102
0.088
0.088
0.088
0.088
0.088
0.088
0.088
0.088
0.088
0.088
0.088
0.088
