fixedStep chrom=ENSGT00390000002089 start=1 step=1
0.245
0.245
0.245
0.245
0.245
0.244
0.245
0.245
0.245
0.244
0.245
0.245
0.244
0.244
0.245
0.245
0.245
0.245
0.244
0.245
0.244
0.244
0.245
0.245
0.245
0.245
0.245
0.244
0.244
0.245
0.245
0.245
0.245
0.245
0.244
0.245
0.244
0.244
0.244
0.245
0.245
0.245
0.245
0.245
0.244
0.244
0.244
0.245
0.245
0.245
0.245
0.244
0.245
0.244
0.245
0.245
0.244
0.244
0.245
0.245
0.245
0.245
0.245
-0.854
-0.851
-0.850
-2.500
-2.499
-2.499
0.244
0.245
0.244
0.245
0.245
0.244
0.245
0.245
0.245
0.245
0.245
0.245
0.244
0.245
0.245
0.245
0.245
0.245
0.245
0.245
0.244
0.245
0.245
0.244
0.244
0.245
0.244
0.244
0.244
0.245
0.245
0.245
0.245
0.245
0.245
0.245
0.245
0.244
0.245
0.244
0.245
0.245
0.245
0.245
0.244
0.244
0.245
0.245
0.244
0.245
0.245
0.245
0.245
0.245
0.244
0.244
0.244
0.245
0.245
0.245
0.245
0.245
0.245
0.245
0.244
0.245
0.244
0.244
0.245
0.245
0.245
0.245
0.245
0.245
0.245
0.244
0.244
0.245
0.245
0.245
0.244
0.245
0.245
0.245
0.245
0.244
0.245
0.244
0.244
0.244
0.245
0.245
0.245
0.245
0.244
0.245
0.245
0.244
0.245
0.244
0.245
0.244
0.245
0.245
0.244
0.245
0.245
0.245
0.245
0.245
0.245
0.245
0.245
0.245
0.245
0.245
0.245
0.245
0.245
0.245
0.245
0.245
0.245
0.245
0.245
0.244
0.245
0.244
0.244
0.245
0.245
0.245
0.244
0.244
0.244
0.245
0.244
0.244
0.244
0.245
0.244
0.245
0.245
0.245
0.244
0.244
0.245
0.244
0.244
0.244
0.245
0.244
0.245
0.244
0.245
0.245
0.244
0.244
0.244
0.244
0.245
0.244
0.245
0.244
0.245
0.245
0.245
0.245
0.245
0.245
0.245
0.244
0.244
0.245
0.245
0.245
0.245
0.245
0.245
0.245
0.245
0.245
0.245
0.245
0.244
0.245
0.244
0.245
0.245
0.245
0.245
0.245
0.244
0.245
0.244
0.244
0.245
0.245
0.245
0.245
0.245
0.245
0.245
0.244
0.245
0.245
0.244
0.245
0.244
0.245
0.245
0.245
0.244
0.244
0.244
0.245
0.245
0.245
0.245
0.244
0.245
0.245
0.245
0.245
0.245
0.244
0.245
0.245
0.244
0.244
0.245
0.245
0.245
0.245
0.245
0.245
0.245
0.245
0.245
0.245
0.244
0.245
0.245
0.244
0.245
0.244
0.244
0.245
0.245
0.245
0.245
0.245
0.245
0.245
0.245
0.244
0.245
0.244
0.245
0.245
0.244
0.244
0.245
0.244
0.244
0.244
0.245
0.244
0.245
0.245
0.245
0.245
0.245
0.245
0.245
0.245
0.245
0.245
0.245
0.244
0.245
0.245
0.245
0.245
0.244
0.244
0.245
0.245
0.245
0.245
0.245
0.244
0.245
0.244
0.245
0.244
0.245
0.245
0.245
0.244
0.245
0.245
0.245
0.244
0.245
0.245
0.245
0.245
0.244
0.244
0.245
0.245
0.245
0.245
0.245
0.245
0.245
0.244
0.245
0.245
0.244
0.245
0.245
0.244
0.245
0.245
0.244
0.244
0.245
0.245
0.245
0.245
0.245
0.245
0.245
0.244
0.245
0.245
0.245
0.244
0.244
0.244
0.244
0.245
0.244
0.245
0.245
0.244
0.245
0.245
0.245
0.245
0.244
0.244
-0.833
-0.824
-0.825
0.245
0.244
0.245
0.244
0.245
0.245
0.245
0.245
0.245
0.244
0.245
0.245
0.244
0.245
0.244
0.245
0.244
0.245
0.245
0.244
0.245
0.245
0.244
0.245
-1.064
-1.063
-1.063
-1.063
-1.063
-1.063
0.245
0.244
0.244
0.244
0.245
0.244
0.244
0.245
0.244
0.245
0.244
0.245
-0.978
-0.978
-0.978
-0.978
-0.978
-0.978
-0.978
-0.978
-0.982
0.244
0.245
0.245
0.245
0.244
0.244
0.245
0.244
0.245
0.245
0.245
0.244
0.244
0.244
0.244
0.244
0.245
0.245
0.244
0.244
0.245
0.245
0.244
0.244
0.245
0.245
0.245
0.245
0.245
0.244
0.245
0.245
0.244
0.245
0.244
0.244
0.245
0.245
0.245
0.245
0.245
0.245
0.245
0.245
0.245
0.245
0.245
0.244
0.244
0.245
0.245
0.245
0.245
0.245
0.245
0.245
0.244
0.244
0.245
0.245
0.245
0.245
0.245
0.245
0.245
0.245
0.244
0.245
0.245
0.244
0.244
0.244
0.000
0.000
0.000
0.000
0.000
0.000
0.000
0.000
0.000
0.000
0.000
0.000
0.000
0.000
0.000
0.245
0.245
0.245
0.245
0.244
0.245
0.244
0.245
0.245
0.245
0.245
0.244
0.245
0.245
0.245
0.245
0.245
0.245
0.244
0.245
0.245
0.245
0.245
0.244
0.244
0.245
0.244
0.245
0.244
0.245
0.245
0.245
0.244
0.244
0.245
0.245
0.245
0.245
0.245
0.245
0.245
0.244
-2.007
-2.050
-2.051
-3.451
-3.450
-3.497
