fixedStep chrom=ENSGT00390000015384 start=1 step=1
0.106
0.106
0.106
0.106
0.106
0.106
0.106
0.106
0.106
0.106
0.106
0.106
0.106
0.106
0.106
0.106
0.106
0.106
0.106
0.106
0.106
0.106
0.106
0.106
0.106
0.106
0.106
0.106
0.106
0.106
0.106
0.106
0.106
0.106
0.106
0.106
0.106
0.106
0.106
0.106
0.106
0.106
0.106
0.106
0.106
0.106
0.106
0.106
0.106
0.106
0.106
0.106
0.106
0.106
0.106
0.106
0.106
0.106
0.106
0.106
0.106
0.106
0.106
0.106
0.106
0.106
0.106
0.106
0.106
0.106
0.106
0.106
0.106
0.106
0.106
0.106
0.106
0.106
0.106
0.106
0.106
-3.166
-3.168
-3.148
0.106
0.106
0.106
0.106
0.106
0.106
0.106
0.106
0.106
0.106
0.106
0.106
0.106
0.106
0.106
0.106
0.106
0.106
0.106
0.106
0.106
0.106
0.106
0.106
0.106
0.106
0.106
0.106
0.106
0.106
0.106
0.106
0.106
0.106
0.106
0.106
0.106
0.106
0.106
0.106
0.106
0.106
0.106
0.106
0.106
0.106
0.106
0.106
0.106
0.106
0.106
0.106
0.106
0.106
0.106
0.106
0.106
0.106
0.106
0.106
0.106
0.106
0.106
0.106
0.106
0.106
0.106
0.106
0.106
0.106
0.106
0.106
0.106
0.106
0.106
0.106
0.106
0.106
0.106
0.106
0.106
0.106
0.106
0.106
0.106
0.106
0.106
0.106
0.106
0.106
0.106
0.106
0.106
0.106
0.106
0.106
0.106
0.106
0.106
0.106
0.106
0.106
0.106
0.106
0.106
0.106
0.106
0.106
0.106
0.106
0.106
0.106
0.106
0.106
0.106
0.106
0.106
0.106
0.106
0.106
0.106
0.106
0.106
0.106
0.106
0.106
0.106
0.106
0.106
0.106
0.106
0.106
0.106
0.106
0.106
0.106
0.106
0.106
0.106
0.106
0.106
0.106
0.106
0.106
0.106
0.106
0.106
0.106
0.106
0.106
0.106
0.106
0.106
0.106
0.106
0.106
0.106
0.106
0.106
0.106
0.106
0.106
0.106
0.106
0.106
0.106
0.106
0.106
0.106
0.106
0.106
0.106
0.106
0.106
0.106
0.106
0.106
0.106
0.106
0.106
0.106
0.106
0.106
0.106
0.106
0.106
0.106
0.106
0.106
0.106
0.106
0.106
0.106
0.106
0.106
0.106
0.106
0.106
0.106
0.106
0.106
0.106
0.106
0.106
0.106
0.106
0.106
0.106
0.106
0.106
0.106
0.106
0.106
0.106
0.106
0.106
0.106
0.106
0.106
0.106
0.106
0.106
0.106
0.106
0.106
0.106
0.106
0.106
0.106
0.106
0.106
0.106
0.106
0.106
0.106
0.106
0.106
0.106
0.106
0.106
0.106
0.106
0.106
0.106
0.106
0.106
0.106
0.106
0.106
0.106
0.106
0.106
0.106
0.106
0.106
0.106
0.106
0.106
0.106
0.106
0.106
0.106
0.106
0.106
0.106
0.106
0.106
0.106
0.106
0.106
0.106
0.106
0.106
0.106
0.106
0.106
0.106
0.106
0.106
0.106
0.106
0.106
0.106
0.106
0.106
0.106
0.106
0.106
0.106
0.106
0.106
0.106
0.106
0.106
0.106
0.106
0.106
0.106
0.106
0.106
0.106
0.106
0.106
0.106
0.106
0.106
0.106
0.106
0.106
0.106
0.106
0.106
0.106
0.106
0.106
0.106
0.106
0.106
0.106
0.106
0.106
0.106
0.106
0.106
0.106
0.106
0.106
0.106
0.106
0.106
0.106
0.106
0.106
0.106
0.106
0.106
-2.998
-2.995
-2.993
0.106
0.106
0.106
0.106
0.106
0.106
0.106
0.106
0.106
0.106
0.106
0.106
0.106
0.106
0.106
