fixedStep chrom=ENSGT00530000064565 start=1 step=1
0.114
0.114
0.114
0.114
0.114
0.114
0.114
0.114
0.114
0.114
0.114
0.114
0.114
0.114
0.113
0.114
0.114
0.114
0.114
0.114
0.114
0.114
0.114
0.114
0.114
0.114
0.114
0.114
0.114
0.113
0.114
0.114
0.114
0.114
0.114
0.114
0.114
0.114
0.114
0.114
0.114
0.114
0.114
0.114
0.114
0.114
0.114
0.114
0.114
0.114
0.114
0.114
0.114
0.114
0.114
0.114
0.114
0.114
0.113
0.114
0.114
0.114
0.114
0.114
0.114
0.114
0.114
0.114
0.114
0.114
0.114
0.114
0.114
0.114
0.114
0.114
0.114
0.114
0.114
0.114
0.114
0.114
0.114
0.114
0.114
0.114
0.114
0.114
0.114
0.114
0.113
0.114
0.114
0.114
0.114
0.113
0.113
0.114
0.114
0.114
0.114
0.114
0.114
0.114
0.114
0.114
0.114
0.114
0.113
0.114
0.114
0.114
0.114
0.114
0.114
0.114
0.114
0.114
0.114
0.114
0.114
0.114
0.114
0.114
0.114
0.114
0.114
0.114
0.114
0.114
0.114
0.113
0.114
0.114
0.114
0.114
0.114
0.114
0.114
0.113
0.114
0.114
0.114
0.114
0.114
0.114
0.113
0.114
0.114
0.114
0.114
0.114
0.114
0.114
0.114
0.113
0.114
0.114
0.114
0.114
0.114
0.114
0.114
0.114
0.114
0.114
0.114
0.114
0.114
0.114
0.114
0.114
0.114
0.114
0.114
0.114
0.114
0.114
0.114
0.114
0.114
0.114
0.114
0.114
0.114
0.113
-2.500
-2.498
-2.498
-1.541
-1.526
-1.522
0.114
0.114
0.114
0.114
0.114
0.114
0.114
0.114
0.114
0.114
0.114
0.114
0.114
0.114
0.114
0.113
0.114
0.114
0.114
0.114
0.114
0.114
0.114
0.113
0.114
0.114
0.114
0.114
0.114
0.114
0.114
0.114
0.114
0.114
0.114
0.114
-2.787
-2.787
-2.785
0.114
0.114
0.114
0.113
0.114
0.114
0.114
0.114
0.114
0.114
0.114
0.114
0.114
0.114
0.114
0.114
0.114
0.114
0.114
0.114
0.114
0.114
0.114
0.114
0.114
0.114
0.114
0.114
0.114
0.114
0.114
0.114
0.114
0.113
0.114
0.114
0.113
0.114
0.114
0.114
0.114
0.114
0.114
0.114
0.114
0.114
0.114
0.114
0.114
0.114
0.114
0.114
0.114
0.114
0.114
0.114
0.114
0.114
0.114
0.114
0.114
0.113
0.114
0.114
0.113
0.114
0.114
0.114
0.114
0.114
0.114
0.113
0.114
0.114
0.114
0.114
0.114
0.114
0.114
0.114
0.114
0.114
0.114
0.114
0.114
0.114
0.114
0.114
0.114
0.113
0.114
0.114
0.114
0.114
0.114
0.114
0.114
0.113
0.114
0.114
0.114
0.114
0.114
0.113
0.114
0.114
0.114
0.114
0.114
0.114
0.113
0.114
0.114
0.114
0.114
0.114
0.114
0.114
0.114
0.113
0.114
0.113
0.114
0.113
0.113
0.114
0.114
0.113
0.114
0.113
0.113
0.113
0.113
0.114
0.114
0.113
0.113
0.114
-1.520
-1.526
-1.490
-1.489
-1.490
-1.499
