fixedStep chrom=ENSGT00390000010786 start=1 step=1
0.124
0.124
0.124
0.124
0.124
0.124
0.124
0.124
0.124
0.124
0.124
0.124
0.124
0.124
0.124
0.124
0.124
0.124
0.124
0.124
0.124
0.124
0.124
0.124
0.124
0.124
0.124
0.124
0.124
0.124
0.124
0.124
0.124
0.124
0.124
0.124
-2.574
-2.575
-2.574
-2.574
-2.577
-2.574
0.124
0.124
0.124
0.124
0.124
0.124
0.124
0.124
0.124
0.124
0.124
0.124
0.124
0.124
0.124
0.124
0.124
0.124
0.124
0.124
0.124
0.124
0.124
0.124
0.124
0.124
0.124
0.124
0.124
0.124
0.124
0.124
0.124
0.124
0.124
0.124
0.124
0.124
0.124
-1.404
-1.404
-1.404
0.000
0.000
0.000
0.124
0.124
0.124
0.124
0.124
0.124
0.124
0.124
0.124
0.124
0.124
0.124
0.124
0.124
0.124
0.124
0.124
0.124
0.124
0.124
0.124
0.124
0.124
0.124
0.124
0.124
0.124
0.124
0.124
0.124
0.124
0.124
0.124
0.124
0.124
0.124
0.124
0.124
0.124
0.124
0.124
0.124
0.124
0.124
0.124
0.124
0.124
0.124
-2.342
-2.343
-2.343
0.124
0.124
0.124
-1.463
-1.460
-1.460
-1.698
-1.698
-1.698
0.124
0.124
0.124
0.124
0.124
0.124
0.124
0.124
0.124
0.124
0.124
0.124
0.124
0.124
0.124
0.124
0.124
0.124
0.124
0.124
0.124
0.124
0.124
0.124
0.124
0.124
0.124
0.124
0.124
0.124
0.124
0.124
0.124
0.124
0.124
0.124
0.124
0.124
0.124
0.124
0.124
0.124
0.124
0.124
0.124
0.124
0.124
0.124
0.124
0.124
0.124
0.124
0.124
0.124
0.124
0.124
0.124
0.124
0.124
0.124
0.124
0.124
0.124
0.124
0.124
0.124
0.124
0.124
0.124
0.000
0.000
0.000
0.000
0.000
0.000
0.000
0.000
0.000
-1.424
-1.415
-1.404
0.124
0.124
0.124
0.124
0.124
0.124
0.124
0.124
0.124
0.124
0.124
0.124
0.124
0.124
0.124
0.124
0.124
0.124
0.124
0.124
0.124
0.124
0.124
0.124
-2.345
-2.343
-2.345
0.124
0.124
0.124
0.124
0.124
0.124
0.124
0.124
0.124
0.124
0.124
0.124
0.124
0.124
0.124
0.124
0.124
0.124
0.124
0.124
0.124
0.124
0.124
0.124
0.124
0.124
0.124
0.124
0.124
0.124
0.124
0.124
0.124
0.124
0.124
0.124
0.124
0.124
0.124
0.124
0.124
0.124
0.124
0.124
0.124
0.124
0.124
0.124
-1.463
-1.460
-1.460
-1.460
-1.460
-1.466
0.124
0.124
0.124
0.124
0.124
0.124
0.124
0.124
0.124
0.124
0.124
0.124
0.124
0.124
0.124
0.124
0.124
0.124
0.124
0.124
0.124
0.124
0.124
0.124
0.124
0.124
0.124
0.124
0.124
0.124
0.124
0.124
0.124
0.000
0.000
0.000
0.000
0.000
0.000
0.000
0.000
0.000
0.000
0.000
0.000
0.124
0.124
0.124
0.124
0.124
0.124
0.124
0.124
0.124
0.124
0.124
0.124
0.124
0.124
0.124
0.124
0.124
0.124
0.124
0.124
0.124
0.124
0.124
0.124
0.124
0.124
0.124
0.124
0.124
0.124
0.124
0.124
0.124
0.123
0.124
0.124
0.124
0.124
0.124
0.124
0.124
0.124
0.124
0.124
0.124
0.124
0.124
0.124
0.124
0.124
0.124
0.124
0.124
0.124
0.124
0.124
0.124
0.124
0.124
0.124
0.124
0.124
0.124
0.124
0.124
0.124
0.124
0.124
0.124
0.124
0.124
0.124
0.124
0.124
0.124
0.124
0.124
0.124
0.124
0.124
0.124
0.124
0.124
0.124
0.124
0.124
0.124
0.124
0.124
0.124
0.124
0.124
0.124
0.124
0.124
0.124
0.124
0.124
0.124
0.124
0.124
0.124
0.124
0.124
0.124
0.124
0.124
0.124
0.124
0.124
0.124
0.124
0.124
0.124
0.124
0.124
0.124
0.124
0.124
0.124
0.124
0.124
0.124
0.124
0.124
0.124
-2.345
-2.343
-2.345
0.124
0.124
0.124
0.124
0.124
0.124
0.124
0.124
0.124
0.124
0.124
0.124
0.124
0.124
0.124
0.124
0.124
0.124
0.124
0.124
0.124
0.124
0.124
0.124
0.124
0.124
0.124
0.124
0.124
0.124
0.124
0.124
0.124
0.124
0.124
0.124
0.124
0.124
0.124
0.124
0.124
0.124
0.124
0.124
0.124
0.124
0.124
0.124
0.124
0.124
0.124
0.124
0.124
0.124
0.124
0.124
0.124
0.124
0.124
0.124
0.124
0.124
0.124
0.124
0.124
0.124
0.124
0.124
0.124
0.124
0.124
0.124
0.123
0.124
0.124
0.124
0.124
0.124
0.124
0.124
0.124
0.124
0.124
0.124
0.124
0.124
0.124
0.124
0.124
0.124
0.124
0.124
0.124
0.124
0.124
0.124
0.124
0.124
0.124
0.124
0.124
0.124
0.124
0.124
0.124
0.124
0.124
0.124
0.124
0.124
0.124
0.124
0.124
0.124
0.124
0.124
0.124
0.124
0.124
0.124
0.124
0.124
0.124
0.124
0.124
0.124
0.124
0.124
0.124
0.124
0.124
0.124
0.124
0.124
0.124
0.124
0.124
0.124
0.124
0.124
0.124
0.124
0.124
0.124
0.124
0.124
0.124
0.124
0.124
0.124
0.124
0.124
0.124
0.124
0.124
0.124
0.124
0.124
0.124
0.124
0.124
0.124
0.124
0.124
0.124
0.124
0.124
0.124
0.124
0.124
0.124
0.124
0.124
0.124
0.124
0.124
0.124
0.124
0.124
0.124
0.124
0.124
0.124
0.124
0.124
0.124
0.124
0.124
0.124
0.124
0.124
0.124
0.124
0.124
0.124
0.124
0.124
0.124
0.124
0.124
0.124
0.124
0.124
0.124
0.124
0.124
0.124
0.124
0.124
0.124
0.124
0.124
0.124
0.124
0.124
0.124
0.124
0.124
0.124
0.124
0.124
0.124
0.124
0.124
0.124
0.124
0.124
0.124
0.124
0.124
0.124
0.124
0.124
0.124
0.124
0.124
0.124
0.124
0.124
0.124
0.124
0.124
0.124
0.124
0.124
0.124
0.124
0.124
0.124
0.124
0.124
0.124
0.124
0.124
0.124
0.124
0.124
0.124
0.124
0.124
0.124
0.124
0.124
0.124
0.124
0.124
0.124
0.124
0.124
0.124
0.124
0.124
0.124
0.124
0.124
0.124
0.124
0.124
0.124
0.124
0.124
0.124
0.124
0.124
0.124
0.124
0.124
0.124
0.124
0.124
0.124
0.124
0.124
0.124
0.124
0.124
0.124
0.124
0.124
0.124
0.124
0.124
0.124
0.124
0.124
0.124
0.124
0.124
0.124
0.124
0.124
0.124
0.124
0.124
0.124
-1.419
-1.428
-1.420
-1.420
-1.420
-1.441
-1.419
-1.461
-1.431
-1.419
-1.420
-1.419
-1.419
-1.420
-1.434
0.124
0.124
0.124
0.124
0.124
0.124
0.124
0.124
0.124
0.124
0.124
0.124
0.124
0.124
0.124
0.124
0.124
0.124
0.124
0.124
0.124
0.124
0.124
0.124
-1.459
-1.459
-1.459
0.124
0.124
0.124
0.124
0.124
0.124
0.124
0.124
0.124
0.124
0.124
0.124
0.124
0.124
0.124
0.124
0.124
0.124
-1.481
-1.459
-1.467
0.124
0.124
0.124
0.124
0.124
0.124
-1.390
-1.381
-1.383
0.124
0.124
0.124
0.124
0.124
0.124
0.124
0.124
0.124
0.124
0.124
0.124
0.124
0.124
0.124
0.124
0.124
0.123
0.124
0.124
0.124
0.124
0.123
0.124
-1.464
-1.489
-1.473
0.124
0.124
0.124
-1.424
-1.386
-1.398
-1.386
-1.380
-1.391
-1.380
-1.380
-1.398
-1.380
-1.380
-1.403
-1.398
-1.386
-1.412
-1.390
-1.389
-1.398
-1.394
-1.382
-1.439
-3.161
-3.173
-3.300
0.000
0.000
0.000
