fixedStep chrom=ENSGT00390000001681 start=1 step=1
0.000
0.000
0.000
0.000
0.000
0.000
0.000
0.000
0.000
0.000
0.000
0.000
0.000
0.000
0.000
0.000
0.000
0.000
0.000
0.000
0.000
0.000
0.000
0.000
0.000
0.000
0.000
0.000
0.000
0.000
0.000
0.000
0.000
0.000
0.000
0.000
0.000
0.000
0.000
0.000
0.000
0.000
0.000
0.000
0.000
0.000
0.000
0.000
0.000
0.000
0.000
0.000
0.000
0.000
0.000
0.000
0.000
0.000
0.000
0.000
0.000
0.000
0.000
0.000
0.000
0.000
0.000
0.000
0.000
0.000
0.000
0.000
0.000
0.000
0.000
0.000
0.000
0.000
0.000
0.000
0.000
0.000
0.000
0.000
0.000
0.000
0.000
0.000
0.000
0.000
0.000
0.000
0.000
0.000
0.000
0.000
0.000
0.000
0.000
0.000
0.000
0.000
0.000
0.000
0.000
-6.915
-6.915
-7.089
-7.016
-7.160
-7.486
-7.449
-7.727
-6.928
-7.487
-7.449
-7.449
-7.723
-7.724
-8.006
0.228
0.228
0.228
0.228
0.228
0.228
0.228
0.228
0.228
0.228
0.228
0.228
0.228
0.228
0.228
0.228
0.228
0.228
0.228
0.228
0.228
0.000
0.000
0.000
0.000
0.000
0.000
0.000
0.000
0.000
0.000
-0.865
-0.872
0.228
0.228
0.228
0.228
0.228
0.228
0.228
0.228
0.228
-2.760
-2.759
-2.763
-0.866
-0.864
-0.870
0.000
0.000
0.000
0.000
0.000
0.000
0.000
0.000
0.000
0.000
0.000
0.000
0.000
0.228
0.228
0.228
0.228
0.228
0.228
0.228
0.228
0.228
0.228
0.228
0.228
0.228
0.228
0.228
0.228
0.228
0.228
0.228
0.228
0.228
0.228
0.228
0.228
0.228
0.228
0.228
0.228
0.228
0.228
0.228
0.228
0.228
0.228
0.228
0.228
0.228
0.228
-0.876
-0.868
-0.876
0.228
0.228
0.228
0.228
0.228
0.228
0.228
0.228
0.228
0.228
0.228
0.228
0.228
0.228
0.228
0.228
0.228
0.228
0.228
0.228
0.228
0.228
0.228
0.228
0.228
0.228
0.228
0.228
0.228
0.228
0.228
0.228
0.228
0.228
0.228
0.228
0.228
0.228
0.228
0.228
0.228
0.228
0.228
0.228
0.228
0.228
0.228
0.228
0.228
0.228
0.228
0.228
0.228
0.228
0.228
0.228
0.228
0.228
0.228
0.228
0.228
0.228
0.228
0.228
0.228
0.228
0.228
0.228
0.228
0.228
0.228
0.228
0.228
0.228
0.228
0.228
0.228
0.228
0.228
0.228
0.228
0.228
0.228
0.228
0.228
0.228
0.228
0.228
0.228
0.228
0.228
0.228
0.228
0.228
0.228
0.228
0.228
0.228
0.228
0.228
0.228
0.228
0.228
0.228
0.228
0.228
0.228
0.228
0.228
0.228
0.228
0.228
0.228
0.228
0.228
0.228
0.228
0.228
0.228
0.228
0.228
0.228
0.228
0.228
0.228
0.228
0.228
0.228
0.228
0.228
0.228
0.228
0.228
0.228
0.228
0.228
0.228
0.228
0.228
0.228
0.228
0.228
0.228
0.228
0.228
0.228
0.228
0.228
0.228
0.228
0.228
0.228
0.228
0.228
0.228
0.228
0.228
0.228
0.228
0.228
0.228
0.228
0.228
0.228
0.228
0.228
0.228
0.228
0.228
0.228
0.228
0.228
0.228
0.228
0.228
0.228
0.228
0.228
0.228
0.228
0.228
0.228
0.228
0.228
0.228
0.228
0.228
0.228
0.228
0.228
0.228
0.228
0.228
0.228
0.228
0.228
0.228
0.228
0.228
0.228
0.228
0.228
0.228
0.228
0.228
0.228
0.228
0.228
0.228
0.228
0.228
0.228
0.228
0.228
0.228
0.228
0.228
0.228
0.228
0.228
0.228
0.228
0.228
0.228
0.228
0.228
0.228
0.228
0.228
0.228
0.228
0.228
0.228
0.228
0.228
0.228
0.228
0.228
0.228
0.228
0.228
0.228
0.228
0.228
0.228
0.228
0.228
0.228
0.228
0.228
0.228
0.228
0.228
0.228
0.228
0.228
0.228
0.228
0.228
0.228
0.228
0.228
0.228
0.228
0.228
0.228
0.228
0.228
0.228
0.228
0.228
0.228
0.228
0.228
0.228
0.228
0.228
0.228
0.228
0.228
0.228
0.228
0.228
0.228
0.228
0.228
0.228
0.228
0.228
0.228
0.228
0.228
0.228
0.000
0.000
0.000
0.000
0.000
0.000
0.000
0.000
0.000
0.000
0.000
0.000
0.000
0.000
0.000
0.000
0.000
0.000
0.000
0.000
0.000
0.000
0.000
0.000
0.000
0.000
0.000
0.000
0.228
0.228
0.228
0.228
0.228
0.228
0.228
0.228
0.228
0.228
0.228
0.228
0.228
0.228
0.228
0.228
0.228
0.228
0.228
0.228
0.228
0.228
0.228
0.228
0.228
0.228
0.228
0.228
0.228
0.228
0.228
0.228
0.228
0.228
0.228
0.228
0.228
0.228
0.228
0.228
0.228
0.228
0.228
0.228
0.228
0.228
0.228
0.228
0.228
0.228
0.228
0.228
0.228
0.228
0.228
0.228
0.228
0.228
0.228
0.228
0.228
0.228
0.228
0.228
0.228
0.228
0.228
0.228
0.228
0.228
0.228
0.228
0.228
0.228
0.228
0.228
0.228
0.228
0.228
0.228
0.228
0.228
0.228
0.228
0.228
0.228
0.228
0.228
0.228
0.228
0.228
0.228
0.228
0.228
0.228
0.228
0.228
0.228
0.228
0.228
0.228
0.228
0.228
0.228
0.228
0.228
0.228
0.228
0.228
0.228
0.228
0.228
0.228
0.228
0.228
0.228
0.228
0.228
0.228
0.228
0.228
0.228
0.228
0.228
0.228
0.228
0.228
0.228
0.228
0.228
0.228
0.228
0.228
0.228
0.228
0.228
0.228
0.228
0.228
0.228
0.228
0.228
0.228
0.228
0.228
0.228
0.228
0.228
0.228
0.228
0.228
0.228
0.228
0.228
0.228
0.228
0.228
0.228
0.000
0.000
0.000
0.000
0.000
0.000
0.000
0.000
0.000
0.000
0.000
0.000
0.000
0.228
0.228
0.228
0.228
0.228
0.228
0.228
0.228
0.228
0.228
0.228
0.228
0.228
0.228
0.228
0.228
0.228
0.228
0.228
0.228
0.228
0.228
0.228
0.228
0.228
0.228
0.228
0.228
0.228
0.228
0.228
0.228
0.228
0.228
0.228
0.228
0.228
0.228
0.228
0.228
0.228
0.228
0.228
0.228
0.228
0.228
0.228
0.228
0.228
0.228
0.228
0.228
0.228
0.228
0.228
0.228
0.228
0.228
0.228
0.228
0.228
0.228
0.228
0.228
0.228
0.228
0.228
0.228
0.228
-2.104
-2.105
-2.155
-0.873
-0.872
-0.880
-0.869
-0.880
-0.881
-0.880
-0.880
-0.869
0.000
0.000
0.000
0.000
0.000
0.000
0.000
0.000
0.000
0.000
-0.870
-0.869
-0.869
-0.869
-0.873
-0.869
-0.880
-0.872
-0.873
-0.869
-0.881
-5.550
-6.104
-6.129
-6.709
-6.656
-6.806
-0.869
-0.879
-0.879
-0.880
-0.879
-0.873
0.000
0.000
0.000
0.000
0.000
0.000
0.000
0.000
0.000
-0.869
-0.869
-0.880
-0.869
-0.869
-0.872
-0.869
-0.869
-0.872
0.228
0.228
0.228
0.228
0.228
0.228
0.228
0.228
0.228
0.228
0.228
0.228
0.228
0.228
0.228
0.228
0.228
0.228
0.228
0.228
0.228
0.228
0.228
0.228
0.228
0.228
0.228
0.228
0.228
0.228
0.228
0.228
0.228
0.228
0.228
0.228
0.228
0.228
0.228
0.228
0.228
0.228
0.228
0.228
0.228
0.228
0.228
0.228
0.228
0.228
0.228
0.228
0.228
0.228
0.228
0.228
0.228
0.000
0.000
0.000
0.000
0.000
0.000
0.000
0.000
0.000
-0.866
-0.866
-0.864
-0.865
-0.863
-0.866
-0.862
-0.863
-0.873
-0.863
-0.863
-0.863
0.000
0.000
0.000
0.000
0.000
0.000
0.000
0.000
0.000
0.000
0.000
0.000
0.000
0.000
0.000
0.000
0.000
0.000
0.000
0.000
0.000
0.000
0.000
0.000
0.000
0.000
0.000
0.000
0.000
0.000
0.000
0.000
0.000
0.000
0.000
0.000
0.000
0.000
0.000
0.000
0.000
0.000
0.000
0.000
0.000
0.000
0.000
0.000
0.000
0.000
0.000
0.000
0.000
0.000
0.000
0.000
0.000
0.000
0.000
0.000
0.000
0.000
0.000
0.000
0.000
0.000
0.000
0.000
0.000
0.000
0.000
0.000
0.000
0.000
0.000
0.000
0.000
0.000
0.000
0.000
0.000
0.000
0.000
0.000
0.000
0.000
0.000
0.000
0.000
0.000
0.000
0.000
0.000
