fixedStep chrom=ENSGT00390000010535 start=1 step=1
0.000
0.000
0.000
0.000
0.000
0.000
0.000
-7.341
-7.101
-7.431
-7.334
-7.621
0.284
0.285
0.285
0.285
0.285
0.285
0.284
0.284
0.284
0.284
0.284
0.284
0.284
0.284
0.285
0.284
0.285
0.284
0.284
0.285
0.285
-0.690
-0.691
-0.691
0.285
0.285
0.284
0.285
0.285
0.284
0.284
0.284
0.284
0.284
0.285
0.285
0.284
0.284
0.284
0.284
0.285
0.284
0.284
0.284
0.285
0.285
0.284
0.284
0.284
0.284
0.284
0.285
0.285
0.284
0.284
0.284
0.284
0.285
0.285
0.284
0.284
0.284
0.284
0.285
0.285
0.284
0.285
0.284
0.284
0.284
0.284
0.285
0.000
0.000
0.000
0.000
0.000
0.000
0.000
0.000
0.000
0.000
0.000
0.000
0.284
0.285
0.284
0.285
0.285
0.284
0.284
0.285
0.284
0.284
0.284
0.284
0.284
0.285
0.284
0.285
0.285
0.285
0.285
0.285
0.284
0.285
0.285
0.285
0.285
0.285
0.285
0.285
0.285
0.285
0.285
0.285
0.284
0.285
0.285
0.285
0.285
0.285
0.285
0.285
0.284
0.285
0.284
0.284
0.284
0.284
0.285
0.284
0.285
0.285
0.284
0.285
0.284
0.285
0.284
0.284
0.285
0.285
0.284
0.285
0.285
0.284
0.285
0.285
0.285
0.285
0.285
0.284
0.284
0.284
0.285
0.285
0.285
0.285
0.285
0.285
0.284
0.285
0.285
0.284
0.284
0.285
0.284
0.285
0.285
0.285
0.284
0.285
0.285
0.285
0.285
0.285
0.285
0.284
0.285
0.284
0.285
0.285
0.285
0.284
0.285
0.284
0.285
0.284
0.285
0.284
0.285
0.284
0.284
0.284
0.284
0.285
0.285
0.285
0.285
0.285
0.284
0.284
0.285
0.284
0.284
0.284
0.284
0.285
0.285
0.284
0.285
0.285
0.285
0.285
0.285
0.284
0.285
0.284
0.285
0.285
0.284
0.284
0.285
0.285
0.285
0.285
0.285
0.285
-1.789
-1.788
-1.789
-1.789
-1.789
-1.789
-1.789
-1.789
-1.789
0.285
0.284
0.284
0.285
0.285
0.284
0.284
0.284
0.284
0.284
0.284
0.285
-0.770
-0.778
-0.778
0.284
0.284
0.284
0.284
0.285
0.285
0.285
0.285
0.285
0.285
0.284
0.284
0.285
0.285
0.284
0.285
0.285
0.285
-0.767
-0.767
-0.767
-0.769
-0.767
-0.773
-0.767
-0.767
-0.773
-0.767
-0.767
-0.767
-1.835
-1.835
-1.835
-0.773
-0.767
-0.769
-0.773
-0.769
-0.769
-0.767
-0.767
-0.769
0.284
0.284
0.284
0.285
0.284
0.284
0.284
0.284
0.284
0.284
0.284
0.285
0.284
0.285
0.284
0.285
0.285
0.284
0.285
0.285
0.285
0.285
0.285
0.285
0.285
0.285
0.284
0.285
0.285
0.284
0.285
0.285
0.285
0.284
0.285
0.284
0.285
0.285
0.285
0.284
0.285
0.285
0.285
0.284
0.285
0.284
0.284
0.284
0.285
0.285
0.284
0.285
0.284
0.284
0.285
0.284
0.284
0.284
0.284
0.284
-0.773
-0.773
-0.773
-0.767
-0.773
-0.767
-1.448
-1.448
-1.448
-1.448
-1.448
-1.448
0.285
0.284
0.284
0.284
0.284
0.284
0.284
0.285
0.284
0.285
0.285
0.284
0.284
0.284
0.284
0.285
0.285
0.284
0.285
0.284
0.284
0.285
0.284
0.284
0.284
0.284
0.284
0.284
0.285
0.285
0.284
0.284
0.285
0.285
0.284
0.285
0.285
0.285
0.285
0.284
0.284
0.284
