fixedStep chrom=ENSGT00390000018872 start=1 step=1
0.123
0.123
0.123
0.123
0.123
0.123
0.123
0.123
0.123
0.123
0.123
0.123
0.123
0.123
0.123
-1.429
-1.423
-1.431
-1.432
-1.429
-1.429
-3.227
-3.256
-3.215
0.123
0.123
0.123
0.123
0.123
0.123
0.123
0.123
0.123
0.123
0.123
0.123
0.123
0.123
0.123
0.123
0.123
0.123
0.123
0.123
0.123
0.123
0.123
0.123
0.123
0.123
0.123
0.123
0.123
0.123
0.123
0.123
0.123
0.123
0.123
0.123
0.123
0.123
0.123
0.123
0.123
0.123
0.123
0.123
0.123
0.123
0.123
0.123
0.123
0.123
0.123
0.123
0.123
0.123
0.123
0.123
0.123
0.123
0.123
0.123
0.123
0.123
0.123
0.123
0.123
0.123
0.123
0.123
0.123
0.123
0.123
0.123
0.123
0.123
0.123
0.123
0.123
0.123
0.123
0.123
0.123
0.123
0.123
0.123
0.123
0.123
0.123
0.123
0.123
0.123
0.123
0.123
0.123
0.123
0.123
0.123
0.123
0.123
0.123
0.123
0.123
0.123
0.123
0.123
0.123
0.123
0.123
0.123
0.123
0.123
0.123
0.123
0.123
0.123
0.123
0.123
0.123
0.123
0.123
0.123
0.123
0.123
0.123
0.123
0.123
0.123
0.123
0.123
0.123
0.123
0.123
0.123
0.123
0.123
0.123
0.123
0.123
0.123
0.123
0.123
0.123
0.123
0.123
0.123
0.123
0.123
0.123
0.123
0.123
0.123
0.123
0.123
0.123
0.123
0.123
0.123
0.123
0.123
0.123
0.123
0.123
0.123
0.123
0.123
0.123
0.123
0.123
0.123
0.123
0.123
0.123
0.123
0.123
0.123
0.123
0.123
0.123
0.123
0.123
0.123
0.123
0.123
0.123
0.123
0.123
0.123
0.123
0.123
0.123
0.123
0.123
0.123
0.123
0.123
0.123
0.123
0.123
0.123
0.123
0.123
0.123
0.123
0.123
0.123
0.123
0.123
0.123
0.123
0.123
0.123
0.123
0.123
0.123
0.123
0.123
0.123
0.123
0.123
0.123
0.123
0.123
0.123
0.123
0.123
0.123
0.123
0.123
0.123
0.123
0.123
0.123
0.123
0.123
0.123
0.123
0.123
0.123
0.123
0.123
0.123
0.123
0.123
0.123
0.123
0.123
0.123
0.123
0.123
0.123
-1.400
-1.400
-1.400
0.123
0.123
0.123
0.123
0.123
0.123
0.123
0.123
0.123
0.123
0.123
0.123
0.123
0.123
0.123
0.123
0.123
0.123
0.123
0.123
0.123
0.123
0.123
0.123
0.123
0.123
0.123
0.123
0.123
0.123
0.123
0.123
0.123
0.123
0.123
0.123
0.123
0.123
0.123
0.123
0.123
0.123
0.123
0.123
0.123
0.123
0.123
0.123
0.123
0.123
0.123
0.123
0.123
0.123
0.123
0.123
0.123
0.123
0.123
0.123
0.123
0.123
0.123
0.123
0.123
0.123
0.123
0.123
0.123
0.123
0.123
0.123
0.123
0.123
0.123
0.123
0.123
0.123
0.123
0.123
0.123
0.123
0.123
0.123
0.123
0.123
0.123
0.123
0.123
0.123
0.123
0.123
0.123
0.123
0.123
0.123
0.123
0.123
0.123
0.123
0.123
0.123
0.123
0.123
0.123
0.123
0.123
0.123
0.123
0.123
0.123
0.123
0.123
0.123
0.123
0.123
0.123
0.123
0.123
0.123
0.123
0.123
0.123
0.123
0.123
0.123
0.123
0.123
0.123
0.123
0.123
0.123
0.123
0.123
0.123
0.123
0.123
0.123
0.123
0.123
0.123
0.123
0.123
0.123
0.123
0.123
0.123
0.123
0.123
0.123
0.123
0.123
0.123
0.123
0.123
0.123
0.123
0.123
0.123
0.123
0.123
0.123
0.123
0.123
0.123
0.123
0.123
0.123
0.123
0.123
0.123
0.123
0.123
0.123
0.123
0.123
0.123
0.123
0.123
0.123
0.123
0.123
0.123
0.123
0.123
0.123
0.123
0.123
0.123
0.123
0.123
0.123
0.123
0.123
0.123
0.123
0.123
0.123
0.123
0.123
0.123
0.123
0.123
0.123
0.123
0.123
0.123
0.123
0.123
0.123
0.123
0.123
0.123
0.123
0.123
0.123
0.123
0.123
0.123
0.123
0.123
0.123
0.123
0.123
0.123
0.123
0.123
0.123
0.123
0.123
0.123
0.123
0.123
0.123
0.123
0.123
0.123
0.123
0.123
0.123
0.123
0.123
0.123
0.123
0.123
0.123
0.123
0.123
0.123
0.123
0.123
0.123
0.123
0.123
0.123
0.123
0.123
0.123
0.123
0.123
0.123
0.123
0.123
0.123
0.123
0.123
0.123
0.123
0.123
0.123
0.123
0.123
0.123
0.123
0.123
0.123
0.123
0.123
0.123
0.123
0.123
0.123
0.123
0.123
0.123
0.123
0.123
0.123
0.123
0.123
0.123
0.123
0.123
0.123
0.123
0.123
0.123
0.123
0.123
0.123
0.123
0.123
0.123
0.123
0.123
0.123
0.123
0.123
0.123
0.123
0.123
0.123
0.123
0.123
0.123
-1.400
-1.414
-1.404
0.000
0.000
0.000
0.123
0.123
0.123
0.123
0.123
0.123
0.123
0.123
0.123
0.123
0.123
0.123
0.123
0.123
0.123
0.123
0.123
0.123
0.123
0.123
0.123
0.123
0.123
0.123
0.123
0.123
0.123
0.123
0.123
0.123
0.123
0.123
0.123
0.123
0.123
0.123
0.123
0.123
0.123
0.123
0.123
0.123
0.123
0.123
0.123
0.123
0.123
0.123
0.123
0.123
0.123
0.123
0.123
0.123
-1.417
-1.417
-1.420
-1.418
-1.417
-1.417
-1.417
-1.417
-1.417
0.123
0.123
0.123
0.123
0.123
0.123
0.123
0.123
0.123
0.123
0.123
0.123
0.123
0.123
0.123
0.123
0.123
0.123
0.123
0.123
0.123
0.123
0.123
0.123
0.123
0.123
0.123
0.123
0.123
0.123
0.123
0.123
0.123
0.000
0.000
0.000
0.000
0.000
0.000
0.000
0.000
0.000
0.000
0.000
0.000
0.000
0.000
0.000
0.000
0.000
0.000
0.000
0.000
0.000
0.123
0.123
0.123
0.123
0.123
0.123
0.123
0.123
0.123
0.123
0.123
0.123
0.123
0.123
0.123
0.123
0.123
0.123
0.123
0.123
0.123
0.123
0.123
0.123
0.123
0.123
0.123
0.123
0.123
0.123
0.123
0.123
0.123
0.123
0.123
0.123
0.123
0.123
0.123
0.123
0.123
0.123
0.123
0.123
0.123
0.123
0.123
0.123
0.123
0.123
0.123
0.123
0.123
0.123
0.123
0.123
0.123
0.123
0.123
0.123
0.123
0.123
0.123
0.123
0.123
0.123
0.123
0.123
0.123
0.123
0.123
0.123
0.123
0.123
0.123
0.123
0.123
0.123
0.123
0.123
0.123
0.123
0.123
0.123
0.123
0.123
0.123
0.123
0.123
0.123
0.123
0.123
0.123
0.123
0.123
0.123
0.123
0.123
0.123
0.123
0.123
0.123
0.000
0.000
0.000
0.000
0.000
0.000
0.000
0.000
0.000
0.000
0.000
0.000
0.000
0.000
-5.073
-1.387
-1.388
-1.382
-1.385
-1.387
-1.379
-1.386
-1.386
-1.421
-1.379
-1.386
-1.391
-1.386
-1.387
-1.392
-3.102
-3.159
0.000
0.000
0.000
0.000
0.000
0.000
0.000
0.000
0.000
0.000
