fixedStep chrom=ENSGT00390000017402 start=1 step=1
-1.972
-1.971
-2.014
-1.972
-1.972
-2.014
0.073
0.073
0.073
0.073
0.073
0.073
0.073
0.073
0.073
0.073
0.073
0.073
0.073
0.073
0.073
0.073
0.073
0.073
0.073
0.073
0.073
0.073
0.073
0.073
0.073
0.073
0.073
0.073
0.073
0.073
0.073
0.073
0.073
0.073
0.073
0.073
0.073
0.073
0.073
0.073
0.073
0.073
0.073
0.073
0.073
0.073
0.073
0.073
0.073
0.073
0.073
0.073
0.073
0.073
0.073
0.073
0.073
0.073
0.073
0.073
0.073
0.073
0.073
0.073
0.073
0.073
0.073
0.073
0.073
0.073
0.073
0.073
0.073
0.073
0.073
0.073
0.073
0.073
0.073
0.073
0.073
0.073
0.073
0.073
0.073
0.073
0.073
0.073
0.073
0.073
0.073
0.073
0.073
0.073
0.073
0.073
0.073
0.073
0.073
0.073
0.073
0.073
0.073
0.073
0.073
0.073
0.073
0.073
0.073
0.073
0.073
0.073
0.073
0.073
0.073
0.073
0.073
0.073
0.073
0.073
0.073
0.073
0.073
0.073
0.073
0.073
0.073
0.073
0.073
0.073
0.073
0.073
0.073
0.073
0.073
0.073
0.073
0.073
0.073
0.073
0.073
0.073
0.073
0.073
0.073
0.073
0.073
0.073
0.073
0.073
0.073
0.073
0.073
0.073
0.073
0.073
0.073
0.073
0.073
0.073
0.073
0.073
0.073
0.073
0.073
0.073
0.073
0.073
0.073
0.073
0.073
0.073
0.073
0.073
0.073
0.073
0.073
0.073
0.073
0.073
0.073
0.073
0.073
0.073
0.073
0.073
0.073
0.073
0.073
0.073
0.073
0.073
0.073
0.073
0.073
0.073
0.073
0.073
0.073
0.073
0.073
0.073
0.073
0.073
0.073
0.073
0.073
0.073
0.073
0.073
0.073
0.073
0.073
0.073
0.073
0.073
0.073
0.073
0.073
0.073
0.073
0.073
0.073
0.073
0.073
0.073
0.073
0.073
0.073
0.073
0.073
0.073
0.073
0.073
0.073
0.073
0.073
0.073
0.073
0.073
0.073
0.073
0.073
0.073
0.073
0.073
0.073
0.073
0.073
0.073
0.073
0.073
0.073
0.073
0.073
0.073
0.073
0.073
0.073
0.073
0.073
0.073
0.073
0.073
0.073
0.073
0.073
0.073
0.073
0.073
0.073
0.073
0.073
0.073
0.073
0.073
0.073
0.073
0.073
0.073
0.073
0.073
0.073
0.073
0.073
0.073
0.073
0.073
0.073
0.073
0.073
0.073
0.073
0.073
0.073
0.073
0.073
0.073
0.073
0.073
0.073
0.073
0.073
0.073
0.073
0.073
0.073
0.073
0.073
0.073
0.073
0.073
0.073
0.073
0.073
0.073
0.073
0.073
0.073
0.073
0.073
0.073
0.073
0.073
0.073
0.073
0.073
0.073
0.073
0.073
0.073
0.073
0.073
0.073
0.073
0.073
0.073
0.073
0.073
0.073
0.073
0.073
0.073
0.073
0.073
0.073
0.073
0.073
0.073
0.073
0.073
0.073
0.073
0.073
-1.955
-1.955
-1.961
-2.351
-2.349
-2.349
0.073
0.073
0.073
0.073
0.073
0.073
0.073
0.073
0.073
0.073
0.073
0.073
0.073
0.073
0.073
0.073
0.073
0.073
0.073
0.073
0.073
0.073
0.073
0.073
0.073
0.073
0.073
0.073
0.073
0.073
0.073
0.073
0.073
0.073
0.073
0.073
0.073
0.073
0.073
0.073
0.073
0.073
0.073
0.073
0.073
0.073
0.073
0.073
0.073
0.073
0.073
0.073
0.073
0.073
0.073
0.073
0.073
0.073
0.073
0.073
0.073
0.073
0.073
0.073
0.073
0.073
0.073
0.073
0.073
0.073
0.073
0.073
0.073
0.073
0.073
0.073
0.073
0.073
0.073
0.073
0.073
0.073
0.073
0.073
0.073
0.073
0.073
0.073
0.073
0.073
0.073
0.073
0.073
0.073
0.073
0.073
0.073
0.073
0.073
0.073
0.073
0.073
0.073
0.073
0.073
0.073
0.073
0.073
0.073
0.073
0.073
0.073
0.073
0.073
