fixedStep chrom=ENSGT00390000005805 start=1 step=1
-4.002
-3.819
-4.008
-3.820
-3.999
-3.820
0.082
0.082
0.082
0.082
0.082
0.082
0.082
0.082
0.082
0.082
0.082
0.082
0.082
0.082
0.082
0.082
0.082
0.082
0.082
0.082
0.082
0.082
0.082
0.082
0.082
0.082
0.082
0.082
0.082
0.082
0.082
0.082
0.082
0.082
0.082
0.082
0.082
0.082
0.082
0.082
0.082
0.082
0.082
0.082
0.082
0.082
0.082
0.082
0.082
0.082
0.082
0.082
0.082
0.082
0.082
0.082
0.082
0.082
0.082
0.082
0.082
0.082
0.082
0.082
0.082
0.082
0.082
0.082
0.082
0.082
0.082
0.082
0.082
0.082
0.082
0.082
0.082
0.082
0.082
0.082
0.082
0.082
0.082
0.082
0.082
0.082
0.082
0.082
0.082
0.082
0.082
0.082
0.082
0.082
0.082
0.082
0.082
0.082
0.082
0.082
0.082
0.082
0.082
0.082
0.082
0.082
0.082
0.082
0.082
0.082
0.082
0.082
0.082
0.082
0.082
0.082
0.082
0.082
0.082
0.082
0.082
0.082
0.082
0.082
0.082
0.082
0.082
0.082
0.082
0.082
0.082
0.082
0.082
0.082
0.082
0.082
0.082
0.082
0.082
0.082
0.082
0.082
0.082
0.082
0.082
0.082
0.082
0.082
0.082
0.082
0.082
0.082
0.082
0.082
0.082
0.082
0.082
0.082
0.082
0.082
0.082
0.082
0.082
0.082
0.082
0.082
0.082
0.082
0.082
0.082
0.082
0.082
0.082
0.082
0.082
0.082
0.082
0.082
0.082
0.082
0.082
0.082
0.082
0.082
0.082
0.082
0.082
0.082
0.082
0.082
0.082
0.082
-1.746
-1.750
-1.747
-1.747
-1.746
-1.746
