fixedStep chrom=ENSGT00390000014994 start=1 step=1
-2.000
-1.999
-2.000
-1.683
-1.693
-1.718
0.089
0.089
0.089
0.089
0.089
0.089
0.089
0.089
0.089
0.089
0.089
0.089
0.089
0.089
0.089
0.089
0.089
0.089
0.089
0.089
0.089
0.089
0.089
0.089
0.089
0.089
0.089
0.089
0.089
0.089
0.089
0.089
0.089
0.089
0.089
0.089
0.089
0.089
0.089
0.089
0.089
0.089
0.089
0.089
0.089
0.089
0.089
0.089
0.089
0.089
0.089
0.089
0.089
0.089
0.089
0.089
0.089
0.089
0.089
0.089
0.089
0.089
0.089
0.089
0.089
0.089
0.089
0.089
0.089
0.089
0.089
0.089
0.089
0.089
0.089
0.089
0.089
0.089
0.089
0.089
0.089
0.089
0.089
0.089
0.089
0.089
0.089
0.089
0.089
0.089
0.089
0.089
0.089
0.089
0.089
0.089
0.089
0.089
0.089
0.089
0.089
0.089
0.089
0.089
0.089
0.089
0.089
0.089
0.089
0.089
0.089
0.089
0.089
0.089
0.089
0.089
0.089
0.089
0.089
0.089
0.089
0.089
0.089
0.089
0.089
0.089
0.089
0.089
0.089
0.089
0.089
0.089
0.089
0.089
0.089
0.089
0.089
0.089
0.089
0.089
0.089
0.089
0.089
0.089
0.089
0.089
0.089
0.089
0.089
0.089
0.089
0.089
0.089
0.089
0.089
0.089
0.089
0.089
0.089
0.089
0.089
0.089
0.089
0.089
0.089
0.089
0.089
0.089
0.089
0.089
0.089
0.089
0.089
0.089
0.089
0.089
0.089
0.089
0.089
0.089
0.089
0.089
0.089
0.089
0.089
0.089
0.089
0.089
0.089
0.089
0.089
0.089
0.089
0.089
0.089
0.089
0.089
0.089
0.089
0.089
0.089
0.089
0.089
0.089
0.089
0.089
0.089
0.089
0.089
0.089
0.089
0.089
0.089
0.089
0.089
0.089
0.089
0.089
0.089
0.089
0.089
0.089
0.089
0.089
0.089
0.089
0.089
0.089
-1.683
-1.683
-1.694
0.089
0.089
0.089
0.089
0.089
0.089
0.089
0.089
0.089
0.089
0.089
0.089
0.089
0.089
0.089
0.089
0.089
0.089
0.089
0.089
0.089
0.089
0.089
0.089
0.089
0.089
0.089
0.089
0.089
0.089
0.089
0.089
0.089
0.089
0.089
0.089
0.089
0.089
0.089
0.089
0.089
0.089
0.089
0.089
0.089
0.089
0.089
0.089
0.089
0.089
0.089
0.089
0.089
0.089
-1.683
-1.694
-1.717
-1.694
-1.694
-1.694
-1.717
-1.683
-1.694
-1.693
-1.717
-1.694
-1.999
-2.000
-2.036
-2.000
-2.000
-2.000
