fixedStep chrom=ENSGT00390000010450 start=1 step=1
0.000
0.000
0.000
0.000
0.000
0.000
0.000
0.000
0.000
0.000
0.000
0.000
0.000
0.000
0.000
0.000
0.000
0.000
0.000
0.000
0.000
0.000
0.000
0.000
0.000
0.000
0.000
-1.547
-1.550
-1.549
-1.558
-1.547
-1.549
-1.563
-1.551
-1.556
-1.549
-1.558
-1.553
-1.547
-1.561
-1.559
-1.558
-1.546
-1.549
0.115
0.115
0.115
0.115
0.115
0.115
0.115
0.115
0.115
0.115
0.115
0.115
0.115
0.115
0.115
0.115
0.115
0.115
0.115
0.115
0.115
0.115
0.115
0.115
0.115
0.115
0.115
0.115
0.115
0.115
0.115
0.115
0.115
0.115
0.115
0.115
0.115
0.115
0.115
0.000
0.000
0.000
0.000
0.000
0.000
0.000
0.000
0.000
0.000
0.000
0.000
0.000
0.000
0.000
0.000
0.000
0.000
0.115
0.115
0.115
0.115
0.115
0.115
0.115
0.115
0.115
0.115
0.115
0.115
0.115
0.115
0.115
0.115
0.115
0.115
0.115
0.115
0.115
0.115
0.115
0.115
-1.543
-1.543
-1.543
-1.543
-1.543
-1.543
-1.543
-1.543
-1.543
-1.545
-1.543
-1.543
-1.543
-1.543
-1.543
-1.543
-1.543
-1.543
0.115
0.115
0.115
0.115
0.115
0.115
0.115
0.115
0.115
0.115
0.115
0.115
0.115
0.115
0.115
0.115
0.115
0.115
0.115
0.115
0.115
0.115
0.115
0.115
-1.543
-1.543
-1.543
-1.547
-1.543
-1.557
0.115
0.115
0.115
0.115
0.115
0.115
0.115
0.115
0.115
0.115
0.115
0.115
0.115
0.115
0.115
0.115
0.115
0.115
0.115
0.115
0.115
0.115
0.115
0.115
0.115
0.115
0.115
0.115
0.115
0.115
0.115
0.115
0.115
0.115
0.115
0.115
0.115
0.115
0.115
0.115
0.115
0.115
0.000
0.000
0.000
0.000
0.000
0.000
0.000
0.000
0.000
0.000
0.000
0.000
0.115
0.115
0.115
0.115
0.115
0.115
0.115
0.115
0.115
0.115
0.115
0.115
0.115
0.115
0.115
0.115
0.115
0.115
0.115
0.115
0.115
0.115
0.115
0.115
0.115
0.115
0.115
0.115
0.115
0.115
0.115
0.115
0.115
0.115
0.115
0.115
0.115
0.115
0.115
0.115
0.115
0.115
0.115
0.115
0.115
0.115
0.115
0.115
0.115
0.115
0.115
0.115
0.115
0.115
0.115
0.115
0.115
0.115
0.115
0.115
0.115
0.115
0.115
-1.961
-1.961
-1.961
0.115
0.115
0.115
0.115
0.115
0.115
0.115
0.115
0.115
0.115
0.115
0.115
0.115
0.115
0.115
0.115
0.115
0.115
0.115
0.115
0.115
0.115
0.115
0.115
0.115
0.115
0.115
-1.961
-1.961
-1.961
-1.961
-1.961
-1.961
0.115
0.115
0.115
0.115
0.115
0.115
0.115
0.115
0.115
0.115
0.115
0.115
0.115
0.115
0.115
0.115
0.115
0.115
0.115
0.115
0.115
0.115
0.115
0.115
0.115
0.115
0.115
0.115
0.115
0.115
0.115
0.115
0.115
0.115
0.115
0.115
0.115
0.115
0.115
0.115
0.115
0.115
0.115
0.115
0.115
0.115
0.115
0.115
0.115
0.115
0.115
0.115
0.115
0.115
0.115
0.115
0.115
0.115
0.115
0.115
0.115
0.115
0.115
0.115
0.115
0.115
0.115
0.115
0.115
0.115
0.115
0.115
0.115
0.115
0.115
0.115
0.115
0.115
0.115
0.115
0.115
0.115
0.115
0.115
0.115
0.115
0.115
0.115
0.115
0.115
0.115
0.115
0.115
0.115
0.115
0.115
0.115
0.115
0.115
0.115
0.115
0.115
0.115
0.115
0.115
0.115
0.115
0.115
0.115
0.115
0.115
0.115
0.115
0.115
0.115
0.115
0.115
0.115
0.115
0.115
0.115
0.115
0.115
0.115
0.115
0.115
0.115
0.115
0.115
0.115
0.115
0.115
0.115
0.115
0.115
0.115
0.115
0.115
0.115
0.115
0.115
0.115
0.115
0.115
0.115
0.115
0.115
0.115
0.115
0.115
0.115
0.115
0.115
0.115
0.115
0.115
0.115
0.115
0.115
0.115
0.115
0.115
0.115
0.115
0.115
0.115
0.115
0.115
0.115
0.115
0.115
0.115
0.115
0.115
0.115
0.115
0.115
0.115
0.115
0.115
0.115
0.115
0.115
0.115
0.115
0.115
0.115
0.115
0.115
0.115
0.115
0.115
0.115
0.115
0.115
0.115
0.115
0.115
0.115
0.115
0.115
0.115
0.115
0.115
0.115
0.115
0.115
0.115
0.115
0.115
0.115
0.115
0.115
0.115
0.115
0.115
0.115
0.115
0.115
0.115
0.115
0.115
0.115
0.115
0.115
0.115
0.115
0.115
0.115
0.115
0.115
0.115
0.115
0.115
0.115
0.115
0.115
0.115
0.115
0.115
0.115
0.115
0.115
0.115
0.115
0.115
0.115
0.115
0.115
0.115
0.115
0.115
0.115
0.115
0.115
0.115
0.115
0.115
0.115
0.115
0.115
-1.485
-1.481
-1.482
0.115
0.115
0.115
0.115
0.115
0.115
0.115
0.115
0.115
0.115
0.115
0.115
0.115
0.115
0.115
0.115
0.115
0.115
0.115
0.115
0.115
0.115
0.115
0.115
0.115
0.115
0.115
0.115
0.115
0.115
0.115
0.115
0.115
0.115
0.115
0.115
0.115
0.115
0.115
0.115
0.115
0.115
0.115
0.115
0.115
0.115
0.115
0.115
0.115
0.115
0.115
0.115
0.115
0.115
0.000
0.000
0.000
0.000
0.000
0.000
0.000
0.000
0.000
0.000
0.000
0.000
0.000
0.000
0.000
0.115
0.115
0.115
0.115
0.115
0.115
0.115
0.115
0.115
0.115
0.115
0.115
0.115
0.115
0.115
0.115
0.115
0.115
0.115
0.115
0.115
0.115
0.115
0.115
0.115
0.115
0.115
0.115
0.115
0.115
0.115
0.115
0.115
0.115
0.115
0.115
0.115
0.115
0.115
-1.481
-1.482
-1.482
-1.482
-1.481
-1.482
-1.529
-1.495
-1.482
-1.483
-1.481
-1.482
-1.482
-1.482
-1.481
-1.482
-1.482
-1.482
0.115
0.115
0.115
0.115
0.115
0.115
0.115
0.115
0.115
0.115
0.115
0.115
0.115
0.115
0.115
0.115
0.115
0.115
0.115
0.115
0.115
0.115
0.115
0.115
0.115
0.115
0.115
0.115
0.115
0.115
0.115
0.115
0.115
0.115
0.115
0.115
0.115
0.115
0.115
0.115
0.115
0.115
0.115
0.115
0.115
0.115
0.115
0.115
0.115
0.115
0.115
0.115
0.115
0.115
0.115
0.115
0.115
0.115
0.115
0.115
0.115
0.115
0.115
0.115
0.115
0.115
0.115
0.115
0.115
0.115
0.115
0.115
0.115
0.115
0.115
0.115
0.115
0.115
0.115
0.115
0.115
0.115
0.115
0.115
0.115
0.115
0.115
0.115
0.115
0.115
0.115
0.115
0.115
0.115
0.115
0.115
0.115
0.115
0.115
0.115
0.115
0.115
0.115
0.115
0.115
0.115
0.115
0.115
0.115
0.115
0.115
0.115
0.115
0.115
