fixedStep chrom=ENSGT00700000104335 start=1 step=1
0.000
0.000
0.000
0.000
0.000
0.000
0.000
0.000
0.000
0.000
0.000
0.000
0.000
0.000
0.000
0.000
0.000
0.000
0.000
0.000
0.000
0.000
0.000
0.000
0.000
0.000
0.000
0.000
0.000
0.000
0.000
0.000
0.000
0.000
0.000
0.000
0.000
0.000
0.000
0.000
0.000
0.000
0.000
0.000
0.000
0.000
0.000
0.000
0.000
0.000
0.000
0.000
0.000
0.000
0.000
0.000
0.000
-0.456
-0.456
-0.549
-0.391
-0.456
-0.391
-0.391
-0.491
-0.492
-2.209
-2.209
-2.208
-0.391
-0.492
-0.514
-0.391
-0.391
-0.561
0.316
0.316
0.316
-0.630
-0.630
-0.630
-1.669
-1.667
-1.670
-0.612
-0.611
-0.612
-0.615
-0.612
-0.615
0.316
0.316
0.316
0.316
0.316
0.316
0.316
0.316
0.316
0.316
0.316
0.316
0.316
0.316
0.316
0.316
0.316
0.316
0.316
0.316
0.316
0.316
0.316
0.316
0.316
0.316
0.316
0.316
0.316
0.316
-2.306
-2.306
-2.306
-1.954
-1.953
-1.961
0.316
0.316
0.316
0.316
0.316
0.316
0.316
0.316
0.316
0.316
0.316
0.316
0.316
0.316
0.316
0.316
0.316
0.316
0.316
0.316
0.316
0.316
0.316
0.316
0.316
0.316
0.316
0.316
0.316
0.316
0.316
0.316
0.316
0.316
0.316
0.316
0.316
0.316
0.316
0.316
0.316
0.316
0.316
0.316
0.316
0.316
0.316
0.316
0.316
0.316
0.316
0.316
0.316
0.316
0.316
0.316
0.316
0.316
0.316
0.316
0.316
0.316
0.316
0.316
0.316
0.316
0.316
0.316
0.316
0.316
0.316
0.316
0.316
0.316
0.316
0.316
0.316
0.316
0.316
0.316
0.316
-3.389
-3.394
-3.394
0.316
0.316
0.316
0.316
0.316
0.316
0.316
0.316
0.316
0.316
0.316
0.316
0.316
0.316
0.316
0.316
0.316
0.316
0.316
0.316
0.316
0.316
0.316
0.316
0.316
0.316
0.316
0.316
0.316
0.316
0.316
0.316
0.316
0.316
0.316
0.316
-0.625
-0.626
-0.626
0.316
0.316
0.316
0.316
0.316
0.316
0.316
0.316
0.316
0.316
0.316
0.316
0.316
0.316
0.316
0.316
0.316
0.316
0.316
0.316
0.316
0.316
0.316
0.316
0.316
0.316
0.316
0.316
0.316
0.316
0.316
0.316
0.316
0.316
0.316
0.316
0.316
0.316
0.316
0.316
0.316
0.316
0.316
0.316
0.316
-0.816
-0.815
-0.815
-1.994
-1.981
-1.971
0.316
0.316
0.316
0.316
0.316
0.316
0.316
0.316
0.316
0.316
0.316
0.316
0.316
0.316
0.316
0.316
0.316
0.316
0.316
0.316
0.316
0.316
0.316
0.316
0.316
0.316
0.316
0.316
0.316
0.316
0.316
0.316
0.316
0.316
0.316
0.316
-0.727
-0.725
-0.726
-0.725
-0.726
-0.727
0.316
0.316
0.316
0.316
0.316
0.316
0.316
0.316
0.316
0.316
0.316
0.316
0.316
0.316
0.316
0.316
0.316
0.316
0.316
0.316
0.316
0.316
0.316
0.316
0.316
0.316
0.316
0.316
0.316
0.316
0.316
0.316
0.316
0.316
0.316
0.316
0.316
0.316
0.316
0.316
0.316
0.316
0.316
0.316
0.316
0.316
0.316
0.316
0.316
0.316
0.316
0.316
0.316
0.316
0.316
0.316
0.316
-1.371
-1.436
-1.219
-8.176
-8.754
0.000
0.000
0.000
0.000
0.000
0.000
0.000
0.000
0.000
0.000
0.000
0.000
0.000
0.000
0.000
0.000
0.000
0.000
0.000
0.000
0.000
0.000
0.000
0.000
0.000
0.000
0.000
0.000
0.000
0.000
0.000
0.000
0.000
0.000
0.000
0.000
0.000
0.000
0.000
0.000
0.000
0.000
0.000
0.000
0.000
0.000
0.000
0.000
0.000
0.000
0.000
0.000
0.000
0.000
0.000
0.000
0.000
0.000
0.000
0.000
0.000
0.000
0.000
0.000
0.000
0.000
0.000
0.000
0.000
0.000
0.000
0.000
0.000
0.000
0.000
0.000
0.000
0.000
0.000
0.000
0.000
0.000
0.000
0.000
0.000
0.000
0.000
0.000
0.000
0.000
0.000
0.000
0.000
0.000
0.000
0.000
0.000
0.000
0.000
0.000
