fixedStep chrom=ENSGT00660000095484 start=1 step=1
0.000
0.000
0.000
0.000
0.000
0.000
0.000
0.000
0.000
0.000
0.000
0.000
0.000
0.000
0.000
0.000
0.000
0.000
0.000
0.000
0.000
0.000
0.000
0.000
0.000
0.000
0.000
0.000
0.000
0.000
0.000
0.000
0.000
0.000
0.000
0.000
0.000
0.000
0.000
0.000
0.000
0.000
0.000
0.000
0.000
0.000
0.000
0.000
0.000
0.000
0.000
0.270
0.270
0.270
0.270
0.269
0.270
0.270
0.270
0.270
0.270
0.270
0.270
0.270
0.270
0.270
0.270
0.270
0.270
0.270
0.270
0.270
0.270
0.270
0.270
0.270
0.270
0.270
0.270
0.270
0.270
0.270
0.270
0.270
0.270
0.270
0.270
0.270
0.270
0.270
0.270
0.270
0.270
0.269
0.270
0.270
0.270
0.270
0.270
0.270
0.270
0.270
0.270
0.270
0.269
0.270
0.270
0.270
0.270
0.270
0.270
0.270
0.270
0.270
0.270
0.270
0.270
0.270
0.270
0.270
0.270
0.270
0.270
0.270
0.270
0.270
0.270
0.269
0.270
0.270
0.270
0.270
0.270
0.270
0.270
0.270
0.270
0.270
0.270
0.270
0.270
0.270
0.270
0.270
0.270
0.270
0.270
0.270
0.269
0.270
-1.991
-1.991
-1.991
0.270
0.270
0.270
0.270
0.270
0.269
0.270
0.270
0.270
0.270
0.270
0.270
0.270
0.270
0.270
0.270
0.270
0.270
0.270
0.270
0.270
0.270
0.270
0.270
0.270
0.270
0.270
0.270
0.270
0.270
0.270
0.270
0.270
0.270
0.270
0.270
0.270
0.270
0.270
0.270
0.270
0.270
0.270
0.270
0.270
0.270
0.270
0.270
0.270
0.270
0.270
0.270
0.270
0.270
0.270
0.270
0.270
0.270
0.270
0.270
0.270
0.270
0.270
0.270
0.270
0.270
0.270
0.270
0.270
0.270
0.270
0.270
0.270
0.270
0.270
0.270
0.270
0.270
0.270
0.270
0.270
0.270
0.270
0.270
0.270
0.270
0.270
0.270
0.270
0.270
0.270
0.270
0.270
0.269
0.270
0.270
0.269
0.269
0.270
0.270
0.270
0.270
0.270
0.269
0.270
0.270
0.270
0.270
0.270
0.270
0.270
0.270
0.270
0.270
0.270
0.270
0.270
0.270
0.270
0.270
0.270
0.270
0.270
0.270
0.270
0.270
0.270
0.270
0.270
0.270
0.270
0.270
0.270
0.270
0.270
0.270
0.270
0.270
0.270
0.270
0.270
0.270
0.270
0.270
0.270
0.270
0.270
0.270
0.270
0.270
0.270
0.270
0.270
0.270
0.270
0.270
0.270
0.270
0.270
0.270
0.270
0.270
0.270
0.270
0.270
0.269
0.270
0.270
0.270
0.270
0.270
0.270
0.270
0.270
0.269
0.270
0.270
0.270
0.270
0.270
0.270
0.270
0.270
0.270
0.270
0.269
0.270
0.270
0.270
0.269
0.270
0.270
0.270
0.270
0.270
0.270
0.270
0.270
0.270
0.270
0.270
0.270
0.270
0.270
0.270
0.270
0.270
0.270
0.270
0.270
0.270
0.270
0.270
0.270
0.270
0.270
0.270
0.270
0.270
0.270
0.270
0.270
0.270
0.270
0.270
0.270
0.270
0.270
0.269
0.270
0.270
0.270
0.270
0.270
0.270
0.270
0.270
0.270
0.270
0.270
0.270
0.270
0.270
0.270
0.270
0.270
0.270
0.270
0.270
0.270
0.270
0.270
0.270
0.270
0.270
0.270
0.270
0.270
0.270
0.270
0.270
0.270
0.270
0.270
0.270
0.270
0.270
0.270
0.270
0.270
0.269
0.270
0.270
0.270
0.270
0.270
0.270
0.270
0.270
0.270
0.270
0.270
0.270
0.270
0.270
0.270
0.270
0.270
0.270
0.270
0.270
0.270
0.270
0.270
0.270
0.270
0.270
0.270
0.270
0.270
0.270
0.270
0.270
0.270
0.270
0.270
0.270
0.270
0.270
0.269
0.270
0.270
0.270
0.270
0.270
0.270
0.270
0.270
0.270
0.270
0.269
0.270
0.270
0.270
0.270
0.270
0.270
0.270
0.270
0.270
0.270
0.270
0.270
-1.902
-1.899
-1.902
-0.796
-0.798
-0.802
-0.798
-0.802
-0.793
0.000
0.000
0.000
0.000
0.000
0.000
0.000
0.000
0.000
0.000
0.000
-0.728
-0.736
-0.735
-0.734
-0.728
-0.736
-0.729
-0.736
-0.736
-0.736
-0.858
-0.856
-0.858
-0.854
-0.856
-0.852
0.000
0.000
0.000
0.000
0.000
0.000
0.000
0.000
0.000
0.000
0.000
0.000
0.000
0.000
0.000
0.000
0.000
0.000
0.000
0.000
0.000
0.000
0.000
0.000
0.000
0.000
0.000
0.000
0.000
0.000
0.000
0.000
0.000
0.000
0.000
0.000
0.000
0.000
0.000
0.000
0.270
0.270
-1.331
-1.331
-1.333
0.269
0.270
0.270
0.270
0.270
0.270
0.270
0.270
0.270
0.270
0.270
0.270
0.270
0.270
0.270
0.270
0.270
0.270
0.270
0.270
0.270
0.270
0.270
0.270
0.270
0.270
0.270
0.270
0.270
0.270
0.000
0.000
0.000
0.000
0.000
0.000
0.000
0.000
0.000
-0.852
-0.852
-0.852
-0.852
-0.852
-0.852
-0.853
-0.855
-0.852
-0.856
-0.852
-0.858
-0.858
-0.852
-0.858
-0.852
-0.852
-0.852
0.270
0.270
0.270
0.270
0.270
0.270
0.270
0.270
0.270
0.270
0.270
0.270
0.270
0.270
0.270
0.270
0.270
0.270
0.270
0.270
0.270
0.270
0.270
0.270
0.270
0.270
0.270
0.270
0.270
0.270
0.270
0.270
0.270
0.270
0.270
0.270
0.270
0.270
0.270
0.270
0.270
0.270
0.270
0.270
0.270
0.270
0.270
0.270
0.270
0.270
0.270
0.270
0.270
0.270
0.270
0.270
0.270
0.270
0.270
0.270
0.270
0.270
0.270
0.270
0.270
0.270
0.270
0.270
0.270
0.270
0.270
0.270
0.270
0.270
0.270
0.270
0.270
0.270
0.270
0.270
0.270
0.270
0.270
0.270
0.270
0.270
0.270
0.270
0.270
0.270
-0.858
-0.858
-0.858
0.270
0.270
0.270
0.270
0.270
0.270
-0.825
-0.819
-0.817
-0.825
-0.816
-0.816
0.270
0.270
0.270
0.270
0.270
0.270
0.270
0.270
0.270
0.270
0.270
0.270
0.270
0.270
0.270
0.270
0.270
0.270
0.270
0.270
0.270
0.270
0.270
0.270
0.270
0.270
0.270
0.270
0.270
0.270
0.270
0.270
0.270
0.270
0.270
0.270
0.270
0.269
0.269
0.270
0.269
0.270
0.270
0.270
0.270
0.270
0.270
0.270
0.270
0.270
0.270
0.270
0.270
0.269
0.270
0.270
0.270
0.270
0.270
0.270
0.270
0.270
0.270
0.270
0.270
0.270
0.270
0.270
0.269
0.270
0.270
0.270
0.270
0.270
0.270
0.270
0.270
0.270
0.270
0.270
0.270
0.270
0.270
0.270
0.270
0.270
0.270
0.270
0.270
0.270
0.270
0.270
0.270
0.270
0.270
0.270
0.270
0.270
0.270
0.270
0.270
0.270
0.270
0.270
0.270
0.270
0.270
0.270
0.269
0.270
0.270
0.270
0.270
0.270
-1.337
-1.331
-1.331
0.270
0.270
0.270
0.270
0.270
0.270
0.270
0.270
0.270
0.270
0.270
0.270
0.270
0.270
0.270
0.270
0.269
0.270
0.270
0.270
0.270
0.270
0.269
0.270
0.270
0.270
0.270
0.270
0.270
0.270
0.269
0.270
0.270
0.270
0.270
0.270
0.270
0.270
0.270
0.270
0.270
0.270
0.270
0.270
0.270
0.270
0.270
0.270
0.270
0.270
0.270
0.270
0.270
0.270
0.270
0.270
0.270
0.270
0.270
0.270
0.270
0.270
0.270
0.270
0.270
0.270
0.270
0.270
0.270
-1.331
-1.331
-1.331
0.270
0.270
0.270
0.270
0.270
0.270
0.270
0.270
0.269
0.270
0.270
0.270
-2.876
-2.876
-2.878
-2.874
-2.874
-2.878
0.270
0.270
0.270
0.270
0.270
0.270
0.270
0.270
0.270
0.270
0.270
0.270
0.270
0.270
0.270
0.270
0.270
0.270
0.270
0.270
0.269
0.000
0.000
0.000
0.000
0.000
0.000
0.000
0.000
0.000
0.000
0.000
0.000
0.000
0.000
0.000
0.000
0.000
0.000
0.000
0.000
0.000
0.000
-0.852
-0.852
-0.852
-0.852
-0.852
-0.858
-0.853
-0.852
0.000
0.000
0.000
0.000
0.000
0.000
0.000
0.000
0.000
0.000
0.000
0.000
0.000
0.000
-0.854
-0.852
-0.852
-0.852
-0.855
-0.858
-0.858
-0.853
-0.852
-0.854
-0.852
-0.858
-0.854
-0.858
-0.852
-0.855
-0.852
-0.852
-0.852
-0.858
-0.857
-0.855
-0.858
-0.854
-0.854
0.000
0.000
0.000
0.000
0.000
0.000
0.000
0.000
0.000
0.000
0.000
0.000
0.000
0.000
0.000
0.000
0.000
0.000
0.000
0.000
0.000
0.000
0.000
0.000
0.000
0.000
0.000
0.000
0.000
0.000
0.000
0.000
0.000
0.000
0.000
0.000
0.000
0.000
0.000
-0.852
-0.858
-0.852
-0.852
-0.852
-0.852
-0.853
-0.855
-0.852
0.000
0.000
0.000
0.000
0.000
0.000
0.000
0.000
0.000
0.000
0.000
0.000
0.000
0.000
0.000
0.000
0.000
0.000
0.000
0.000
0.000
0.000
0.000
0.000
0.000
0.000
0.000
0.270
0.270
0.270
0.270
0.270
0.270
-1.331
-1.331
-1.333
0.270
0.270
0.270
0.270
0.270
0.270
0.270
0.270
0.270
0.269
0.270
0.270
-0.735
-0.733
-0.730
-2.097
-2.100
-2.113
-2.113
-2.113
-2.113
-2.088
-2.113
-2.092
-2.088
-2.113
-2.113
-2.088
-2.088
0.000
0.000
0.000
0.000
0.000
0.000
0.000
0.000
0.000
0.000
0.000
0.000
0.000
0.000
0.000
0.000
0.000
0.000
0.000
0.000
0.000
0.000
0.000
0.000
0.000
0.000
0.000
0.000
0.000
0.000
0.000
0.000
0.000
0.000
0.000
0.000
0.000
0.000
0.000
0.000
0.000
0.000
0.000
0.000
0.000
0.000
0.000
0.000
0.000
