fixedStep chrom=ENSGT00390000016006 start=1 step=1
-1.689
-1.721
-1.632
-1.689
-1.692
-1.689
-1.689
-1.689
-1.689
-1.689
-1.689
-1.691
-1.689
-1.689
-1.689
0.087
0.087
0.087
0.087
0.087
0.087
0.087
0.087
0.087
0.087
0.087
0.087
0.087
0.087
0.087
0.087
0.087
0.087
0.087
0.087
0.087
0.087
0.087
0.087
0.087
0.087
0.087
0.087
0.087
0.087
0.087
0.087
0.087
0.087
0.087
0.087
0.087
0.087
0.087
0.087
0.087
0.087
0.087
0.087
0.087
0.087
0.087
0.087
0.087
0.087
0.087
0.087
0.087
0.087
0.087
0.087
0.087
0.087
0.087
0.087
0.087
0.087
0.087
-2.457
-2.457
-2.457
0.087
0.087
0.087
0.087
0.087
0.087
0.087
0.087
0.087
0.087
0.087
0.087
0.087
0.087
0.087
0.087
0.087
0.087
0.087
0.087
0.087
0.087
0.087
0.087
0.087
0.087
0.087
0.087
0.087
0.087
0.087
0.087
0.087
-1.692
-1.692
-1.692
0.087
0.087
0.087
0.087
0.087
0.087
0.087
0.087
0.087
-1.781
-1.728
-1.744
0.087
0.087
0.087
0.087
0.087
0.087
0.087
0.087
0.087
0.087
0.087
0.087
-1.689
-1.689
-1.689
-1.689
-1.696
-1.756
-1.689
-1.689
-1.689
-1.689
-1.701
-1.699
