fixedStep chrom=ENSGT00560000076863 start=1 step=1
0.000
0.000
0.000
0.000
0.000
0.000
0.000
0.000
0.000
0.188
0.188
0.188
0.188
0.188
0.188
0.188
0.188
0.188
0.188
0.188
0.188
0.188
0.188
0.188
0.188
0.188
0.188
0.188
0.188
0.188
0.188
0.188
0.188
0.000
0.000
0.000
0.000
0.000
0.000
0.000
0.000
0.000
0.188
0.188
0.188
0.188
0.188
0.188
0.188
0.188
0.188
0.188
0.188
0.188
0.188
0.188
0.188
0.188
0.188
0.188
0.188
0.188
0.188
0.188
0.188
0.188
0.188
0.188
0.188
0.188
0.188
0.188
0.188
0.188
0.188
0.188
0.188
0.188
0.188
0.188
0.188
0.188
0.188
0.188
0.188
0.188
0.188
0.188
0.188
0.188
0.188
0.188
0.188
0.188
0.188
0.188
0.188
0.188
0.188
0.188
0.188
0.188
0.188
0.188
0.188
0.188
0.188
0.188
0.188
0.188
0.188
0.188
0.188
0.188
0.188
0.188
0.188
0.188
0.188
0.188
0.188
0.188
0.188
0.188
0.188
0.188
0.188
0.188
0.188
0.188
0.188
0.188
0.188
0.188
0.188
0.188
0.188
0.188
0.188
0.188
0.188
0.188
0.188
0.188
0.188
0.188
0.188
0.188
0.188
0.188
0.188
0.188
0.188
0.188
0.188
0.188
0.188
0.188
0.188
0.188
0.188
0.188
0.188
0.188
0.188
0.188
0.188
0.188
0.188
0.188
0.188
0.188
0.188
0.188
0.188
0.188
0.188
0.188
0.188
0.188
0.188
0.188
0.188
0.188
0.188
0.188
0.188
0.188
0.188
0.188
0.188
0.188
0.188
0.188
0.188
0.188
0.188
0.188
0.188
0.188
0.188
0.188
0.188
0.188
0.188
0.188
0.188
0.188
0.188
0.188
0.188
0.188
0.188
0.188
0.188
0.188
0.188
0.188
0.188
0.188
0.188
0.188
0.188
0.188
0.188
0.188
0.188
0.188
0.188
0.188
0.188
0.188
0.188
0.188
0.188
0.188
0.188
0.188
0.188
0.188
0.188
0.188
0.188
0.188
0.188
0.188
0.188
0.188
0.188
0.188
0.188
0.188
0.188
0.188
0.188
0.188
0.188
0.188
0.188
0.188
0.188
0.188
0.188
0.188
0.188
0.188
0.188
0.188
0.188
0.188
0.188
0.188
0.188
0.188
0.188
0.188
0.188
0.188
0.188
0.188
0.188
0.188
0.188
0.188
0.188
0.188
0.188
0.188
0.188
0.188
0.188
0.188
0.188
0.188
0.188
0.188
0.188
0.188
0.188
0.188
0.188
0.188
0.188
0.188
0.188
0.188
0.188
0.188
0.188
0.188
0.188
0.188
0.188
0.188
0.188
0.188
0.188
0.188
0.188
0.188
0.188
0.188
0.188
0.188
0.188
0.188
0.188
0.188
0.188
0.188
0.188
0.188
0.188
0.188
0.188
0.188
0.188
0.188
0.188
0.188
0.188
0.188
0.188
0.188
0.188
0.188
0.188
0.188
0.188
0.188
0.188
0.188
0.188
0.188
0.188
0.188
0.188
0.188
0.188
0.188
0.188
0.188
0.188
0.188
0.188
0.188
0.188
0.188
0.188
0.188
0.188
0.188
0.188
0.188
0.188
0.188
0.188
0.188
0.188
0.188
0.188
0.188
0.188
0.188
0.188
0.188
0.188
0.188
0.188
0.188
0.188
0.188
0.188
0.188
0.188
0.188
0.188
0.188
0.188
0.188
0.188
0.188
0.188
0.188
0.188
0.188
0.188
0.188
0.188
0.188
0.188
0.188
0.188
0.188
0.188
0.188
0.188
0.188
0.188
0.188
0.188
0.188
0.188
0.188
0.188
0.188
0.188
0.188
0.188
0.188
0.188
0.188
0.188
0.188
0.188
0.188
0.188
0.188
0.188
0.188
0.188
0.188
0.188
0.188
0.188
0.188
0.188
0.188
0.188
0.188
0.188
0.188
0.188
0.188
0.188
0.188
0.188
0.188
0.188
0.188
0.188
0.188
0.188
0.188
0.188
0.188
0.188
0.188
0.188
0.188
0.188
0.188
0.188
0.188
0.188
0.188
0.188
0.188
0.188
0.188
0.188
0.188
0.188
0.188
0.188
0.188
0.188
0.188
0.188
0.188
0.188
0.188
0.188
0.188
0.188
0.188
0.188
0.188
0.188
0.188
0.188
0.188
0.188
0.188
0.188
0.188
0.188
0.188
0.188
0.188
0.188
0.188
0.188
0.188
0.188
0.188
0.188
0.188
0.188
0.188
0.188
0.188
0.188
0.188
0.188
0.188
0.188
0.188
0.188
0.188
0.188
0.188
0.188
0.188
0.188
0.188
0.188
0.188
0.188
0.188
0.188
0.188
0.188
0.188
0.188
0.188
0.188
0.188
0.188
0.188
0.188
0.188
0.188
0.188
0.188
0.188
0.188
0.188
0.188
0.188
0.188
0.188
0.188
0.188
0.188
0.188
0.188
0.188
0.188
0.188
0.188
0.188
0.188
0.188
0.188
0.188
0.188
0.188
0.188
0.188
0.188
0.188
0.188
0.188
0.188
0.188
0.188
0.188
0.188
0.188
0.188
0.188
0.188
0.188
0.188
0.188
0.188
0.188
0.188
0.188
0.188
0.188
0.188
0.188
0.188
0.188
0.188
0.188
0.188
0.188
0.188
0.188
0.188
0.188
0.188
0.188
0.188
0.188
0.188
0.188
0.188
0.188
0.188
0.188
0.188
0.188
0.188
0.188
0.188
0.188
0.188
0.188
0.188
0.188
0.188
0.188
0.188
0.188
0.188
0.188
0.188
0.188
0.188
0.188
0.188
0.188
0.188
0.188
0.188
0.188
0.188
0.188
0.188
0.188
0.188
0.188
0.188
0.188
0.188
0.188
0.188
0.188
0.188
0.188
0.188
0.188
0.188
0.188
0.188
0.188
0.188
0.188
0.188
0.188
0.188
0.188
0.188
0.188
0.188
0.188
0.188
0.188
0.188
0.188
0.188
0.188
0.188
0.188
0.188
0.188
0.188
0.188
0.188
0.188
0.188
0.188
0.188
0.188
0.188
0.188
0.188
0.188
0.188
0.188
0.188
0.188
0.188
0.188
0.188
0.188
0.188
-1.041
-1.039
-1.040
0.188
0.188
0.188
0.188
0.188
0.188
0.188
0.188
0.188
0.188
0.188
0.188
0.188
0.188
0.188
0.188
0.188
0.188
0.188
0.188
0.188
0.188
0.188
0.188
0.188
0.188
0.188
0.188
0.188
0.188
0.188
0.188
0.188
0.188
0.188
0.188
0.188
0.188
0.188
0.188
0.188
0.188
0.188
0.188
0.188
0.188
0.188
0.188
0.188
0.188
0.188
0.188
0.188
0.188
0.188
0.188
0.188
0.188
0.188
0.188
0.188
0.188
0.188
0.188
0.188
0.188
0.188
0.188
0.188
0.188
0.188
0.188
0.188
0.188
0.188
0.188
0.188
0.188
0.188
0.188
0.188
0.188
0.188
0.188
0.188
0.188
0.188
0.188
0.188
0.188
0.188
0.188
0.188
0.188
0.188
0.188
0.188
0.188
0.188
0.188
0.188
0.188
0.188
0.188
0.188
0.188
0.188
0.188
0.188
0.188
0.188
0.188
0.188
0.188
0.188
0.188
0.188
0.188
0.188
0.188
0.188
0.188
0.188
0.188
0.188
0.188
0.188
0.188
0.188
0.188
0.188
0.188
0.188
0.188
0.188
0.188
0.188
0.188
0.188
0.188
0.188
0.188
0.188
0.188
0.188
0.188
0.188
0.188
0.188
0.188
0.188
0.188
0.188
0.188
0.188
0.188
0.188
0.188
0.188
0.188
0.188
0.188
0.188
0.188
0.188
0.188
0.188
0.188
0.188
0.188
0.188
0.188
0.188
0.188
0.188
0.188
0.188
0.188
0.188
0.188
0.188
0.188
0.188
0.188
0.188
0.188
0.188
0.188
0.188
0.188
0.188
0.188
0.188
0.188
0.188
0.188
0.188
0.188
0.188
0.188
0.188
0.188
0.188
0.188
0.188
0.188
0.188
0.188
0.188
0.188
0.188
0.188
0.188
0.188
0.188
0.188
0.188
0.188
0.188
-3.245
-3.245
-3.245
0.188
0.188
0.000
0.000
0.000
0.000
0.000
0.000
0.000
0.000
0.000
0.000
-1.014
-1.014
-1.014
-7.060
-6.924
-6.662
-4.015
-4.050
-3.996
-4.011
-4.068
-4.018
-5.726
-5.671
-5.809
-7.543
-7.521
-7.594
0.000
0.000
0.000
0.000
0.000
0.000
