fixedStep chrom=ENSGT00390000017639 start=1 step=1
0.097
0.097
0.097
0.097
0.097
0.097
0.097
0.097
0.097
0.097
0.097
0.097
0.097
0.097
0.097
0.097
0.097
0.097
0.097
0.097
0.097
0.097
0.097
0.097
0.097
0.097
0.097
0.097
0.097
0.097
0.097
0.097
0.097
0.097
0.097
0.097
0.097
0.097
0.097
0.097
0.097
0.097
0.097
0.097
0.097
0.097
0.097
0.097
0.097
0.097
0.097
0.097
0.097
0.097
0.097
0.097
0.097
0.097
0.097
0.097
0.097
0.097
0.097
0.097
0.097
0.097
0.097
0.097
0.097
0.097
0.097
0.097
0.097
0.097
0.097
0.097
0.097
0.097
0.097
0.097
0.097
0.097
0.097
0.097
0.097
0.097
0.097
0.097
0.097
0.097
0.097
0.097
0.097
0.097
0.097
0.097
0.097
0.097
0.097
0.097
0.097
0.097
0.097
0.097
0.097
0.097
0.097
0.097
0.097
0.097
0.097
0.097
0.097
0.097
0.097
0.097
0.097
0.097
0.097
0.097
0.097
0.097
0.097
0.097
0.097
0.097
0.097
0.097
0.097
0.097
0.097
0.097
0.097
0.097
0.097
0.097
0.097
0.097
0.097
0.097
0.097
0.097
0.097
0.097
0.097
0.097
0.097
0.097
0.097
0.097
0.097
0.097
0.097
0.097
0.097
0.097
0.097
0.097
0.097
0.097
0.097
0.097
0.097
0.097
0.097
0.097
0.097
0.097
0.097
0.097
0.097
0.097
0.097
0.097
0.097
0.097
0.097
0.097
0.097
0.097
0.097
0.097
0.097
0.097
0.097
0.097
0.097
0.097
0.097
0.097
0.097
0.097
0.097
0.097
0.097
0.097
0.097
0.097
0.097
0.097
0.097
0.097
0.097
0.097
0.097
0.097
0.097
0.097
0.097
0.097
0.097
0.097
0.097
0.097
0.097
0.097
0.097
0.097
0.097
0.097
0.097
0.097
-1.610
-1.610
-1.613
-1.618
-1.610
-1.639
0.097
0.097
0.097
0.097
0.097
0.097
0.097
0.097
0.097
0.097
0.097
0.097
0.097
0.097
0.097
0.097
0.097
0.097
0.097
0.097
0.097
0.097
0.097
0.097
0.097
0.097
0.097
0.097
0.097
0.097
0.097
0.097
0.097
0.097
0.097
0.097
0.097
0.097
0.097
0.097
0.097
0.097
0.097
0.097
0.097
0.097
0.097
0.097
0.097
0.097
0.097
0.097
0.097
0.097
0.097
0.097
0.097
0.097
0.097
0.097
0.097
0.097
0.097
0.097
0.097
0.097
0.097
0.097
0.097
0.097
0.097
0.097
0.097
0.097
0.097
0.097
0.097
0.097
0.097
0.097
0.097
0.097
0.097
0.097
0.097
0.097
0.097
0.097
0.097
0.097
0.097
0.097
0.097
0.097
0.097
0.097
0.097
0.097
0.097
0.097
0.097
0.097
0.097
0.097
0.097
0.097
0.097
0.097
0.097
0.097
0.097
0.097
0.097
0.097
0.097
0.097
0.097
0.097
0.097
0.097
0.097
0.097
0.097
0.097
0.097
0.097
0.097
0.097
0.097
0.097
0.097
0.097
0.097
0.097
0.097
0.097
0.097
0.097
0.097
0.097
0.097
0.097
0.097
0.097
0.097
0.097
0.097
0.097
0.097
0.097
0.097
0.097
0.097
0.097
0.097
0.097
0.097
0.097
0.097
0.097
0.097
0.097
0.097
0.097
0.097
0.097
0.097
0.097
0.097
0.097
0.097
0.097
0.097
0.097
0.097
0.097
0.097
0.097
0.097
0.097
0.097
0.097
0.097
0.097
0.097
0.097
0.097
0.097
0.097
0.097
0.097
0.097
0.097
0.097
0.097
0.097
0.097
0.097
0.097
0.097
0.097
0.097
0.097
0.097
0.097
0.097
0.097
0.097
0.097
0.097
0.097
0.097
0.097
0.097
0.097
0.097
0.097
0.097
0.097
0.097
0.097
0.097
0.097
0.097
0.097
0.097
0.097
0.097
0.097
0.097
0.097
0.097
0.097
0.097
0.097
0.097
0.097
0.097
0.097
0.097
0.097
0.097
0.097
0.097
0.097
0.097
0.097
0.097
0.097
0.097
0.097
0.097
0.097
0.097
0.097
0.097
0.097
0.097
0.097
0.097
0.097
0.097
0.097
0.097
0.097
0.097
0.097
0.097
0.097
0.097
0.097
0.097
0.097
0.097
0.097
0.097
0.097
0.097
0.097
0.097
0.097
0.097
0.097
0.097
0.097
0.097
0.097
0.097
0.097
0.097
0.097
0.097
0.097
0.097
0.097
0.097
0.097
0.097
0.097
0.097
0.097
0.097
0.097
0.097
0.097
0.097
0.097
0.097
0.097
0.097
0.097
0.097
0.097
0.097
0.097
0.097
0.097
0.097
0.097
0.097
0.097
0.097
0.097
0.097
0.097
0.097
0.097
0.097
0.097
0.097
0.097
0.097
0.097
0.097
0.097
0.097
0.097
0.097
0.097
0.097
0.097
0.097
0.097
0.097
0.097
0.097
0.097
0.097
0.097
0.097
0.097
0.097
0.097
0.097
0.097
0.097
0.097
0.097
0.097
0.097
0.097
0.097
0.097
0.097
0.097
0.097
0.097
0.097
0.097
0.097
0.097
0.097
0.097
0.097
0.097
0.097
0.097
0.097
0.097
0.097
0.097
0.097
0.097
0.097
0.097
0.097
0.097
0.097
0.097
0.097
0.097
0.097
0.097
0.097
0.097
0.097
0.097
0.097
0.097
0.097
0.097
0.097
0.097
0.097
0.097
0.097
0.097
0.097
0.097
0.097
0.097
0.097
0.097
0.097
0.097
0.097
0.097
0.097
0.097
0.097
0.097
0.097
0.097
0.097
0.097
0.097
0.097
0.097
0.097
0.097
0.097
0.097
0.097
0.097
0.097
-1.629
-1.629
-1.635
-1.629
-1.638
-1.639
-1.632
-1.629
-1.629
-1.629
-1.629
-1.651
-1.629
-1.629
-1.629
0.097
0.097
0.097
0.097
0.097
0.097
0.097
0.097
0.097
0.097
0.097
0.097
0.097
0.097
0.097
0.000
0.000
0.000
0.000
0.000
0.000
0.000
0.000
0.000
0.000
0.000
0.000
-3.576
-3.505
-3.558
-4.080
-4.076
-4.079
-5.726
-5.726
-5.472
0.097
0.097
0.097
0.097
0.097
0.097
0.097
0.097
0.097
0.097
0.097
0.097
0.097
0.097
0.097
0.097
0.097
0.097
0.097
0.097
0.097
0.097
0.097
0.097
0.097
0.097
0.097
0.097
0.097
0.097
0.097
0.097
0.097
0.097
0.097
0.097
0.097
0.097
0.097
0.097
0.097
0.097
0.097
0.097
0.097
0.097
0.097
0.097
-1.629
-1.633
-1.633
0.097
0.097
0.097
0.097
0.097
0.097
0.097
0.097
0.097
0.097
0.097
0.097
-1.629
-1.628
-1.629
0.097
0.097
0.097
0.097
0.097
0.097
0.097
0.097
0.097
0.097
0.097
0.097
0.097
0.097
0.097
0.097
0.097
0.097
0.097
0.097
0.097
0.097
0.097
0.097
0.097
0.097
0.097
0.097
0.097
0.097
0.097
0.097
0.097
0.097
0.097
0.097
0.097
0.097
0.097
0.097
0.097
0.097
0.097
0.097
0.097
0.097
0.097
0.097
0.097
0.097
0.097
0.097
0.097
0.097
0.097
0.097
0.097
0.097
0.097
0.097
0.097
0.097
0.097
0.097
0.097
0.097
0.000
0.000
0.000
0.000
0.000
0.000
0.000
0.000
0.000
0.000
0.000
0.000
0.000
0.000
0.000
0.000
0.000
0.000
0.000
0.000
0.000
0.000
0.000
0.000
0.000
0.000
0.000
0.000
0.000
0.000
0.000
0.000
0.000
0.000
0.000
0.000
