fixedStep chrom=ENSGT00390000007133 start=1 step=1
0.000
0.000
0.000
0.000
0.000
0.000
0.000
0.000
0.000
0.000
0.000
0.000
0.000
0.000
0.000
0.000
0.000
0.000
0.000
0.000
0.000
0.000
0.000
0.000
0.000
0.000
0.000
0.000
0.000
0.000
0.000
0.000
0.000
0.000
0.000
0.000
0.000
0.000
0.000
0.000
0.000
0.000
0.000
0.000
0.000
0.000
0.000
0.000
0.000
0.000
0.000
0.000
0.000
0.000
0.000
0.000
0.000
0.000
0.000
0.000
0.000
0.000
0.000
0.000
0.000
0.000
0.000
0.000
0.000
0.000
0.000
0.000
0.000
0.000
0.000
0.000
0.000
0.000
0.000
0.000
0.000
0.000
0.000
0.000
0.000
0.000
0.000
0.000
0.000
0.000
0.000
0.000
0.000
0.000
0.000
0.000
0.000
0.000
0.000
0.000
0.000
0.000
0.000
0.000
0.000
0.000
0.000
0.000
0.000
0.000
0.000
0.000
0.000
0.000
0.000
0.000
0.000
0.000
0.000
0.000
0.000
0.000
0.000
0.000
0.000
0.000
0.000
0.000
0.000
0.000
0.000
0.000
0.000
0.000
0.000
0.000
0.000
0.000
0.000
0.000
0.000
0.000
0.000
0.000
0.000
0.000
0.000
0.000
0.000
0.000
0.000
0.000
0.000
0.000
0.000
0.000
0.000
0.000
0.000
0.000
0.000
0.000
0.000
0.000
0.000
0.000
0.000
0.000
0.000
0.000
0.000
0.000
0.000
0.000
0.000
0.000
0.000
0.000
0.000
0.000
0.098
0.098
0.098
0.098
0.098
0.098
0.098
0.098
0.098
0.098
0.098
0.098
0.098
0.098
0.098
0.098
0.098
0.098
0.098
0.098
0.098
0.098
0.098
0.098
0.098
0.098
0.098
0.098
0.098
0.098
0.098
0.098
0.098
0.098
0.098
0.098
0.098
0.098
0.098
0.098
0.098
0.098
0.098
0.098
0.098
0.098
0.098
0.098
0.098
0.098
0.098
0.098
0.098
0.098
0.098
0.098
0.098
0.098
0.098
0.098
0.098
0.098
0.098
0.098
0.098
0.098
0.098
0.098
0.098
0.098
0.098
0.098
0.098
0.098
0.098
0.098
0.098
0.098
0.098
0.098
0.098
0.098
0.098
0.098
0.098
0.098
0.098
0.098
0.098
0.098
0.098
0.098
0.098
0.098
0.098
0.098
0.098
0.098
0.098
0.098
0.098
0.098
0.098
0.098
0.098
0.098
0.098
0.098
0.098
0.098
0.098
0.098
0.098
0.098
0.098
0.098
0.098
0.098
0.098
0.098
0.098
0.098
0.098
0.098
0.098
0.098
0.098
0.098
0.098
0.098
0.098
0.098
0.098
0.098
0.098
0.098
0.098
0.098
0.098
0.098
0.098
0.098
0.098
0.098
0.098
0.098
0.098
0.098
0.098
0.098
0.098
0.098
0.098
0.098
0.098
0.098
0.098
0.098
0.098
0.098
0.098
0.098
0.098
0.098
0.098
0.098
0.098
0.098
0.098
0.098
0.098
0.098
0.098
0.098
0.098
0.098
0.098
0.098
0.098
0.098
0.098
0.098
0.098
-1.591
-1.588
-1.588
0.098
0.098
0.098
0.098
0.098
0.098
0.098
0.098
0.098
0.098
0.098
0.098
0.098
0.098
0.098
0.098
0.098
0.098
-2.232
-2.206
-2.206
-2.039
-2.039
-2.039
0.098
0.098
0.098
0.098
0.098
0.098
0.098
0.098
0.098
-3.633
-3.597
-3.597
0.098
0.098
0.098
0.098
0.098
0.098
0.098
0.098
0.098
0.098
0.098
0.098
0.098
0.098
0.098
0.098
0.098
0.098
0.098
0.098
0.098
0.098
0.098
0.098
0.098
0.098
0.098
0.098
0.098
0.098
0.098
0.098
0.098
0.098
0.098
0.098
0.098
0.098
0.098
0.098
0.098
0.098
0.098
0.098
0.098
0.098
0.098
0.098
0.098
0.098
0.098
0.098
0.098
0.098
0.098
0.098
0.098
0.098
0.098
0.098
0.098
0.098
0.098
0.098
0.098
0.098
0.098
0.098
0.098
0.098
0.098
0.098
0.098
0.098
0.098
0.098
0.098
0.098
0.098
0.098
0.098
0.098
0.098
0.098
0.098
0.098
0.098
0.098
0.098
0.098
0.098
0.098
0.098
-1.608
-1.596
-1.596
0.098
0.098
0.098
0.098
0.098
0.098
0.098
0.098
0.098
0.098
0.098
0.098
0.098
0.098
0.098
0.098
0.098
0.098
0.098
0.098
0.098
0.098
0.098
0.098
0.098
0.098
0.098
0.098
0.098
0.098
0.098
0.098
0.098
0.098
0.098
0.098
0.098
0.098
0.098
0.098
0.098
0.098
0.098
0.098
0.098
0.098
0.098
0.098
0.098
0.098
0.098
-1.588
-1.588
-1.592
-1.588
-1.588
-1.588
-1.588
-1.606
-1.588
-1.593
-1.591
-1.608
-1.597
-1.588
-1.593
-1.606
-1.588
-1.599
-1.588
-1.592
-1.588
