fixedStep chrom=ENSGT00390000011513 start=1 step=1
0.000
0.000
0.000
0.000
0.000
0.000
0.000
0.000
0.000
0.000
0.000
0.000
0.000
0.000
0.000
0.000
0.000
0.000
0.000
0.000
0.000
0.000
0.000
0.000
0.000
0.000
0.000
0.000
0.000
0.000
0.000
0.000
0.000
0.000
0.000
0.000
0.000
0.000
0.000
0.000
0.000
0.000
0.000
0.000
0.000
0.000
0.000
0.000
0.000
0.000
0.000
0.000
0.000
0.000
0.000
0.000
0.000
0.000
0.000
0.000
0.000
0.000
0.000
0.000
0.000
0.000
0.000
0.000
0.000
0.000
0.000
0.000
0.000
0.000
0.000
0.000
0.000
0.000
0.000
0.000
0.000
0.000
0.000
0.000
0.000
0.000
0.000
0.000
0.000
0.000
0.000
0.000
0.000
0.000
0.000
0.000
0.000
0.000
0.000
0.000
0.000
0.000
0.000
0.000
0.000
0.000
0.000
0.000
0.000
0.000
0.000
0.000
0.000
0.000
0.000
0.000
0.000
0.000
0.000
0.000
0.000
0.000
0.000
0.000
0.000
0.000
0.000
0.000
0.000
0.000
0.000
0.000
0.000
0.000
0.000
0.000
0.000
0.000
0.000
0.000
0.000
0.000
0.000
0.000
0.000
0.000
0.000
0.000
0.000
0.000
0.000
0.000
0.000
0.000
0.000
0.000
0.000
0.000
0.000
0.000
0.000
0.000
0.000
0.000
0.000
0.000
0.000
0.000
0.000
0.000
0.000
0.000
0.000
0.000
0.000
0.000
0.000
0.000
0.000
0.000
-5.638
-6.235
-6.232
-6.233
-6.140
-6.235
-3.709
-3.539
-3.767
0.095
0.095
0.095
0.095
0.095
0.095
0.095
0.095
0.095
0.095
0.095
0.095
0.095
0.095
0.095
0.095
0.095
0.095
0.000
0.000
0.000
0.000
0.000
0.000
0.000
0.000
0.000
0.000
0.000
0.000
0.000
0.000
0.000
0.000
0.000
0.000
0.000
0.000
0.000
0.000
0.000
0.000
0.000
0.000
0.000
0.000
0.000
0.000
0.000
0.000
0.000
0.000
0.000
0.000
0.000
0.000
0.000
0.000
0.000
0.000
-1.647
-1.722
-1.664
0.095
0.095
0.095
0.095
0.095
0.095
0.095
0.095
0.095
0.095
0.095
0.095
0.095
0.095
0.095
0.095
0.095
0.095
0.095
0.095
0.095
0.095
0.095
0.095
0.095
0.095
0.095
-2.785
-2.764
-2.785
0.095
0.095
0.095
0.095
0.095
0.095
0.095
0.095
0.095
0.095
0.095
0.095
0.095
0.095
0.095
0.095
0.095
0.095
0.095
0.095
0.095
0.095
0.095
0.095
0.095
0.095
0.095
0.095
0.095
0.095
0.095
0.095
0.095
0.095
0.095
0.095
0.095
0.095
0.095
0.095
0.095
0.095
0.095
0.095
0.095
0.095
0.095
0.095
0.095
0.095
0.095
0.095
0.095
0.095
0.095
0.095
0.095
0.095
0.095
0.095
0.095
0.095
0.095
0.095
0.095
0.095
0.095
0.095
0.095
0.095
0.095
0.095
0.095
0.095
0.095
0.095
0.095
0.095
0.095
0.095
0.095
0.095
0.095
0.095
0.095
0.095
0.095
0.095
0.095
0.095
0.095
0.095
0.095
0.095
0.095
0.095
0.095
0.095
0.095
-1.645
-1.645
-1.645
-1.645
-1.645
-1.645
-1.645
-1.645
-1.645
0.095
0.095
0.095
0.095
0.095
0.095
0.095
0.095
0.095
0.095
0.095
0.095
0.095
0.095
0.095
0.095
0.095
0.095
0.095
0.095
0.095
0.095
0.095
0.095
0.095
0.095
0.095
0.095
0.095
0.095
0.095
0.095
0.095
0.095
0.095
0.095
0.095
0.095
0.095
0.095
0.095
0.095
0.095
0.095
0.095
0.095
0.095
0.095
0.095
0.095
0.095
0.095
0.095
0.095
0.095
0.095
0.095
0.095
0.095
0.095
0.095
0.095
0.095
0.095
0.095
0.095
0.095
0.095
0.095
0.095
0.095
0.095
0.095
0.095
0.095
0.095
0.095
0.095
0.095
0.095
0.095
0.095
0.095
0.095
0.095
0.095
0.095
0.095
0.095
0.095
0.095
0.095
0.095
0.095
0.095
0.095
0.095
0.095
0.095
0.095
0.095
0.095
0.095
0.095
0.095
0.095
0.095
0.095
0.095
0.095
0.095
0.095
0.095
0.095
0.095
0.095
0.095
0.095
0.095
0.095
0.095
0.095
0.095
0.095
0.095
0.095
0.095
0.095
0.095
0.095
0.095
0.095
0.095
0.095
0.095
0.095
0.095
0.095
0.095
0.095
0.095
0.095
0.095
0.095
0.095
0.095
0.095
0.095
0.095
0.095
0.095
0.095
0.095
0.095
0.095
0.095
0.095
0.095
0.095
0.095
0.095
0.095
0.095
0.095
0.095
0.095
0.095
0.095
0.095
0.095
0.095
0.095
0.095
0.095
0.095
0.095
0.095
0.095
0.095
0.095
0.095
0.095
0.095
0.095
0.095
0.095
0.095
0.095
0.095
0.095
0.095
0.095
0.095
0.095
0.095
0.095
0.095
0.095
0.095
0.095
0.095
0.095
0.095
0.095
0.095
0.095
0.095
0.095
0.095
0.095
0.095
0.095
0.095
0.095
0.095
0.095
0.095
0.095
0.095
0.095
0.095
0.095
0.095
0.095
0.095
0.095
0.095
0.095
0.095
0.095
0.095
0.095
0.095
0.095
0.095
0.095
0.095
0.095
0.095
0.095
0.095
0.095
0.095
0.095
0.095
0.095
0.095
0.095
0.095
0.095
0.095
0.095
0.095
0.095
0.095
0.095
0.095
0.095
0.095
0.095
0.095
0.095
0.095
0.095
0.095
0.095
0.095
0.095
0.095
0.095
0.095
0.095
0.095
0.095
0.095
0.095
0.095
0.095
0.095
0.095
0.095
0.095
0.095
0.095
0.095
0.000
0.000
0.000
