fixedStep chrom=ENSGT00390000002766 start=1 step=1
0.000
0.000
0.000
0.000
0.000
0.000
0.000
0.000
0.000
0.207
0.207
0.207
0.207
0.207
0.207
0.207
0.207
0.207
0.207
0.207
0.207
0.207
0.207
0.207
0.207
0.207
0.207
0.207
0.207
0.207
0.207
0.207
0.207
0.207
0.207
0.207
0.207
0.207
0.207
0.207
0.207
0.207
0.207
0.207
0.207
0.207
0.207
0.207
0.207
0.207
0.207
0.207
0.207
0.207
0.207
0.207
0.207
0.207
0.207
0.207
0.207
0.207
0.207
0.207
0.207
0.207
0.207
0.207
0.207
-0.940
-0.953
-0.954
0.207
0.207
0.207
0.207
0.207
0.207
0.207
0.207
0.207
0.207
0.207
0.207
0.207
0.207
0.207
0.207
0.207
0.207
0.207
0.207
0.207
0.207
0.207
0.207
0.207
0.207
0.207
0.207
0.207
0.207
0.207
0.207
0.207
0.207
0.207
0.207
0.207
0.207
0.207
0.207
0.207
0.207
0.207
0.207
0.207
0.207
0.207
0.207
0.207
0.207
0.207
0.207
0.207
0.207
0.207
0.207
0.207
0.207
0.207
0.207
0.207
0.207
0.207
0.207
0.207
0.207
0.207
0.207
0.207
0.207
0.207
0.207
0.207
0.207
0.207
0.207
0.207
0.207
0.207
0.207
0.207
0.207
0.207
0.207
0.207
0.207
0.207
0.207
0.207
0.207
0.207
0.207
0.207
0.207
0.207
0.207
0.207
0.207
0.207
0.207
0.207
0.207
0.207
0.207
0.207
0.207
0.207
0.207
0.207
0.207
0.207
0.207
0.207
0.207
0.207
0.207
0.207
0.207
0.207
0.207
0.207
0.207
0.207
0.207
0.207
0.207
0.207
0.207
0.207
0.207
0.207
0.207
0.207
0.207
0.207
0.207
0.207
0.207
0.207
0.207
0.207
-1.145
-1.145
-1.146
-1.145
-1.145
-1.145
-1.145
-1.145
-1.147
-1.145
-1.145
-1.145
-1.145
-1.145
-1.145
-1.145
-1.145
-1.145
-1.145
-1.145
-1.145
-1.145
0.000
0.000
