fixedStep chrom=ENSGT00390000015914 start=1 step=1
0.120
0.120
0.120
0.120
0.120
0.120
0.120
0.120
0.120
0.120
0.120
0.120
0.120
0.120
0.120
0.120
0.120
0.120
0.120
0.120
0.120
0.120
0.120
0.120
0.120
0.120
0.120
0.120
0.120
0.120
0.120
0.120
0.120
0.120
0.120
0.120
0.120
0.120
0.120
0.120
0.120
0.120
0.120
0.120
0.120
0.120
0.120
0.120
0.120
0.120
0.120
0.120
0.120
0.120
0.120
0.120
0.120
0.120
0.120
0.120
0.120
0.120
0.120
0.120
0.120
0.120
0.120
0.120
0.120
0.120
0.120
0.120
0.120
0.120
0.120
0.120
0.120
0.120
0.120
0.120
0.120
0.120
0.120
0.120
0.120
0.120
0.120
0.120
0.120
0.120
0.120
0.120
0.120
0.120
0.120
0.120
0.120
0.120
0.120
0.120
0.120
0.120
0.120
0.120
0.120
0.120
0.120
0.120
0.120
0.120
0.120
0.120
0.120
0.120
0.120
0.120
0.120
0.120
0.120
0.120
0.120
0.120
0.120
-2.205
-2.208
-2.206
0.120
0.120
0.120
0.120
0.120
0.120
0.120
0.120
0.120
0.120
0.120
0.120
-1.465
-1.449
-1.447
0.000
0.000
0.000
0.000
0.000
0.000
0.000
0.000
0.000
0.120
0.120
0.120
0.120
0.120
0.120
0.120
0.120
0.120
0.120
0.120
0.120
0.120
0.120
0.120
0.120
0.120
0.120
0.120
0.120
0.120
0.000
0.000
0.000
0.000
0.000
0.000
0.000
0.000
0.000
0.000
0.000
0.000
0.120
0.120
0.120
0.120
0.120
0.120
0.120
0.120
0.120
0.120
0.120
0.120
0.120
0.120
0.120
0.120
0.120
0.120
0.120
0.120
0.120
0.120
0.120
0.120
0.120
0.120
0.120
-2.206
-2.208
-2.205
0.120
0.120
0.120
0.120
0.120
0.120
0.120
0.120
0.120
0.120
0.120
0.120
0.120
0.120
0.120
0.120
0.120
0.120
0.120
0.120
0.120
-1.526
-1.526
-1.529
-1.526
-1.526
-1.526
-2.216
-2.217
-2.216
-3.092
-3.092
-3.092
-1.526
-1.526
-1.526
-1.533
-1.526
-1.526
0.120
0.120
0.120
0.120
0.120
0.120
0.120
0.120
0.120
0.120
0.120
0.120
0.120
0.120
0.120
0.120
0.120
0.120
0.120
0.120
0.120
0.120
0.120
0.120
0.120
0.120
0.120
0.120
0.120
0.120
0.120
0.120
0.120
0.120
0.120
0.120
0.120
0.120
0.120
0.120
0.120
0.120
0.120
0.120
0.120
0.120
0.120
0.120
0.120
0.120
0.120
0.120
0.120
0.120
0.120
0.120
0.120
0.120
0.120
0.120
0.120
0.120
0.120
0.120
0.120
0.120
0.120
0.120
0.120
0.120
0.120
0.120
0.120
0.120
0.120
0.120
0.120
0.120
0.120
0.120
0.120
0.120
0.120
0.120
0.120
0.120
0.120
0.120
0.120
0.120
0.120
0.120
0.120
0.120
0.120
0.120
0.120
0.120
0.120
0.120
0.120
0.120
0.120
0.120
0.120
0.120
0.120
0.120
0.120
0.120
0.120
0.120
0.120
0.120
0.120
0.120
0.120
0.120
0.120
0.120
0.120
0.120
0.120
0.120
0.120
0.120
0.120
0.120
0.120
0.120
0.120
0.120
0.120
0.120
0.120
0.120
0.120
0.120
0.120
0.120
0.120
0.120
0.120
0.120
0.120
0.120
0.120
0.120
0.120
0.120
0.120
0.120
0.120
-1.526
-1.526
-1.526
-1.526
-1.533
-1.526
