fixedStep chrom=ENSGT00410000025637 start=1 step=1
0.000
0.000
0.000
0.000
0.000
0.000
0.000
0.000
0.000
0.000
0.000
0.000
0.000
0.000
0.000
0.000
0.000
0.000
0.000
0.000
0.000
0.000
0.000
0.000
0.000
0.000
0.000
0.000
0.000
0.000
0.000
0.000
0.000
0.000
0.000
0.000
0.000
0.000
0.000
0.000
0.000
0.000
0.000
0.000
0.000
0.000
0.000
0.000
0.000
0.000
0.000
0.000
0.000
0.000
0.000
0.000
0.000
0.000
0.000
0.000
0.000
0.000
0.000
0.000
0.000
0.000
0.000
0.000
0.000
0.000
0.000
0.000
0.000
0.000
0.000
0.000
0.000
0.000
0.000
0.000
0.000
0.000
0.000
0.000
0.000
0.000
0.000
0.000
0.000
0.000
0.000
0.000
0.000
0.000
0.000
0.000
0.000
0.000
0.000
0.000
0.000
0.000
0.000
0.000
0.000
0.000
0.000
0.000
0.000
0.000
0.000
0.000
-3.618
-3.711
-3.624
-3.731
-3.647
-3.711
-3.731
-3.741
0.234
0.234
0.235
0.235
0.234
0.234
0.235
0.234
0.234
0.234
0.234
0.234
0.234
0.235
0.234
0.000
0.000
0.000
0.000
0.000
0.000
0.000
0.000
0.000
0.000
0.000
0.000
0.000
0.000
0.000
0.000
0.000
0.000
0.234
0.235
0.234
0.234
0.235
0.234
0.000
0.000
0.000
0.000
0.000
0.000
0.000
0.000
0.000
0.000
0.000
0.000
0.000
0.000
0.000
0.000
0.000
0.000
0.000
0.000
0.000
0.000
-3.480
-3.481
0.234
0.235
0.234
0.235
0.235
0.234
-2.667
-2.668
-2.668
-2.668
-2.667
-2.668
-0.983
-0.983
-0.992
0.234
0.234
0.235
0.234
0.235
0.234
0.234
0.235
0.234
0.235
0.235
0.000
0.000
0.000
0.000
0.000
0.000
0.000
0.000
0.000
0.000
0.000
0.000
0.000
0.000
0.000
0.000
0.000
0.000
0.000
0.000
0.000
0.000
0.235
0.235
0.234
-0.838
-0.840
-0.836
0.235
0.234
0.234
0.235
0.234
0.234
0.235
0.234
0.234
0.234
0.234
0.234
0.234
0.234
0.234
0.235
0.235
0.235
0.234
0.235
0.234
0.234
0.235
0.235
-1.539
-1.539
-1.539
-1.539
-1.539
-1.539
-3.493
-3.534
-3.481
-3.490
-3.469
-3.475
-3.471
-3.492
-3.549
-4.987
-4.987
-5.116
-3.471
-3.471
-3.492
0.234
0.234
0.234
0.235
0.235
0.235
0.234
0.234
0.234
0.000
0.000
0.000
0.000
0.000
0.000
0.000
0.000
0.000
0.000
0.000
0.000
0.000
0.000
0.000
0.235
0.234
0.234
0.234
0.234
0.234
0.234
0.234
0.234
0.234
0.234
0.234
0.234
0.235
0.234
0.235
0.235
0.234
0.234
0.235
0.234
0.234
0.235
0.234
0.234
0.234
0.234
0.235
0.235
0.234
0.235
0.234
0.234
0.235
0.235
0.235
0.235
0.234
0.234
0.235
0.234
0.234
0.234
0.235
0.234
0.234
0.235
0.235
0.235
0.235
0.234
0.235
0.234
0.234
0.235
0.235
0.234
-0.835
-0.835
-0.835
0.235
0.235
0.235
0.234
0.235
0.234
0.235
0.235
0.235
0.235
0.234
0.234
0.234
0.234
0.235
0.234
0.234
0.234
0.235
0.234
0.235
0.235
0.235
0.235
-0.842
-0.840
-0.843
-0.842
-0.835
-0.842
0.234
0.235
0.234
0.234
0.234
0.234
0.234
0.234
0.235
-2.249
-2.226
-2.242
0.235
0.235
0.235
0.234
0.235
0.235
0.235
0.235
0.235
0.235
0.235
0.235
0.235
0.235
0.235
0.234
0.235
0.234
0.234
0.234
0.235
0.234
0.234
0.234
0.234
0.235
0.234
0.235
0.235
0.234
0.234
0.234
0.234
-0.837
-0.837
-0.839
0.235
0.235
0.235
0.234
0.235
0.234
0.234
0.235
0.235
0.234
0.235
0.234
0.234
0.234
0.235
0.235
0.235
0.234
0.235
0.235
0.235
0.234
0.234
0.234
0.235
0.235
0.235
0.235
0.235
0.234
0.234
0.235
0.235
0.235
0.235
0.234
0.235
0.234
0.234
0.235
0.235
0.234
0.235
0.235
0.235
0.235
0.235
0.235
0.234
0.235
0.235
0.235
0.235
0.235
0.235
0.235
0.234
0.235
0.234
0.234
0.234
0.234
0.234
0.235
0.234
0.234
0.234
0.234
0.234
0.234
0.235
0.234
0.000
0.000
0.000
0.000
0.000
0.000
0.000
0.000
0.000
0.235
0.235
0.234
0.234
0.235
0.234
0.234
0.235
0.235
0.234
0.234
0.234
0.234
0.235
0.235
0.234
0.234
0.235
0.235
0.234
0.235
0.234
0.235
0.234
0.235
0.235
0.235
0.235
0.235
0.234
0.234
0.234
0.235
0.235
0.235
0.235
0.234
0.235
0.234
0.234
0.234
0.235
0.235
0.235
0.234
0.234
0.235
0.235
0.234
0.234
0.235
0.234
0.234
0.234
0.235
0.235
0.234
0.235
0.234
0.235
0.235
0.234
0.235
-2.224
-2.225
-2.224
0.234
0.234
0.234
-3.294
-3.268
-3.263
0.235
0.234
0.234
0.234
0.235
0.234
-0.834
-0.839
-0.832
0.234
0.234
0.234
0.235
0.234
0.235
0.234
0.234
0.235
0.234
0.234
0.235
0.235
0.235
0.234
0.234
0.235
0.235
0.235
0.234
0.234
0.235
0.235
0.234
0.234
0.234
0.234
0.235
0.235
0.234
0.234
0.234
0.234
0.234
0.234
0.234
0.234
0.234
0.234
0.234
0.234
0.234
0.234
0.235
0.235
0.235
0.234
0.234
0.235
0.235
0.234
0.234
0.234
0.234
0.235
0.234
0.234
0.235
0.235
0.234
0.234
0.235
0.235
-2.057
-2.047
-2.068
0.000
0.000
0.000
0.000
0.000
0.000
0.235
0.235
0.234
0.234
0.234
0.234
0.234
0.235
0.234
0.234
0.235
0.234
0.235
0.235
0.234
0.234
0.235
0.234
0.234
0.234
0.234
0.235
0.235
0.234
0.234
0.235
0.234
-0.843
-0.842
-0.849
0.235
0.235
0.235
0.235
0.235
0.235
0.234
0.235
0.234
0.235
0.235
0.235
0.234
0.235
0.235
-0.843
-0.842
-0.844
0.235
0.235
0.235
0.234
0.234
0.234
0.235
0.235
0.235
0.235
0.235
0.234
0.235
0.235
0.234
0.235
0.235
0.235
0.234
0.234
0.234
-0.842
-0.835
-0.842
-0.912
-0.912
0.000
0.000
0.000
0.000
0.000
0.000
0.000
0.000
0.000
0.000
0.000
0.000
0.000
0.000
0.000
0.000
0.000
0.000
0.000
