fixedStep chrom=ENSGT00600000084564 start=1 step=1
0.166
0.166
0.166
0.166
0.166
0.166
0.166
0.166
0.166
0.166
0.166
0.166
0.166
0.166
0.166
0.166
0.166
0.166
0.166
0.166
0.166
0.166
0.166
0.166
0.166
0.166
0.166
0.166
0.166
0.166
0.166
0.166
0.166
0.166
0.166
0.166
0.166
0.166
0.166
0.166
0.166
0.166
0.166
0.166
0.166
0.166
0.166
0.166
0.166
0.166
0.166
0.166
0.166
0.166
0.166
0.166
0.166
0.166
0.166
0.166
0.166
0.166
0.166
0.166
0.166
0.166
0.166
0.166
0.166
0.166
0.166
0.166
0.166
0.166
0.166
0.166
0.166
0.166
0.166
0.166
0.166
0.166
0.166
0.166
0.166
0.166
0.166
0.166
0.166
0.166
0.166
0.166
0.166
0.166
0.166
0.166
0.166
0.166
0.166
0.166
0.166
0.166
0.166
0.166
0.166
0.166
0.166
0.166
0.166
0.166
0.166
0.166
0.166
0.166
0.166
0.166
0.166
0.166
0.166
0.166
0.166
0.166
0.166
0.166
0.166
0.166
0.166
0.166
0.166
0.166
0.166
0.166
0.166
0.166
0.166
0.166
0.166
0.166
0.166
0.166
0.166
0.166
0.166
0.166
0.166
0.166
0.166
0.166
0.166
0.166
0.166
0.166
0.166
0.166
0.166
0.166
0.166
0.166
0.166
0.166
0.166
0.166
-1.144
-1.144
-1.144
0.166
0.166
0.166
0.166
0.166
0.166
0.166
0.166
0.166
0.166
0.166
0.166
-1.283
-1.282
-1.252
-1.262
-1.262
-1.262
-1.262
-1.252
0.000
0.000
0.000
0.000
0.000
0.000
0.000
0.000
0.000
0.000
0.000
0.000
0.000
0.000
0.000
0.000
0.000
0.000
0.000
0.000
0.000
0.000
0.000
0.000
0.000
0.000
0.000
0.000
0.000
0.000
0.000
0.000
0.000
0.000
0.000
0.000
0.000
0.000
0.000
0.000
0.000
0.000
0.000
0.000
0.000
0.000
0.000
0.000
0.000
0.000
0.000
0.000
0.000
0.000
0.000
0.000
0.000
0.000
0.000
0.000
0.000
0.000
0.000
0.000
0.000
0.000
0.000
0.000
0.000
0.000
0.000
0.000
0.000
0.000
0.000
0.000
0.000
0.000
0.000
0.000
0.000
0.000
0.000
0.000
0.000
0.000
0.000
0.000
0.000
0.000
0.000
0.000
0.000
0.000
0.000
0.000
0.000
0.000
0.000
0.000
0.000
0.000
0.000
0.000
0.000
0.000
0.000
0.000
0.000
0.000
0.000
0.000
0.000
0.000
0.000
0.000
0.000
0.000
0.000
0.000
0.000
0.000
0.000
0.000
0.000
0.000
0.000
0.000
0.000
0.000
0.000
0.000
0.000
0.000
0.000
0.000
0.000
0.000
0.000
0.000
0.000
0.000
0.000
0.000
0.000
