fixedStep chrom=ENSGT00390000004850 start=1 step=1
0.098
0.098
0.098
0.098
0.098
0.098
0.098
0.098
0.098
0.098
0.098
0.098
0.098
0.098
0.098
0.098
0.098
0.098
0.098
0.098
0.098
0.098
0.098
0.098
0.098
0.098
0.098
0.098
0.098
0.098
0.098
0.098
0.098
0.098
0.098
0.098
0.098
0.098
0.098
0.098
0.098
0.098
0.098
0.098
0.098
0.098
0.098
0.098
0.098
0.098
0.098
0.098
0.098
0.098
0.098
0.098
0.098
0.098
0.098
0.098
0.098
0.098
0.098
0.098
0.098
0.098
0.098
0.098
0.098
-3.240
-3.241
-3.242
-3.240
-3.242
-3.241
-3.241
-3.242
-3.241
0.098
0.098
0.098
0.098
0.098
0.098
0.098
0.098
0.098
0.098
0.098
0.098
0.098
0.098
0.098
0.098
0.098
0.098
0.098
0.098
0.098
0.098
0.098
0.098
0.098
0.098
0.098
0.098
0.098
0.098
0.098
0.098
0.098
0.098
0.098
0.098
0.098
0.098
0.098
0.098
0.098
0.098
0.098
0.098
0.098
0.098
0.098
0.098
0.098
0.098
0.098
0.098
0.098
0.098
0.098
0.098
0.098
0.098
0.098
0.098
0.098
0.098
0.098
0.098
0.098
0.098
0.098
0.098
0.098
0.098
0.098
0.098
0.098
0.098
0.098
0.098
0.098
0.098
0.098
0.098
0.098
0.098
0.098
0.098
0.098
0.098
0.098
0.098
0.098
0.098
0.098
0.098
0.098
0.098
0.098
0.098
0.098
0.098
0.098
0.098
0.098
0.098
0.098
0.098
0.098
0.098
0.098
0.098
0.098
0.098
0.098
0.098
0.098
0.098
0.098
0.098
0.098
0.098
0.098
0.098
0.098
0.098
0.098
0.098
0.098
0.098
0.098
0.098
0.098
0.098
0.098
0.098
0.098
0.098
0.098
0.098
0.098
0.098
0.098
0.098
0.098
0.098
0.098
0.098
0.098
0.098
0.098
0.098
0.098
0.098
0.098
0.098
0.098
0.098
0.098
0.098
0.098
0.098
0.098
0.098
0.098
0.098
0.098
0.098
0.098
0.098
0.098
0.098
0.098
0.098
0.098
0.098
0.098
0.098
0.098
0.098
0.098
0.098
0.098
0.098
0.098
0.098
0.098
0.098
0.098
0.098
0.098
0.098
0.098
0.098
0.098
0.098
0.098
0.098
0.098
0.098
0.098
0.098
0.098
0.098
0.098
0.098
0.098
0.098
0.098
0.098
0.098
0.098
0.098
0.098
0.098
0.098
0.098
0.098
0.098
0.098
0.098
0.098
0.098
0.098
0.098
0.098
0.098
0.098
0.098
0.098
0.098
0.098
0.098
0.098
0.098
0.098
0.098
0.098
0.098
0.098
0.098
0.098
0.098
0.098
0.098
0.098
0.098
0.098
0.098
0.098
0.098
0.098
0.098
0.098
0.098
0.098
0.098
0.098
0.098
0.098
0.098
0.098
0.098
0.098
0.098
0.098
0.098
0.098
0.098
0.098
0.098
0.098
0.098
0.098
0.098
0.098
0.098
0.098
0.098
0.098
0.098
0.098
0.098
0.098
0.098
0.098
0.098
0.098
0.098
0.098
0.098
0.098
0.098
0.098
0.098
0.098
0.098
0.098
0.098
0.098
0.098
0.000
0.000
0.000
0.000
0.000
0.000
0.000
0.000
0.000
0.098
0.098
0.098
0.098
0.098
0.098
0.098
0.098
0.098
0.098
0.098
0.098
0.098
0.098
0.098
0.098
0.098
0.098
0.098
0.098
0.098
0.098
0.098
0.098
0.098
0.098
0.098
0.098
0.098
0.098
0.098
0.098
0.098
0.098
0.098
0.098
0.098
0.098
0.098
0.098
0.098
0.098
0.098
0.098
0.098
0.098
0.098
0.098
0.098
0.098
0.098
0.098
0.098
0.098
0.098
0.098
0.098
0.098
0.098
0.098
0.098
0.098
0.098
0.098
0.098
0.098
0.098
0.098
0.098
0.098
0.098
0.098
0.098
0.098
0.098
0.098
0.098
0.098
0.098
0.098
0.098
0.098
0.098
0.098
0.098
0.098
0.098
0.098
0.098
0.098
0.098
0.098
0.098
0.098
0.098
0.098
0.098
0.098
0.098
0.098
0.098
0.098
0.098
0.098
0.098
-1.927
-1.929
-1.894
-1.894
-1.894
-1.894
-2.139
-2.139
-2.139
0.098
0.098
0.098
0.098
0.098
0.098
0.098
0.098
0.098
0.098
0.098
0.098
0.098
0.098
0.098
0.098
0.098
0.098
0.098
0.098
0.098
0.098
0.098
0.098
0.098
0.098
0.098
0.098
0.098
0.098
0.098
0.098
0.098
0.098
0.098
0.098
0.098
0.098
0.098
0.098
0.098
0.098
0.098
0.098
0.098
0.098
0.098
0.098
0.098
0.098
0.098
0.098
0.098
0.098
0.098
0.098
0.098
-2.149
-2.167
-2.139
-2.139
-2.139
-2.146
0.098
0.098
0.098
0.098
0.098
0.098
0.098
0.098
0.098
0.098
0.098
0.098
0.098
0.098
0.098
0.098
0.098
0.098
0.098
0.098
0.098
0.098
0.098
0.098
0.098
0.098
0.098
0.098
0.098
0.098
0.098
0.098
0.098
0.098
0.098
0.098
0.098
0.098
0.098
0.098
0.098
0.098
0.098
0.098
0.098
0.098
0.098
0.098
0.098
0.098
0.098
0.098
0.098
0.098
0.098
0.098
0.098
0.098
0.098
0.098
0.098
0.098
0.098
0.098
0.098
0.098
0.098
0.098
0.098
0.098
0.098
0.098
0.098
0.098
0.098
0.098
0.098
0.098
0.098
0.098
0.098
0.098
0.098
0.098
0.098
0.098
0.098
0.098
0.098
0.098
0.098
0.098
0.098
0.098
0.098
0.098
0.098
0.098
0.098
-2.879
-2.879
-2.876
-2.877
-2.876
-2.879
0.098
0.098
0.098
0.098
0.098
0.098
0.098
0.098
0.098
0.098
0.098
0.098
0.098
0.098
0.098
0.098
0.098
0.098
0.098
0.098
0.098
0.098
0.098
0.098
0.098
0.098
0.098
0.098
0.098
0.098
0.098
0.098
0.098
0.098
0.098
0.098
0.098
0.098
0.098
0.098
0.098
0.098
0.098
0.098
0.098
0.098
0.098
0.098
0.098
0.098
0.098
0.098
0.098
0.098
0.098
0.098
0.098
0.098
0.098
0.098
0.098
0.098
0.098
0.098
0.098
0.098
0.098
0.098
0.098
0.098
0.098
0.098
0.098
0.098
0.098
0.098
0.098
0.098
0.098
0.098
0.098
0.098
0.098
0.098
0.098
0.098
0.098
0.098
0.098
0.098
0.098
0.098
0.098
0.098
0.098
0.098
0.098
0.098
0.098
0.098
0.098
0.098
0.098
0.098
0.098
0.098
0.098
0.098
0.098
0.098
0.098
