fixedStep chrom=ENSGT00390000015820 start=1 step=1
0.101
0.101
0.101
0.101
0.101
0.101
0.101
0.101
0.101
0.101
0.101
0.101
0.101
0.101
0.101
0.101
0.101
0.101
-1.897
-1.897
-1.897
0.101
0.101
0.101
0.101
0.101
0.101
0.101
0.101
0.101
0.101
0.101
0.101
0.101
0.101
0.101
0.101
0.101
0.101
0.101
0.101
0.101
0.101
0.101
0.101
-1.650
-1.651
-1.628
-1.651
-1.628
-1.628
-1.664
-1.651
-1.628
-1.636
-1.628
-1.635
-1.638
-1.658
-1.628
-1.628
-1.636
-1.635
-1.636
-1.628
-1.628
0.101
0.101
0.101
0.101
0.101
0.101
0.101
0.101
0.101
0.101
0.101
0.101
0.101
0.101
0.101
0.101
0.101
0.101
0.101
0.101
0.101
0.101
0.101
0.101
0.101
0.101
0.101
0.101
0.101
0.101
0.101
0.101
0.101
0.101
0.101
0.101
0.101
0.101
0.101
0.101
0.101
0.101
0.101
0.101
0.101
0.101
0.101
0.101
0.101
0.101
0.101
0.101
0.101
0.101
0.101
0.101
0.101
0.101
0.101
0.101
0.101
0.101
0.101
0.101
0.101
0.101
0.101
0.101
0.101
0.101
0.101
0.101
0.101
0.101
0.101
0.101
0.101
0.101
0.101
0.101
0.101
0.101
0.101
0.101
0.101
0.101
0.101
0.101
0.101
0.101
0.101
0.101
0.101
0.101
0.101
0.101
0.101
0.101
0.101
0.101
0.101
0.101
0.101
0.101
0.101
-2.075
-1.897
-2.074
0.101
0.101
0.101
0.101
0.101
0.101
0.101
0.101
0.101
0.101
0.101
0.101
0.101
0.101
0.101
0.101
0.101
0.101
0.101
0.101
0.101
0.101
0.101
0.101
0.101
0.101
0.101
0.101
0.101
0.101
0.101
0.101
0.101
0.101
0.101
0.101
0.101
0.101
0.101
0.101
0.101
0.101
0.101
0.101
0.101
0.101
0.101
0.101
0.101
0.101
0.101
0.101
0.101
0.101
0.101
0.101
0.101
0.101
0.101
0.101
0.101
0.101
0.101
0.101
0.101
0.101
0.101
0.101
0.101
0.101
0.101
0.101
0.101
0.101
0.101
0.101
0.101
0.101
0.101
0.101
0.101
0.101
0.101
0.101
0.101
0.101
0.101
0.101
0.101
0.101
0.101
0.101
0.101
0.101
0.101
0.101
0.101
0.101
0.101
0.101
0.101
0.101
0.101
0.101
0.101
0.101
0.101
0.101
0.101
0.101
0.101
0.101
0.101
0.101
0.101
0.101
0.101
0.101
0.101
0.101
0.101
0.101
0.101
0.101
0.101
0.101
0.101
0.101
0.101
0.101
0.101
0.101
0.101
0.101
0.101
0.101
0.101
0.101
0.101
0.101
0.101
0.101
0.101
0.101
0.101
0.101
0.101
0.101
0.101
0.101
0.101
0.101
0.101
0.101
0.101
0.101
0.101
0.101
0.101
0.101
0.101
0.101
0.101
0.101
0.101
0.101
0.101
0.101
0.101
0.101
0.101
0.101
0.101
0.101
0.101
0.101
0.101
0.101
0.101
0.101
0.101
0.101
0.101
0.101
0.101
0.101
0.101
0.101
0.101
0.101
0.101
0.101
0.101
0.101
0.101
0.101
0.101
0.101
0.101
0.101
0.101
0.101
0.101
0.101
0.101
0.101
0.101
0.101
0.101
0.101
0.101
0.101
0.101
0.101
0.101
0.101
0.101
0.101
0.101
0.101
0.101
0.101
0.101
0.101
0.101
0.101
0.101
0.101
0.101
0.101
0.101
0.101
0.101
0.101
0.101
0.101
0.101
0.101
0.101
0.101
0.101
0.101
0.101
0.101
0.101
0.101
0.101
0.101
0.101
0.101
0.101
0.101
0.101
0.101
0.101
0.101
0.101
0.101
0.101
0.101
0.101
0.101
0.101
0.101
0.101
0.101
0.101
0.101
0.101
0.101
0.101
0.101
0.101
0.101
0.101
0.101
0.101
0.101
0.101
0.101
0.101
0.101
0.101
0.101
0.101
0.101
0.101
0.101
0.101
0.101
0.101
0.101
0.101
0.101
0.101
0.101
0.101
0.101
0.101
0.101
0.101
0.101
0.101
0.101
0.101
0.101
0.101
0.101
0.101
0.101
0.101
0.101
0.101
0.101
0.101
0.101
0.101
0.101
0.101
0.101
0.101
0.101
0.101
0.101
0.101
0.101
0.101
0.101
0.101
0.101
0.101
0.101
0.101
0.101
0.101
0.101
0.101
0.101
0.101
0.101
0.101
0.101
0.101
0.101
0.101
0.101
0.101
0.101
0.101
0.101
0.101
0.101
0.101
0.101
0.101
0.101
0.101
0.101
0.101
0.101
0.101
0.101
0.101
0.101
0.101
0.101
0.101
0.101
0.101
0.101
0.101
0.101
0.101
0.101
0.101
0.101
0.101
0.101
0.101
0.101
0.101
0.101
0.101
0.101
0.101
0.101
0.101
0.101
0.101
0.101
0.101
0.101
0.101
0.101
0.101
0.101
0.101
0.101
0.101
0.101
0.101
0.101
0.101
0.101
0.101
0.101
0.101
0.101
0.101
0.101
0.101
0.101
0.101
0.101
0.101
0.101
0.101
0.101
0.101
0.101
0.101
0.101
0.101
0.101
0.101
0.101
0.101
0.101
0.101
-1.628
-1.628
-1.628
-2.882
-2.879
-2.882
-1.636
-1.628
-1.637
-1.628
-1.628
-1.637
0.101
0.101
0.101
0.101
0.101
0.101
0.101
0.101
0.101
0.101
0.101
0.101
0.101
0.101
0.101
0.101
0.101
0.101
0.101
0.101
0.101
0.101
0.101
0.101
0.101
0.101
0.101
0.101
0.101
0.101
0.101
0.101
0.101
0.101
0.101
0.101
0.101
0.101
0.101
0.101
0.101
0.101
0.101
0.101
0.101
0.101
0.101
0.101
0.101
0.101
0.101
0.101
0.101
0.101
0.101
0.101
0.101
