fixedStep chrom=ENSGT00390000004770 start=1 step=1
0.000
0.000
0.000
0.000
0.000
0.000
0.000
0.000
0.000
0.000
0.000
0.000
0.000
0.000
0.000
0.000
0.000
0.000
0.000
0.000
0.000
0.000
0.000
0.000
0.000
0.000
0.000
0.000
0.000
0.000
0.000
0.000
0.000
0.000
0.000
0.000
0.000
0.000
0.000
0.000
0.000
0.000
0.000
0.000
0.000
0.000
0.000
0.000
0.000
0.000
0.000
0.000
0.000
0.000
0.000
0.000
0.000
0.000
0.000
0.000
0.000
0.000
0.000
0.000
0.000
0.000
0.000
0.000
0.000
0.000
0.000
0.000
0.000
0.000
0.000
0.000
0.000
0.000
0.000
0.000
0.000
0.000
0.000
0.000
0.000
0.000
0.000
0.000
0.000
0.000
0.000
0.000
0.000
0.000
0.000
0.000
0.000
0.000
0.000
0.000
0.000
0.000
0.000
0.000
0.000
0.000
0.000
0.000
0.000
0.000
0.000
0.000
0.000
0.000
0.000
0.000
0.000
0.000
0.000
0.000
0.000
0.000
0.000
0.000
0.000
0.000
0.000
0.000
0.000
0.000
0.000
0.000
0.000
0.000
0.000
0.000
0.000
0.000
0.129
0.129
0.129
0.129
0.129
0.129
0.129
0.129
0.129
0.129
0.129
0.129
0.129
0.129
0.129
0.129
0.129
0.129
0.129
0.129
0.129
0.129
0.129
0.129
0.129
0.129
0.129
0.129
0.129
0.129
0.129
0.129
0.129
0.129
0.129
0.129
0.129
0.129
0.129
0.129
0.129
0.129
0.129
0.129
0.129
0.129
0.129
0.129
0.129
0.129
0.129
0.129
0.129
0.129
0.129
0.129
0.129
0.129
0.129
0.129
0.129
0.129
0.129
0.129
0.129
0.129
0.129
0.129
0.129
0.129
0.129
0.129
0.129
0.129
0.129
0.129
0.129
0.129
0.129
0.129
0.129
0.129
0.129
0.129
0.129
0.129
0.129
0.129
0.129
0.129
0.129
0.129
0.129
0.129
0.129
0.129
0.129
0.129
0.129
0.129
0.129
0.129
0.129
0.129
0.129
0.129
0.129
0.129
0.129
0.129
0.129
0.129
0.129
0.129
0.129
0.129
0.129
0.129
0.129
0.129
0.129
0.129
0.129
0.129
0.129
0.129
-1.370
-1.337
-1.347
0.129
0.129
0.129
0.129
0.129
0.129
0.129
0.129
0.129
0.129
0.129
0.129
0.129
0.129
0.129
0.129
0.129
0.129
0.129
0.129
0.129
0.129
0.129
0.129
0.129
0.129
0.129
0.129
0.129
0.129
0.129
0.129
0.129
0.129
0.129
0.129
0.129
0.129
0.129
0.129
0.129
0.129
0.129
0.129
0.129
0.129
0.129
0.129
-2.352
-2.348
-2.344
0.129
0.129
0.129
0.129
0.129
0.129
0.129
0.129
0.129
0.129
0.129
0.129
0.129
0.129
0.129
0.129
0.129
0.129
0.129
0.129
0.129
0.129
0.129
0.129
0.129
0.129
0.129
-3.260
-3.051
-3.052
0.129
0.129
0.129
0.129
0.129
0.129
0.129
0.129
0.129
0.129
0.129
0.129
0.129
0.129
0.129
0.129
0.129
0.129
0.129
0.129
0.129
0.129
0.129
0.129
0.129
0.129
0.129
0.129
0.129
0.129
0.129
0.129
0.129
0.129
0.129
0.129
0.129
0.129
0.129
0.000
0.000
0.000
0.000
0.000
0.000
0.000
0.000
0.000
0.129
0.129
0.129
0.129
0.129
0.129
0.129
0.129
0.129
0.129
0.129
0.129
0.129
0.129
0.129
0.129
0.129
0.129
0.129
0.129
0.129
0.129
0.129
0.129
0.129
0.129
0.129
0.129
0.129
0.129
0.129
0.129
0.129
0.129
0.129
0.129
0.129
0.129
0.129
0.129
0.129
0.129
0.129
0.129
0.129
0.129
0.129
0.129
-1.402
-1.377
-1.366
0.129
0.129
0.129
0.129
0.129
0.129
0.129
0.129
0.129
0.129
0.129
0.129
-2.760
-2.760
-2.760
0.129
0.129
0.129
0.129
0.129
0.129
0.129
0.129
0.129
0.129
0.129
0.129
0.129
0.129
0.129
0.129
0.129
0.129
0.129
0.129
0.129
0.129
0.129
0.129
0.129
0.129
0.129
0.129
0.129
0.129
0.129
0.129
0.129
0.129
0.129
0.129
0.129
0.129
0.129
0.129
0.129
0.129
0.129
0.129
0.129
0.129
0.129
0.129
0.129
0.129
0.129
0.129
0.129
0.129
0.129
0.129
0.129
0.129
0.129
0.129
0.129
0.129
0.129
0.129
0.129
0.129
0.129
0.129
0.129
0.129
0.129
0.129
0.129
0.129
0.129
0.129
0.129
0.129
0.129
0.129
0.129
0.129
0.129
0.129
0.129
0.129
0.129
0.129
0.129
0.129
0.129
0.129
0.129
0.129
0.129
0.129
0.129
0.129
0.129
0.129
0.129
0.129
0.129
0.129
0.129
0.129
0.129
0.129
0.129
0.129
0.129
0.129
0.129
0.129
0.129
0.129
0.129
0.129
0.129
0.129
0.129
0.129
0.129
0.129
0.129
0.129
0.129
0.129
0.129
0.129
0.129
0.129
0.129
0.129
0.129
0.129
0.129
0.129
0.129
0.129
0.129
0.129
0.129
0.129
0.129
0.129
0.129
0.129
0.129
0.129
0.129
0.129
0.129
0.129
0.129
0.129
0.129
0.129
0.129
0.129
0.129
0.129
0.129
0.129
0.129
0.129
0.129
0.129
0.129
0.129
0.129
0.129
0.129
0.129
0.129
0.129
0.129
0.129
0.129
0.129
0.129
0.129
0.129
0.129
0.129
0.129
0.129
0.129
0.129
0.129
0.129
0.129
0.129
0.129
0.129
0.129
0.129
0.129
0.129
0.129
0.129
0.129
0.129
0.129
0.129
0.129
0.129
