fixedStep chrom=ENSGT00390000003668 start=1 step=1
0.130
0.130
0.130
0.130
0.130
0.129
0.130
0.130
0.129
0.130
0.130
0.130
0.130
0.130
0.130
0.130
0.130
0.129
0.130
0.130
0.129
0.130
0.130
0.129
0.130
0.130
0.130
0.130
0.130
0.130
0.129
0.130
0.130
0.130
0.130
0.130
0.130
0.129
0.130
0.130
0.129
0.130
0.130
0.130
0.129
0.130
0.130
0.130
0.130
0.130
0.129
0.130
0.129
0.130
0.130
0.130
0.130
0.130
0.130
0.129
0.130
0.129
0.130
0.130
0.130
0.130
0.129
0.130
0.130
0.129
0.130
0.129
0.129
0.130
0.130
0.130
0.130
0.130
0.000
0.000
0.000
0.000
0.000
0.000
0.000
0.000
0.000
0.000
0.000
0.000
0.130
0.130
0.130
0.130
0.130
0.129
0.130
0.130
0.129
0.130
0.130
0.129
0.130
0.130
0.129
0.130
0.130
0.130
0.130
0.130
0.129
0.130
0.130
0.130
0.130
0.130
0.130
0.130
0.130
0.130
0.130
0.130
0.130
0.130
0.130
0.130
0.130
0.130
0.129
0.130
0.130
0.130
0.130
0.130
0.130
0.130
0.130
0.129
0.130
0.130
0.130
0.130
0.130
0.130
0.130
0.130
0.130
0.129
0.130
0.130
0.130
0.129
0.130
0.130
0.129
0.130
0.130
0.129
0.130
0.130
0.129
0.129
0.130
0.130
0.130
0.130
0.130
0.129
0.130
0.130
0.130
0.130
0.129
0.130
0.130
0.129
0.130
0.130
0.130
0.130
0.130
0.130
0.130
0.130
0.130
0.129
0.130
0.130
0.130
0.130
0.130
0.129
0.129
0.130
0.130
0.130
0.130
0.129
0.130
0.130
0.130
0.130
0.129
0.130
0.130
0.130
0.130
0.130
0.130
0.130
0.129
0.130
0.129
0.130
0.130
0.130
0.130
0.130
0.129
0.130
0.130
0.130
0.130
0.130
0.129
0.130
0.130
0.129
0.129
0.129
0.130
0.130
0.130
0.130
0.129
0.130
0.129
0.129
0.130
0.130
0.129
0.129
0.130
0.130
0.129
0.130
0.130
0.130
0.130
0.130
0.129
0.130
0.130
0.130
0.129
0.130
0.130
0.130
0.129
0.130
0.130
0.130
0.129
0.130
0.129
0.129
0.130
0.129
0.130
0.129
0.129
0.129
0.130
0.130
0.130
0.129
0.129
0.129
0.129
0.129
0.129
0.129
0.129
0.129
0.129
0.130
0.130
0.130
0.129
0.129
0.129
0.130
0.129
0.129
0.129
0.129
0.129
0.129
0.129
0.130
0.129
0.130
0.130
0.130
0.129
0.129
0.129
0.129
0.129
0.130
0.129
0.130
0.130
0.130
0.130
0.129
0.129
0.130
0.130
0.129
0.130
0.129
0.129
0.130
0.129
0.130
0.129
0.130
0.130
0.129
0.130
0.130
0.129
0.130
0.130
0.129
0.129
0.130
0.130
0.129
0.130
0.129
0.129
0.130
0.130
0.129
0.129
0.129
0.129
0.130
0.129
0.129
0.130
0.129
0.129
0.129
0.129
0.129
0.129
0.129
0.129
0.129
0.129
0.129
0.130
0.130
0.129
0.129
0.129
0.130
0.129
0.129
0.129
0.129
0.129
0.129
0.129
0.129
0.130
0.129
0.129
0.129
0.129
0.129
0.129
0.130
0.130
0.129
0.129
0.129
0.129
0.129
0.129
0.129
0.129
0.129
0.129
0.129
0.130
0.129
0.129
0.129
0.129
0.129
0.129
0.130
0.130
0.129
0.129
0.129
0.129
0.129
0.130
0.130
0.130
0.130
0.129
0.130
0.130
0.129
0.129
0.129
0.130
0.130
0.129
0.129
0.129
0.129
0.129
0.129
0.129
0.129
0.129
0.129
0.129
0.129
0.129
0.129
0.129
0.130
0.129
0.129
0.129
0.129
0.129
0.130
0.129
0.129
0.129
0.129
0.129
0.130
0.129
0.130
0.129
0.129
0.130
0.129
0.129
0.129
0.130
0.129
0.129
0.130
0.129
0.129
0.129
0.129
0.129
0.129
0.129
0.129
0.129
0.129
0.129
0.129
0.129
0.130
0.129
0.129
0.129
0.129
0.129
0.130
0.130
0.129
0.130
0.130
0.130
0.129
0.129
0.129
0.130
0.130
0.129
0.130
0.130
0.129
0.130
0.130
0.129
0.129
0.130
0.129
0.130
0.129
0.129
0.129
0.130
0.130
0.129
0.130
0.129
0.129
0.129
0.130
0.129
0.129
0.129
-2.256
-2.256
-2.256
0.129
0.130
0.129
0.129
0.130
0.129
0.129
0.129
0.130
0.130
0.129
0.130
0.129
0.130
0.129
0.129
0.129
0.130
0.130
0.130
0.130
0.129
0.129
0.129
0.129
0.129
0.129
0.129
0.129
0.129
0.130
0.129
0.129
-1.417
-1.417
-1.417
-1.422
-1.417
-1.417
-1.417
-1.417
-1.417
-1.417
-1.419
-1.417
-1.417
-1.417
-1.424
-1.417
-1.417
-1.417
0.130
0.129
0.129
0.130
0.130
0.130
0.129
0.129
0.129
0.129
0.129
0.129
0.130
0.130
0.129
0.129
0.129
0.129
0.129
0.129
0.130
0.130
0.129
0.129
0.129
0.129
0.130
0.129
0.129
0.129
0.129
0.130
0.129
0.129
0.129
0.129
0.129
0.130
0.130
0.129
0.129
0.130
0.129
0.130
0.130
0.129
0.130
0.129
0.130
0.129
0.130
0.129
0.129
0.130
0.129
0.129
0.129
0.129
0.130
0.130
0.130
0.129
0.129
0.130
0.130
0.129
0.129
0.130
0.129
0.130
0.129
0.129
0.130
0.130
0.130
0.130
0.130
0.129
0.129
0.130
0.130
0.129
0.130
0.129
0.129
0.130
0.129
0.130
0.129
0.129
0.129
0.129
0.129
0.129
0.130
0.129
0.130
0.129
0.129
0.129
0.129
0.129
0.130
0.130
0.130
0.129
0.129
0.129
0.129
0.130
0.129
0.130
0.130
0.129
0.130
0.130
0.129
0.129
0.129
0.129
0.129
0.129
0.129
0.130
0.129
0.129
0.129
0.129
0.130
0.129
0.130
0.129
0.130
0.130
0.129
0.130
0.130
0.130
0.130
0.130
0.130
0.130
0.129
0.129
0.129
0.130
0.129
0.130
0.130
0.130
0.129
0.129
0.130
0.130
0.130
0.130
0.129
0.129
0.129
0.129
0.129
0.130
0.130
0.129
0.129
0.129
0.129
0.130
0.130
0.130
0.130
0.130
0.130
0.130
0.130
0.130
0.130
0.130
0.130
0.130
0.129
0.129
0.130
0.130
0.130
0.130
0.129
0.129
0.130
0.130
0.130
0.130
0.130
0.129
0.129
0.130
0.130
0.130
0.130
0.129
0.130
0.130
0.130
0.130
0.129
0.130
0.129
0.130
0.130
0.130
0.130
0.130
0.130
0.129
0.130
0.130
0.130
0.130
0.129
0.130
0.129
0.129
0.129
0.129
0.129
0.129
0.130
0.130
0.129
0.130
0.130
0.130
0.130
0.129
0.130
0.130
0.130
0.130
0.129
0.130
0.130
0.130
0.129
0.130
0.130
0.130
0.130
0.130
0.129
0.129
0.130
0.129
0.130
0.130
0.130
0.129
0.129
0.129
0.129
0.130
0.129
0.130
0.129
0.129
-2.951
-2.929
-2.951
-9.376
-9.374
-9.439
0.129
0.129
0.129
0.130
0.129
0.129
0.129
0.129
0.129
0.129
0.129
0.129
0.129
0.129
0.130
0.130
0.129
0.129
0.129
0.129
0.129
0.129
0.129
0.129
0.129
0.130
0.130
-1.333
-1.335
-1.334
0.129
0.129
0.130
0.129
0.130
0.129
0.129
0.130
0.129
0.130
0.130
0.130
0.129
0.130
0.130
0.129
0.129
0.130
0.129
0.129
0.129
0.130
0.129
0.130
0.130
0.130
0.130
0.130
0.130
0.130
0.130
0.130
0.129
-1.357
-1.357
-1.354
-3.983
-4.174
-3.891
0.130
0.129
0.130
0.130
0.130
0.130
0.129
0.130
0.130
0.130
0.129
0.130
0.129
0.130
0.130
0.130
0.129
0.130
0.129
0.130
0.129
0.129
0.130
0.130
0.130
0.130
0.130
-3.021
-3.021
-3.021
0.129
0.130
0.129
0.129
0.129
0.129
0.129
0.129
0.129
0.129
0.129
0.129
0.130
0.129
0.130
0.130
0.129
0.129
0.129
0.129
0.129
0.129
0.129
0.129
0.130
0.129
0.129
0.129
0.129
0.129
0.129
0.129
0.130
0.129
0.129
0.129
0.129
0.129
0.130
-1.557
-1.552
-1.558
-1.558
-1.563
-1.551
-1.360
-1.358
-1.354
-1.354
-1.358
-1.359
0.130
0.129
0.130
0.129
0.129
0.129
0.130
0.130
0.130
0.129
0.129
0.129
0.129
0.129
0.129
0.129
0.130
0.130
0.129
0.130
0.130
-3.147
-3.162
-3.147
-8.559
-8.054
-8.011
-5.648
-5.389
-5.389
-1.371
-1.375
-1.363
-3.983
-4.169
-4.212
0.130
0.129
0.129
0.129
0.129
0.129
-1.833
-1.861
-1.866
-1.664
-1.668
-1.651
-1.338
-1.353
-1.352
0.129
0.129
0.129
0.129
0.129
0.130
0.129
0.129
0.129
0.129
0.129
0.130
0.129
0.129
0.129
0.129
0.129
0.129
0.129
0.129
0.130
0.130
0.130
0.129
0.129
0.130
0.130
0.130
0.129
0.130
0.130
0.129
0.129
0.130
0.130
0.130
0.130
0.130
0.129
0.130
0.129
0.130
0.130
0.130
0.130
0.130
0.130
0.130
0.130
0.130
0.130
0.130
0.129
0.130
0.129
0.130
0.130
-1.351
-1.344
-1.344
0.130
0.130
0.130
0.130
0.130
0.130
0.130
0.130
0.130
0.130
0.130
0.130
0.130
0.129
0.130
0.000
0.000
0.000
0.000
0.000
0.000
0.000
0.000
0.000
0.000
0.000
0.000
0.000
0.000
0.000
0.000
0.000
0.000
