fixedStep chrom=ENSGT00390000018468 start=1 step=1
0.000
0.000
0.000
0.000
0.000
0.000
0.000
0.000
0.000
0.000
0.000
0.000
0.000
0.000
0.000
-0.632
-0.548
-0.460
0.239
0.239
0.239
0.239
0.239
0.239
0.239
0.239
0.239
0.239
0.239
0.239
0.239
0.239
0.239
0.239
0.239
0.239
0.239
0.239
0.239
0.239
0.239
0.239
0.239
0.239
0.239
0.239
0.239
0.239
0.239
0.239
0.239
0.239
0.239
0.239
-0.912
-0.912
-0.901
-0.901
-0.912
-0.912
-0.901
-0.901
-0.901
-0.901
-0.912
-0.904
0.239
0.239
0.239
0.239
0.239
0.239
0.239
0.239
0.239
0.239
0.239
0.239
0.239
0.239
0.239
0.239
0.239
0.239
0.239
0.239
0.239
0.239
0.239
0.239
0.239
0.239
0.239
0.239
0.239
0.239
0.239
0.239
0.239
0.239
0.239
0.239
0.239
0.239
0.239
0.239
0.239
0.239
0.239
0.239
0.239
0.239
0.239
0.239
0.239
0.239
0.239
0.239
0.239
0.239
0.239
0.239
0.239
0.239
0.239
0.239
0.239
0.239
0.239
0.239
0.239
0.239
0.239
0.239
0.239
0.239
0.239
0.239
0.239
0.239
0.239
0.239
0.239
0.239
0.239
0.239
0.239
0.239
0.239
0.239
0.239
0.239
0.239
0.239
0.239
0.239
0.239
0.239
0.239
0.239
0.239
0.239
0.239
0.239
0.239
0.239
0.239
0.239
0.239
0.239
0.239
0.239
0.239
0.239
0.239
0.239
0.239
0.239
0.239
0.239
0.239
0.239
0.239
0.239
0.239
0.239
0.239
0.239
0.239
0.239
0.239
0.239
0.239
0.239
0.239
0.239
0.239
0.239
0.239
0.239
0.239
0.239
0.239
0.239
0.239
0.239
0.239
0.239
0.239
0.239
0.239
0.239
0.239
0.239
0.239
0.239
0.239
0.239
0.239
0.239
0.239
0.239
0.239
0.239
0.239
0.239
0.239
0.239
0.239
0.239
0.239
0.239
0.239
0.239
0.239
0.239
0.239
0.239
0.239
0.239
0.239
0.239
0.239
0.239
0.239
0.239
0.239
0.239
0.239
0.239
0.239
0.239
0.239
0.239
0.239
-0.821
-0.824
0.000
