fixedStep chrom=ENSGT00730000111772 start=1 step=1
0.158
0.158
0.158
0.158
0.158
0.158
0.157
0.157
0.158
0.158
0.158
0.158
0.158
0.158
0.158
0.157
0.158
0.157
0.158
0.158
0.158
0.158
0.158
0.157
0.158
0.158
0.158
0.158
0.158
0.157
-3.092
-3.092
-3.129
-2.472
-2.471
-2.472
0.158
0.158
0.158
0.158
0.158
0.158
0.158
0.158
0.158
0.158
0.158
0.157
0.158
0.158
0.158
0.158
0.158
0.157
0.158
0.158
0.158
0.158
0.158
0.158
0.158
0.158
0.158
0.158
0.158
0.158
0.158
0.158
0.158
0.158
0.158
0.158
0.158
0.158
0.158
0.158
0.157
0.158
0.158
0.158
0.158
0.158
0.158
0.158
-1.225
-1.232
-1.247
-1.225
-1.225
-1.232
-1.225
-1.234
-1.228
-1.249
-1.230
-1.247
0.158
0.158
0.158
-1.261
-1.243
-1.250
0.158
0.158
0.158
0.158
0.158
0.157
0.158
0.158
0.158
0.158
0.158
0.158
0.158
0.158
0.158
0.158
0.158
0.158
0.158
0.158
0.158
0.158
0.158
0.158
0.158
0.158
0.158
0.157
0.157
0.158
0.158
0.158
0.158
0.158
0.158
0.158
0.158
0.158
0.158
0.157
0.157
0.158
0.158
0.158
0.158
0.157
0.158
0.158
0.158
0.158
0.158
0.158
0.158
0.158
0.158
0.158
0.158
0.158
0.158
0.158
0.158
0.158
0.158
-1.243
-1.249
-1.243
-1.243
-1.243
-1.243
-1.247
-1.247
-1.225
-1.228
-1.225
-1.233
-1.232
-1.225
-1.230
-1.249
-1.248
-1.232
0.158
0.158
0.158
0.158
0.158
0.158
0.158
0.158
0.157
0.157
0.158
0.158
0.158
0.158
0.158
0.158
0.158
0.158
0.158
0.158
0.158
0.158
0.158
0.158
0.157
0.158
0.158
0.158
0.158
0.158
0.158
0.158
0.158
0.158
0.158
0.158
0.158
0.158
0.158
0.158
0.158
0.158
0.158
0.158
0.158
0.158
0.158
0.158
0.158
0.158
0.157
0.158
0.158
0.158
0.158
0.158
0.158
0.158
0.157
0.158
0.158
0.158
0.157
0.158
0.158
0.158
0.158
0.158
0.158
0.158
0.158
0.158
0.158
0.158
0.158
0.158
0.158
0.158
0.158
0.158
0.158
-2.298
-2.296
-2.298
0.158
0.158
0.158
0.158
0.158
0.158
0.158
0.158
0.158
0.158
0.158
0.158
0.158
0.158
0.158
0.158
0.158
0.158
0.158
0.158
0.158
0.158
0.158
0.158
0.158
0.158
0.158
0.158
0.158
0.158
0.158
0.158
0.158
0.158
0.158
0.158
0.158
0.158
0.157
0.158
0.158
0.158
0.158
0.158
0.158
0.158
0.158
0.158
0.158
0.158
0.158
0.158
0.158
0.158
0.158
0.158
0.158
0.158
0.158
0.158
0.158
0.158
0.158
0.157
0.158
0.158
0.158
0.158
0.158
0.158
0.158
0.158
0.158
0.157
0.158
0.157
0.158
0.157
0.158
0.158
0.158
0.158
0.158
0.158
0.158
0.158
0.158
0.158
0.158
0.158
0.158
0.158
0.158
0.158
0.158
0.158
0.158
0.158
0.158
0.158
0.158
0.158
0.158
0.158
0.158
0.158
0.157
0.158
0.158
0.158
0.158
0.158
0.158
0.158
0.158
0.158
0.158
0.158
0.157
0.158
0.158
0.158
0.158
0.158
0.158
0.158
0.158
0.157
0.158
0.158
0.158
0.158
0.158
0.158
0.158
0.158
0.158
0.158
0.158
0.158
0.158
-1.232
-1.225
-1.225
0.158
0.158
0.158
0.158
0.157
0.158
0.157
0.158
0.158
0.158
0.157
0.158
0.158
0.157
0.158
0.158
0.158
0.157
0.158
0.158
0.158
-2.811
-2.825
-2.782
-2.845
-2.844
-2.726
-2.726
-2.782
-2.731
-2.731
-2.699
-2.701
-2.700
-2.734
-2.701
-2.703
-2.719
-2.702
-2.719
-2.850
-2.811
-2.811
-2.699
-2.701
-4.729
-4.730
-4.729
