fixedStep chrom=ENSGT00390000001862 start=1 step=1
0.000
0.000
0.000
0.104
0.104
0.104
0.103
0.103
0.104
0.104
0.104
0.104
0.104
0.104
0.104
0.104
0.104
0.104
0.103
0.104
0.103
0.103
0.103
0.104
0.104
0.104
0.104
0.104
0.104
0.104
0.103
0.104
0.104
0.104
0.104
0.104
0.104
0.104
0.104
0.104
0.104
0.104
0.104
0.104
0.104
0.104
0.103
0.104
0.104
0.104
0.104
0.104
0.104
0.104
0.104
0.104
0.104
0.104
0.104
0.104
0.104
0.104
0.103
0.104
0.103
0.104
0.104
0.104
0.104
0.104
0.104
0.104
0.104
0.104
0.104
0.104
0.104
0.104
0.104
0.104
0.104
0.104
0.104
0.104
0.104
0.104
0.103
0.103
0.104
0.103
0.103
0.104
0.103
0.104
0.104
0.103
0.103
0.103
0.103
0.104
0.104
0.104
0.104
0.104
0.104
0.103
0.103
0.103
0.104
0.103
0.103
0.104
0.103
0.103
0.104
0.103
0.104
0.103
0.103
0.104
0.104
0.104
0.104
0.104
0.104
0.104
0.104
0.104
0.103
0.104
0.104
0.103
0.104
0.104
0.104
0.104
0.104
0.104
0.104
0.104
0.104
0.104
0.104
0.104
0.104
0.103
0.103
0.103
0.103
0.104
0.104
0.104
0.104
0.103
0.104
0.103
0.103
0.104
0.103
0.104
0.104
0.104
0.104
0.104
0.104
0.104
0.103
0.103
0.104
0.104
0.103
0.103
0.104
0.104
0.103
0.104
0.104
0.104
0.104
0.104
0.104
0.104
0.103
0.104
0.104
0.104
0.104
0.104
0.104
0.104
0.104
0.103
0.103
0.104
0.103
0.104
0.104
0.103
0.103
0.103
0.103
0.103
0.103
0.104
0.103
0.103
0.104
0.104
0.104
0.104
0.104
0.104
0.103
0.104
0.104
0.104
0.104
0.104
0.103
0.103
0.104
0.104
-1.622
-1.622
-1.629
-1.622
-1.622
-1.622
-1.621
-1.622
-1.622
-1.623
-1.624
-1.622
-1.638
-1.622
-1.638
