fixedStep chrom=ENSGT00390000006416 start=1 step=1
0.173
0.173
0.173
0.172
0.173
0.172
0.173
0.173
0.173
0.173
0.173
0.172
0.172
0.173
0.173
0.172
0.172
0.172
0.172
0.173
0.172
0.173
0.173
0.173
0.172
0.173
0.173
0.173
0.173
0.172
0.173
0.173
0.173
0.172
0.173
0.173
0.172
0.172
0.172
-1.163
-1.109
-1.124
0.173
0.172
0.172
-1.299
-1.297
-1.292
-1.292
-1.292
-1.292
0.173
0.173
0.172
0.173
0.173
0.173
0.172
0.172
0.172
0.173
0.173
0.172
0.172
0.172
0.172
0.173
0.172
0.173
0.173
0.173
0.173
0.173
0.172
0.172
0.173
0.173
0.173
0.173
0.173
0.173
0.172
0.172
0.172
0.172
0.172
0.172
0.172
0.172
0.172
0.173
0.173
0.173
0.173
0.173
0.172
0.172
0.172
0.172
0.173
0.173
0.172
0.172
0.172
0.173
0.172
0.173
0.172
0.172
0.173
0.173
0.172
0.173
0.173
0.173
0.172
0.173
0.173
0.172
0.173
0.172
0.173
0.172
0.173
0.172
0.173
0.173
0.173
0.173
0.172
0.173
0.172
0.173
0.173
0.172
0.172
0.173
0.172
0.172
0.173
0.172
-1.163
-1.109
-1.124
0.172
0.172
0.173
0.172
0.173
0.173
0.172
0.173
0.172
0.173
0.173
0.173
0.173
0.173
0.173
0.173
0.173
0.173
0.173
0.172
0.172
-1.726
-1.726
-1.724
0.172
0.173
0.172
-1.124
-1.115
-1.163
0.173
0.173
0.173
0.173
0.173
0.173
0.173
0.172
0.173
0.173
0.173
0.172
0.173
0.172
0.172
0.172
0.172
0.173
0.172
0.173
0.173
0.172
0.173
0.172
0.172
0.172
0.172
0.173
0.172
0.173
-1.163
-1.109
-1.124
-1.163
-1.163
-1.163
-1.124
-1.124
-1.113
0.173
0.172
0.172
0.173
0.173
0.172
0.172
0.172
0.172
0.172
0.173
0.172
0.172
0.173
0.173
-1.109
-1.109
-1.132
-1.726
-1.726
-1.726
-1.124
-1.109
-1.115
0.173
0.172
0.173
0.173
0.173
0.173
0.173
0.172
0.173
0.173
0.173
0.172
-1.163
-1.108
-1.109
-1.163
-1.108
-1.108
0.000
0.000
0.000
0.000
0.000
0.000
0.000
0.000
0.000
0.000
0.000
0.000
0.000
0.000
0.000
0.000
0.000
0.000
0.000
0.000
0.000
0.000
0.000
0.000
0.000
0.000
0.000
0.000
0.000
0.000
0.000
0.000
0.000
0.000
0.000
0.000
0.000
0.000
0.000
0.000
0.000
0.000
0.000
0.000
0.000
-3.186
-2.829
-2.829
-3.101
-3.105
-3.105
0.172
0.172
0.173
0.173
0.173
0.172
0.173
0.173
0.173
0.172
0.172
0.173
0.172
0.172
0.173
0.172
0.172
0.172
0.172
0.172
0.173
0.172
0.172
0.172
0.173
0.173
0.172
0.173
0.173
0.172
0.173
0.173
0.173
0.172
0.173
0.173
0.173
0.173
0.172
0.173
0.172
0.173
0.173
0.172
0.173
0.173
0.173
0.172
0.173
0.172
0.173
0.173
0.172
0.172
0.172
0.173
0.173
0.173
0.172
0.173
0.173
0.172
0.172
-1.726
-1.726
-1.726
0.172
0.173
0.173
0.173
0.172
0.173
-1.294
-1.292
-1.294
-1.292
-1.292
-1.292
0.172
0.172
0.172
0.173
0.173
0.173
0.173
0.173
0.173
0.172
0.172
0.172
0.172
0.172
0.172
0.173
0.173
0.173
0.172
0.173
0.173
0.172
0.173
0.173
0.172
0.172
0.173
0.173
0.173
0.173
0.173
0.173
0.173
0.173
0.173
0.173
0.172
0.173
0.172
0.172
0.173
0.172
0.173
0.173
0.172
0.172
0.172
0.173
0.172
0.173
0.172
0.172
0.173
0.173
0.173
0.173
0.173
0.173
0.173
0.172
0.172
0.173
0.173
0.173
0.173
0.173
0.172
0.173
0.173
0.172
0.172
0.173
0.172
0.172
0.172
0.172
0.172
0.172
0.172
0.173
0.173
0.172
0.173
0.173
0.000
0.000
0.000
0.000
0.000
0.000
0.000
0.000
0.000
0.000
0.000
0.000
0.000
0.000
0.000
0.000
0.000
0.000
0.000
0.000
0.000
0.000
0.000
0.000
0.000
0.000
0.000
0.000
0.000
0.000
0.000
0.000
0.000
0.000
0.000
0.000
0.000
0.000
0.000
0.000
0.000
0.000
0.000
0.000
0.000
0.000
0.000
0.000
0.000
0.000
0.000
0.172
0.173
0.173
0.173
0.172
0.172
0.173
0.173
0.172
0.172
0.173
0.173
0.173
0.173
0.173
0.173
0.173
0.173
0.173
0.173
0.173
0.173
0.173
0.173
0.173
0.173
0.173
0.173
0.173
0.173
0.173
0.173
0.173
0.173
0.173
0.173
0.173
0.173
0.173
0.173
0.173
0.173
0.173
0.173
0.172
0.173
0.173
0.173
0.173
0.173
0.173
0.173
0.173
0.173
0.173
0.173
0.173
0.173
0.173
0.173
0.173
0.173
0.173
0.173
0.173
0.173
0.173
0.173
0.173
0.173
0.173
0.173
0.173
0.173
0.173
0.173
0.173
0.173
0.173
0.173
0.173
0.173
0.173
0.172
0.173
0.173
0.173
0.173
0.173
0.173
0.173
0.173
0.173
0.173
0.173
0.173
0.173
0.173
0.173
0.173
0.173
0.173
0.173
0.173
0.173
0.173
0.173
0.173
0.173
0.173
0.173
0.173
0.173
0.173
0.173
0.173
0.173
0.173
0.173
0.173
0.173
0.173
0.173
0.173
0.173
0.173
0.173
0.173
0.173
0.173
0.173
0.173
0.173
0.173
0.173
0.173
0.173
0.173
0.173
0.173
0.173
0.173
0.173
0.173
0.173
0.173
0.173
0.173
0.173
0.173
0.173
0.173
0.173
0.173
0.173
0.173
0.173
0.173
0.173
0.173
0.173
0.173
0.173
0.173
0.173
0.173
0.173
0.173
0.173
0.173
0.173
0.173
0.173
0.173
0.173
0.173
0.173
0.173
0.173
0.173
-3.183
-3.186
-3.186
0.173
0.173
0.173
0.173
0.173
0.173
0.173
0.173
0.173
0.173
0.173
0.173
0.173
0.173
0.173
0.173
0.173
0.173
0.173
0.173
0.173
0.173
0.173
0.173
0.173
0.173
0.173
0.173
0.173
0.173
0.173
0.173
0.173
0.173
0.173
0.173
0.173
0.173
0.173
0.173
0.173
0.173
0.173
0.173
0.173
0.000
0.000
0.000
0.000
0.000
0.000
0.000
0.000
0.000
0.000
0.000
0.000
0.000
0.000
0.000
0.000
0.000
0.000
0.000
0.000
0.000
0.000
0.000
0.000
0.000
0.000
0.000
0.000
0.000
0.000
0.173
0.173
0.173
0.173
0.173
0.173
0.173
0.173
0.173
0.173
0.173
0.173
0.173
0.173
0.173
0.173
0.173
0.173
0.173
0.173
0.173
0.000
0.000
0.000
0.000
0.000
0.000
