fixedStep chrom=ENSGT00440000034488 start=1 step=1
0.083
0.083
0.083
0.083
0.083
0.083
0.083
0.083
0.083
0.083
0.083
0.083
0.083
0.083
0.083
0.083
0.083
0.083
-1.815
-1.815
-1.815
-1.815
-1.817
-1.822
-1.821
-1.815
-1.815
-1.815
-1.815
-1.815
0.000
0.000
0.000
0.000
0.000
0.000
0.000
0.000
0.000
0.083
0.083
0.083
0.083
0.083
0.083
0.083
0.083
0.083
0.083
0.083
0.083
-3.745
-3.745
-4.024
0.000
0.000
0.000
0.000
0.000
0.000
0.000
0.000
0.000
-3.826
-3.745
-3.911
0.083
0.083
0.083
0.083
0.083
0.083
0.083
0.083
0.083
0.083
0.083
0.083
0.083
0.083
0.083
0.083
0.083
0.083
0.083
0.083
0.083
0.083
0.083
0.083
0.083
0.083
0.083
0.083
0.083
0.083
0.083
0.083
0.083
0.083
0.083
0.083
0.083
0.083
0.083
0.083
0.083
0.083
0.083
0.083
0.083
0.083
0.083
0.083
0.083
0.083
0.083
0.083
0.083
0.083
0.083
0.083
0.083
0.083
0.083
0.083
0.083
0.083
0.083
0.083
0.083
0.083
0.083
0.083
0.083
0.083
0.083
0.083
0.083
0.083
0.083
0.083
0.083
0.083
0.083
0.083
0.083
0.083
0.083
0.083
0.083
0.083
0.083
0.083
0.083
0.083
0.083
0.083
0.083
0.083
0.083
0.083
0.083
0.083
0.083
0.083
0.083
0.083
0.083
0.083
0.083
0.083
0.083
0.083
0.083
0.083
0.083
0.083
0.083
0.083
0.083
0.083
0.083
0.083
0.083
0.083
0.083
0.083
0.083
0.083
0.083
0.083
0.083
0.083
0.083
0.083
0.083
0.083
0.083
0.083
0.083
0.083
0.083
0.083
0.083
0.083
0.083
0.083
0.083
0.083
0.083
0.083
0.083
0.083
0.083
0.083
0.083
0.083
0.083
0.083
0.083
0.083
0.083
0.083
0.083
-1.754
-1.760
-1.760
0.083
0.083
0.083
0.083
0.083
0.083
0.000
0.000
0.000
0.000
0.000
0.000
0.000
0.000
0.000
0.083
0.083
0.083
0.083
0.083
0.083
0.083
0.083
0.083
0.083
0.083
0.083
0.083
0.083
0.083
0.083
0.083
0.083
0.083
0.083
0.083
-3.072
-3.084
-3.084
-3.084
-3.072
-3.072
0.083
0.083
0.083
0.083
0.083
0.083
0.083
0.083
0.083
0.083
0.083
0.083
0.083
0.083
0.083
0.083
0.083
0.083
0.083
0.083
0.083
0.083
0.083
0.083
0.083
0.083
0.083
0.083
0.083
0.083
0.083
0.083
0.083
0.083
0.083
0.083
0.083
0.083
0.083
0.083
0.083
0.083
0.083
0.083
0.083
0.083
0.083
0.083
-1.736
-1.736
-1.736
-3.922
-3.922
-3.922
-3.922
-3.922
-3.922
-3.921
-3.922
-3.921
-3.921
-3.921
-4.017
-3.691
-3.922
-3.922
