fixedStep chrom=ENSGT00530000064292 start=1 step=1
0.110
0.110
0.110
0.110
0.110
0.110
0.110
0.110
0.110
0.110
0.110
0.110
0.110
0.110
0.110
0.110
0.110
0.110
0.110
0.110
0.110
0.110
0.110
0.110
0.110
0.110
0.110
0.110
0.110
0.110
-2.404
-2.405
-2.405
0.110
0.110
0.110
0.110
0.110
0.110
0.110
0.110
0.110
0.110
0.110
0.110
0.110
0.110
0.110
0.110
0.110
0.110
0.110
0.110
0.110
0.110
0.110
0.110
0.110
0.110
0.110
0.110
0.110
0.110
0.110
0.110
0.110
0.110
0.110
0.110
0.110
0.110
0.110
0.110
0.110
0.110
0.110
0.110
0.110
0.110
0.110
0.110
0.110
0.110
0.110
0.110
0.110
0.110
0.110
0.110
0.110
0.110
0.110
0.110
0.110
0.110
0.110
0.110
0.110
0.110
0.110
0.110
0.110
0.110
0.110
0.110
0.110
0.110
0.110
0.110
0.110
0.110
0.110
0.110
0.110
0.110
0.110
0.110
0.110
0.110
0.110
0.110
0.110
0.110
0.110
0.110
0.110
0.110
0.110
0.110
0.110
0.110
0.110
0.110
0.110
0.110
0.110
0.110
0.110
0.110
0.110
0.110
0.110
0.110
0.110
0.110
0.110
0.110
0.110
0.110
0.110
0.110
0.110
0.110
0.110
0.110
0.110
0.110
0.110
0.110
0.110
0.110
0.110
0.110
0.110
0.110
0.110
0.110
0.110
0.110
0.110
0.110
0.110
0.110
0.110
0.110
0.110
0.110
0.110
0.110
0.110
0.110
0.110
0.110
0.110
0.110
0.110
0.110
0.110
0.110
0.110
0.110
0.110
0.110
0.110
0.110
0.110
0.110
0.110
0.110
0.110
0.110
0.110
0.110
0.110
0.110
0.110
0.110
0.110
0.110
0.110
0.110
0.110
0.110
0.110
0.110
0.110
0.110
0.110
0.110
0.110
0.110
0.110
0.110
0.110
0.110
0.110
0.110
0.110
0.110
0.110
0.110
0.110
0.110
0.110
0.110
0.110
0.110
0.110
0.110
0.110
0.110
0.110
0.110
0.110
0.110
0.110
0.110
0.110
0.110
0.110
0.110
0.110
0.110
0.110
0.110
0.110
0.110
0.110
0.110
0.110
0.110
0.110
0.110
0.110
0.110
0.110
0.110
-2.403
-2.403
-2.403
-1.551
-1.547
-1.547
0.110
0.110
0.110
0.110
0.110
0.110
0.110
0.110
0.110
0.110
0.110
0.110
0.110
0.110
0.110
-2.403
-2.405
-2.405
-1.555
-1.576
-1.570
-2.883
-2.883
-2.884
0.110
0.110
0.110
0.110
0.110
0.110
0.110
0.110
0.110
0.110
0.110
0.110
0.110
0.110
0.110
0.110
0.110
0.110
0.110
0.110
0.110
0.110
0.110
0.110
0.110
0.110
0.110
0.110
0.110
0.110
0.110
0.110
0.110
0.110
0.110
0.110
0.110
0.110
0.110
0.110
0.110
0.110
