fixedStep chrom=ENSGT00390000015147 start=1 step=1
0.160
0.160
0.160
0.160
0.160
0.160
0.160
0.160
0.160
0.160
0.160
0.160
0.160
0.160
0.160
0.160
0.160
0.160
0.160
0.160
0.160
0.160
0.160
0.160
0.160
0.160
0.160
0.160
0.160
0.160
0.160
0.160
0.160
0.160
0.160
0.160
0.160
0.160
0.160
0.160
0.160
0.160
0.160
0.160
0.160
0.160
0.160
0.160
0.160
0.160
0.160
0.160
0.160
0.160
0.160
0.160
0.160
0.160
0.160
0.160
0.160
0.160
0.160
0.160
0.160
0.160
0.160
0.160
0.160
0.160
0.160
0.160
0.160
0.160
0.160
0.160
0.160
0.160
0.160
0.160
0.160
0.160
0.160
0.160
0.160
0.160
0.160
0.160
0.160
0.160
0.160
0.160
0.160
0.160
0.160
0.160
0.160
0.160
0.160
0.160
0.160
0.160
0.160
0.160
0.160
0.160
0.160
0.160
0.160
0.160
0.160
0.160
0.160
0.160
0.160
0.160
0.160
0.160
0.160
0.160
0.160
0.160
0.160
0.160
0.160
0.160
0.160
0.160
0.160
0.160
0.160
0.160
0.160
0.160
0.160
0.160
0.160
0.160
0.160
0.160
0.160
0.160
0.160
0.160
0.160
0.160
0.160
0.160
0.160
0.160
0.160
0.160
0.160
0.160
0.160
0.160
0.160
0.160
0.160
0.160
0.160
0.160
0.160
0.160
0.160
0.160
0.160
0.160
0.160
0.160
0.160
0.160
0.160
0.160
0.160
0.160
0.160
-1.169
-1.172
-1.168
-1.176
-1.169
-1.170
-1.171
-1.176
-1.176
0.160
0.160
0.160
0.160
0.160
0.160
0.160
0.160
0.160
0.160
0.160
0.160
0.160
0.160
0.160
0.160
0.160
0.160
0.160
0.160
0.160
0.160
0.160
0.160
0.160
0.160
0.160
0.160
0.160
0.160
0.160
0.160
0.160
0.160
0.160
0.160
0.160
0.160
0.160
0.160
0.160
0.160
0.160
0.160
0.160
0.160
0.160
0.160
0.160
0.160
0.160
0.160
0.160
0.160
0.160
0.160
0.160
0.160
0.160
0.160
0.160
0.160
0.160
-6.593
-6.601
-6.544
-4.320
-4.337
-4.321
0.000
0.000
0.000
0.000
0.000
0.000
0.000
0.000
0.000
-1.248
-1.280
-1.256
0.160
0.160
0.160
0.160
0.160
0.160
0.160
0.160
0.160
0.160
0.160
0.160
0.160
0.160
0.160
0.160
0.160
0.160
0.160
0.160
0.160
0.160
0.160
0.160
0.160
0.160
0.160
0.160
0.160
0.160
0.160
0.160
0.160
0.160
0.160
0.160
0.160
0.160
0.160
0.160
0.160
0.160
0.160
0.160
0.160
0.160
0.160
0.160
0.160
0.160
0.160
0.160
0.160
0.160
0.160
0.160
0.160
0.160
0.160
0.160
0.160
0.160
0.160
-1.869
-1.869
-1.869
0.160
0.160
0.160
0.160
0.160
0.160
0.160
0.160
0.160
0.160
0.160
0.160
0.160
0.160
0.160
0.160
0.160
0.160
0.160
0.160
0.160
0.160
0.160
0.160
0.160
0.160
0.160
0.160
0.160
0.160
0.160
0.160
0.160
0.160
0.160
0.160
-1.190
-1.159
-1.190
0.160
0.160
0.160
0.160
0.160
0.160
0.160
0.160
0.160
0.160
0.160
0.160
0.160
0.160
0.160
0.160
0.160
0.160
0.160
0.160
0.160
0.160
0.160
0.160
0.160
0.160
0.160
0.160
0.160
0.160
0.160
0.160
0.160
0.160
0.160
0.160
0.160
0.160
0.160
0.160
0.160
0.160
0.160
0.160
0.160
-2.906
-2.914
-2.713
-1.185
-1.214
-1.199
-1.212
-1.212
-1.212
0.160
0.160
0.160
0.160
0.160
0.160
0.160
0.160
0.160
-1.200
-1.212
-1.212
-1.212
-1.212
-1.191
-1.191
-1.212
-1.212
-1.183
-1.190
-1.213
-1.182
-1.212
-1.212
-1.181
-1.187
-1.181
-2.689
-2.753
-2.917
-4.811
-4.738
-4.925
-4.486
-4.483
-4.385
0.000
0.000
0.000
0.000
0.000
0.000
0.000
0.000
0.000
0.000
0.000
0.000
