fixedStep chrom=ENSGT00570000081149 start=1 step=1
0.041
0.041
0.041
0.041
0.041
0.041
0.041
0.041
0.041
0.041
0.041
0.041
0.041
0.041
0.041
0.041
0.041
0.041
0.041
0.041
0.041
0.041
0.041
0.041
0.041
0.041
0.041
0.041
0.041
0.041
0.041
0.041
0.041
0.041
0.041
0.041
0.041
0.041
0.041
0.041
0.041
0.041
0.041
0.041
0.041
0.041
0.041
0.041
0.041
0.041
0.041
0.041
0.041
0.041
0.041
0.041
0.041
0.041
0.041
0.041
0.041
0.041
0.041
0.041
0.041
0.041
0.041
0.041
0.041
0.041
0.041
0.041
0.041
0.041
0.041
0.041
0.041
0.041
0.041
0.041
0.041
0.041
0.041
0.041
0.041
0.041
0.041
0.041
0.041
0.041
0.041
0.041
0.041
0.041
0.041
0.041
0.041
0.041
0.041
0.041
0.041
0.041
0.041
0.041
0.041
0.041
0.041
0.041
0.041
0.041
0.041
0.041
0.041
0.041
0.041
0.041
0.041
0.000
0.000
0.000
0.000
0.000
0.000
0.000
0.000
0.000
0.000
0.000
0.000
0.000
0.000
0.000
0.000
0.000
0.000
0.000
0.000
0.000
0.000
0.000
0.000
0.000
0.000
0.000
