fixedStep chrom=ENSGT00410000027774 start=1 step=1
-1.891
-1.891
-1.891
0.090
0.090
0.090
0.090
0.090
0.090
0.090
0.090
0.090
0.090
0.090
0.090
0.090
0.090
0.090
0.090
0.090
0.090
0.090
0.090
0.089
0.090
0.090
0.090
0.090
0.089
0.089
0.090
0.089
0.090
0.089
0.089
0.089
0.089
0.089
0.090
0.089
0.089
0.089
0.089
0.089
0.089
0.089
0.089
0.089
0.089
0.089
0.089
0.089
0.089
0.089
0.089
0.089
0.089
0.089
0.089
0.089
0.089
0.089
0.089
0.089
0.089
0.089
0.089
0.089
0.089
0.089
0.089
0.089
0.089
0.089
0.089
0.089
0.089
0.089
0.089
0.089
0.089
0.089
0.089
0.089
0.089
0.089
0.089
0.089
0.089
0.089
0.089
0.089
0.089
0.089
0.089
0.089
0.089
0.089
0.089
0.089
0.089
0.089
0.089
0.089
0.089
0.089
0.089
0.089
0.089
0.089
0.089
0.089
0.089
0.089
0.089
0.089
0.089
0.089
0.089
0.089
0.089
0.089
0.089
0.090
0.089
0.089
-1.891
-1.891
-1.891
-1.891
-1.891
-1.891
-1.891
-1.891
-1.891
-1.891
-1.893
-1.891
-1.891
-1.891
-1.891
-1.891
-1.891
-1.891
-1.891
-1.891
-1.891
-1.891
-1.891
-1.891
0.089
0.089
0.089
0.089
0.089
0.089
0.089
0.090
0.090
0.089
0.089
0.089
0.089
0.090
0.090
0.090
0.089
0.089
0.089
0.089
0.090
0.090
0.090
0.090
0.089
0.089
0.089
0.090
0.089
0.089
0.089
0.089
0.089
-1.891
-1.891
-1.891
0.090
0.089
0.090
0.089
0.090
0.089
0.089
0.089
0.089
0.089
0.090
0.089
0.089
0.089
0.089
0.089
0.090
0.090
-4.647
-3.646
-4.648
0.089
0.090
0.089
0.090
0.089
0.089
0.089
0.089
0.090
-1.891
-1.891
-1.891
0.090
0.089
0.089
0.090
0.090
0.090
0.090
0.090
0.089
0.090
0.090
0.090
0.090
0.090
0.090
0.090
0.090
0.089
0.090
0.090
0.090
0.090
0.090
0.090
0.090
0.090
0.090
0.090
0.090
0.090
0.090
0.090
0.090
0.090
0.090
0.089
0.090
0.090
0.089
0.090
0.090
0.090
0.090
0.090
0.090
0.090
0.090
0.090
0.090
0.090
0.090
0.090
0.090
0.090
0.090
0.090
0.089
0.090
0.090
0.089
0.090
0.090
0.089
0.090
0.090
0.090
0.090
0.090
0.089
0.090
0.090
0.090
0.090
0.090
0.090
0.090
0.090
0.090
0.090
0.090
0.090
0.090
0.090
0.090
0.090
0.090
0.089
0.090
0.090
0.090
0.090
0.090
0.090
0.090
0.090
0.090
0.090
0.090
0.090
0.090
0.090
0.090
0.090
0.090
0.089
0.090
0.090
0.090
0.090
0.090
0.090
0.090
0.090
0.090
0.090
0.090
0.090
0.090
0.090
0.089
0.090
0.090
0.090
0.090
0.090
0.090
0.090
0.090
0.090
0.090
0.090
0.089
0.090
0.090
0.089
0.090
0.090
0.090
0.090
0.090
0.090
0.090
0.090
0.090
0.090
0.090
0.090
0.090
0.090
0.090
0.090
0.090
0.090
0.090
0.090
0.090
0.090
0.090
0.089
0.090
0.090
0.089
0.090
0.090
0.090
0.090
0.090
0.089
0.090
0.090
0.090
0.090
0.090
0.090
0.090
0.090
0.089
0.090
0.090
0.090
0.090
0.090
0.089
0.090
0.090
0.090
0.090
0.090
0.090
0.089
0.090
0.089
0.089
0.089
0.089
0.089
0.089
0.089
0.089
0.089
0.090
-1.891
-1.891
-1.891
-1.891
-1.891
-1.891
-1.891
-1.891
-1.891
-1.891
-1.891
-1.891
-1.159
-1.891
-1.891
