fixedStep chrom=ENSGT00730000110979 start=1 step=1
0.000
0.000
0.000
0.000
0.000
0.000
0.000
0.000
0.000
0.000
0.000
0.000
0.000
0.000
0.000
0.000
0.000
0.000
0.000
0.000
0.000
0.000
0.000
0.000
0.000
0.000
0.000
0.000
0.000
0.000
0.000
0.000
0.000
0.000
0.000
0.000
0.000
0.000
0.000
0.000
0.000
0.000
0.000
0.000
0.000
0.000
0.000
0.000
0.000
-3.601
-3.643
-3.712
-3.586
-3.737
-3.640
-3.598
-3.606
-3.624
-3.596
-3.645
-3.609
-3.722
-3.726
-3.712
-3.606
-3.606
0.221
0.222
0.222
0.222
0.221
0.222
0.222
0.222
0.222
0.221
0.222
0.221
0.222
0.222
0.222
-1.071
-1.071
-1.071
0.222
0.222
0.222
0.222
0.222
0.222
0.221
0.222
0.222
0.222
0.222
0.221
0.222
0.222
0.222
0.222
0.222
0.222
0.222
0.221
0.222
0.222
0.222
0.222
0.222
0.222
0.221
0.222
0.222
0.222
0.221
0.221
0.222
0.000
0.000
0.000
0.000
0.000
0.000
0.000
0.000
0.000
0.000
0.000
0.000
0.000
0.000
0.000
0.000
0.000
0.000
0.000
0.000
0.000
-0.901
-0.912
-0.912
-0.901
-0.901
-0.905
-0.910
-0.903
-0.904
0.222
0.222
0.221
0.221
0.222
0.222
0.222
0.222
0.222
0.221
0.221
0.221
-0.988
-0.977
-0.973
-0.988
-0.974
-0.988
0.222
0.221
0.222
0.222
0.222
0.221
0.221
0.221
0.221
0.222
0.221
0.222
0.221
0.222
0.221
0.222
0.222
0.222
0.221
0.221
0.221
0.222
0.221
0.222
0.221
0.222
0.222
0.221
0.221
0.221
0.221
0.222
0.222
0.221
0.221
0.222
0.221
0.222
0.222
0.222
0.222
0.222
0.222
0.222
0.222
0.222
0.222
0.222
0.221
0.222
0.222
0.222
0.222
0.221
0.222
0.221
0.221
0.222
0.222
0.222
0.222
0.222
0.222
0.222
0.222
0.221
0.221
0.222
0.222
0.221
0.221
0.221
0.222
0.221
0.222
0.222
0.222
0.221
0.222
0.221
0.221
0.222
0.222
0.221
0.222
0.221
0.222
0.222
0.222
0.222
0.222
0.221
0.221
0.221
0.222
0.222
0.222
0.221
0.221
0.222
0.222
0.222
0.222
0.222
0.222
0.221
0.222
0.221
0.222
0.221
0.222
0.222
0.221
0.221
0.222
0.222
0.222
0.221
0.222
0.221
0.222
0.222
0.221
0.221
0.222
0.221
0.222
0.222
0.222
0.222
0.222
0.222
0.222
0.222
0.221
0.222
0.222
0.222
0.222
0.222
0.221
0.222
0.221
0.222
-0.888
-0.894
-0.892
0.222
0.222
0.222
0.221
0.222
0.222
0.222
0.222
0.222
0.222
0.221
0.221
0.222
0.222
0.222
0.221
0.222
0.221
0.222
0.222
0.222
0.222
0.222
0.222
0.221
0.222
0.221
0.222
0.222
0.221
0.222
0.221
0.222
0.222
0.222
0.222
0.222
0.222
0.222
0.222
0.222
0.221
0.222
0.222
0.221
0.222
0.222
0.221
0.222
0.222
0.221
0.222
0.222
0.222
0.222
0.222
0.222
0.221
0.222
0.221
0.222
0.222
0.222
0.222
0.222
0.222
0.222
0.222
0.222
0.221
0.221
0.222
0.221
0.222
0.222
0.000
0.000
0.000
0.000
0.000
0.000
0.000
0.000
0.000
0.000
0.000
0.000
0.000
0.000
0.000
0.222
0.222
0.221
0.222
0.221
0.222
0.222
0.221
0.222
0.222
0.222
0.222
0.221
0.221
0.222
0.222
0.222
0.221
0.221
0.221
0.221
0.222
0.222
0.221
0.222
0.222
0.221
0.221
0.221
0.221
0.221
0.221
0.221
0.222
0.221
0.222
0.222
0.222
0.222
0.221
0.222
0.222
-1.148
-1.148
-1.148
0.222
0.222
0.222
0.221
0.222
0.222
0.222
0.222
0.222
0.221
0.222
0.222
0.222
0.222
0.222
0.222
0.222
0.222
0.222
0.222
0.222
0.222
0.221
0.222
0.222
0.222
0.221
0.222
0.222
0.221
0.222
0.222
0.222
0.222
0.222
0.222
0.222
0.221
0.222
0.221
0.222
0.221
0.221
0.221
0.221
0.222
0.222
0.222
0.221
0.222
0.222
0.221
0.222
0.221
0.222
0.222
0.221
0.222
0.221
0.221
0.222
0.221
0.222
0.221
0.222
0.222
0.222
0.222
0.222
0.000
0.000
0.000
0.000
0.000
0.000
0.000
0.000
0.000
