fixedStep chrom=ENSGT00390000000618 start=1 step=1
-2.122
-2.124
-2.113
0.055
0.055
0.055
0.055
0.055
0.055
0.055
0.055
0.055
0.055
0.055
0.055
0.055
0.055
0.055
0.055
0.055
0.055
-2.130
-2.130
-2.130
0.055
0.055
0.055
0.055
0.055
0.055
0.055
0.055
0.055
0.055
0.055
0.055
0.055
0.055
0.055
0.055
0.055
0.055
0.055
0.055
0.055
0.055
0.055
0.055
0.055
0.055
0.055
0.055
0.055
0.055
0.055
0.055
0.055
0.055
0.055
0.055
0.055
0.055
0.055
0.055
0.055
0.055
0.055
0.055
0.055
0.055
0.055
0.055
0.055
0.055
0.055
0.055
0.055
0.055
0.055
0.055
0.055
0.055
0.055
0.055
0.055
0.055
0.055
0.055
0.055
0.055
0.055
0.055
0.055
0.055
0.055
0.055
0.055
0.055
0.055
0.055
0.055
0.055
0.055
0.055
0.055
0.055
0.055
0.055
0.055
0.055
0.055
0.055
0.055
0.055
0.055
0.055
0.055
0.055
0.055
0.055
0.055
0.055
0.055
0.055
0.055
0.055
0.055
0.055
0.055
0.055
0.055
0.055
0.055
0.055
0.055
0.055
0.055
0.055
0.055
0.055
0.055
0.055
0.055
0.055
0.055
0.055
0.055
0.055
0.055
0.055
0.055
0.055
0.055
0.055
0.055
0.055
0.055
0.055
0.055
0.055
0.055
0.055
0.055
0.055
0.055
0.055
0.055
0.055
0.055
0.055
0.055
0.055
0.055
0.055
0.055
0.055
0.055
0.055
0.055
0.055
0.055
0.055
0.055
0.055
0.055
0.055
0.055
0.055
0.055
0.055
0.055
0.055
0.055
0.055
0.055
0.055
0.055
0.055
0.055
0.055
0.055
0.055
0.055
0.055
0.055
0.055
0.055
0.055
0.055
0.055
0.055
0.055
0.055
0.055
0.055
0.055
0.055
0.055
0.055
0.055
0.055
0.055
0.055
0.055
0.055
0.055
0.055
0.055
0.055
0.055
0.055
0.055
0.055
0.055
0.055
0.055
0.055
0.055
0.055
0.055
0.055
0.055
0.055
0.055
0.055
0.055
0.055
0.055
0.055
0.055
0.055
0.055
0.055
0.055
0.055
0.055
0.055
0.055
0.055
0.055
0.055
0.055
0.055
0.055
0.055
0.055
0.055
0.055
0.055
0.055
0.055
0.055
0.055
0.055
0.055
0.055
0.055
0.055
0.055
0.055
0.055
0.055
0.055
0.055
0.055
0.055
0.055
0.055
0.055
0.055
0.055
0.055
0.055
0.055
0.055
0.055
0.055
0.055
0.055
0.055
0.055
0.055
0.055
0.055
0.055
0.055
0.055
0.055
0.055
0.055
0.055
0.055
0.055
0.055
0.055
0.055
0.055
0.055
0.055
0.055
0.055
0.055
0.055
0.055
-2.115
-2.115
-2.115
-2.115
-2.115
-2.115
-2.115
-2.115
-2.115
