fixedStep chrom=ENSGT00450000040326 start=1 step=1
0.000
0.000
0.000
0.000
0.000
0.000
0.000
0.000
-3.819
-0.884
-1.028
-2.338
-0.619
-2.316
-2.338
-2.028
-2.037
-2.014
0.064
0.064
0.064
0.064
0.064
0.064
0.064
0.064
0.064
0.064
0.064
0.064
0.064
0.064
0.064
0.064
0.064
0.064
0.064
0.064
0.064
0.064
0.064
0.064
0.064
0.064
0.064
0.064
0.064
0.064
0.064
0.064
0.064
0.064
0.064
0.064
0.064
0.064
0.064
0.064
0.064
0.064
0.064
0.064
0.064
0.064
0.064
0.064
0.064
0.064
0.064
0.064
0.064
0.064
0.064
0.064
0.064
0.064
0.064
0.064
0.064
0.064
0.064
0.064
0.064
0.064
0.064
0.064
0.064
0.064
0.064
0.064
0.064
0.064
0.064
0.064
0.064
0.064
0.064
0.064
0.064
0.064
0.064
0.064
0.064
0.064
0.064
0.064
0.064
0.064
0.064
0.064
0.064
0.064
0.064
0.064
0.064
0.064
0.064
0.064
0.064
0.064
0.064
0.064
0.064
0.064
0.064
0.064
0.064
0.064
0.064
0.064
0.064
0.064
0.064
0.064
0.064
0.064
0.064
0.064
0.064
0.064
0.064
0.064
0.064
0.064
0.064
0.064
0.064
0.064
0.064
0.064
0.064
0.064
0.064
0.064
0.064
0.064
0.064
0.064
0.064
0.064
0.064
0.064
0.064
0.064
0.064
0.064
0.064
0.064
0.064
0.064
0.064
0.064
0.064
0.064
0.064
0.064
0.064
0.064
0.064
0.064
0.064
0.064
0.064
0.064
0.064
0.064
0.064
0.064
0.064
0.064
0.064
0.064
0.064
0.064
0.064
0.064
0.064
0.064
0.064
0.064
0.064
0.064
0.064
0.064
0.064
0.064
0.064
0.064
0.064
0.064
0.064
0.064
0.064
0.064
0.064
0.064
0.064
0.064
0.064
0.064
0.064
0.064
0.064
0.064
0.064
0.064
0.064
0.064
0.064
0.064
0.064
0.064
0.064
0.064
0.064
0.064
0.064
0.064
0.064
0.064
0.064
0.064
0.064
0.064
0.064
0.064
0.064
0.064
0.064
0.064
0.064
0.064
0.064
0.064
0.064
0.064
0.064
0.064
0.064
0.064
0.064
0.064
0.064
0.064
0.064
0.064
0.064
0.064
0.064
0.064
0.064
0.064
0.064
-3.438
-3.446
-3.426
-3.438
-3.446
-3.426
0.064
0.064
0.064
0.064
0.064
0.064
0.064
0.064
0.064
0.064
0.064
0.064
0.064
0.064
0.064
0.064
0.064
0.064
0.064
0.064
0.064
0.064
0.064
0.064
0.064
0.064
0.064
0.064
0.064
0.064
0.064
0.064
0.064
0.064
0.064
0.064
0.064
0.064
0.064
0.064
0.064
0.064
