fixedStep chrom=ENSGT00730000111352 start=1 step=1
0.111
0.111
0.111
0.111
0.111
0.111
0.111
0.111
0.111
0.111
0.111
0.111
0.111
0.111
0.111
-0.556
-0.556
-0.556
-0.556
-0.556
-0.556
0.111
0.111
0.111
0.111
0.111
0.111
0.111
0.111
0.111
0.111
0.111
0.111
0.111
0.111
0.111
0.111
0.111
0.111
0.111
0.111
0.111
0.111
0.111
0.111
0.111
0.111
0.111
0.111
0.111
0.111
0.111
0.111
0.111
0.111
0.111
0.111
0.111
0.111
0.111
0.111
0.111
0.111
0.111
0.111
0.111
0.111
0.111
0.111
0.111
0.111
0.111
0.111
0.111
0.111
0.111
0.111
0.111
0.111
0.111
0.111
0.111
0.111
0.111
0.111
0.111
0.111
0.111
0.111
0.111
0.111
0.111
0.111
0.111
0.111
0.111
0.111
0.111
0.111
0.111
0.111
0.111
0.111
0.111
0.111
0.111
0.111
0.111
0.111
0.111
0.111
0.111
0.111
0.111
0.111
0.111
0.111
0.111
0.111
0.111
0.111
0.111
0.111
0.111
0.111
0.111
0.111
0.111
0.111
0.111
0.111
0.111
0.111
0.111
0.111
0.111
0.111
0.111
0.111
0.111
0.111
0.111
0.111
0.111
0.111
0.111
0.111
0.111
0.111
0.111
0.111
0.111
0.111
0.111
0.111
0.111
0.111
0.111
0.111
0.111
0.111
0.111
0.111
0.111
0.111
0.111
0.111
0.111
0.111
0.111
0.111
0.111
0.111
0.111
0.111
0.111
0.111
0.111
0.111
0.111
0.111
0.111
0.111
0.111
0.111
0.111
0.111
0.111
0.111
0.111
0.111
0.111
0.111
0.111
0.111
0.111
0.111
0.111
0.111
0.111
0.111
0.111
0.111
0.111
0.111
0.111
0.111
0.111
0.111
0.111
0.111
0.111
0.111
0.111
0.111
0.111
0.111
0.111
0.111
0.111
0.111
0.111
0.111
0.111
0.111
0.111
0.111
0.111
0.111
0.111
0.111
0.111
0.111
0.111
0.111
0.111
0.111
0.111
0.111
0.111
0.111
0.111
0.111
0.111
0.111
0.111
0.111
0.111
0.111
0.111
0.111
0.111
0.111
0.111
0.111
0.111
0.111
0.111
0.111
0.111
0.111
0.111
0.111
0.111
0.111
0.111
0.111
-2.655
-2.647
-2.604
-2.604
-2.604
-2.604
-2.604
-2.604
-2.604
-2.605
-2.604
0.000
