fixedStep chrom=ENSGT00390000004064 start=1 step=1
0.099
0.099
0.099
0.099
0.099
0.099
0.099
0.099
0.099
0.099
0.099
0.099
0.099
0.099
0.099
0.099
0.099
0.098
0.099
0.099
0.099
0.099
0.099
0.099
0.099
0.099
0.099
0.099
0.099
0.099
0.099
0.099
0.099
0.099
0.099
0.099
0.099
0.099
0.099
0.099
0.099
0.099
0.099
0.099
0.099
-1.632
-1.631
-1.632
0.099
0.099
0.098
0.099
0.099
0.099
0.099
0.099
0.099
0.098
0.099
0.099
0.099
0.099
0.098
0.099
0.098
0.098
-1.632
-1.632
-1.632
0.098
0.099
0.099
0.099
0.099
0.099
0.099
0.099
0.099
0.099
0.098
0.099
0.098
0.099
0.099
0.099
0.099
0.099
0.099
0.099
0.098
0.099
0.099
0.098
0.099
0.099
0.099
0.099
0.098
0.099
0.099
0.099
0.098
0.099
0.098
0.099
0.098
0.099
0.099
0.099
0.099
0.099
0.099
0.099
0.099
0.099
0.099
0.099
0.099
0.099
0.099
0.099
0.099
0.099
0.099
0.099
0.099
0.099
0.099
0.099
0.099
0.099
0.099
0.099
0.099
0.099
0.099
0.099
0.099
0.099
0.099
0.099
0.099
0.099
0.099
0.099
0.099
0.099
0.099
0.099
0.099
0.099
0.099
0.099
0.099
0.099
0.099
0.099
0.099
0.098
0.099
0.099
0.099
0.099
0.099
0.099
0.099
0.099
0.099
0.098
0.099
0.099
0.099
0.099
0.099
0.099
0.099
0.099
0.099
0.099
0.099
0.099
0.099
0.098
0.099
0.099
0.099
0.099
0.099
0.098
0.099
0.099
0.099
0.099
0.098
0.098
0.099
0.099
0.098
0.099
0.098
0.099
0.099
0.099
0.098
0.099
0.099
0.099
0.099
0.099
0.099
0.099
0.099
0.099
0.099
0.099
0.099
0.099
0.099
0.098
0.099
0.099
0.099
0.099
0.099
0.099
0.099
0.099
0.099
0.099
0.099
0.099
0.098
0.099
0.099
0.099
0.099
0.099
0.099
0.099
0.098
0.099
0.099
0.099
0.099
0.099
0.099
0.099
0.099
0.099
0.099
0.099
0.099
0.099
0.099
0.099
0.099
0.099
0.099
0.099
0.099
0.098
0.099
0.099
0.099
0.099
0.099
0.099
0.099
0.099
0.099
0.099
0.099
0.099
0.099
0.099
0.099
0.099
0.099
0.099
0.099
0.099
0.099
0.099
0.099
0.099
0.099
0.099
0.099
0.099
0.099
0.099
0.099
0.099
0.099
0.099
0.099
0.098
0.099
0.099
0.099
0.099
0.099
0.099
0.099
0.099
0.099
0.099
0.099
0.099
0.099
0.099
0.099
0.099
0.099
0.099
0.099
0.098
0.098
0.098
0.099
0.099
0.099
0.099
0.099
0.099
0.098
0.099
-1.610
-1.610
-1.610
-1.610
-1.610
-1.610
-2.990
-2.990
-2.990
-2.990
-2.990
-2.990
-3.049
-2.990
-3.052
-3.031
-2.990
-2.991
-2.990
-2.990
-2.990
-2.990
-2.990
-2.990
