fixedStep chrom=ENSGT00390000001319 start=1 step=1
0.000
0.000
0.000
0.000
0.000
0.000
0.000
0.000
0.000
0.000
0.000
0.000
0.000
0.000
0.000
0.000
0.000
0.000
0.000
0.000
0.000
0.000
0.000
0.000
0.000
0.000
0.000
0.000
0.000
0.000
0.000
0.000
0.000
0.000
0.000
0.000
0.000
0.000
0.000
0.000
0.000
0.000
0.000
0.000
0.000
0.000
0.000
0.000
0.000
0.000
0.000
0.000
0.000
0.000
0.000
0.000
0.000
0.000
0.000
0.000
0.000
0.000
0.000
0.000
0.000
0.000
0.000
0.000
0.000
0.000
0.000
0.000
0.000
0.000
0.000
0.000
0.000
0.000
0.000
0.000
0.000
0.000
0.000
0.000
0.069
0.069
0.069
0.069
0.069
0.069
0.069
0.069
0.068
0.069
0.069
0.068
0.069
0.069
0.069
0.069
0.069
0.069
0.069
0.069
0.069
0.069
0.069
0.069
0.069
0.069
0.069
0.069
0.069
0.069
0.069
0.069
0.069
0.069
0.069
0.068
0.069
0.069
0.069
0.069
0.069
0.069
0.069
0.069
0.068
0.069
0.069
0.069
0.069
0.069
0.069
0.069
0.069
0.068
0.069
0.069
0.069
0.069
0.069
0.068
0.069
0.069
0.068
0.069
0.069
0.068
0.069
0.069
0.069
0.069
0.069
0.069
0.069
0.069
0.068
0.069
0.069
0.068
0.069
0.069
0.068
0.069
0.069
0.069
0.069
0.069
0.069
0.069
0.069
0.069
0.069
0.069
0.069
0.069
0.069
0.069
0.069
0.069
0.069
0.069
0.069
0.069
0.069
0.069
0.069
0.069
0.069
0.068
0.069
0.069
0.069
0.069
0.069
0.069
0.069
0.069
0.069
0.069
0.069
0.069
0.069
0.069
0.069
0.069
0.069
0.069
0.068
0.069
0.069
0.069
0.069
0.069
0.069
0.069
0.068
0.069
0.069
0.069
0.069
0.069
0.069
0.069
0.069
0.069
0.069
0.069
0.069
0.069
0.069
0.068
0.069
0.069
0.069
0.069
0.069
0.069
0.069
0.069
0.069
0.069
0.069
0.068
0.069
0.069
0.068
0.069
0.069
0.069
0.069
0.069
0.069
0.069
0.069
0.068
0.069
0.069
0.068
0.069
0.069
0.069
0.069
0.069
0.069
0.069
0.069
0.069
0.069
0.069
0.068
0.069
0.069
0.069
0.069
0.069
0.068
0.069
0.069
0.068
-1.936
-1.936
-1.935
-1.936
-1.936
-1.936
