fixedStep chrom=ENSGT00730000110883 start=1 step=1
0.276
0.276
0.276
0.276
0.276
0.276
0.276
0.276
0.276
0.276
0.276
0.276
0.276
0.276
0.276
0.276
0.276
0.276
0.276
0.276
0.276
-20.000
-20.000
-20.000
-20.000
-20.000
-20.000
0.276
0.276
0.276
0.276
0.276
0.276
0.276
0.276
0.276
0.276
0.276
0.276
0.276
0.276
0.276
0.276
0.276
0.276
0.276
0.276
0.276
0.276
0.276
0.276
0.276
0.276
0.276
0.276
0.276
0.276
0.276
0.276
0.276
0.276
0.276
0.276
0.276
0.276
0.276
0.276
0.276
0.276
0.276
0.276
0.276
0.276
0.276
0.276
0.276
0.276
0.276
0.276
0.276
0.276
0.276
0.276
0.276
0.276
0.276
0.276
0.276
0.276
0.276
0.276
0.276
0.276
0.276
0.276
0.276
0.276
0.276
0.276
-2.712
-2.708
-2.712
-2.708
-2.712
-2.715
0.276
0.276
0.276
0.276
0.276
0.276
0.276
0.276
0.276
0.276
0.276
0.276
0.276
0.276
0.276
0.276
0.276
0.276
0.276
0.276
0.276
0.276
0.276
0.276
0.276
0.276
0.276
-0.711
-0.711
-0.711
0.276
0.276
0.276
0.276
0.276
0.276
0.276
0.276
0.276
0.276
0.276
0.276
0.276
0.276
0.276
0.276
0.276
0.276
0.276
0.276
0.276
0.276
0.276
0.276
0.276
0.276
0.276
0.276
0.276
0.276
0.276
0.276
0.276
0.276
0.276
0.276
0.276
0.276
0.276
0.276
0.276
0.276
0.276
0.276
0.276
0.276
0.276
0.276
0.276
0.276
0.276
0.276
0.276
0.276
0.276
0.276
0.276
0.000
0.000
0.000
