fixedStep chrom=ENSGT00390000004190 start=1 step=1
0.000
0.000
0.000
0.000
0.000
0.000
0.000
0.000
0.000
0.000
0.000
0.000
0.000
0.000
0.000
0.000
0.000
0.000
0.000
0.000
0.000
0.000
0.000
0.000
0.000
0.000
0.000
0.000
0.000
0.000
0.000
0.000
0.000
0.000
0.000
0.000
0.000
0.000
0.000
0.000
0.000
0.000
0.000
0.000
0.000
0.000
0.000
0.000
0.000
0.000
0.000
0.000
0.000
0.000
0.000
0.000
0.000
0.000
0.000
0.000
0.000
0.000
0.000
0.000
0.000
0.000
0.000
0.000
0.000
0.000
0.000
0.000
0.000
0.000
0.000
0.000
0.000
0.000
0.000
0.000
0.000
0.000
0.000
0.000
0.000
0.000
0.000
0.000
0.000
0.000
0.000
0.000
0.000
0.000
0.000
0.000
0.000
0.000
0.000
0.000
0.000
0.000
0.000
0.000
0.000
0.000
0.000
0.000
0.000
0.000
0.000
0.000
0.000
0.000
0.000
0.000
0.000
0.000
0.000
0.000
0.000
0.000
0.000
0.000
0.000
0.000
0.000
0.000
0.000
0.000
0.000
0.000
0.000
0.000
0.000
0.000
0.000
0.000
0.000
0.000
0.000
0.000
0.000
0.000
0.000
0.000
0.000
0.000
0.000
0.000
0.000
0.000
0.000
0.000
0.000
0.000
0.000
0.000
0.000
0.000
0.000
0.000
0.000
0.000
0.000
0.000
0.000
0.000
0.000
0.000
0.000
0.000
0.000
0.000
0.000
0.000
0.000
0.000
0.000
0.000
0.000
0.000
0.000
0.000
0.000
0.000
0.000
0.000
0.000
0.000
0.000
0.000
0.000
0.000
0.000
0.000
0.000
0.000
0.000
0.000
0.000
0.000
0.000
0.000
0.000
0.000
0.000
0.000
0.000
0.000
0.000
0.000
0.000
0.000
0.000
0.000
0.000
0.000
0.000
0.115
0.115
0.115
0.115
0.115
0.115
0.115
0.115
0.115
0.115
0.115
0.115
0.115
0.115
0.115
0.115
0.115
0.115
0.115
0.115
0.115
0.115
0.115
0.115
0.115
0.115
0.115
-1.543
-1.547
-1.508
-1.532
-1.551
-1.503
-1.507
-1.537
-1.514
-1.537
-1.513
-1.508
0.115
0.115
0.115
-7.776
-8.690
-8.690
0.115
0.115
0.115
0.115
0.115
0.115
-3.195
-3.224
-3.224
-3.204
-3.196
0.000
0.000
0.000
0.000
0.000
0.000
0.000
0.000
0.000
0.000
0.000
0.000
0.000
0.115
0.115
0.115
0.115
0.115
0.115
0.115
0.115
0.115
0.115
0.115
0.115
0.115
0.115
0.115
0.115
0.115
0.115
0.115
0.115
0.115
0.115
0.115
0.115
0.115
0.115
0.115
0.115
0.115
0.115
0.115
0.115
0.115
0.115
0.115
0.115
0.115
0.115
0.115
0.115
0.115
0.115
0.115
0.115
0.115
0.115
0.115
0.115
0.115
0.115
0.115
0.115
0.115
0.115
0.115
0.115
0.115
0.115
0.115
0.115
0.115
0.115
0.115
0.115
0.115
0.115
0.115
0.115
0.115
0.115
0.115
0.115
0.115
0.115
0.115
0.115
0.115
0.115
0.115
0.115
0.115
0.115
0.115
0.115
0.115
0.115
0.115
0.115
0.115
0.115
0.115
0.115
0.115
0.115
0.115
0.115
0.115
0.115
0.115
0.115
0.115
0.115
0.115
0.115
0.115
0.115
0.115
0.115
0.115
0.115
0.115
0.115
0.115
0.115
0.115
0.115
0.115
0.115
0.115
0.115
0.115
0.115
0.115
0.115
0.115
0.115
0.115
0.115
0.115
0.115
0.115
0.115
0.115
0.115
0.115
0.115
0.115
0.115
0.115
0.115
0.115
0.115
0.115
0.115
0.115
0.115
0.115
0.115
0.115
0.115
0.115
0.115
0.115
0.115
0.115
0.115
0.115
0.115
0.115
0.115
0.115
0.115
-1.557
-1.556
-1.557
-1.567
-1.577
-1.556
0.115
0.115
0.115
0.115
0.115
0.115
0.115
0.115
0.115
0.115
0.115
0.115
0.115
0.115
0.115
0.115
0.115
0.115
-3.406
-3.406
-3.427
-3.406
-3.406
-3.409
-1.495
-1.495
-1.495
-1.495
-1.495
-1.495
-1.495
-1.495
-1.495
0.115
0.115
0.115
0.115
0.115
0.115
0.115
0.115
0.115
0.115
0.115
0.115
0.115
0.115
0.115
0.115
0.115
0.115
0.115
0.115
0.115
0.115
0.115
0.115
0.115
0.115
0.115
0.115
0.115
0.115
0.115
0.115
0.115
0.115
0.115
0.115
0.115
0.115
0.115
0.115
0.115
0.115
0.115
0.115
0.115
0.115
0.115
0.115
0.115
0.115
0.115
0.115
0.115
0.115
0.115
0.115
0.115
0.115
0.115
0.115
0.115
0.115
0.115
0.115
0.115
0.115
0.115
0.115
0.115
0.115
0.115
0.115
0.115
0.115
0.115
0.115
0.115
0.115
0.115
0.115
0.115
0.115
0.115
0.115
0.115
0.115
0.115
0.115
0.115
0.115
-1.495
-1.495
-1.495
0.115
0.115
0.115
0.115
0.115
0.115
0.115
0.115
0.115
0.115
0.115
0.115
0.115
0.115
0.115
0.115
0.115
0.115
0.115
0.115
0.115
0.115
0.115
0.115
0.115
0.115
0.115
0.115
0.115
0.115
0.115
0.115
0.115
0.115
0.115
0.115
0.115
0.115
0.115
0.115
0.115
0.115
0.115
0.115
0.115
0.115
0.115
0.115
0.115
0.115
0.115
0.115
0.115
0.115
0.115
0.115
0.115
0.115
0.115
0.115
0.115
0.115
0.115
0.115
0.115
0.115
0.115
0.115
0.115
0.115
0.115
0.115
0.115
0.115
0.115
0.115
0.115
0.115
0.115
0.115
0.115
0.115
0.115
0.115
0.115
0.115
0.115
0.115
0.115
0.115
0.115
0.115
0.115
0.115
0.115
0.115
0.115
0.115
0.115
0.115
0.115
0.115
0.115
0.115
0.115
0.115
0.115
0.115
0.115
0.115
0.115
0.115
0.115
0.115
0.115
0.115
0.115
0.115
0.115
0.115
0.115
0.115
0.115
0.115
0.115
0.115
0.115
0.115
0.115
0.115
0.115
0.115
0.115
0.115
0.115
0.115
0.115
0.115
0.115
0.115
0.115
0.115
0.115
0.115
0.115
0.115
0.115
0.115
0.115
0.115
0.115
0.115
0.115
0.115
0.115
0.115
0.115
0.115
0.115
0.115
0.115
0.115
0.115
0.115
0.115
0.115
0.115
0.115
0.115
0.115
0.115
0.115
0.115
0.115
0.115
0.115
0.115
0.115
0.115
0.115
0.115
0.115
0.115
0.115
0.115
0.115
0.115
0.115
0.115
0.115
0.115
0.115
0.115
0.115
0.115
0.115
0.115
0.115
0.115
0.115
0.115
0.115
0.115
0.115
0.115
0.115
0.115
0.115
0.115
0.115
0.115
0.115
0.115
0.115
0.115
0.115
0.115
0.115
0.115
0.115
0.115
0.115
0.115
0.115
0.115
0.115
0.115
0.115
0.115
0.115
0.115
0.115
0.115
0.115
0.115
0.115
0.115
0.115
0.115
0.115
0.115
0.115
0.115
0.115
0.115
0.115
0.115
0.115
0.115
0.115
0.115
0.115
0.115
0.115
0.115
0.115
0.115
0.115
0.115
0.115
0.115
0.115
0.115
0.115
0.115
0.115
0.115
0.115
0.115
0.115
0.115
0.115
0.115
0.115
0.115
0.115
0.115
0.115
0.115
0.115
0.115
0.115
0.115
0.115
0.115
0.115
0.115
0.115
0.115
0.115
0.115
0.115
0.115
0.115
0.115
0.115
0.115
0.115
0.115
0.115
0.115
0.115
0.115
0.115
0.115
0.115
0.115
0.115
0.115
0.115
0.115
0.115
0.115
0.115
0.115
0.115
0.115
0.115
0.115
0.115
0.115
0.115
0.115
0.115
0.115
0.115
0.115
0.115
0.115
0.115
0.115
0.115
0.115
0.115
0.115
0.115
0.115
0.115
0.115
0.115
0.115
0.115
0.115
0.115
0.115
0.115
0.115
0.115
0.115
0.115
0.115
0.115
0.115
0.115
0.115
0.115
0.115
0.115
0.115
0.115
0.115
0.115
0.115
0.115
0.115
0.115
0.115
0.115
0.115
0.115
0.115
0.115
0.115
0.115
0.115
-1.494
-1.494
-1.494
-1.494
-1.494
-1.494
-1.494
-1.494
-1.496
-1.494
-1.494
-1.505
0.115
0.115
0.115
0.115
0.115
0.115
0.115
0.115
0.115
0.115
0.115
0.115
0.115
0.115
0.115
0.115
0.115
0.115
0.115
0.115
0.115
0.115
0.115
0.115
-1.494
-1.494
-1.502
0.115
0.115
0.115
0.115
0.115
0.115
0.115
0.115
0.115
0.115
0.115
0.115
0.115
0.115
0.115
0.115
0.115
0.115
0.115
0.115
0.115
0.115
0.115
0.115
0.115
0.115
0.115
0.115
0.115
0.115
0.115
0.115
0.115
0.115
0.115
0.115
0.115
0.115
0.115
0.115
0.115
0.115
0.115
0.115
0.115
0.115
0.115
0.115
0.115
0.115
0.115
0.115
0.115
0.115
0.115
0.115
0.115
0.115
0.115
0.115
0.115
0.115
0.115
0.115
0.115
0.115
0.115
0.115
0.115
0.115
0.115
0.115
0.115
0.115
0.115
0.115
0.115
0.115
0.115
0.115
0.115
0.115
0.115
0.115
0.115
0.115
0.115
0.115
0.115
0.115
0.115
0.115
0.115
0.115
0.115
0.115
0.115
0.115
0.115
0.115
0.115
0.115
0.115
0.115
0.115
0.115
0.115
0.115
0.115
0.115
0.115
0.115
0.115
0.115
0.115
0.115
0.115
0.115
0.115
0.115
0.115
0.115
0.115
0.115
0.115
0.115
0.115
0.115
0.115
0.115
0.115
0.115
0.115
0.115
0.115
0.115
0.115
0.115
0.115
0.115
0.115
0.115
0.115
0.115
0.115
0.115
0.115
0.115
0.115
0.115
0.115
0.115
0.115
0.115
0.115
0.115
0.115
0.115
0.115
0.115
0.115
0.115
0.115
0.115
0.115
0.115
0.115
0.115
0.115
0.115
0.115
0.115
0.115
0.115
0.115
0.115
0.115
0.115
0.115
0.115
0.115
0.115
0.115
0.115
0.115
0.115
0.115
0.115
0.115
0.115
0.115
0.115
0.115
0.115
0.115
0.115
0.115
0.115
0.115
0.115
0.115
0.115
0.115
0.115
0.115
0.115
0.115
0.115
0.115
0.115
0.115
0.115
0.115
0.115
0.115
0.115
0.115
0.115
0.115
0.115
0.115
0.115
0.115
0.115
0.115
0.115
0.115
0.115
0.115
0.115
0.115
0.115
0.115
0.115
0.115
0.115
0.115
0.115
0.115
0.115
0.115
0.115
0.115
0.115
0.115
0.115
0.115
0.115
0.115
0.115
0.115
0.115
0.115
0.115
0.115
0.115
0.115
0.115
0.115
0.115
0.115
0.115
0.115
0.115
0.115
0.115
0.115
0.115
0.115
0.115
0.115
0.115
0.115
0.115
0.115
0.115
-1.449
-1.449
-1.449
0.115
0.115
0.115
0.115
0.115
0.115
0.115
0.115
0.115
0.115
0.115
0.115
0.115
0.115
0.115
0.115
0.115
0.115
0.115
0.115
0.115
0.115
0.115
0.115
0.115
0.115
0.115
0.115
0.115
0.115
0.115
0.115
0.115
0.115
0.115
0.115
0.115
0.115
0.115
0.115
0.115
0.115
0.115
0.115
0.115
0.115
0.115
0.115
0.115
0.115
0.115
0.115
0.115
0.115
0.115
0.115
0.115
0.115
0.115
0.115
0.115
0.115
0.115
0.115
0.115
0.115
0.115
0.115
0.115
0.115
0.115
0.115
0.115
0.115
0.115
0.115
0.115
0.115
0.115
0.115
0.115
0.115
0.115
0.115
0.115
0.115
0.115
0.115
0.115
0.115
0.115
0.115
0.115
0.115
0.115
0.115
0.115
0.115
0.115
0.115
0.115
0.115
0.115
0.115
0.115
0.115
0.115
0.115
0.115
0.115
0.115
0.115
0.115
0.115
0.115
0.115
0.115
0.115
0.115
0.115
0.115
0.115
0.115
0.115
0.115
0.115
0.115
0.115
0.115
0.115
0.115
0.115
0.115
0.115
0.115
0.115
0.115
0.115
0.115
0.115
0.115
0.115
0.115
0.115
0.115
0.115
0.115
0.115
0.115
0.115
0.115
0.115
0.115
0.115
0.115
0.115
0.115
0.115
0.115
0.115
0.115
0.115
0.115
0.115
0.115
0.115
0.115
0.115
0.115
0.115
0.115
0.115
0.115
0.115
0.115
0.115
0.115
