fixedStep chrom=ENSGT00510000049347 start=1 step=1
0.102
0.102
0.102
0.102
0.102
0.102
0.102
0.102
0.102
0.102
0.102
0.102
0.102
0.102
0.102
0.102
0.102
0.102
0.102
0.102
0.102
0.102
0.102
0.102
0.102
0.102
0.102
0.102
0.102
0.102
0.102
0.102
0.102
0.102
0.102
0.102
0.102
0.102
0.102
0.102
0.102
0.102
0.102
0.102
0.102
0.102
0.102
0.102
0.102
0.102
0.102
0.102
0.102
0.102
0.102
0.102
0.102
0.102
0.102
0.102
0.102
0.102
0.102
0.102
0.102
0.102
0.102
0.102
0.102
0.102
0.102
0.102
0.102
0.102
0.102
0.102
0.102
0.102
0.102
0.102
0.102
0.102
0.102
0.102
0.102
0.102
0.102
0.102
0.102
0.102
0.102
0.102
0.102
0.102
0.102
0.102
0.102
0.102
0.102
0.102
0.102
0.102
0.102
0.102
0.102
0.102
0.102
0.102
0.102
0.102
0.102
0.102
0.102
0.102
0.102
0.102
0.102
0.102
0.102
0.102
0.102
0.102
0.102
0.102
0.102
0.102
0.102
0.102
0.102
0.102
0.102
0.102
0.102
0.102
0.102
0.102
0.102
0.102
0.102
0.102
0.102
0.102
0.102
0.102
0.102
0.102
0.102
0.102
0.102
0.102
0.102
0.102
0.102
0.102
0.102
0.102
0.102
0.102
0.102
0.102
0.102
0.102
0.102
0.102
0.102
0.102
0.102
0.102
0.102
0.102
0.102
0.102
0.102
0.102
0.102
0.102
0.102
0.102
0.102
0.102
0.102
0.102
0.102
0.102
0.102
0.102
0.102
0.102
0.102
0.102
0.102
0.102
0.102
0.102
0.102
0.102
0.102
0.102
0.102
0.102
0.102
0.102
0.102
0.102
0.102
0.102
0.102
0.102
0.102
0.102
0.102
0.102
0.102
0.102
0.102
0.102
0.102
0.102
0.102
0.102
0.102
0.102
0.102
0.102
0.102
0.102
0.102
0.102
0.102
0.102
0.102
0.102
0.102
0.102
0.102
0.102
0.102
0.102
0.102
0.102
0.102
0.102
0.102
0.102
0.102
0.102
0.102
0.102
0.102
0.102
0.102
0.102
0.102
0.102
0.102
0.102
0.102
0.102
0.102
0.102
0.102
0.102
0.102
0.102
0.102
0.102
0.102
0.102
0.102
0.102
0.102
0.102
0.102
0.102
0.102
0.102
0.102
0.102
0.102
0.102
0.102
0.102
0.102
0.102
0.102
0.102
0.102
0.102
0.102
0.102
0.102
0.102
0.102
0.102
0.102
0.102
0.102
0.102
0.102
0.102
-5.455
-5.455
-5.455
-5.501
-5.455
-5.601
-3.388
-3.353
-3.425
0.102
0.102
0.102
0.102
0.102
0.102
0.102
0.102
0.102
0.102
0.102
0.102
0.102
0.102
0.102
0.102
0.102
0.102
0.102
0.102
0.102
0.102
0.102
0.102
0.102
0.102
0.102
0.102
0.102
0.102
0.102
0.102
0.102
0.102
0.102
0.102
0.102
0.102
0.102
0.102
0.102
0.102
0.102
0.102
0.102
0.102
0.102
0.102
0.102
0.102
0.102
0.102
0.102
0.102
0.102
0.102
0.102
0.102
0.102
0.102
-1.586
-1.604
-1.568
0.102
0.102
0.102
0.102
0.102
0.102
0.102
0.102
0.102
