fixedStep chrom=ENSGT00390000004026 start=1 step=1
-4.018
-4.019
-4.019
-4.018
-4.019
-4.019
0.082
0.082
0.082
0.082
0.082
0.082
0.082
0.082
0.082
0.082
0.082
0.082
0.082
0.082
0.082
0.082
0.082
0.082
0.082
0.082
0.082
0.082
0.082
0.082
0.082
0.082
0.082
0.082
0.082
0.082
0.082
0.082
0.082
0.082
0.082
0.082
0.082
0.082
0.082
0.082
0.082
0.082
-1.752
-1.752
-1.752
0.082
0.082
0.082
0.082
0.082
0.082
0.082
0.082
0.082
0.082
0.082
0.082
0.082
0.082
0.082
0.082
0.082
0.082
0.082
0.082
0.082
0.082
0.082
0.082
0.082
0.082
0.082
0.082
0.082
0.082
0.082
0.082
0.082
0.082
0.082
0.082
0.082
0.082
0.082
0.082
0.082
0.082
0.082
0.082
0.082
0.082
0.082
0.082
0.082
0.082
0.082
0.082
0.082
0.082
0.082
0.082
0.082
0.082
0.082
0.082
0.082
0.082
0.082
0.082
0.082
0.082
0.082
0.082
0.082
0.082
0.082
0.082
0.082
0.082
0.082
0.082
0.082
0.082
0.082
0.082
0.082
0.082
0.082
0.082
0.082
0.082
0.082
-1.739
-1.763
-1.739
-1.739
-1.739
-1.739
-1.739
-1.739
-1.739
-1.739
-1.739
-1.739
-1.739
-1.739
-1.739
0.082
0.082
0.082
0.082
0.082
0.082
0.082
0.082
0.082
0.082
0.082
0.082
0.082
0.082
0.082
0.082
0.082
0.082
0.082
0.082
0.082
0.082
0.082
0.082
0.082
0.082
0.082
0.082
0.082
0.082
0.082
0.082
0.082
0.082
0.082
0.082
0.082
0.082
0.082
0.082
0.082
0.082
0.082
0.082
0.082
0.082
0.082
0.082
0.082
0.082
0.082
0.082
0.082
0.082
0.082
0.082
0.082
0.082
0.082
0.082
0.082
0.082
0.082
0.082
0.082
0.082
0.082
0.082
0.082
0.082
0.082
0.082
0.082
0.082
0.082
0.082
0.082
0.082
0.082
0.082
0.082
0.082
0.082
0.082
0.082
0.082
0.082
0.082
0.082
0.082
0.082
0.082
0.082
0.082
0.082
0.082
0.082
0.082
0.082
0.082
0.082
0.082
0.082
0.082
0.082
0.082
0.082
0.082
0.082
0.082
0.082
0.082
0.082
0.082
0.082
0.082
0.082
0.082
0.082
0.082
0.082
0.082
0.082
0.082
0.082
0.082
0.082
0.082
0.082
0.082
0.082
0.082
0.082
0.082
0.082
0.082
0.082
0.082
0.082
0.082
0.082
0.082
0.082
0.082
0.082
0.082
0.082
0.082
0.082
0.082
0.082
0.082
0.082
0.082
0.082
0.082
0.082
0.082
0.082
0.082
0.082
0.082
0.082
0.082
0.082
0.082
0.082
0.082
0.082
0.082
0.082
0.082
0.082
0.082
0.082
0.082
0.082
0.082
0.082
0.082
0.082
0.082
0.082
-1.761
-1.766
-1.762
0.082
0.082
0.082
0.082
0.082
0.082
0.082
0.082
0.082
0.082
0.082
0.082
0.082
0.082
0.082
0.082
0.082
0.082
0.082
0.082
0.082
0.082
0.082
0.082
0.082
0.082
0.082
0.082
0.082
0.082
0.082
0.082
0.082
0.082
0.082
0.082
0.082
0.082
0.082
0.082
0.082
0.082
0.082
0.082
0.082
0.082
0.082
0.082
0.082
0.082
0.082
0.082
0.082
0.082
0.082
0.082
0.082
0.082
0.082
0.082
0.082
0.082
0.082
0.082
0.082
0.082
0.082
0.082
0.082
0.082
0.082
0.082
0.082
0.082
0.082
0.082
0.082
0.082
0.082
0.082
0.082
0.082
0.082
0.082
0.082
0.082
0.082
0.082
0.082
0.082
0.082
0.082
0.082
0.082
0.082
0.082
0.082
0.082
0.082
0.082
0.082
0.082
0.082
0.082
0.082
0.082
0.082
0.082
0.082
0.082
0.082
0.082
0.082
0.082
0.082
0.082
0.082
0.082
0.082
0.082
0.082
0.082
0.082
0.082
0.082
0.082
0.082
0.082
0.082
0.082
0.082
0.082
0.082
0.082
0.082
0.082
0.082
0.082
0.082
0.082
0.082
0.082
0.082
0.082
0.082
0.082
0.082
0.082
0.082
0.082
0.082
0.082
0.082
0.082
0.082
0.082
0.082
0.082
0.082
0.082
0.082
0.082
0.082
0.082
0.082
0.082
0.082
0.082
0.082
0.082
0.082
0.082
0.082
0.082
0.082
0.082
0.082
0.082
0.082
0.082
0.082
0.082
0.082
0.082
0.082
0.082
0.082
0.082
0.082
0.082
0.082
0.082
0.082
0.082
0.082
0.082
0.082
0.082
0.082
0.082
0.082
0.082
0.082
0.082
0.082
0.082
0.082
0.082
0.082
0.082
0.082
0.082
0.082
0.082
0.082
0.082
0.082
0.082
0.082
0.082
0.082
0.082
0.082
0.082
0.082
-1.761
-1.775
-1.412
-1.835
-1.779
-1.874
-1.863
-1.836
-1.876
-1.761
-1.761
-1.787
-3.259
-3.260
-3.260
-3.294
-3.294
-3.285
0.000
0.000
0.000
0.000
0.000
0.000
0.000
0.000
0.000
0.000
0.000
0.000
0.000
0.000
0.000
0.000
0.000
0.000
0.000
0.000
0.000
0.000
0.000
0.000
0.000
0.000
0.000
0.000
0.000
0.000
0.000
0.000
0.000
0.000
0.000
0.000
0.000
0.000
0.000
0.000
0.000
0.000
0.000
0.000
0.000
0.000
0.000
0.000
