fixedStep chrom=ENSGT00390000018266 start=1 step=1
-1.908
-1.908
-1.908
-1.908
-1.908
-1.908
-1.908
-1.908
-1.908
-1.908
-1.908
-1.908
-1.908
-1.908
-1.908
-1.908
-1.908
-1.908
-1.908
-1.908
-1.908
0.087
0.087
0.087
0.088
0.088
0.087
0.088
0.087
0.087
0.087
0.088
0.088
0.088
0.087
0.087
-2.654
-2.653
-2.652
-1.984
-1.933
-2.010
-1.908
-1.908
-1.908
-1.908
-2.002
-1.933
-1.934
-1.908
0.000
0.000
0.000
0.000
0.000
0.000
0.000
0.000
0.000
0.000
0.000
-1.908
-1.979
-1.979
-1.984
-2.010
-2.002
-1.933
-1.979
-1.908
-1.908
-1.979
-1.979
-2.002
-2.010
-1.908
-1.908
0.000
0.000
0.000
0.000
0.000
0.000
0.000
0.000
0.000
0.000
0.000
0.000
0.000
0.000
0.000
0.000
0.000
0.000
0.000
0.000
0.000
0.000
0.000
0.000
0.000
0.000
0.000
0.000
0.000
0.000
0.000
0.000
0.000
0.000
0.000
0.000
0.000
0.000
0.000
0.000
0.000
0.000
0.000
0.000
0.000
0.000
0.000
0.000
0.000
0.000
0.000
0.000
0.000
0.000
0.000
0.000
0.000
0.000
0.000
0.000
0.000
0.000
0.000
0.000
0.000
0.000
0.000
0.000
0.000
0.000
0.000
0.000
0.000
-1.908
-1.908
-2.010
0.087
0.087
0.087
0.088
0.088
0.087
-1.714
-1.687
-1.697
-1.742
-1.740
-1.744
0.087
0.087
0.087
0.087
0.087
0.087
-1.717
-1.757
-1.731
0.087
0.087
0.087
0.087
0.087
0.087
0.000
0.000
0.000
0.000
0.000
0.000
0.000
0.000
0.000
0.000
0.000
0.000
0.000
0.000
0.000
0.000
0.000
0.000
0.000
0.000
0.000
0.000
0.000
0.000
0.000
0.000
0.000
0.000
0.000
0.000
0.000
0.000
0.000
0.088
0.088
0.088
0.088
0.088
0.088
0.088
0.088
0.088
0.088
0.088
0.088
0.088
0.088
0.088
0.088
0.088
0.087
0.088
0.088
0.088
0.088
0.088
0.088
0.088
0.088
0.088
0.088
0.088
0.088
0.088
0.088
0.088
0.088
0.088
0.088
0.088
0.088
0.088
0.088
0.088
0.088
0.088
0.088
0.088
0.088
0.088
0.088
0.088
0.088
0.088
0.088
0.088
0.088
0.088
0.088
0.087
0.088
0.088
0.088
0.088
0.088
0.088
0.088
0.088
0.088
0.088
0.088
0.088
0.088
0.088
0.088
0.088
0.088
0.088
0.088
0.088
0.088
0.088
0.088
0.087
0.088
0.088
0.088
0.088
0.088
0.088
0.088
0.088
0.088
0.088
0.088
0.088
0.088
0.088
0.088
0.088
0.088
0.087
0.088
0.088
0.088
0.088
0.088
0.088
0.088
0.088
0.088
0.088
0.088
0.088
0.087
0.088
0.088
0.088
0.088
0.088
0.088
0.088
0.088
0.088
0.088
0.088
0.088
0.088
0.088
0.088
0.088
0.088
0.088
0.088
0.088
0.088
0.088
0.088
0.088
0.088
0.088
0.088
0.088
0.088
0.088
0.088
0.088
0.088
0.088
0.088
0.088
0.088
0.088
0.088
0.088
0.088
0.088
0.088
0.088
0.088
0.088
0.088
0.088
0.088
0.088
0.088
0.088
0.088
0.088
0.088
0.088
0.088
0.088
0.088
0.088
0.088
0.088
0.088
0.088
0.088
0.088
0.088
0.088
0.088
0.088
0.088
0.088
0.088
0.088
0.088
0.088
0.088
0.088
0.088
0.088
0.088
0.088
0.088
0.088
0.088
0.088
0.088
0.088
0.087
0.088
0.088
0.088
0.088
0.088
0.088
0.088
0.088
0.088
0.088
0.087
0.087
0.087
0.087
0.087
0.087
0.088
0.087
0.087
0.087
0.087
0.087
0.087
0.087
0.087
0.087
0.087
0.087
0.087
0.087
0.087
0.088
0.087
0.000
0.000
0.000
0.000
0.000
0.000
0.000
0.000
0.000
0.000
0.000
0.000
0.000
0.000
0.000
0.000
0.000
0.000
0.000
0.000
0.000
0.000
0.000
0.000
0.000
0.000
0.000
0.000
0.000
0.000
0.000
0.000
0.000
0.000
0.000
0.000
0.000
0.000
0.000
0.000
0.000
0.000
0.000
0.000
0.000
0.000
0.000
0.000
0.000
0.000
0.000
0.000
0.000
0.000
0.000
0.000
0.000
0.000
0.000
0.000
0.000
0.000
0.000
0.000
0.000
0.000
0.000
0.000
0.000
0.000
0.000
0.000
0.000
0.000
0.000
0.000
0.000
0.000
0.000
0.000
0.000
0.000
0.000
0.000
0.000
0.000
0.000
0.000
0.000
0.000
0.000
0.000
0.000
0.000
0.000
0.000
0.000
0.000
0.000
0.000
0.000
0.000
0.000
0.000
0.000
0.000
0.000
0.000
0.000
0.000
0.000
0.000
0.000
0.000
0.000
0.000
0.000
0.000
0.000
0.000
0.000
0.000
0.000
0.000
0.000
0.000
0.000
0.000
0.000
0.000
0.000
0.000
0.000
0.000
0.000
0.000
0.000
0.000
0.000
0.000
0.000
0.000
0.000
0.000
0.000
0.000
0.000
0.000
0.000
0.000
0.000
0.000
0.000
0.000
0.000
0.000
0.000
0.000
0.000
