fixedStep chrom=ENSGT00530000064609 start=1 step=1
0.000
0.000
0.000
0.000
0.000
0.000
0.000
0.000
0.000
0.000
0.000
0.000
0.000
0.000
0.000
0.000
0.000
0.000
0.000
0.000
0.000
0.000
0.000
0.000
0.000
0.000
0.000
0.000
0.000
0.000
0.000
0.000
0.000
0.000
0.000
0.000
0.000
0.000
0.000
0.000
0.000
0.000
0.000
0.000
0.000
0.000
0.000
0.000
0.000
0.000
0.000
0.000
0.000
0.000
0.000
0.000
0.000
0.000
0.000
0.000
0.000
0.000
0.000
0.000
0.000
0.000
0.000
0.000
0.000
0.000
0.000
0.000
0.000
0.000
0.000
0.000
0.000
0.000
0.000
0.000
0.000
0.000
0.000
0.000
0.000
0.000
0.000
0.000
0.000
0.000
0.000
0.000
0.000
0.000
0.000
0.000
0.000
0.000
0.000
0.000
0.000
0.000
0.000
0.000
0.000
0.000
0.000
0.000
0.000
0.000
0.000
0.000
0.000
0.000
0.000
0.000
0.000
0.000
0.000
0.000
0.000
0.000
0.000
0.000
0.000
0.000
0.000
0.000
0.000
0.000
0.000
0.000
0.000
0.000
0.000
0.000
0.000
0.000
0.000
0.000
0.000
0.000
0.000
0.000
0.000
0.000
0.000
0.000
0.000
0.000
0.000
0.000
0.000
0.000
0.000
0.000
0.000
0.000
0.000
0.000
0.000
0.000
0.000
0.000
0.000
0.000
0.000
0.000
0.000
0.000
0.000
0.000
0.000
0.000
0.000
0.000
0.000
0.000
0.000
0.000
0.000
0.000
0.000
0.000
0.000
0.000
0.000
0.000
0.000
0.000
0.000
0.000
0.000
0.000
0.000
0.000
0.000
0.000
0.000
0.000
0.000
0.000
0.000
0.000
0.000
0.000
0.000
0.000
0.000
0.000
0.000
0.000
0.000
0.000
0.000
0.000
0.000
0.000
0.000
0.000
0.000
0.000
0.000
0.000
0.000
0.000
0.000
0.000
0.000
0.000
0.000
0.000
0.000
0.000
0.000
0.000
0.000
0.000
0.000
0.000
0.000
0.000
0.000
0.000
0.000
0.000
0.000
0.000
0.000
0.000
0.000
0.000
0.000
0.000
0.000
0.000
0.000
0.000
0.000
0.000
0.000
0.000
0.000
0.000
0.000
0.000
0.000
0.000
0.000
0.000
0.000
0.000
0.000
0.000
0.000
0.000
0.000
0.000
0.000
0.000
0.000
0.000
0.000
0.000
0.000
0.000
0.000
0.000
0.000
0.000
0.000
0.000
0.000
0.000
0.000
0.000
0.000
0.000
0.000
0.000
0.000
0.000
0.000
0.000
0.000
0.000
0.000
0.000
0.000
0.000
0.000
0.000
0.000
0.000
0.000
0.000
0.000
0.000
0.000
0.000
0.000
0.000
0.000
0.000
0.000
0.000
0.000
0.000
0.000
0.000
0.000
0.000
0.000
0.000
-3.551
-3.551
-3.653
-3.580
-3.559
-3.551
-3.654
-3.653
-3.654
-3.660
-3.598
-3.551
0.000
0.000
0.000
0.000
0.000
0.000
0.000
0.000
0.000
0.000
0.000
0.000
0.000
0.000
0.000
0.000
0.000
0.000
0.000
0.000
0.000
0.000
0.000
0.000
0.000
0.000
0.000
0.000
0.000
0.000
0.000
0.000
0.000
0.000
0.000
0.000
0.000
0.000
-1.555
-1.555
-1.507
-1.522
-1.530
-1.517
-1.503
-1.503
-1.506
-1.555
-1.555
-1.514
0.000
0.000
0.000
0.000
0.000
0.000
0.000
0.000
0.000
-1.555
-1.555
-1.561
-1.503
-1.503
-1.557
-1.503
-1.555
-1.575
-1.514
-1.575
-1.561
-1.555
-1.555
-1.560
-1.506
-1.561
-1.567
-1.555
-1.518
-1.575
-1.503
-1.511
-1.514
-1.521
-1.555
-1.574
0.107
0.107
0.107
0.107
0.107
0.107
0.107
0.107
0.107
0.107
0.107
0.107
0.107
0.107
0.107
0.107
0.107
0.107
0.107
0.107
0.107
0.107
0.107
0.107
0.107
0.107
0.107
0.107
0.107
0.107
0.107
0.107
0.107
0.107
0.107
0.107
0.107
0.107
0.107
0.107
0.107
0.107
0.107
0.107
0.107
0.107
0.107
0.107
0.107
0.107
0.107
0.107
0.107
0.107
0.107
0.107
0.107
0.107
0.107
0.107
0.107
0.107
0.107
0.107
0.107
0.107
0.107
0.107
0.107
0.107
0.107
0.107
0.107
0.107
0.107
0.107
0.107
0.107
0.107
0.107
0.107
0.107
0.107
0.107
0.107
0.107
0.107
0.107
0.107
0.107
-1.925
-1.925
-1.925
0.107
0.107
0.107
0.107
0.107
0.107
0.107
0.107
0.107
0.107
0.107
0.107
0.107
0.107
0.107
0.107
0.107
0.107
0.107
0.107
0.107
0.107
0.107
0.107
-1.629
-1.629
-1.629
0.107
0.107
0.107
0.107
0.107
0.107
0.107
0.107
0.107
0.107
0.107
0.107
0.107
0.107
0.107
0.107
0.107
0.107
0.107
0.107
0.107
0.107
0.107
0.107
0.107
0.107
0.107
0.107
0.107
0.107
0.107
0.107
0.107
0.107
0.107
0.107
0.107
0.107
0.107
0.107
0.107
0.107
0.107
0.107
0.107
0.107
0.107
0.107
0.107
0.107
0.107
0.107
0.107
0.107
0.107
0.107
0.107
0.107
0.107
0.107
0.107
0.107
0.107
0.107
0.107
0.107
0.107
0.107
0.107
0.107
0.107
0.107
0.107
0.107
0.107
0.107
0.107
0.107
0.107
0.107
0.107
0.107
0.107
0.107
0.107
0.107
0.107
0.107
0.107
0.107
0.107
0.107
0.107
0.107
0.107
0.107
0.107
0.107
0.107
0.107
0.107
0.107
0.107
0.107
0.107
0.107
0.107
0.107
0.107
0.107
0.107
0.107
0.107
0.107
0.107
0.107
0.107
0.107
0.107
0.107
0.107
0.107
0.107
-1.632
-1.629
-1.629
-1.631
-1.629
-1.629
-1.629
-1.629
-1.629
-1.629
-1.630
-1.629
-1.629
-1.629
-1.629
0.107
0.107
0.107
0.107
0.107
0.107
0.107
0.107
0.107
0.107
0.107
0.107
0.107
0.107
0.107
0.107
0.107
0.107
0.107
0.107
0.107
0.107
0.107
0.107
0.107
0.107
0.107
0.107
0.107
0.107
0.107
0.107
0.107
0.107
0.107
0.107
0.107
0.107
0.107
0.107
0.107
0.107
0.107
0.107
0.107
0.107
0.107
0.107
0.107
0.107
0.107
0.107
0.107
0.107
0.107
0.107
0.107
0.107
0.107
0.107
0.107
0.107
0.107
0.107
0.107
0.107
0.107
0.107
0.107
0.107
0.107
0.107
0.107
0.107
0.107
0.107
0.107
0.107
0.107
0.107
0.107
0.107
0.107
0.107
0.107
0.107
0.107
0.107
0.107
0.107
0.107
0.107
0.107
0.107
0.107
0.107
0.107
0.107
0.107
0.107
0.107
0.107
0.107
0.107
0.107
0.107
0.107
0.107
0.107
0.107
0.107
0.107
0.107
0.107
0.107
0.107
0.107
0.107
0.107
0.107
0.107
0.107
0.107
0.107
0.107
0.107
0.107
0.107
0.107
0.107
0.107
0.107
0.107
0.107
0.107
0.107
0.107
0.107
0.107
0.107
0.107
0.107
0.107
0.107
0.107
0.107
0.107
0.107
0.107
0.107
0.107
0.107
0.107
0.107
0.107
0.107
0.107
0.107
0.107
0.107
0.107
0.107
0.107
0.107
0.107
0.107
0.107
0.107
