fixedStep chrom=ENSGT00390000007772 start=1 step=1
0.114
0.114
0.114
0.114
0.114
0.114
0.114
0.114
0.114
0.114
0.114
0.114
0.114
0.114
0.114
0.114
0.114
0.114
0.114
0.114
0.114
0.114
0.114
0.114
0.114
0.114
0.114
0.114
0.114
0.114
0.114
0.114
0.114
0.114
0.114
0.114
0.114
0.114
0.114
0.114
0.114
0.114
0.114
0.114
0.114
0.114
0.114
0.114
-1.449
-1.446
-1.448
0.114
0.114
0.114
0.114
0.114
0.114
0.114
0.114
0.114
0.114
0.114
0.114
0.114
0.114
0.114
0.114
0.114
0.114
0.114
0.114
0.114
0.114
0.114
0.114
0.114
0.114
0.114
0.114
0.114
0.114
0.114
0.114
0.114
0.114
0.114
0.114
0.114
0.114
0.114
0.114
0.114
0.114
-3.300
-3.293
-3.300
0.114
0.114
0.114
0.114
0.114
0.114
0.114
0.114
0.114
0.114
0.114
0.114
0.114
0.114
0.114
-1.449
-1.453
-1.449
0.114
0.114
0.114
0.114
0.114
0.114
0.114
0.114
0.114
0.114
0.114
0.114
0.114
0.114
0.114
0.114
0.114
0.114
0.114
0.114
0.114
0.114
0.114
0.114
0.114
0.114
0.114
0.114
0.114
0.114
0.114
0.114
0.114
-1.447
-1.453
-1.448
0.114
0.114
0.114
0.114
0.114
0.114
0.114
0.114
0.114
0.114
0.114
0.114
0.114
0.114
0.114
0.114
0.114
0.114
0.114
0.114
0.114
0.114
0.114
0.114
0.114
0.114
0.114
0.114
0.114
0.114
0.114
0.114
0.114
0.114
0.114
0.114
0.114
0.114
0.114
0.114
0.114
0.114
0.114
0.114
0.114
0.114
0.114
0.114
0.114
0.114
0.114
0.114
0.114
0.114
0.114
0.114
0.114
0.114
0.114
0.114
0.114
0.114
0.114
0.114
0.114
0.114
0.114
0.114
0.114
0.114
0.114
0.114
0.114
0.114
0.114
0.114
0.114
0.114
0.114
0.114
0.114
0.114
0.114
0.114
0.114
0.114
0.114
0.114
0.114
0.114
0.114
0.114
0.114
0.114
0.114
0.114
0.114
0.114
0.114
0.114
0.114
0.114
0.114
0.114
0.114
0.114
0.114
0.114
0.114
0.114
0.114
0.114
0.114
0.114
0.114
0.114
0.114
0.114
0.114
0.114
0.114
0.114
0.114
0.114
0.114
0.114
0.114
0.114
0.114
0.114
0.114
0.114
0.114
0.114
0.114
0.114
0.114
0.114
0.114
0.114
0.114
0.114
0.114
0.114
0.114
0.114
0.114
0.114
0.114
0.114
0.114
0.114
0.114
0.114
0.114
0.114
0.114
0.114
0.114
0.114
0.114
0.114
0.114
0.114
0.114
0.114
0.114
0.114
0.114
0.114
0.114
0.114
0.114
0.114
0.114
0.114
0.114
0.114
0.114
0.114
0.114
0.114
0.114
0.114
0.114
0.114
0.114
0.114
0.114
0.114
0.114
0.114
0.114
0.114
0.114
0.114
0.114
0.114
0.114
0.114
0.114
0.114
0.114
0.114
0.114
0.114
0.114
0.114
0.114
0.114
0.114
0.114
0.114
0.114
0.114
0.114
0.114
0.114
0.114
0.114
0.114
0.114
0.114
0.114
0.114
0.114
0.114
0.114
0.114
0.114
0.114
0.114
0.114
0.114
0.114
0.114
0.114
0.114
0.114
0.114
0.114
0.114
0.114
0.114
0.114
0.114
0.114
0.114
0.114
0.114
0.114
0.114
0.114
0.114
0.114
0.114
0.114
0.114
0.114
0.114
0.114
0.114
0.114
0.114
0.114
0.114
0.114
0.114
0.114
0.114
0.114
0.114
0.114
-10.722
-10.261
-10.266
0.114
0.114
0.114
0.114
0.114
0.114
0.114
0.114
0.114
0.114
0.114
0.114
0.114
0.114
0.114
0.114
0.114
0.114
0.114
0.114
0.114
0.114
0.114
0.114
0.114
0.114
0.114
0.114
0.114
0.114
0.114
0.114
0.114
0.114
0.114
0.114
0.114
0.114
0.114
0.114
0.114
0.114
0.114
0.114
0.114
0.114
0.114
0.114
0.114
0.114
0.114
0.114
0.114
0.114
0.114
0.114
0.114
0.114
0.114
0.114
0.114
0.114
0.114
0.114
0.114
0.114
0.114
0.114
0.114
0.114
0.114
0.114
0.114
0.114
0.114
0.114
0.114
0.114
0.114
0.114
0.114
0.114
0.114
0.114
0.114
0.114
0.114
0.114
0.114
0.114
0.114
0.114
0.114
0.114
0.114
0.114
0.114
0.114
0.114
0.114
0.114
0.114
0.114
0.114
0.114
0.114
0.114
0.114
0.114
0.114
0.114
0.114
0.114
0.114
0.114
0.114
0.114
-1.440
-1.444
-1.447
0.114
0.114
0.114
0.114
0.114
0.114
0.114
0.114
0.114
0.114
0.114
0.114
0.114
0.114
0.114
0.114
0.114
0.114
0.114
0.114
0.114
0.114
0.114
0.114
-1.568
-1.571
-1.573
-1.572
-1.579
-1.568
-1.568
-1.568
-1.568
-1.570
-1.568
-1.568
-1.568
-1.568
-1.568
0.000
0.000
0.000
0.000
0.000
0.000
0.000
0.000
0.000
0.000
0.000
0.000
0.000
0.000
0.000
0.114
0.114
0.114
0.114
0.114
0.114
0.114
0.114
0.114
0.114
0.114
0.114
0.114
0.114
0.114
0.114
0.114
0.114
0.114
0.114
0.114
0.114
0.114
0.114
0.114
0.114
0.114
0.114
0.114
0.114
0.114
0.114
0.114
0.114
0.114
0.114
0.114
0.114
0.114
0.114
0.114
0.114
-1.448
-1.456
-1.447
-1.447
-1.452
-1.452
0.114
0.114
0.114
0.114
0.114
0.114
0.114
0.114
0.114
0.114
0.114
0.114
0.114
0.114
0.114
0.114
0.114
0.114
0.114
0.114
0.114
0.114
0.114
0.114
0.114
0.114
0.114
0.114
0.114
0.114
0.114
0.114
0.114
0.114
0.114
0.114
0.114
0.114
0.114
0.114
0.114
0.114
0.114
0.114
0.114
0.114
0.114
0.114
0.114
0.114
0.114
0.114
0.114
0.114
0.114
0.114
0.114
0.114
0.114
0.114
0.114
0.114
0.114
0.114
0.114
0.114
0.114
0.114
0.114
0.114
0.114
0.114
0.114
0.114
0.114
0.114
0.114
0.114
0.114
0.114
0.114
0.114
0.114
0.114
-2.110
-2.110
-2.110
-2.110
-2.109
-2.110
-2.110
-2.110
-2.128
0.114
0.114
0.114
0.114
0.114
0.114
0.114
0.114
0.114
0.114
0.114
0.114
-2.039
-2.068
-2.066
-3.053
-3.053
-3.053
0.114
0.114
0.114
0.114
0.114
0.114
0.114
0.114
0.114
0.114
0.114
0.114
0.114
0.114
0.114
0.000
0.000
0.000
0.000
0.000
0.000
0.000
0.000
0.000
0.114
0.114
0.114
0.114
0.114
0.114
0.114
0.114
0.114
0.114
0.114
0.114
0.114
0.114
0.114
0.114
0.114
0.114
0.114
0.114
0.114
0.114
0.114
0.114
0.114
0.114
0.114
0.114
0.114
0.114
0.114
0.114
0.114
0.114
0.114
0.114
0.114
0.114
0.114
0.114
0.114
0.114
0.114
0.114
0.114
0.114
0.114
0.114
