fixedStep chrom=ENSGT00390000018615 start=1 step=1
0.046
0.046
0.046
0.046
0.046
0.046
0.046
0.046
0.046
0.046
0.046
0.046
0.046
0.046
0.046
0.046
0.046
0.046
0.046
0.046
0.046
0.046
0.046
0.046
0.046
0.046
0.046
0.046
0.046
0.046
0.046
0.046
0.046
0.046
0.046
0.046
-2.639
-2.639
-2.639
0.046
0.046
0.046
0.046
0.046
0.046
-2.276
-2.540
-2.276
0.046
0.046
0.046
0.046
0.046
0.046
0.046
0.046
0.046
0.046
0.046
0.046
0.046
0.046
0.046
0.046
0.046
0.046
0.046
0.046
0.046
-2.443
-2.447
-2.443
0.046
0.046
0.046
0.046
0.046
0.046
0.046
0.046
0.046
0.046
0.046
0.046
0.046
0.046
0.046
0.046
0.046
0.046
0.046
0.046
0.046
0.046
0.046
0.046
0.046
0.046
0.046
0.046
0.046
0.046
0.046
0.046
0.046
0.046
0.046
0.046
0.046
0.046
0.046
0.046
0.046
0.046
0.046
0.046
0.046
0.046
0.046
0.046
0.046
0.046
0.046
0.046
0.046
0.046
0.046
0.046
0.046
0.046
0.046
0.046
0.046
0.046
0.046
0.046
0.046
0.046
0.046
0.046
0.046
0.046
0.046
0.046
0.046
0.046
0.046
0.046
0.046
0.046
-2.286
-2.288
-2.395
0.046
0.046
0.046
0.046
0.046
0.046
0.046
0.046
0.046
0.046
0.046
0.046
0.046
0.046
0.046
0.046
0.046
0.046
0.046
0.046
0.046
0.046
0.046
0.046
0.046
0.046
0.046
0.046
0.046
0.046
0.046
0.046
0.046
0.046
0.046
0.046
0.046
0.046
0.046
0.046
0.046
0.046
0.046
0.046
0.046
0.046
0.046
0.046
0.046
0.046
0.046
0.046
0.046
0.046
0.046
0.046
0.046
0.046
0.046
0.046
-2.639
-2.639
-2.642
-2.639
-2.644
-2.642
0.046
0.046
0.046
0.046
0.046
0.046
0.046
0.046
0.046
0.046
0.046
0.046
0.046
0.046
0.046
0.046
0.046
0.046
0.046
0.046
0.046
0.046
0.046
0.046
0.046
0.046
0.046
0.046
0.046
0.046
-2.447
-2.443
-2.443
0.046
0.046
0.046
0.046
0.046
0.046
0.046
0.046
0.046
0.046
0.046
0.046
0.046
0.046
0.046
0.046
0.046
0.046
0.046
0.046
0.046
0.046
0.046
0.046
0.046
0.046
0.046
0.046
0.046
0.046
0.046
0.046
0.046
0.046
0.046
0.046
0.046
0.046
0.046
0.046
0.046
0.046
0.046
0.046
0.046
-2.445
-2.445
-2.443
0.046
0.046
0.046
0.046
0.046
0.046
0.046
0.046
0.046
0.046
0.046
0.046
0.046
0.046
0.046
0.046
0.046
0.046
0.046
0.046
0.046
0.046
0.046
0.046
0.046
0.046
0.046
0.000
0.000
0.000
0.000
0.000
0.000
0.000
0.000
0.000
0.000
0.000
0.000
0.046
0.046
0.046
0.046
0.046
0.046
0.046
0.046
0.046
0.046
0.046
0.046
0.046
0.046
0.046
0.046
0.046
0.046
0.046
0.046
0.046
0.046
0.046
0.046
0.046
0.046
0.046
0.046
0.046
0.046
0.046
0.046
0.046
0.046
0.046
0.046
0.046
0.046
0.046
0.046
0.046
0.046
0.046
0.046
0.046
0.046
0.046
0.046
