fixedStep chrom=ENSGT00390000009312 start=1 step=1
0.000
0.000
0.000
0.000
0.000
0.000
0.000
0.000
0.000
0.000
0.000
0.000
0.076
0.076
0.076
0.076
0.076
0.076
0.076
0.076
0.076
0.076
0.076
0.076
0.076
0.076
0.076
0.076
0.076
0.076
0.076
0.076
0.076
0.076
0.076
0.076
0.076
0.076
0.076
0.076
0.076
0.076
0.076
0.076
0.076
0.076
0.076
0.076
0.076
0.076
0.076
0.076
0.076
0.076
0.076
0.076
0.076
0.076
0.076
0.076
0.076
0.076
0.076
0.076
0.076
0.076
0.076
0.076
0.076
0.076
0.076
0.076
0.076
0.076
0.076
0.076
0.076
0.076
0.076
0.076
0.076
0.076
0.076
0.076
0.076
0.076
0.076
0.076
0.076
0.076
0.076
0.076
0.076
0.076
0.076
0.076
0.076
0.076
0.076
0.076
0.076
0.076
0.076
0.076
0.076
0.076
0.076
0.076
0.076
0.076
0.076
0.076
0.076
0.076
0.076
0.076
0.076
0.076
0.076
0.076
0.076
0.076
0.076
0.076
0.076
0.076
0.076
0.076
0.076
0.076
0.076
0.076
0.076
0.076
0.076
0.076
0.076
0.076
0.076
0.076
0.076
0.076
0.076
0.076
0.076
0.076
0.076
0.076
0.076
0.076
0.076
0.076
0.076
0.076
0.076
0.076
0.076
0.076
0.076
0.076
0.076
0.076
0.076
0.076
0.076
0.076
0.076
0.076
0.076
0.076
0.076
0.076
0.076
0.076
0.076
0.076
0.076
-1.854
-1.819
-1.967
-2.657
-2.660
-2.661
-2.661
-2.660
-2.655
0.076
0.076
0.076
0.076
0.076
0.076
0.076
0.076
0.076
0.076
0.076
0.076
0.076
0.076
0.076
0.076
0.076
0.076
0.076
0.076
0.076
0.076
0.076
0.076
0.076
0.076
0.076
0.076
0.076
0.076
0.076
0.076
0.076
0.076
0.076
0.076
0.076
0.076
0.076
0.076
0.076
0.076
0.076
0.076
0.076
0.076
0.076
0.076
0.076
0.076
0.076
0.076
0.076
0.076
0.076
0.076
0.076
0.076
0.076
0.076
0.076
0.076
0.076
-1.819
-1.819
-1.819
0.076
0.076
0.076
0.076
0.076
0.076
0.076
0.076
0.076
0.076
0.076
0.076
0.076
0.076
0.076
0.076
0.076
0.076
0.076
0.076
0.076
0.076
0.076
0.076
0.076
0.076
0.076
0.076
0.076
0.076
-1.828
-1.819
-1.819
0.076
0.076
0.076
0.076
0.076
0.076
0.076
0.076
0.076
0.076
0.076
0.076
0.076
0.076
0.076
0.076
0.076
0.076
0.076
0.076
0.076
0.076
0.076
0.076
0.076
0.076
0.076
0.076
0.076
0.076
0.076
0.076
0.076
0.076
0.076
0.076
0.076
0.076
0.076
0.076
0.076
0.076
0.076
0.076
0.076
0.076
0.076
0.076
0.076
0.076
0.076
0.076
0.076
0.076
0.076
0.076
0.076
0.076
0.076
0.076
0.076
0.076
0.076
0.076
0.076
0.076
0.076
0.076
0.076
0.076
0.076
0.076
0.076
0.076
0.076
0.076
0.076
0.076
0.076
0.076
0.076
0.076
0.076
0.076
0.076
0.076
0.076
0.076
0.076
0.076
0.076
0.076
0.076
0.076
0.076
0.076
0.076
0.076
0.076
0.076
0.076
0.076
0.076
0.076
0.076
0.076
0.076
0.076
0.076
0.076
0.076
0.076
0.076
0.076
0.076
0.076
0.076
0.076
0.076
0.076
-1.831
-1.830
-1.830
0.076
0.076
0.076
0.076
0.076
0.076
0.076
0.076
0.076
0.076
0.076
0.076
0.076
0.076
0.076
0.076
0.076
0.076
0.076
0.076
0.076
0.076
0.076
0.076
-1.830
-1.831
-1.833
0.076
0.076
0.076
0.076
0.076
0.076
0.076
0.076
0.076
0.076
0.076
0.076
0.076
0.076
0.076
0.076
0.076
0.076
0.076
0.076
0.076
0.076
0.076
0.076
0.076
0.076
0.076
0.076
0.076
0.076
0.076
0.076
0.076
0.076
0.076
0.076
0.076
0.076
0.076
0.076
0.076
0.076
0.076
0.076
0.076
0.076
0.076
0.076
0.076
0.076
0.076
0.076
0.076
0.076
0.076
0.076
0.076
0.076
0.076
0.076
0.076
0.076
0.076
0.076
0.076
0.076
0.076
0.076
0.076
0.076
0.076
0.076
0.076
0.076
0.076
0.076
0.076
0.076
0.076
0.076
0.076
0.076
0.076
0.076
0.076
0.076
0.076
0.076
0.076
0.076
0.076
0.076
0.076
0.076
0.076
0.076
0.076
0.076
0.076
0.076
0.076
0.076
0.076
0.076
0.076
0.076
0.076
0.076
0.076
0.076
0.076
0.076
0.076
0.076
0.076
0.076
0.076
0.076
0.076
0.076
0.076
0.076
0.076
0.076
0.076
0.076
0.076
0.076
0.076
0.076
0.076
0.076
0.076
0.076
0.076
