fixedStep chrom=ENSGT00390000000424 start=1 step=1
-2.667
-2.666
-2.665
-2.666
-2.669
-2.669
-2.666
-2.669
-2.667
-2.667
-2.669
-2.666
-2.669
-2.666
-2.665
-2.665
-2.665
-2.665
-2.667
-2.667
-2.665
-2.666
-2.666
-2.667
0.031
0.031
0.031
0.031
0.031
0.031
0.031
0.031
0.031
0.031
0.031
0.031
0.031
0.031
0.031
0.031
0.031
0.031
0.031
0.031
0.031
0.031
0.031
0.031
0.031
0.031
0.031
0.031
0.031
0.031
0.031
0.031
0.031
0.031
0.031
0.031
-2.684
-2.479
-2.685
-2.685
-2.688
-2.684
-2.684
-2.684
-2.688
-2.685
-2.684
-2.684
0.031
0.031
0.031
0.031
0.031
0.031
0.031
0.031
0.031
0.031
0.031
0.031
0.031
0.031
0.031
0.031
0.031
0.031
0.031
0.031
0.031
0.031
0.031
0.031
0.031
0.031
0.031
0.031
0.031
0.031
0.031
0.031
0.031
0.031
0.031
0.031
0.031
0.031
0.031
0.031
0.031
0.031
0.031
0.031
0.031
0.031
0.031
0.031
0.031
0.031
0.031
0.031
0.031
0.031
0.031
0.031
0.031
0.031
0.031
0.031
0.031
0.031
0.031
0.031
0.031
0.031
0.031
0.031
0.031
0.031
0.031
0.031
0.031
0.031
0.031
0.031
0.031
0.031
0.031
0.031
0.031
0.031
0.031
0.031
0.031
0.031
0.031
0.031
0.031
0.031
0.031
0.031
0.031
0.031
0.031
0.031
0.031
0.031
0.031
0.031
0.031
0.031
0.031
0.031
0.031
0.031
0.031
0.031
0.031
0.031
0.031
0.031
0.031
0.031
0.031
0.031
0.031
0.031
0.031
0.031
0.031
0.031
0.031
0.031
0.031
0.031
0.031
0.031
0.031
0.031
0.031
0.031
0.031
0.031
0.031
0.031
0.031
0.031
0.031
0.031
0.031
0.031
0.031
0.031
0.031
0.031
0.031
0.031
0.031
0.031
0.031
0.031
0.031
0.031
0.031
0.031
0.031
0.031
0.031
0.031
0.031
0.031
0.031
0.031
0.031
0.031
0.031
0.031
0.031
0.031
0.031
0.031
0.031
0.031
0.031
0.031
0.031
0.031
0.031
0.031
0.031
0.031
0.031
0.031
0.031
0.031
0.031
0.031
0.031
0.031
0.031
0.031
0.031
0.031
0.031
0.031
0.031
0.031
0.031
0.031
0.031
0.031
0.031
0.031
0.031
0.031
0.031
0.031
0.031
0.031
0.031
0.031
0.031
0.031
0.031
0.031
0.031
0.031
0.031
0.031
0.031
0.031
0.031
0.031
0.031
0.031
0.031
0.031
0.031
0.031
0.031
0.031
0.031
0.031
0.031
0.031
0.031
0.031
0.031
0.031
0.031
0.031
0.031
0.031
0.031
0.031
0.031
0.031
0.031
0.031
0.031
0.031
0.031
0.031
0.031
0.031
0.031
0.031
0.031
0.031
0.031
0.031
0.031
0.031
0.031
0.031
0.031
0.031
0.031
0.031
0.031
0.031
0.031
0.031
0.031
0.031
0.031
0.031
0.031
0.031
0.031
0.031
0.031
0.031
0.031
0.031
0.031
0.031
0.031
0.031
0.031
0.031
0.031
0.031
0.031
0.031
0.031
0.031
0.031
0.031
0.031
0.031
0.031
