fixedStep chrom=ENSGT00390000009426 start=1 step=1
-1.538
-1.538
-1.538
0.115
0.115
0.115
0.115
0.115
0.115
0.115
0.115
0.115
0.115
0.115
0.115
0.115
0.115
0.115
0.115
0.115
0.115
0.115
0.115
0.115
0.115
0.115
0.115
0.115
0.115
0.115
0.115
0.115
0.115
0.115
0.115
0.115
0.115
0.115
0.115
0.115
0.115
0.115
0.115
0.115
0.115
0.115
0.115
0.115
-2.285
-2.285
-2.285
-1.538
-1.538
-1.538
0.115
0.115
0.115
0.115
0.115
0.115
0.115
0.115
0.115
0.115
0.115
0.115
0.115
0.115
0.115
0.115
0.115
0.115
0.115
0.115
0.115
0.115
0.115
0.115
0.115
0.115
0.115
0.000
0.000
0.000
0.000
0.000
0.000
0.000
0.000
0.000
0.115
0.115
0.115
0.115
0.115
0.115
0.115
0.115
0.115
0.115
0.115
0.115
0.115
0.115
0.115
0.115
0.115
0.115
0.115
0.115
0.115
0.115
0.115
0.115
0.115
0.115
0.115
0.115
0.115
0.115
0.115
0.115
0.115
0.115
0.115
0.115
0.115
0.115
0.115
0.115
0.115
0.115
0.115
0.115
0.115
0.115
0.115
0.115
0.115
0.115
0.115
0.115
0.115
0.115
0.115
0.115
0.115
0.115
0.115
0.115
0.115
0.115
0.115
0.115
0.115
0.115
0.115
0.115
0.115
0.115
0.115
0.115
0.115
0.115
0.115
0.115
0.115
0.115
0.115
0.115
0.115
0.115
0.115
0.115
0.115
0.115
0.115
0.115
0.115
0.115
0.115
0.115
0.115
0.115
0.115
0.115
0.115
0.115
0.115
0.115
0.115
0.115
0.115
0.115
0.115
0.115
0.115
0.115
0.115
0.115
0.115
0.115
0.115
0.115
0.115
0.115
0.115
0.115
0.115
0.115
0.115
0.115
0.115
0.115
0.115
0.115
0.115
0.115
0.115
0.115
0.115
0.115
0.115
0.115
0.115
0.115
0.115
0.115
0.115
0.115
0.115
0.115
0.115
0.115
0.115
0.115
0.115
0.115
0.115
0.115
0.115
0.115
0.115
0.115
0.115
0.115
0.115
0.115
0.115
0.115
0.115
0.115
0.115
0.115
0.115
0.115
0.115
0.115
0.115
0.115
0.115
0.115
0.115
0.115
0.115
0.115
0.115
0.115
0.115
0.115
0.115
0.115
0.115
0.115
0.115
0.115
0.115
0.115
0.115
0.115
0.115
0.115
0.115
0.115
0.115
0.115
0.115
0.115
0.115
0.115
0.115
0.115
0.115
0.115
0.115
0.115
0.115
0.115
0.115
0.115
0.115
0.115
0.115
0.115
0.115
0.115
0.115
0.115
0.115
0.115
0.115
0.115
0.115
0.115
0.115
0.115
0.115
0.115
0.115
0.115
0.115
0.115
0.115
0.115
0.115
0.115
0.115
0.115
0.115
0.115
0.115
0.115
0.115
0.115
0.115
0.115
0.115
0.115
0.115
0.115
0.115
0.115
0.115
0.115
0.115
0.115
0.115
0.115
0.115
0.115
0.115
0.115
0.115
0.115
0.115
0.115
0.115
0.115
0.115
0.115
0.000
0.000
0.000
0.000
0.000
0.000
0.000
0.000
0.000
0.000
0.000
0.000
0.000
0.000
0.000
0.000
0.000
0.000
0.000
0.000
0.000
0.000
0.000
0.000
0.000
0.000
0.000
0.000
0.000
0.000
0.000
0.000
0.000
0.000
0.000
0.000
0.000
0.000
0.000
0.000
0.000
0.000
0.000
0.000
0.000
0.000
0.000
0.000
0.000
0.000
0.000
0.000
0.000
0.000
0.000
0.000
0.000
0.000
0.000
0.000
0.000
0.000
0.000
0.000
0.000
0.000
0.000
0.000
0.000
0.000
0.000
0.000
0.000
0.000
0.000
0.000
0.000
0.000
0.000
0.000
0.000
0.000
0.000
0.000
0.000
0.000
0.000
0.000
0.000
0.000
0.000
0.000
0.000
0.000
0.000
0.000
0.000
0.000
0.000
0.000
0.000
0.000
0.000
0.000
0.000
0.000
0.000
0.000
0.000
-1.538
-1.570
-1.538
-1.538
-1.542
-1.538
-1.566
-1.538
0.000
0.000
0.000
0.000
0.000
0.000
0.000
0.000
0.000
0.000
0.000
0.000
0.000
0.000
0.000
0.000
0.000
0.000
0.000
0.000
0.000
0.000
0.000
0.000
0.000
0.000
0.000
0.000
0.000
0.000
0.000
0.000
0.000
0.000
0.000
0.000
0.000
0.000
0.000
0.000
0.000
0.000
0.000
0.000
0.000
0.000
0.000
0.000
0.000
0.000
0.000
0.000
0.000
0.000
0.000
0.000
0.000
0.000
0.000
0.000
0.000
0.000
0.000
0.000
0.000
0.000
0.000
0.000
0.000
0.000
0.000
0.000
0.000
0.000
0.000
0.000
0.000
0.000
0.000
0.000
0.000
0.000
0.000
0.000
0.000
0.000
0.000
0.000
0.000
0.000
0.000
0.000
0.000
0.000
0.000
0.000
0.000
0.000
0.000
0.000
0.000
0.000
0.000
0.000
0.000
0.000
0.000
0.000
0.000
0.000
0.000
0.000
0.000
0.000
0.000
0.000
0.000
0.000
0.000
0.000
0.000
0.000
0.000
0.000
0.000
0.000
0.000
0.000
0.000
0.000
0.000
0.000
0.000
0.000
0.000
0.000
0.000
0.000
0.000
0.000
0.000
0.000
0.000
0.000
0.000
0.000
0.000
0.000
0.000
0.000
0.000
0.000
0.000
0.000
0.000
0.000
0.000
0.000
0.000
0.000
-1.538
-1.538
-1.566
-1.547
-1.566
-1.547
-1.540
-1.539
-1.538
-1.538
-1.566
-1.538
-1.566
-1.546
-1.566
-1.538
-1.572
-1.538
-1.566
-1.566
-1.566
-1.568
-1.566
-1.566
-1.546
-1.547
-1.566
-1.538
-1.538
0.000
0.000
0.000
0.000
0.000
0.000
0.000
0.000
0.000
0.000
0.000
0.000
0.000
0.000
0.000
