fixedStep chrom=ENSGT00390000002731 start=1 step=1
0.090
0.090
0.090
0.090
0.090
0.090
0.090
0.090
0.090
0.090
0.090
0.090
0.090
0.090
0.090
0.090
0.090
0.090
0.090
0.090
0.090
0.090
0.090
0.090
0.090
0.090
0.090
0.090
0.090
0.090
0.090
0.090
0.090
0.090
0.090
0.090
0.090
0.090
0.090
0.090
0.090
0.090
0.090
0.090
0.090
-1.768
-1.795
-1.772
-1.768
-1.768
-1.768
0.090
0.090
0.090
0.090
0.090
0.090
0.090
0.090
0.090
0.090
0.090
0.090
-1.672
-1.672
-1.672
0.090
0.090
0.090
0.090
0.090
0.090
0.090
0.090
0.090
0.090
0.090
0.090
0.090
0.090
0.090
0.090
0.090
0.090
0.090
0.090
0.090
0.090
0.090
0.090
0.090
0.090
0.090
0.090
0.090
0.090
0.090
0.090
0.090
0.090
0.090
0.090
0.090
0.090
0.090
0.090
0.090
0.090
0.090
0.090
0.090
0.090
0.090
0.090
0.090
0.090
0.090
0.090
0.090
0.090
0.090
0.090
0.090
0.090
0.090
0.090
0.090
0.090
0.090
0.090
0.090
0.090
0.090
0.090
0.090
0.090
0.090
0.090
0.090
0.090
0.090
0.090
0.090
0.090
0.090
0.090
0.090
0.090
0.090
0.090
0.090
0.090
0.090
0.090
0.090
0.090
0.090
0.090
0.090
0.090
0.090
0.090
0.090
0.090
0.090
0.090
0.090
0.090
0.090
0.090
0.090
0.090
0.090
0.090
0.090
0.090
0.090
0.090
0.090
0.090
0.090
0.090
0.090
0.090
0.090
0.090
0.090
0.090
0.090
0.090
0.090
0.090
0.090
0.090
0.090
0.090
0.090
0.090
0.090
0.090
0.090
0.090
0.090
0.090
0.090
0.090
0.090
0.090
0.090
0.090
0.090
0.090
0.090
0.090
0.090
0.090
0.090
0.090
0.090
0.090
0.090
0.090
0.090
0.090
0.090
0.090
0.090
0.090
0.090
0.090
0.090
0.090
0.090
0.090
0.090
0.090
0.090
0.090
0.090
0.090
0.090
0.090
0.090
0.090
0.090
0.090
0.090
0.090
0.090
0.090
0.090
0.090
0.090
0.090
0.090
0.090
0.090
0.090
0.090
0.090
0.090
0.090
0.090
0.090
0.090
0.090
0.090
0.090
0.090
0.090
0.090
0.090
0.090
0.090
0.090
0.090
0.090
0.090
0.090
0.090
0.090
0.090
0.090
0.090
0.090
0.090
0.090
0.090
0.090
0.090
0.090
0.090
0.090
0.090
0.090
0.090
0.090
0.090
0.090
0.090
0.090
0.090
0.090
0.090
0.090
0.090
0.090
0.090
0.090
0.090
0.090
0.090
0.090
0.090
0.090
0.090
0.090
0.090
0.090
0.090
0.090
0.090
0.090
0.090
-1.661
-1.661
-1.661
-13.337
-13.313
-13.335
-13.182
-13.337
-13.337
-1.768
-1.768
-1.768
-1.768
-1.768
-1.768
0.090
0.090
0.090
0.090
0.090
0.090
0.090
0.090
0.090
0.090
0.090
0.090
0.090
0.090
0.090
0.000
0.000
0.000
0.000
0.000
0.000
0.000
0.000
0.000
0.000
0.000
0.000
0.000
0.000
0.000
0.000
0.000
0.000
0.090
0.090
0.090
0.090
0.090
0.090
0.090
0.090
0.090
0.090
0.090
0.090
-2.375
-2.375
-2.376
0.090
0.090
0.090
0.090
0.090
0.090
0.090
0.090
0.090
0.090
0.090
0.090
0.090
0.090
0.090
0.090
0.090
0.090
0.090
0.090
0.090
0.090
0.090
0.090
0.090
0.090
0.090
0.090
0.090
0.090
0.090
0.090
0.090
0.090
0.090
0.090
0.090
0.090
0.090
0.090
0.090
0.090
0.090
0.090
0.090
0.090
0.090
0.090
0.090
0.090
0.090
0.090
0.090
0.090
0.090
0.090
0.090
0.090
0.090
0.090
0.090
0.090
0.090
0.090
0.090
0.090
0.090
0.090
0.090
0.090
0.090
0.090
0.090
0.090
0.090
0.090
0.090
0.090
0.090
0.090
0.090
0.090
0.090
0.090
0.090
0.090
0.090
0.090
0.090
0.090
0.090
0.090
0.090
0.090
0.090
0.090
0.090
0.090
0.090
0.090
0.090
0.090
0.090
0.090
0.090
0.090
0.090
0.090
0.090
0.090
0.090
0.090
0.090
0.090
0.090
0.090
0.090
0.090
0.090
0.090
0.090
0.090
0.090
-1.768
-1.768
-1.768
0.090
0.090
0.090
0.090
0.090
0.090
0.090
0.090
0.090
0.090
0.090
0.090
0.090
0.090
0.090
0.090
0.090
0.090
0.090
0.090
0.090
0.090
0.090
0.090
0.090
0.090
0.090
0.090
0.090
0.090
0.090
0.090
0.090
0.090
0.090
0.090
0.090
0.090
0.090
0.090
0.090
0.090
0.090
0.090
0.090
0.090
0.090
0.090
0.090
0.090
0.090
0.090
0.090
0.090
0.090
0.090
0.090
0.090
0.090
0.090
0.090
0.090
0.090
0.090
0.090
0.090
0.090
0.090
0.090
-3.324
-3.300
-3.219
0.090
0.090
0.090
0.090
0.090
0.090
0.090
0.090
0.090
0.090
0.090
0.090
0.090
0.090
0.090
0.090
0.090
0.090
0.090
0.090
0.090
0.090
0.090
0.090
0.090
0.090
0.090
0.090
0.090
0.090
0.090
0.090
0.090
0.090
0.090
0.090
0.090
0.090
0.090
0.090
0.090
0.090
0.090
0.090
0.090
0.090
0.090
0.090
0.090
0.090
0.090
0.090
0.090
0.090
0.090
0.090
0.090
0.090
0.090
0.090
0.090
0.090
0.090
0.090
0.090
0.090
0.090
0.090
0.090
0.090
0.090
0.090
0.090
0.090
0.090
0.090
0.090
0.090
0.090
0.090
0.090
0.090
0.090
0.090
0.090
0.090
0.090
0.090
0.090
0.090
0.090
0.090
0.090
0.090
0.090
0.090
0.090
0.090
0.090
0.090
0.090
0.090
0.090
0.090
0.090
0.090
0.090
0.090
0.090
0.090
0.090
0.090
0.090
0.090
0.090
0.090
0.090
0.090
0.090
0.090
0.090
0.090
0.090
0.090
0.090
0.090
0.090
0.090
0.090
0.090
0.090
0.090
0.090
0.090
0.090
0.090
0.090
0.090
0.090
0.090
0.090
0.090
0.090
0.090
0.090
0.090
0.090
0.090
0.090
0.090
0.090
0.090
0.090
0.090
0.090
0.090
0.090
0.090
0.090
0.090
0.090
0.090
0.090
0.090
0.090
0.090
0.090
0.090
0.090
0.090
0.090
0.090
0.090
0.090
0.090
0.090
0.090
0.090
0.090
0.090
0.090
0.090
0.090
0.090
0.090
0.090
0.090
0.090
0.090
0.090
0.090
0.090
0.090
0.090
0.090
0.090
0.090
0.090
0.090
0.090
0.090
0.090
0.090
0.090
