fixedStep chrom=ENSGT00530000064228 start=1 step=1
0.111
0.111
0.111
0.111
0.111
0.111
0.111
0.111
0.111
0.111
0.111
0.111
0.111
0.111
0.111
0.111
0.111
0.111
0.111
0.111
0.111
0.111
0.111
0.111
0.111
0.111
0.111
0.111
0.111
0.111
0.111
0.111
0.111
0.111
0.111
0.111
0.111
0.111
0.111
0.111
0.111
0.111
0.111
0.111
0.111
0.111
0.111
0.111
0.111
0.111
0.111
0.111
0.111
0.111
0.111
0.111
0.111
0.111
0.111
0.111
0.111
0.111
0.111
0.111
0.111
0.111
0.111
0.111
0.111
0.111
0.111
0.111
0.111
0.111
0.111
0.111
0.111
0.111
0.111
0.111
0.111
0.111
0.111
0.111
0.111
0.111
0.111
0.111
0.111
0.111
0.111
0.111
0.111
0.111
0.111
0.111
-1.595
-1.579
-1.584
0.111
0.111
0.111
0.111
0.111
0.111
0.111
0.111
0.111
0.111
0.111
0.111
0.111
0.111
0.111
0.111
0.111
0.111
0.111
0.111
0.111
0.111
0.111
0.111
0.111
0.111
0.111
0.111
0.111
0.111
0.111
0.111
0.111
0.111
0.111
0.111
0.111
0.111
0.111
0.111
0.111
0.111
0.111
0.111
0.111
0.111
0.111
0.111
0.111
0.111
0.111
0.111
0.111
0.111
0.111
0.111
0.111
0.111
0.111
0.111
0.111
0.111
0.111
0.111
0.111
0.111
0.111
0.111
0.111
0.111
0.111
0.111
0.111
0.111
0.111
0.111
0.111
0.111
0.111
0.111
0.111
0.111
0.111
0.111
0.111
0.111
0.111
0.111
0.111
0.111
0.111
0.111
0.111
0.111
0.111
0.111
0.111
0.111
0.111
0.111
0.111
0.111
0.111
0.111
0.111
0.111
0.111
0.111
0.111
0.111
0.111
0.111
0.111
0.111
0.111
0.111
0.111
0.111
0.111
0.111
0.111
0.111
0.111
0.111
0.111
0.111
0.111
0.111
0.111
0.111
0.111
0.111
0.111
0.111
0.111
0.111
0.111
0.111
