fixedStep chrom=ENSGT00730000111493 start=1 step=1
0.000
0.000
0.000
0.000
0.000
0.000
0.000
0.000
0.000
0.000
0.000
0.000
0.000
0.000
0.000
0.000
0.000
0.000
0.000
0.000
0.000
0.000
0.000
0.000
0.000
0.000
0.000
0.000
0.000
0.000
0.000
0.000
0.000
0.000
0.000
0.000
0.000
0.000
0.000
0.000
0.000
0.000
0.000
0.000
0.000
0.000
0.000
0.000
0.000
0.000
0.000
0.000
0.000
0.000
0.000
0.000
0.000
0.144
0.144
0.144
0.144
0.144
0.144
0.144
0.144
0.144
0.144
0.144
0.144
0.144
0.144
0.144
0.144
0.144
0.144
0.144
0.144
0.144
0.144
0.144
0.144
0.144
0.144
0.144
-1.244
-1.244
-1.246
0.000
0.000
0.000
0.000
0.000
0.000
0.000
0.000
0.000
0.000
0.000
0.000
0.000
0.000
0.000
0.000
0.000
0.000
0.000
0.000
0.000
0.000
0.000
0.000
0.000
0.000
0.000
0.000
0.000
0.000
0.000
0.000
0.000
0.000
0.000
0.000
0.000
0.000
0.000
0.000
0.000
0.000
0.000
0.000
0.000
0.000
0.000
0.000
0.000
0.000
0.000
0.000
0.000
0.000
0.000
0.000
0.000
0.000
0.000
0.000
0.144
0.144
0.144
0.144
0.144
0.144
0.144
0.144
0.144
0.144
0.144
0.144
0.144
0.144
0.144
-2.816
-2.816
-2.822
-2.819
-2.816
-2.816
-2.816
-2.816
-2.816
-2.820
-2.816
-2.816
-2.816
-2.816
-2.818
0.144
0.144
0.144
0.144
0.144
0.144
0.144
0.144
0.144
0.144
0.144
0.144
0.144
0.144
0.144
0.144
0.144
0.144
0.144
0.144
0.144
0.144
0.144
0.144
0.144
0.144
0.144
0.144
0.144
0.144
0.144
0.144
0.144
0.144
0.144
0.144
0.144
0.144
0.144
0.144
0.144
0.144
0.144
0.144
0.144
0.144
0.144
0.144
0.144
0.144
0.144
0.144
0.144
0.144
0.144
0.144
0.144
0.144
0.144
0.144
0.144
0.144
0.144
0.144
0.144
0.144
0.144
0.144
0.144
-3.742
-3.742
-3.760
-1.395
-1.390
-1.391
0.144
0.144
0.144
0.144
0.144
0.144
0.144
0.144
0.144
0.144
0.144
0.144
0.144
0.144
0.144
0.144
0.144
0.144
0.144
0.144
0.144
0.144
0.144
0.144
0.144
0.144
0.144
0.144
0.144
0.144
0.144
0.144
0.144
0.144
0.144
0.144
0.144
0.144
0.144
0.144
0.144
0.144
0.144
0.144
0.144
-1.424
-1.424
-1.422
-1.419
-1.419
-1.423
0.144
0.144
0.144
0.144
0.144
0.144
0.144
0.144
0.144
0.144
0.144
0.144
0.144
0.144
0.144
0.144
0.144
0.144
0.144
0.144
0.144
0.144
0.144
0.144
0.144
0.144
0.144
0.144
0.144
0.144
0.144
0.144
0.144
0.144
0.144
0.144
0.144
0.144
0.144
0.144
0.144
0.144
0.144
0.144
0.144
0.144
0.144
0.144
0.144
0.144
0.144
0.144
0.144
0.144
0.144
0.144
0.144
0.144
0.144
0.144
0.144
0.144
0.144
0.144
0.144
0.144
0.144
0.144
0.144
0.144
0.144
0.144
0.144
0.144
0.144
0.144
0.144
0.144
0.144
0.144
0.144
0.144
0.144
0.144
0.144
0.144
0.144
0.144
0.144
0.144
0.144
0.144
0.144
-1.247
-1.247
-1.247
-1.247
-1.247
-1.247
