fixedStep chrom=ENSGT00640000091536 start=1 step=1
0.000
0.000
0.000
0.000
0.000
0.000
0.000
0.000
0.000
0.000
0.000
0.000
0.000
0.000
0.000
0.000
0.000
0.000
0.000
0.000
0.000
0.000
0.000
0.000
0.000
0.000
0.000
0.000
0.000
0.000
0.000
0.000
0.000
0.000
0.000
0.000
0.000
0.000
0.000
0.000
0.000
0.000
0.000
0.000
0.000
0.000
0.000
0.000
0.000
0.000
0.000
0.000
0.000
0.000
0.000
0.000
0.000
0.000
0.000
0.000
0.000
0.000
0.000
0.000
0.000
0.000
0.000
0.000
0.000
0.000
0.000
0.000
0.000
0.000
0.000
0.000
0.000
0.000
0.000
0.000
0.000
0.000
0.000
0.000
0.000
0.000
0.000
0.000
0.000
0.000
0.000
0.000
0.000
0.000
0.000
0.000
0.101
0.101
0.101
0.101
0.101
0.101
0.101
0.101
0.101
0.101
0.101
0.101
0.101
0.101
0.101
0.101
0.101
0.101
0.101
0.101
0.101
0.101
0.101
0.101
0.101
0.101
0.101
0.101
0.101
0.101
0.101
0.101
0.101
0.101
0.101
0.101
0.101
0.101
0.101
0.101
0.101
0.101
0.101
0.101
0.101
0.101
0.101
0.101
0.101
0.101
0.101
0.101
0.101
0.101
0.101
0.101
0.101
0.101
0.101
0.101
0.101
0.101
0.101
0.101
0.101
0.101
0.101
0.101
0.101
0.101
0.101
0.101
0.101
0.101
0.101
0.101
0.101
0.101
0.101
0.101
0.101
0.101
0.101
0.101
0.101
0.101
0.101
0.101
0.101
0.101
-4.681
-4.684
-4.682
0.101
0.101
0.101
0.101
0.101
0.101
0.101
0.101
0.101
0.101
0.101
0.101
0.101
0.101
0.101
0.101
0.101
0.101
0.101
0.101
0.101
0.101
0.101
0.101
0.101
0.101
0.101
0.101
0.101
0.101
0.101
0.101
0.101
0.101
0.101
0.100
0.101
0.101
0.101
0.101
0.101
0.101
0.101
0.101
0.101
0.101
0.101
0.101
0.101
0.101
0.101
0.101
0.101
0.101
0.101
0.101
0.101
0.101
0.101
0.101
0.101
0.101
0.101
0.101
0.101
0.101
0.101
0.101
0.101
0.101
0.101
0.101
0.101
0.101
0.101
0.101
0.101
0.101
0.101
0.101
0.101
0.101
0.101
0.101
0.101
0.101
0.101
0.101
0.101
0.101
0.101
0.101
0.101
0.101
0.101
0.101
0.101
0.101
0.101
0.101
0.101
0.101
0.101
0.101
0.101
0.101
0.101
0.101
0.101
0.101
0.101
0.101
0.101
0.101
0.101
0.101
0.101
0.100
0.101
0.101
0.101
0.101
0.101
0.101
0.101
0.101
0.101
0.101
0.101
0.101
0.101
0.101
0.101
0.101
0.101
0.101
0.101
0.101
0.101
0.101
0.101
0.101
0.101
0.101
0.101
0.101
0.101
0.101
0.101
0.101
0.101
0.101
0.101
0.101
0.101
0.101
0.101
0.101
0.101
0.101
0.101
0.100
0.101
0.101
0.101
0.101
0.101
0.101
0.101
0.101
0.101
0.101
0.101
0.101
0.101
0.101
0.100
0.101
0.101
0.101
0.101
0.101
0.101
0.101
0.101
0.101
0.101
0.101
0.101
0.101
0.101
0.101
0.100
0.101
0.101
0.101
0.101
0.101
0.101
0.101
0.101
0.101
0.101
0.101
0.101
0.101
0.101
0.101
0.101
0.101
0.101
0.101
0.101
0.101
0.101
0.101
0.101
0.101
0.101
0.101
0.101
0.101
0.101
0.101
0.101
0.101
0.101
0.101
0.101
0.101
0.101
0.101
0.101
0.101
0.101
0.101
0.101
0.101
0.101
0.101
0.101
0.101
0.101
0.101
0.101
0.101
0.101
0.101
0.101
0.101
0.101
0.101
0.101
0.101
0.100
0.101
0.101
0.101
0.101
0.101
0.101
0.101
0.101
0.101
0.101
0.101
0.101
0.101
0.101
0.101
0.101
0.101
0.100
0.101
0.101
0.101
0.101
0.101
0.101
0.101
0.101
0.101
0.101
0.101
0.101
0.101
0.101
0.101
0.101
0.101
0.101
0.101
0.101
0.101
0.101
0.101
0.101
0.101
0.101
0.101
0.101
0.101
0.101
0.101
0.101
0.101
0.101
0.101
0.101
0.101
0.101
0.101
0.101
0.101
0.101
0.101
0.101
0.101
0.101
0.101
0.101
0.101
0.101
0.101
0.101
0.101
0.101
0.101
0.101
0.101
0.101
0.101
0.101
0.101
0.101
0.101
0.101
0.101
0.100
0.101
0.101
0.101
0.101
0.101
0.101
0.101
0.101
0.101
0.101
0.101
0.101
0.101
0.101
0.101
0.101
0.101
0.100
0.101
0.100
0.101
0.101
0.101
0.101
0.101
0.101
0.101
0.101
0.101
0.100
0.101
0.101
0.101
0.101
0.101
0.101
0.101
0.101
0.101
0.101
0.101
0.101
0.101
0.101
0.101
0.101
0.101
0.101
0.101
0.101
0.101
0.101
0.101
0.101
0.101
0.101
0.101
0.101
0.101
0.101
0.101
0.101
0.101
0.101
0.101
0.101
0.101
0.101
0.101
0.000
0.000
0.000
0.000
0.000
0.000
0.000
0.000
0.000
0.000
0.000
0.000
0.000
0.000
0.000
0.000
0.000
0.000
0.000
0.000
0.000
0.000
0.000
0.000
0.000
0.000
0.000
0.000
0.000
0.000
-1.617
-1.617
-1.617
-3.629
-3.554
-3.637
-2.932
-2.935
-2.932
-1.803
-1.763
-1.781
0.100
0.101
0.100
0.100
0.101
0.100
0.100
0.101
0.100
0.100
0.100
0.100
0.100
0.100
0.101
0.100
0.101
0.100
0.100
0.100
0.100
0.100
0.101
0.101
0.101
0.100
0.101
0.101
0.101
0.101
0.100
0.100
0.100
0.100
0.100
0.101
0.101
0.101
0.100
-1.607
-1.617
-1.604
-1.595
-1.617
-1.607
0.101
0.101
0.100
-1.618
-1.593
-1.613
0.000
0.000
0.000
0.000
0.000
0.000
0.000
0.000
0.000
0.000
0.000
0.000
0.000
0.000
0.000
0.000
0.000
0.000
0.000
0.000
0.000
-1.617
-1.618
-1.595
0.100
0.100
0.100
0.100
0.100
0.100
0.100
0.100
0.100
-1.605
-1.590
-1.597
-1.605
-1.616
-1.590
0.000
0.000
0.000
0.000
0.000
0.000
0.000
0.000
0.000
0.000
0.000
0.000
0.000
0.000
0.000
0.000
0.000
0.000
-1.582
-1.605
-1.615
-1.605
-1.603
-1.606
-1.582
-1.582
-1.589
-1.614
-1.615
-1.582
-1.602
-1.589
-1.582
-1.603
-1.603
-1.583
-1.605
-1.589
-1.603
0.000
0.000
0.000
0.000
0.000
0.000
0.000
0.000
0.000
0.000
0.000
0.000
0.000
0.000
0.000
0.000
0.000
0.000
0.000
0.000
0.000
0.101
0.101
0.100
0.100
0.101
0.101
0.101
0.100
0.100
0.000
0.000
0.000
0.000
0.000
0.000
0.000
0.000
0.000
0.000
0.000
0.000
