fixedStep chrom=ENSGT00390000017810 start=1 step=1
0.074
0.074
0.074
0.074
0.074
0.074
0.074
0.074
0.074
0.074
0.074
0.074
0.074
0.074
0.074
0.074
0.074
0.074
-1.962
-1.962
-1.962
0.074
0.074
0.074
0.074
0.074
0.074
0.074
0.074
0.074
0.074
0.074
0.074
0.074
0.074
0.074
0.074
0.074
0.074
0.074
0.074
0.074
0.074
0.074
0.074
0.074
0.074
0.074
0.074
0.074
0.074
0.074
0.074
0.074
-1.962
-1.962
-1.962
0.074
0.074
0.074
0.074
0.074
0.074
0.074
0.074
0.074
0.074
0.074
0.074
0.074
0.074
0.074
0.074
0.074
0.074
0.074
0.074
0.074
-1.962
-1.962
-1.962
0.074
0.074
0.074
0.074
0.074
0.074
0.074
0.074
0.074
0.074
0.074
0.074
0.074
0.074
0.074
0.074
0.074
0.074
0.074
0.074
0.074
0.074
0.074
0.074
0.074
0.074
0.074
0.074
0.074
0.074
0.074
0.074
0.074
0.074
0.074
0.074
0.074
0.074
0.074
0.074
0.074
0.074
0.074
0.074
0.074
0.074
0.074
0.074
0.074
0.074
0.074
0.074
0.074
0.074
0.074
0.074
0.074
0.074
0.074
0.074
-1.849
-1.845
-1.845
-1.849
-1.845
-1.844
-1.845
-1.844
-1.844
-1.874
-1.844
-1.845
0.074
0.074
0.074
0.074
0.074
0.074
0.074
0.074
0.074
-1.962
-1.962
-1.962
-1.962
-1.962
-1.962
-1.961
-1.968
-1.962
0.074
0.074
0.074
0.074
0.074
0.074
0.074
0.074
0.074
0.074
0.074
0.074
0.074
0.074
0.074
0.074
0.074
0.074
0.074
0.074
0.074
0.074
0.074
0.074
0.074
0.074
0.074
0.074
0.074
0.074
0.074
0.074
0.074
0.074
0.074
0.074
0.074
0.074
0.074
0.074
0.074
0.074
0.074
0.074
0.074
0.074
0.074
0.074
0.074
0.074
0.074
0.074
0.074
0.074
0.074
0.074
0.074
0.074
0.074
0.074
0.074
0.074
0.074
0.074
0.074
0.074
0.074
0.074
0.074
0.074
0.074
0.074
0.074
0.074
0.074
0.074
0.074
0.074
-1.845
-1.874
-1.959
0.074
0.074
0.074
0.074
0.074
0.074
0.074
0.074
0.074
0.074
0.074
0.074
0.074
0.074
0.074
0.074
0.074
0.074
0.074
0.074
0.074
-1.835
-1.951
-1.864
-1.836
-1.949
-1.841
-1.863
-1.949
-1.863
0.074
0.074
0.074
0.074
0.074
0.074
0.074
0.074
0.074
0.074
0.074
0.074
0.074
0.074
0.074
0.074
0.074
0.074
0.074
0.074
0.074
0.074
0.074
0.074
0.074
0.074
0.074
0.074
0.074
0.074
0.074
0.074
0.074
0.074
0.074
0.074
0.074
0.074
0.074
0.074
0.074
0.074
0.074
0.074
0.074
0.074
0.074
0.074
0.074
0.074
0.074
0.074
0.074
0.074
0.074
0.074
0.074
0.074
0.074
0.074
0.074
0.074
0.074
0.074
0.074
0.074
0.074
0.074
0.074
0.074
0.074
0.074
0.074
0.074
0.074
0.074
0.074
0.074
-1.847
-1.845
-1.845
