fixedStep chrom=ENSGT00390000014272 start=1 step=1
-1.646
-1.646
-1.647
-1.646
-1.646
-1.659
-1.646
-1.646
-1.646
-1.646
-1.646
-1.646
-1.646
-1.646
-1.646
-1.646
-1.646
-1.646
-1.646
-1.646
-1.647
-2.347
-2.352
-2.347
-2.347
-2.347
-2.349
0.095
0.095
0.095
0.095
0.095
0.095
0.095
0.095
0.095
0.095
0.095
0.095
0.095
0.095
0.095
0.095
0.095
0.095
0.095
0.095
0.095
0.095
0.095
0.095
0.095
0.095
0.095
0.095
0.095
0.095
0.095
0.095
0.095
0.095
0.095
0.095
0.095
0.095
0.095
0.095
0.095
0.095
-3.826
-3.825
-3.826
-3.826
-3.826
-3.826
-2.894
-2.894
-2.892
0.095
0.095
0.095
0.095
0.095
0.095
0.095
0.095
0.095
0.095
0.095
0.095
0.095
0.095
0.095
-1.610
-1.610
-1.632
0.095
0.095
0.095
0.095
0.095
0.095
0.095
0.095
0.095
0.095
0.095
0.095
0.095
0.095
0.095
0.095
0.095
0.095
0.095
0.095
0.095
0.095
0.095
0.095
0.095
0.095
0.095
0.095
0.095
0.095
0.095
0.095
0.095
0.095
0.095
0.095
0.095
0.095
0.095
0.095
0.095
0.095
0.095
0.095
0.095
0.095
0.095
0.095
0.095
0.095
0.095
0.095
0.095
0.095
0.095
0.095
0.095
0.095
0.095
0.095
0.095
0.095
0.095
0.095
0.095
0.095
0.095
0.095
0.095
0.095
0.095
0.095
0.095
0.095
0.095
0.095
0.095
0.095
0.095
0.095
0.095
0.095
0.095
0.095
0.095
0.095
0.095
0.095
0.095
0.095
0.095
0.095
0.095
0.095
0.095
0.095
0.095
0.095
0.095
0.095
0.095
0.095
0.095
0.095
0.095
0.095
0.095
0.095
0.095
0.095
0.095
0.095
0.095
0.095
0.095
0.095
0.095
0.095
0.095
0.095
0.095
0.095
0.095
0.095
0.095
0.095
0.095
0.095
0.095
0.095
0.095
0.095
0.095
0.095
0.095
0.095
0.095
0.095
0.095
0.095
0.095
0.095
0.095
0.095
0.095
0.095
0.095
0.095
0.095
0.095
0.095
0.095
0.095
0.095
0.095
0.095
0.095
0.095
0.095
0.095
0.095
0.095
0.095
0.095
0.095
0.095
0.095
0.095
0.095
0.095
0.095
0.095
0.095
0.095
0.095
0.095
0.095
0.095
0.095
0.095
0.095
0.095
0.095
0.095
0.095
0.095
0.095
0.095
0.095
0.095
0.095
0.095
0.095
0.095
0.095
0.095
0.095
0.095
0.095
0.095
0.095
0.095
0.095
0.095
0.095
0.095
0.095
0.095
0.095
0.095
0.095
0.095
0.095
0.095
0.095
0.095
0.095
0.095
0.095
0.095
0.095
0.095
0.095
0.095
0.095
0.095
0.095
0.095
0.095
0.095
0.095
0.095
0.095
0.095
0.095
0.095
0.095
0.095
0.095
0.095
0.095
0.095
0.095
0.095
0.095
0.095
0.095
0.095
0.095
0.095
0.095
0.095
0.095
0.095
0.095
0.095
0.095
0.095
0.095
0.095
0.095
0.095
0.095
0.095
0.095
0.095
0.095
0.095
0.095
0.095
0.095
0.095
0.095
0.095
0.095
0.095
0.095
0.095
0.095
0.095
0.095
0.095
0.095
0.095
0.095
0.095
0.095
0.095
0.095
0.095
0.095
0.095
0.095
0.095
0.095
0.095
0.095
0.095
0.095
0.095
0.095
0.095
0.095
0.095
0.095
0.095
