fixedStep chrom=ENSGT00730000111341 start=1 step=1
-4.683
-4.637
-4.704
-1.588
-1.528
-1.531
-1.520
-1.536
-1.538
0.108
0.108
0.108
0.108
0.108
0.108
0.108
0.108
0.108
0.108
0.108
0.108
0.108
0.108
0.108
0.108
0.108
0.108
0.108
0.108
0.108
0.108
0.108
0.108
0.108
0.108
0.108
0.108
0.108
0.108
0.108
0.108
0.108
0.108
0.108
0.108
0.108
0.108
0.108
0.108
0.108
0.108
0.108
0.108
0.108
0.108
0.108
0.108
0.108
0.108
0.108
0.108
0.108
0.108
0.108
0.108
0.108
0.108
0.108
0.108
0.108
0.108
0.108
0.108
0.108
0.108
0.108
0.108
0.108
0.108
0.108
0.108
0.108
0.108
0.108
0.108
0.108
0.108
0.108
0.108
0.108
0.108
0.108
0.108
0.108
0.108
0.108
0.108
0.108
0.108
0.108
0.108
0.108
0.108
0.108
0.108
0.108
0.108
0.108
0.108
0.108
0.108
0.108
0.108
0.108
0.108
0.108
0.108
0.108
0.108
0.108
0.108
0.108
0.108
0.108
0.108
0.108
0.108
0.108
0.108
0.108
0.108
0.108
0.108
0.108
0.108
0.108
0.108
0.108
0.108
0.108
0.108
0.108
0.107
0.108
-2.077
-2.069
-2.077
0.108
0.108
0.108
0.108
0.108
0.108
0.107
0.108
0.108
0.108
0.108
0.108
0.107
0.107
0.107
0.108
0.108
0.108
0.107
0.107
0.108
0.107
0.108
0.107
0.108
0.108
0.108
0.108
0.108
0.108
0.108
0.108
0.107
0.107
0.108
0.107
0.108
0.107
0.107
0.107
0.107
0.107
0.108
0.108
0.108
0.108
0.107
0.107
-2.077
-2.071
-2.071
0.108
0.108
0.108
0.108
0.107
0.108
0.108
0.107
0.107
0.108
0.108
0.108
0.108
0.107
0.108
0.107
0.108
0.107
0.107
0.108
0.107
0.108
0.108
0.108
0.107
0.107
0.107
0.107
0.108
0.108
