fixedStep chrom=ENSGT00530000063119 start=1 step=1
0.000
0.000
0.000
0.000
0.000
0.000
0.304
0.304
0.304
0.304
0.304
0.304
0.304
0.304
0.304
0.304
0.304
0.304
0.304
0.304
0.304
0.304
0.304
0.304
0.304
0.304
0.304
0.304
0.304
0.304
0.304
0.304
0.304
0.304
0.304
0.304
-0.650
-0.650
-0.652
0.304
0.304
0.304
0.304
0.304
0.304
0.304
0.304
0.304
-2.966
-2.966
-2.966
-2.958
-2.966
-2.966
0.304
0.304
0.304
-0.631
-0.631
-0.632
-0.631
-0.631
-0.631
0.304
0.304
0.304
0.304
0.304
0.304
0.304
0.304
0.304
0.304
0.304
0.304
0.304
0.304
0.304
0.304
0.304
0.304
0.304
0.304
0.304
0.304
0.304
0.304
0.304
0.304
0.304
-0.650
-0.650
-0.651
0.304
0.304
0.304
0.304
0.304
0.304
0.304
0.304
0.304
0.304
0.304
0.304
0.304
0.304
0.304
0.304
0.304
0.304
0.304
0.304
0.304
0.304
0.304
0.304
0.304
0.304
0.304
0.304
0.304
0.304
0.304
0.304
0.304
0.304
0.304
0.304
0.304
0.304
0.304
0.304
0.304
0.304
0.304
0.304
0.304
0.304
0.304
0.304
0.304
0.304
0.304
-3.449
-3.386
-3.399
0.304
0.304
0.304
0.304
0.304
0.304
0.304
0.304
0.304
-0.798
-0.797
-0.797
0.304
0.304
0.304
-13.872
-13.894
-13.933
0.304
0.304
0.304
0.304
0.304
0.304
0.304
0.304
0.304
0.304
0.304
0.304
0.304
0.304
0.304
0.304
0.304
0.304
0.304
0.304
0.304
0.304
0.304
0.304
0.304
0.304
0.304
0.304
0.304
0.304
0.304
0.304
0.304
0.304
0.304
0.304
0.304
0.304
0.304
0.304
0.304
0.304
0.304
0.304
0.304
0.304
0.304
0.304
0.304
0.304
0.304
0.304
0.304
0.304
0.304
0.304
0.304
0.304
0.304
0.304
0.304
0.304
0.304
-2.099
-2.098
-2.099
-0.640
-0.638
-0.640
-0.895
-0.895
-0.896
-0.650
-0.651
-0.652
-0.651
-0.651
-0.651
-1.710
-1.704
-1.705
-1.699
-1.700
-1.701
-1.699
-1.702
-1.700
-0.638
-0.638
-0.639
0.304
0.304
0.304
0.304
0.304
0.304
0.304
0.304
0.304
0.304
0.304
0.304
0.304
0.304
0.304
0.304
0.304
0.304
0.304
0.304
0.304
0.304
0.304
0.304
0.304
0.304
0.304
0.304
0.304
0.304
0.304
0.304
0.304
0.304
0.304
0.304
0.304
0.304
0.304
0.304
0.304
0.304
-0.650
-0.650
-0.650
0.304
0.304
0.304
0.304
0.304
0.304
0.304
0.304
0.304
0.304
0.304
0.304
0.304
0.304
0.304
0.304
0.304
0.304
0.304
0.304
0.304
0.304
0.304
0.304
0.304
0.304
0.304
0.304
0.304
0.304
0.304
0.304
0.304
0.304
0.304
0.304
0.304
0.304
0.304
0.304
0.304
0.304
0.304
0.304
0.304
0.304
0.304
0.304
0.304
0.304
0.304
0.304
0.304
0.304
-4.104
-4.092
-4.102
-4.116
-4.108
-4.133
0.000
0.000
0.000
0.000
0.000
0.000
0.000
0.000
0.000
0.000
0.000
0.000
0.000
0.000
0.000
0.000
0.000
0.000
0.000
0.000
0.000
0.000
0.000
0.000
0.000
0.000
0.000
0.000
0.000
0.000
0.000
0.000
0.000
0.000
0.000
0.000
0.000
0.000
0.000
0.000
0.000
0.000
0.000
0.000
0.000
0.000
0.000
0.000
0.000
0.000
0.000
0.000
0.000
0.000
0.000
0.000
0.000
0.000
0.000
0.000
0.000
0.000
0.000
0.000
0.000
0.000
