fixedStep chrom=ENSGT00420000029848 start=1 step=1
0.000
0.000
0.000
0.000
0.000
0.000
0.000
0.000
0.000
0.000
0.000
0.000
0.000
0.000
0.000
0.000
0.000
0.000
0.000
0.000
0.000
0.000
0.000
0.000
0.000
0.000
0.000
0.000
0.000
0.000
0.000
0.000
0.000
0.000
0.000
0.000
0.000
0.000
0.000
0.000
0.000
0.000
0.000
0.000
0.000
0.000
0.000
0.000
0.000
0.000
0.000
0.000
0.000
0.000
0.000
0.000
0.000
0.000
0.000
0.000
0.000
0.000
0.000
0.196
0.196
0.196
0.196
0.196
0.196
0.196
0.196
0.195
0.196
0.196
0.196
0.196
0.196
0.196
-2.303
-2.310
-2.299
0.000
0.000
0.000
0.000
0.000
0.000
0.000
0.000
0.000
0.000
0.000
0.000
0.000
0.000
0.000
0.000
0.000
0.000
0.000
0.000
0.000
0.000
0.000
0.000
-0.994
-0.992
-0.994
0.196
0.196
0.196
0.195
0.196
0.196
0.195
0.196
0.195
0.195
0.195
0.196
0.196
0.196
0.195
0.196
0.195
0.196
0.195
0.196
0.195
0.196
0.195
0.196
0.196
0.196
0.196
0.195
0.196
0.196
0.196
0.196
0.196
0.196
0.196
0.196
0.196
0.196
0.196
0.196
0.196
0.196
0.196
0.196
0.196
0.196
0.196
0.196
0.196
0.196
0.195
0.196
0.196
0.196
0.000
0.000
0.000
0.000
0.000
0.000
0.000
0.000
0.000
0.000
0.000
0.000
-5.540
-5.391
-5.363
0.195
0.196
0.196
0.195
0.195
0.195
0.196
0.196
0.196
0.196
0.196
0.000
0.000
0.000
0.000
0.000
0.000
0.000
0.000
0.000
0.000
-2.316
-2.348
-2.328
-2.352
-2.325
-2.340
-2.356
-2.337
-2.363
-2.323
-2.325
-2.341
0.000
0.000
0.000
0.000
0.000
0.000
0.000
0.000
0.000
0.000
0.000
0.000
0.000
0.000
0.000
0.000
0.000
0.000
0.000
0.000
0.000
0.000
0.000
0.000
0.000
0.000
0.000
0.000
0.000
0.000
0.000
0.000
0.000
0.000
0.000
0.000
0.000
0.000
0.000
0.000
0.000
0.000
0.196
0.196
0.196
0.196
0.196
0.196
0.000
0.000
0.000
0.000
0.000
0.000
0.000
0.000
0.000
0.000
0.000
0.000
0.000
0.000
0.000
0.000
0.000
0.000
0.000
0.000
0.000
0.000
0.000
0.000
0.000
0.000
0.000
0.196
0.196
0.196
-4.803
-4.730
-4.691
-2.675
-2.675
-2.673
0.195
0.196
0.196
0.196
0.196
0.196
0.195
0.195
0.196
0.196
0.195
0.196
0.196
0.196
0.195
0.196
0.196
0.196
0.196
0.196
0.195
0.196
0.196
0.196
0.196
0.196
0.196
0.196
0.196
0.196
0.196
0.196
0.195
0.196
0.196
0.196
0.196
0.195
0.195
0.196
0.195
0.196
0.196
0.196
0.196
0.196
0.196
0.196
0.196
0.196
0.196
0.196
0.196
0.196
0.196
0.196
0.195
0.196
0.196
0.196
0.196
0.196
0.196
0.196
0.196
0.196
0.196
0.196
0.196
0.196
0.196
0.196
0.196
0.196
0.195
0.196
0.196
0.195
0.195
0.196
0.196
0.196
0.196
0.196
0.196
0.196
0.196
0.196
0.196
0.196
0.196
0.195
0.196
0.196
0.196
0.196
0.196
0.196
0.196
0.196
0.196
0.195
0.196
0.196
0.195
0.196
0.196
0.196
0.196
0.196
0.196
0.195
0.196
0.195
0.196
0.000
0.000
0.000
0.000
0.000
0.000
0.000
0.000
0.000
0.000
0.000
0.195
0.196
0.196
0.195
0.196
0.196
0.196
0.196
0.196
0.196
0.195
0.195
0.196
0.196
0.196
0.196
0.196
0.196
0.196
0.196
0.196
0.196
0.196
0.196
0.196
0.196
0.196
0.195
0.196
0.196
0.195
0.195
0.195
0.196
0.196
0.195
0.196
0.000
0.000
