fixedStep chrom=ENSGT00530000064312 start=1 step=1
0.000
0.000
0.000
0.000
0.000
0.000
0.000
0.000
0.000
0.000
0.000
0.000
0.000
0.000
0.000
0.000
0.000
0.000
0.000
0.000
0.000
0.000
0.000
0.000
0.000
0.000
0.000
0.000
0.000
0.000
0.000
0.000
0.000
0.000
0.000
0.000
0.000
0.000
0.000
0.000
0.000
0.000
0.000
0.000
0.000
0.000
0.000
0.000
0.000
0.000
0.000
0.000
0.000
0.000
0.000
0.000
0.000
0.000
0.000
0.000
0.101
0.101
0.101
0.101
0.101
0.101
0.101
0.101
0.101
0.101
0.101
0.101
0.101
0.101
0.101
0.101
0.101
0.101
0.101
0.101
0.101
0.101
0.101
0.101
0.101
0.101
0.101
0.101
0.101
0.101
0.101
0.101
0.101
0.101
0.101
0.101
0.101
0.101
0.101
0.101
0.101
0.101
0.101
0.101
0.101
0.101
0.101
0.101
0.101
0.101
0.101
0.101
0.101
0.101
-7.996
-11.381
-11.381
0.101
0.101
0.101
0.101
0.101
0.101
0.101
0.101
0.101
0.101
0.101
0.101
0.101
0.101
0.101
0.101
0.101
0.101
0.101
0.101
0.101
0.101
0.101
0.101
0.101
0.101
0.101
0.101
0.101
0.101
-2.610
-2.609
-2.610
0.101
0.101
0.101
0.101
0.101
0.101
0.101
0.101
0.101
0.101
0.101
0.101
0.101
0.101
0.101
0.101
0.101
0.101
0.101
0.101
0.101
0.101
0.101
0.101
0.101
0.101
0.101
0.101
0.101
0.101
-1.605
-1.608
-1.605
-1.605
-1.605
-1.605
0.101
0.101
0.101
0.101
0.101
0.101
0.101
0.101
0.101
0.101
0.101
0.101
0.101
0.101
0.101
0.101
0.101
0.101
0.101
0.101
0.101
0.101
0.101
0.101
0.101
0.101
0.101
0.101
0.101
0.101
0.101
0.101
0.101
0.101
0.101
0.101
0.101
0.101
0.101
0.101
0.101
0.101
0.101
0.101
0.101
0.101
0.101
0.101
0.101
0.101
0.101
0.101
0.101
0.101
0.101
0.101
0.101
0.101
0.101
0.101
0.101
0.101
0.101
0.101
0.101
0.101
0.101
0.101
0.101
0.101
0.101
0.101
0.101
0.101
0.101
0.101
0.101
0.101
0.101
0.101
0.101
0.101
0.101
0.101
0.101
0.101
0.101
0.101
0.101
0.101
0.101
0.101
0.101
0.101
0.101
0.101
0.101
0.101
0.101
0.101
0.101
0.101
0.101
0.101
0.101
0.101
0.101
0.101
0.101
0.101
0.101
0.101
0.101
0.101
0.101
0.101
0.101
0.101
0.101
0.101
0.101
0.101
0.101
0.101
0.101
0.101
0.101
0.101
0.101
0.101
0.101
0.101
0.101
0.101
0.101
0.000
0.000
0.000
