fixedStep chrom=ENSGT00390000003781 start=1 step=1
0.000
0.000
0.000
0.000
0.000
0.000
0.000
0.000
0.000
0.000
0.000
0.000
0.000
0.000
0.000
0.000
0.000
0.000
0.000
0.000
0.000
0.000
0.000
0.000
0.000
0.000
0.000
0.000
0.000
0.000
0.000
0.000
0.000
0.000
0.000
0.000
0.000
0.000
0.000
0.000
0.000
0.000
0.000
0.000
0.000
0.000
0.000
0.000
0.000
0.000
0.000
0.000
0.000
0.000
0.000
0.000
0.000
0.000
0.000
0.000
0.117
0.117
0.117
0.117
0.117
0.117
0.117
0.117
0.117
0.117
0.117
0.117
0.117
0.117
0.117
0.117
0.117
0.117
0.117
0.117
0.117
0.117
0.117
0.117
0.117
0.117
0.117
0.117
0.117
0.117
0.117
0.117
0.117
0.117
0.117
0.117
0.117
0.117
0.117
0.117
0.117
0.117
0.117
0.117
0.117
0.117
0.117
0.117
0.117
0.117
0.117
0.117
0.117
0.117
0.117
0.117
0.117
0.117
0.117
0.117
0.117
0.117
0.117
0.117
0.117
0.117
0.117
0.117
0.117
0.117
0.117
0.117
0.117
0.117
0.117
0.117
0.117
0.117
0.117
0.117
0.117
0.117
0.117
0.117
0.117
0.117
0.117
0.117
0.117
0.117
0.117
0.117
0.117
0.117
0.117
0.117
0.117
0.117
0.117
0.117
0.117
0.117
0.117
0.117
0.117
0.117
0.117
0.117
0.117
0.117
0.117
0.117
0.117
0.117
0.117
0.117
0.117
0.117
0.117
0.117
-1.445
-1.445
-1.445
0.117
0.117
0.117
0.117
0.117
0.117
0.117
0.117
0.117
0.117
0.117
0.117
0.117
0.117
0.117
0.117
0.117
0.117
0.117
0.117
0.117
0.117
0.117
0.117
0.117
0.117
0.117
0.117
0.117
0.117
0.117
0.117
0.117
0.117
0.117
0.117
0.117
0.117
0.117
0.117
0.117
0.117
0.117
0.117
0.117
0.117
0.117
0.117
0.117
0.117
0.117
0.117
0.117
0.117
0.117
0.117
0.117
0.117
0.117
0.117
0.117
0.117
0.117
0.117
0.117
0.117
0.117
0.117
0.117
0.117
0.117
0.117
0.117
0.117
0.117
0.117
0.117
0.117
0.117
0.117
0.117
0.117
0.117
0.117
0.117
0.117
0.117
0.117
0.117
0.117
0.117
0.117
0.117
0.117
0.117
0.117
0.117
0.117
0.117
0.117
0.117
0.117
0.117
0.117
0.117
0.117
0.117
0.117
0.117
0.117
0.117
0.117
0.117
0.117
0.117
0.117
0.117
0.117
0.117
0.117
0.117
0.117
0.117
0.117
0.117
0.117
0.117
0.117
0.117
0.117
0.117
0.117
0.117
0.117
0.117
0.117
0.117
0.117
0.117
0.117
0.117
0.117
0.117
0.117
0.117
0.117
0.117
0.117
0.117
0.117
0.117
0.117
0.117
0.117
0.117
0.117
0.117
0.117
0.117
0.117
0.117
0.117
0.117
0.117
0.117
0.117
0.117
0.117
-3.023
-3.037
-3.059
0.117
0.117
0.117
0.117
0.117
0.117
0.117
0.117
0.117
0.117
0.117
0.117
0.117
0.117
0.117
0.117
0.117
0.117
0.117
0.117
0.117
0.117
0.117
0.117
0.117
0.117
0.117
0.117
0.117
0.117
0.117
0.117
0.117
0.117
0.117
0.117
0.117
0.117
0.117
0.117
0.117
0.117
0.117
0.117
0.117
0.117
0.117
0.117
0.117
0.117
0.117
0.117
0.117
0.117
0.117
0.117
0.117
0.117
0.117
0.117
0.117
0.117
0.117
0.117
0.117
0.117
0.117
0.117
0.117
0.117
0.117
0.117
0.117
0.117
0.117
0.117
0.117
0.117
-3.207
-3.206
-3.206
-3.160
-3.159
-3.159
0.117
0.117
0.117
0.117
0.117
0.117
0.117
0.117
0.117
0.117
0.117
0.117
0.117
0.117
0.117
0.117
0.117
0.117
0.117
0.117
0.117
0.117
0.117
0.117
0.117
0.117
0.117
0.117
0.117
0.117
0.117
0.117
0.117
0.117
0.117
0.117
-1.435
-1.435
-1.435
-3.037
-3.059
-3.034
0.117
0.117
0.117
0.117
0.117
0.117
0.117
0.117
0.117
0.117
0.117
0.117
0.117
0.117
0.117
0.117
0.117
0.117
0.117
0.117
0.117
0.117
0.117
0.117
0.117
0.117
0.117
0.117
0.117
0.117
0.117
0.117
0.117
0.117
0.117
0.117
0.117
0.117
0.117
0.117
0.117
0.117
0.117
0.117
0.117
0.117
0.117
0.117
0.117
0.117
0.117
0.117
0.117
0.117
0.117
0.117
0.117
0.117
0.117
0.117
0.117
0.117
0.117
0.117
0.117
0.117
0.117
0.117
0.117
0.117
0.117
0.117
0.117
0.117
0.117
0.117
0.117
0.117
0.117
0.117
0.117
0.117
0.117
0.117
0.117
0.117
0.117
0.117
0.117
0.117
0.117
0.117
0.117
0.117
0.117
0.117
0.117
0.117
0.117
0.117
0.117
0.117
0.117
0.117
0.117
0.117
0.117
0.117
0.117
0.117
0.117
0.117
0.117
0.117
0.117
0.117
0.117
0.117
0.117
0.117
0.117
0.117
0.117
0.117
0.117
0.117
0.117
0.117
0.117
0.117
0.117
0.117
0.117
0.117
0.117
0.117
0.117
0.117
0.117
0.117
0.117
0.117
0.117
0.117
0.000
0.000
0.000
0.000
0.000
0.000
0.000
0.000
0.000
0.000
0.000
0.000
0.117
0.117
0.117
0.117
0.117
0.117
-3.388
-3.388
-3.388
-3.388
-3.388
-3.388
-8.289
-8.706
-8.744
-7.761
-8.308
-8.706
0.117
0.117
0.117
0.116
0.117
0.117
0.117
0.117
0.117
0.117
0.117
0.117
0.117
0.117
0.117
0.117
0.117
0.117
0.117
0.117
0.117
0.000
0.000
0.000
0.000
0.000
0.000
0.000
0.000
0.000
0.117
0.117
0.117
0.117
0.117
0.117
0.117
0.117
0.117
0.117
0.117
0.117
0.117
0.117
0.117
0.117
0.117
0.117
0.117
0.117
0.117
0.117
0.117
0.117
0.117
0.117
0.117
0.117
0.117
0.117
0.117
0.117
0.117
0.117
0.117
0.117
0.117
0.117
0.117
0.117
0.117
0.117
0.117
0.117
0.117
0.117
0.117
0.117
0.117
0.117
0.117
0.117
0.117
0.117
0.117
0.117
0.117
0.000
0.000
0.000
0.000
0.000
0.000
0.000
0.000
0.000
0.000
0.000
0.000
0.000
0.000
0.000
0.000
0.000
0.000
