fixedStep chrom=ENSGT00390000002998 start=1 step=1
0.000
0.000
0.000
0.000
0.000
0.000
0.000
0.000
0.000
0.000
0.000
0.000
0.000
0.000
0.000
0.000
0.000
0.000
0.000
0.000
0.000
0.084
0.084
0.084
0.084
0.084
0.084
0.084
0.084
0.084
0.084
0.084
0.084
0.084
0.084
0.084
0.084
0.084
0.084
0.084
0.084
0.084
0.084
0.084
0.084
0.084
0.084
0.084
0.084
0.084
0.084
0.084
0.084
0.084
0.084
0.084
0.084
0.084
0.084
0.084
0.084
0.084
0.084
0.084
0.084
0.084
0.084
0.084
0.084
0.084
0.084
0.084
-1.829
-1.820
-1.836
0.084
0.084
0.084
0.084
0.084
0.084
0.084
0.084
0.084
0.084
0.084
0.084
0.084
0.084
0.084
0.084
0.084
0.084
0.084
0.084
0.084
0.084
0.084
0.084
0.084
0.084
0.084
0.084
0.084
0.084
0.084
0.084
0.084
0.084
0.084
0.084
0.084
0.084
0.084
0.084
0.084
0.084
0.084
0.084
0.084
0.084
0.084
0.084
0.084
0.084
0.084
0.084
0.084
0.084
0.084
0.084
0.084
0.084
0.084
0.084
0.084
0.084
0.084
0.084
0.084
0.084
0.084
0.084
0.084
0.084
0.084
0.084
0.084
0.084
0.084
0.084
0.084
0.084
0.084
0.084
0.084
0.084
0.084
0.084
0.084
0.084
0.084
0.084
0.084
0.084
0.084
0.084
0.084
0.084
0.084
0.084
0.084
0.084
0.084
0.084
0.084
0.084
0.084
0.084
0.084
0.084
0.084
0.084
0.084
0.084
0.084
0.084
0.084
0.084
0.084
0.084
0.084
0.084
0.084
0.084
0.084
0.084
0.084
0.084
0.084
0.084
0.084
0.084
0.084
0.084
0.084
0.084
