fixedStep chrom=ENSGT00390000003444 start=1 step=1
0.111
0.111
0.111
0.111
0.111
0.111
0.111
0.111
0.111
0.111
0.111
0.111
0.111
0.111
0.111
0.111
0.111
0.111
0.111
0.111
0.111
-1.500
-1.533
-1.500
-2.305
-2.305
-2.309
-2.305
-2.305
-2.305
-2.305
-2.305
-2.305
-1.510
-1.510
-1.533
-1.500
-1.533
-1.500
-1.510
-1.533
-1.533
-1.510
-1.533
-1.500
-1.500
-1.501
-1.500
0.111
0.111
0.111
0.111
0.111
0.111
0.111
0.111
0.111
0.111
0.111
0.111
0.111
0.111
0.111
0.111
0.111
0.111
0.111
0.111
0.111
0.111
0.111
0.111
0.111
0.111
0.111
0.111
0.111
0.111
0.111
0.111
0.111
0.111
0.111
0.111
0.111
0.111
0.111
0.111
0.111
0.111
0.111
0.111
0.111
-2.985
-2.985
-2.985
-2.985
-2.985
-2.985
-2.305
-2.305
-2.305
-2.310
-2.305
-2.305
0.111
0.111
0.111
0.111
0.111
0.111
0.111
0.111
0.111
0.111
0.111
0.111
0.111
0.111
0.111
0.111
0.111
0.111
0.111
0.111
0.111
0.111
0.111
0.111
0.111
0.111
0.111
0.111
0.111
0.111
0.111
0.111
0.111
0.111
0.111
0.111
0.111
0.111
0.111
0.111
0.111
0.111
0.111
0.111
0.111
0.111
0.111
0.111
0.111
0.111
0.111
0.111
0.111
0.111
0.111
0.111
0.111
0.111
0.111
0.111
0.111
0.111
0.111
0.111
0.111
0.111
0.111
0.111
0.111
0.111
0.111
0.111
0.111
0.111
0.111
0.111
0.111
0.111
0.111
0.111
0.111
0.111
0.111
0.111
0.111
0.111
0.111
0.111
0.111
0.111
0.111
0.111
0.111
0.111
0.111
0.111
0.111
0.111
0.111
0.111
0.111
0.111
0.111
0.111
0.111
0.111
0.111
0.111
0.111
0.111
0.111
0.111
0.111
0.111
0.111
0.111
0.111
0.111
0.111
0.111
0.111
0.111
0.111
0.111
0.111
0.111
0.111
0.111
0.111
-1.531
-1.531
-1.531
-1.531
-1.531
-1.531
-1.531
-1.531
-1.531
-1.531
-1.531
-1.531
-1.531
-1.531
-1.557
-1.561
-1.531
-1.539
-1.531
-1.557
-1.531
-1.561
-1.531
-1.531
-1.531
-1.539
-1.531
0.111
0.111
0.111
0.111
0.111
0.111
0.111
0.111
0.111
0.111
0.111
0.111
0.111
0.111
0.111
0.111
0.111
0.111
0.111
0.111
0.111
0.111
0.111
0.111
0.111
0.111
0.111
0.111
0.111
0.111
0.111
0.111
0.111
0.111
0.111
0.111
0.111
0.111
0.111
0.111
0.111
0.111
0.111
0.111
0.111
0.111
0.111
0.111
0.111
0.111
0.111
0.111
0.111
0.111
0.111
0.111
0.111
0.111
0.111
0.111
0.111
0.111
0.111
0.111
0.111
0.111
0.111
0.111
0.111
0.111
0.111
0.111
0.111
0.111
0.111
0.111
0.111
0.111
0.111
0.111
0.111
0.111
0.111
0.111
0.111
0.111
0.111
0.111
0.111
0.111
0.111
0.111
0.111
0.111
0.111
0.111
0.111
0.111
0.111
0.111
0.111
0.111
0.111
0.111
0.111
0.111
0.111
0.111
0.111
0.111
0.111
0.111
0.111
0.111
0.111
0.111
0.111
0.111
0.111
0.111
0.111
0.111
0.111
0.111
0.111
0.111
0.111
0.111
0.111
0.111
0.111
0.111
0.111
0.111
0.111
0.111
0.111
0.111
0.111
0.111
0.111
0.111
0.111
0.111
0.111
0.111
0.111
0.111
0.111
0.111
0.111
0.111
0.111
0.111
0.111
0.111
0.111
0.111
0.111
0.111
0.111
0.111
0.111
0.111
0.111
0.111
0.111
0.111
0.111
0.111
0.111
0.111
0.111
0.111
0.111
0.111
0.111
0.111
0.111
0.111
0.111
0.111
0.111
0.111
0.111
0.111
0.111
0.111
0.111
0.111
0.111
0.111
0.111
0.111
0.111
0.111
0.111
0.111
0.111
0.111
0.111
0.111
0.111
0.111
0.111
0.111
0.111
0.111
0.111
0.111
0.111
0.111
0.111
0.111
0.111
0.111
0.111
0.111
0.111
0.111
0.111
0.111
0.111
0.111
0.111
0.111
0.111
0.111
0.111
0.111
0.111
0.111
0.111
0.111
0.111
0.111
0.111
0.111
0.111
0.111
0.111
0.111
0.111
0.111
0.111
0.111
0.111
0.111
0.111
0.111
0.111
0.111
0.111
0.111
0.111
0.111
0.111
0.111
0.111
0.111
0.111
0.111
0.111
0.111
0.111
0.111
0.111
0.111
0.111
0.111
0.111
0.111
0.111
0.111
0.111
0.111
0.111
0.111
0.111
0.111
0.111
0.111
0.111
0.111
0.111
0.111
0.111
0.111
0.111
0.111
0.111
0.111
0.111
0.111
0.111
0.111
0.111
0.111
0.111
0.111
0.111
0.111
0.111
0.111
0.111
0.111
0.111
0.111
0.111
0.111
0.111
0.111
0.111
0.111
0.111
0.111
0.111
0.111
0.111
0.111
0.111
-1.535
-1.531
-1.531
-1.557
-1.557
-1.531
-2.791
-2.791
-2.793
-2.305
-2.305
-2.305
