fixedStep chrom=ENSGT00390000009232 start=1 step=1
-1.487
-1.487
-1.487
0.117
0.116
0.116
0.116
0.117
0.117
0.116
0.117
0.116
0.117
0.117
0.117
0.117
0.116
0.117
0.117
0.116
0.116
0.116
0.117
0.116
0.117
0.117
0.117
0.117
0.117
0.117
0.117
0.117
0.116
0.117
0.117
0.116
-1.487
-1.487
-1.496
0.117
0.117
0.116
0.117
0.116
0.117
0.117
0.117
0.117
0.116
0.117
0.117
0.116
0.117
0.117
0.116
0.117
0.117
0.117
0.117
0.116
0.117
0.116
0.117
0.116
0.117
0.116
0.116
0.116
0.116
0.116
0.116
0.116
-3.026
-3.383
-3.438
-3.357
-3.357
-3.412
-3.375
-3.382
-3.382
-1.476
-1.472
-1.413
-1.471
-1.471
-1.471
0.116
0.116
0.116
0.116
0.116
0.116
0.116
0.117
0.116
0.116
0.117
0.117
0.117
0.117
0.116
0.117
0.117
0.117
0.116
0.117
0.116
0.116
0.117
0.117
0.116
0.117
0.116
0.116
0.117
0.116
0.116
0.117
0.116
0.116
0.117
0.116
0.116
0.117
0.117
0.117
0.117
0.117
0.117
0.117
0.116
0.117
0.117
0.117
0.117
0.117
0.116
0.116
0.116
0.116
0.117
0.117
0.116
0.116
0.116
0.117
0.117
0.116
0.117
0.116
0.117
0.116
0.116
0.116
0.116
0.116
0.116
0.116
0.117
0.116
0.116
0.117
0.117
0.117
0.117
0.117
0.116
0.117
0.117
0.117
0.116
0.116
0.116
0.117
0.117
0.117
0.116
0.117
0.117
0.117
0.117
0.116
0.117
0.116
0.116
-1.506
-1.506
-1.493
-2.904
-2.904
-2.902
-1.491
-1.487
-1.487
-1.487
-1.513
-1.513
-1.487
-1.506
-1.499
0.117
0.116
0.117
0.116
0.117
0.116
0.117
0.117
0.117
0.117
0.116
0.117
0.116
0.116
0.117
0.117
0.117
0.116
0.117
0.116
0.117
0.116
0.117
0.116
0.117
0.117
0.117
0.116
0.116
0.116
0.116
0.116
0.116
0.117
0.116
0.116
0.116
0.116
0.116
0.116
0.116
0.117
0.117
0.117
0.116
0.116
0.116
0.116
0.116
0.117
0.116
0.117
0.117
0.116
0.117
0.116
0.116
0.116
0.117
0.117
0.116
0.117
0.116
0.117
0.116
0.116
0.117
0.117
0.117
0.117
0.117
0.117
0.117
0.117
0.116
0.117
0.117
0.116
0.117
0.117
0.117
0.117
0.117
0.117
0.117
0.116
0.116
0.117
0.116
0.116
0.117
0.117
0.117
0.117
0.116
0.116
0.116
0.116
0.116
0.116
0.116
0.117
0.116
0.116
0.116
0.116
0.116
0.116
0.117
0.117
0.116
0.116
0.116
0.117
0.117
0.117
0.117
0.117
0.116
0.117
0.117
0.117
0.116
0.116
0.116
0.116
0.116
0.117
0.116
0.117
0.117
0.117
0.117
0.117
0.116
0.117
0.116
0.117
0.116
0.116
0.116
0.117
0.117
0.116
0.116
0.116
0.117
0.116
0.116
0.117
0.116
0.117
0.116
0.116
0.116
0.116
0.117
0.117
0.117
0.116
0.116
0.116
0.116
0.117
0.117
0.117
0.117
0.117
0.116
0.117
0.117
0.117
0.117
0.117
0.117
0.116
0.117
0.116
0.116
0.117
0.116
0.116
0.117
0.117
0.117
0.117
0.116
0.116
0.116
0.117
0.117
0.117
0.117
0.117
0.117
0.117
0.117
0.117
0.117
0.117
0.116
0.116
0.117
0.116
0.117
0.117
0.117
0.117
0.116
0.117
0.117
0.117
0.117
0.116
0.116
0.116
0.117
0.117
0.117
0.116
0.117
0.117
0.117
0.116
0.117
0.116
0.116
0.117
0.117
0.116
0.116
0.116
0.117
0.117
0.117
0.116
0.117
0.117
0.117
0.116
0.116
0.117
0.116
0.116
0.117
0.117
0.117
0.116
0.117
0.117
0.117
0.116
0.117
0.117
0.117
0.117
0.116
0.117
0.116
0.117
0.117
0.116
0.116
0.116
-1.487
-1.487
-1.487
0.117
0.117
0.116
0.116
0.116
0.116
0.117
0.117
0.116
0.116
0.116
0.117
0.117
0.116
0.116
0.117
0.117
0.117
0.116
0.116
0.117
0.117
0.116
0.116
0.116
0.116
0.117
0.116
0.117
0.117
-1.502
-1.477
-1.479
0.117
0.116
0.117
0.116
0.117
0.116
0.116
0.117
0.117
0.116
0.116
0.116
0.117
0.116
0.117
0.116
0.116
0.117
0.116
0.117
0.117
0.116
0.116
0.117
0.116
0.116
0.116
0.117
0.116
0.117
0.117
0.117
0.117
0.116
0.116
0.117
0.116
0.117
0.117
0.117
0.116
0.116
0.117
0.116
0.117
0.116
0.116
0.117
0.117
0.116
0.116
0.116
0.116
0.116
0.116
0.117
0.117
0.116
0.117
0.116
0.117
0.117
0.116
0.116
0.116
0.116
0.117
0.117
0.117
0.116
0.117
0.116
0.117
0.117
0.117
0.116
0.116
0.116
0.116
0.116
0.117
0.116
0.117
0.117
0.117
0.117
0.117
0.116
0.117
0.116
0.117
0.116
0.116
0.116
0.116
0.116
0.116
0.116
0.116
0.116
0.116
0.116
0.116
0.116
0.116
0.116
0.116
0.117
0.116
0.116
0.117
0.117
0.117
0.117
0.116
0.116
0.116
0.117
0.116
0.116
0.117
0.117
0.117
0.117
0.117
0.116
0.117
0.117
0.117
0.117
0.117
0.117
0.117
0.117
0.116
0.116
0.117
0.117
0.117
0.117
0.117
0.117
0.117
0.117
0.116
0.116
0.116
0.117
0.117
0.117
0.117
0.117
0.116
0.117
0.116
0.117
0.117
0.116
0.117
0.117
0.117
0.116
0.117
0.117
0.117
0.117
0.116
0.117
0.117
0.117
0.116
0.117
0.117
0.116
0.116
0.117
0.116
0.116
0.117
0.117
0.117
0.117
0.117
0.117
0.117
0.117
0.117
0.117
0.116
0.117
0.117
0.117
0.117
0.117
0.117
0.116
0.117
0.117
0.117
0.117
0.117
0.117
0.117
0.116
0.117
0.117
0.117
0.117
0.116
0.117
0.117
0.117
0.116
0.117
0.117
0.117
0.117
0.116
0.117
0.117
0.116
0.117
0.117
0.117
0.117
0.117
0.116
0.116
0.116
0.117
0.116
0.116
0.117
0.117
0.117
0.117
0.117
0.117
0.117
0.116
0.116
0.117
0.117
0.117
0.117
0.116
0.117
0.117
0.117
0.116
0.117
0.117
0.117
0.117
0.116
0.117
0.117
0.116
0.116
0.116
0.117
0.117
0.116
0.116
0.117
0.117
0.117
0.117
0.117
0.117
0.117
0.116
0.116
0.117
0.116
0.116
-2.625
-2.620
-2.619
-2.621
-2.621
-2.619
0.116
0.117
0.116
0.117
0.117
0.116
0.117
0.117
0.117
0.117
0.117
0.116
0.117
0.117
0.116
0.117
0.116
0.117
0.117
0.116
0.116
0.117
0.116
0.117
0.117
0.116
0.117
0.117
0.117
0.117
0.116
0.117
0.116
0.117
0.117
0.117
0.117
0.117
0.116
0.117
0.117
0.116
0.116
0.116
0.116
0.117
0.116
0.116
0.117
0.117
0.117
0.117
0.117
0.116
0.117
0.117
0.116
0.117
0.117
0.116
0.117
0.117
0.116
0.117
0.117
0.117
0.117
0.117
0.116
0.116
0.116
0.116
0.116
0.117
0.117
0.117
0.117
0.116
0.117
0.117
0.116
-2.776
-2.776
-2.776
0.117
0.116
0.117
0.116
0.117
0.117
0.117
0.117
0.117
0.117
0.117
0.117
0.116
0.117
0.116
0.117
0.117
0.117
0.116
0.117
0.117
0.116
0.117
0.116
0.117
0.117
0.117
0.117
0.116
0.116
0.117
0.117
0.117
0.117
0.117
0.116
0.116
0.117
0.117
0.116
0.117
0.116
0.117
0.117
0.117
0.117
0.117
0.116
0.117
0.117
0.117
0.117
0.117
0.116
0.116
0.116
0.116
0.117
0.117
0.117
0.117
0.117
0.116
0.117
0.117
0.117
0.117
0.117
0.117
0.117
0.117
0.117
0.117
0.116
0.117
0.117
0.117
0.116
0.117
0.117
0.116
0.117
0.117
0.117
0.116
0.117
0.116
-1.480
-1.471
-1.471
-1.471
-1.471
-1.481
0.117
0.117
0.117
0.116
0.117
0.117
0.117
0.117
0.116
0.117
0.116
0.117
0.117
0.116
0.116
0.117
0.117
0.117
0.117
0.117
0.116
0.117
0.117
0.117
0.117
0.117
0.116
0.117
0.117
0.116
0.117
0.117
0.116
0.117
0.117
0.117
0.117
0.117
0.117
0.117
0.117
0.116
0.117
0.117
0.117
0.117
0.117
0.116
0.117
0.117
0.117
0.117
0.117
0.117
0.117
0.117
0.116
0.117
0.117
0.117
0.117
0.117
0.117
0.117
0.117
0.117
0.116
0.116
0.116
0.117
0.117
0.116
0.116
0.116
0.116
0.116
0.116
0.117
0.117
0.116
0.117
0.116
0.116
0.117
0.116
0.116
0.117
-3.017
-3.014
-3.017
-1.484
-1.468
-1.467
0.000
0.000
0.000
0.000
0.000
0.000
0.000
0.000
0.000
0.000
0.000
0.000
0.116
0.116
0.116
0.116
0.116
0.116
0.116
0.116
0.117
0.116
0.116
0.116
0.000
0.000
0.000
0.000
0.000
0.000
0.000
0.000
0.000
0.000
0.000
0.000
0.000
0.000
0.000
