fixedStep chrom=ENSGT00390000012366 start=1 step=1
-1.813
-1.813
-1.813
0.088
0.088
0.087
0.088
0.087
0.088
0.087
0.088
0.088
0.088
0.088
0.088
0.088
0.088
0.087
0.087
0.088
0.088
0.088
0.088
0.088
0.088
0.088
0.088
0.088
0.088
0.088
0.088
0.087
0.088
0.088
0.087
0.088
0.088
0.088
0.087
0.088
0.088
0.088
0.088
0.088
0.087
0.088
0.087
0.088
0.087
0.088
0.088
0.088
0.088
0.088
0.088
0.088
0.087
0.088
0.088
0.088
0.088
0.087
0.088
0.088
0.087
0.087
0.087
0.087
0.088
-1.813
-1.813
-1.813
0.088
0.087
0.088
0.087
0.087
0.088
0.088
0.087
0.087
0.087
0.088
0.088
0.088
0.088
0.088
0.088
0.088
0.088
0.088
0.088
0.088
0.088
0.088
0.088
0.088
0.088
0.088
0.088
0.088
0.088
0.088
0.088
0.088
0.088
0.087
0.088
0.088
0.088
0.087
0.088
0.088
0.088
0.088
0.088
0.088
0.088
0.087
0.088
0.087
0.087
0.087
0.087
0.088
0.088
0.088
0.088
0.087
0.088
0.088
0.088
0.087
0.088
0.088
0.088
0.088
0.088
0.087
0.087
0.088
0.088
0.088
0.088
0.088
0.088
0.088
0.087
0.088
0.087
0.088
0.088
0.087
0.088
0.088
0.088
0.087
0.087
0.088
0.088
0.087
0.087
-1.813
-1.813
-1.813
-1.813
-1.813
-1.813
-1.813
-1.813
-1.813
-3.930
-3.929
-3.930
-1.813
-1.813
-1.815
-1.813
-1.813
-1.813
-1.813
-1.813
-1.813
0.087
0.087
0.087
0.087
0.087
0.087
-1.813
-1.813
-1.813
-3.929
-3.930
-3.930
0.088
0.088
0.087
0.087
0.088
0.088
0.087
0.087
0.088
0.088
0.088
0.088
0.088
0.088
0.088
0.088
0.088
0.088
0.088
0.088
0.088
0.088
0.087
0.087
0.088
0.088
0.088
0.087
0.088
0.088
0.087
0.088
0.088
0.087
0.088
0.088
0.088
0.088
0.088
0.087
0.088
0.087
0.088
0.088
0.088
0.088
0.087
0.088
0.087
0.087
0.088
0.088
0.088
0.088
0.088
0.087
0.087
0.088
0.088
0.088
0.088
0.088
0.088
0.088
0.087
0.088
0.088
0.088
0.088
0.088
0.088
0.088
0.088
0.088
0.087
0.088
0.088
0.088
0.088
0.088
0.087
0.088
0.088
0.088
0.088
0.087
0.088
0.088
0.088
0.088
0.088
0.088
0.087
0.088
0.088
0.088
0.088
0.088
0.088
0.088
0.087
0.088
0.088
0.088
0.088
0.088
0.088
0.087
0.088
0.088
0.088
0.087
0.088
0.088
0.088
0.088
0.087
0.087
0.088
0.088
0.088
0.088
0.088
0.088
0.088
0.087
0.088
0.088
0.088
0.088
0.088
0.088
0.087
0.087
0.087
0.088
0.088
0.087
0.088
0.087
0.088
0.088
0.088
0.088
0.088
0.088
0.088
0.088
0.088
0.088
0.088
0.087
0.088
0.087
0.088
0.088
0.088
0.088
0.088
0.088
0.087
0.088
0.088
0.088
0.088
-1.767
-1.689
-1.689
0.087
0.088
0.088
0.088
0.088
0.088
0.087
0.087
0.087
0.087
0.088
0.088
0.000
0.000
0.000
