fixedStep chrom=ENSGT00410000029325 start=1 step=1
0.102
0.102
0.102
0.102
0.102
0.102
0.102
0.102
0.102
0.102
0.102
0.102
0.102
0.102
0.102
0.102
0.102
0.102
0.102
0.102
0.102
0.102
0.102
0.102
0.102
0.102
0.102
0.102
0.102
0.102
0.102
0.102
0.102
0.102
0.102
0.102
0.102
0.102
0.102
0.102
0.102
0.102
0.102
0.102
0.102
0.102
0.102
0.102
0.102
0.102
0.102
0.102
0.102
0.102
0.102
0.102
0.102
0.102
0.102
0.102
0.102
0.102
0.102
0.102
0.102
0.102
0.102
0.102
0.102
0.102
0.102
0.102
0.102
0.102
0.102
0.102
0.102
0.102
0.102
0.102
0.102
0.102
0.102
0.102
0.000
0.000
0.000
0.000
0.000
0.000
0.000
0.000
0.000
0.000
0.000
0.000
0.102
0.102
0.102
0.102
0.102
0.102
0.102
0.102
0.102
0.102
0.102
0.102
0.102
0.102
0.102
0.102
0.102
0.102
0.102
0.102
0.102
-1.596
-1.558
-1.548
-1.584
-1.579
-1.579
0.102
0.102
0.102
0.102
0.102
0.102
0.102
0.102
0.102
0.102
0.102
0.102
0.102
0.102
0.102
0.102
0.102
0.102
0.102
0.102
0.102
0.102
0.102
0.102
0.102
0.102
0.102
0.102
0.102
0.102
0.102
0.102
0.102
0.102
0.102
0.102
0.102
0.102
0.102
-1.631
-1.631
-1.631
0.102
0.102
0.102
0.102
0.102
0.102
0.102
0.102
0.102
0.102
0.102
0.102
0.102
0.102
0.102
0.102
0.102
0.102
0.102
0.102
0.102
0.102
0.102
0.102
-1.631
-1.652
-1.652
-1.660
-1.631
-1.637
-1.654
-1.631
-1.631
-1.631
-1.631
-1.631
0.102
0.102
0.102
0.102
0.102
0.102
-1.626
-1.579
-1.626
0.102
0.102
0.102
0.102
0.102
0.102
0.102
0.102
0.102
0.102
0.102
0.102
0.102
0.102
0.102
0.102
0.102
0.102
0.102
0.102
0.102
0.102
0.102
0.102
0.102
0.102
0.102
0.102
0.102
0.102
0.102
0.102
0.102
0.102
0.102
0.102
0.102
0.102
0.102
0.102
0.102
0.102
0.102
0.102
0.102
0.102
0.102
0.102
0.102
0.102
0.102
0.102
0.102
0.102
0.102
0.102
0.102
0.102
0.102
0.102
0.102
0.102
0.102
0.102
0.102
0.102
0.102
0.102
0.102
0.102
0.102
0.102
0.102
0.102
0.102
0.102
0.102
0.102
-2.536
-2.536
-2.534
0.102
0.102
0.102
0.102
0.102
0.102
0.102
0.102
0.102
0.102
0.102
0.102
0.102
0.102
0.102
0.102
0.102
0.102
0.102
0.102
0.102
0.102
0.102
0.102
0.102
0.102
0.102
0.102
0.102
0.102
0.102
0.102
0.102
0.102
0.102
0.102
0.102
0.102
0.102
-1.615
-1.571
-1.588
-1.617
-1.571
-1.571
0.102
0.102
0.102
0.102
0.102
0.102
0.102
0.102
0.102
0.102
0.102
0.102
-1.571
-1.571
-1.633
-1.571
-1.571
-1.579
-3.486
-3.486
-3.486
-1.571
-1.571
-1.571
-1.571
-1.571
-1.571
0.102
0.102
0.102
0.102
0.102
0.102
0.102
0.102
0.102
0.102
0.102
0.102
0.102
0.102
0.102
0.102
0.102
0.102
0.102
0.102
0.102
0.102
0.102
0.102
-1.588
-1.579
-1.592
0.102
0.102
0.102
0.102
0.102
0.102
0.102
0.102
0.102
0.102
0.102
0.102
0.102
0.102
0.102
0.102
0.102
0.102
0.102
0.102
0.102
0.102
0.102
0.102
0.102
0.102
0.102
0.102
0.102
0.102
0.102
0.102
0.102
0.102
0.102
0.102
0.102
0.102
0.102
0.102
0.102
0.102
-1.571
-1.571
-1.571
0.102
0.102
0.102
0.102
0.102
0.102
0.102
0.102
0.102
0.102
0.102
0.102
0.102
0.102
0.102
0.102
0.102
0.102
0.102
0.102
0.102
-1.571
-1.571
-1.571
-1.571
-1.571
-1.633
-1.571
-1.571
-1.576
-1.571
-1.571
-1.571
0.102
0.102
0.102
0.102
0.102
0.102
-1.579
-1.579
-1.626
0.102
0.102
0.102
0.102
0.102
0.102
0.102
0.102
0.102
0.102
0.102
0.102
0.102
0.102
0.102
0.102
0.102
0.102
0.102
0.102
0.102
0.102
0.102
0.102
0.102
0.102
0.102
0.102
0.102
0.102
0.000
0.000
0.000
0.000
0.000
0.000
0.000
0.000
0.000
0.102
0.102
0.102
0.102
0.102
0.102
0.102
0.102
0.102
-2.536
-2.539
-2.536
0.102
0.102
0.102
0.102
0.102
0.102
0.102
0.102
0.102
0.102
0.102
0.102
0.102
0.102
0.102
0.102
0.102
0.102
0.102
0.102
0.102
0.102
0.102
0.102
0.102
0.102
0.102
0.102
0.102
0.102
0.102
0.102
0.102
0.102
0.102
0.102
-1.631
-1.653
-1.631
-1.631
-1.631
-1.631
-4.461
-4.540
-4.541
0.102
0.102
0.102
0.102
0.102
0.102
0.102
0.102
0.102
0.102
0.102
0.102
0.102
0.102
0.102
0.102
0.102
0.102
0.102
0.102
0.102
0.102
0.102
0.102
0.102
0.102
0.102
0.102
0.102
0.102
0.102
0.102
0.102
0.102
0.102
0.102
0.102
0.102
0.102
0.102
0.102
0.102
0.102
0.102
0.102
0.102
0.102
0.102
0.102
0.102
0.102
