fixedStep chrom=ENSGT00750000118127 start=1 step=1
-2.621
-2.621
-2.622
-2.622
-2.621
-2.622
-2.621
-2.621
-2.622
-2.621
-2.622
-2.621
0.092
0.092
0.092
0.092
0.092
0.092
0.092
0.092
0.092
0.092
0.092
0.092
0.092
0.092
0.092
-1.719
-1.719
-1.719
0.092
0.092
0.092
0.092
0.092
0.092
0.092
0.092
0.092
0.092
0.092
0.092
0.092
0.092
0.092
0.092
0.092
0.092
0.092
0.092
0.092
0.092
0.092
0.092
0.092
0.092
0.092
0.092
0.092
0.092
0.092
0.092
0.092
0.092
0.092
0.092
0.092
0.092
0.092
0.092
0.092
0.092
0.092
0.092
0.092
0.092
0.092
0.092
0.092
0.092
0.092
0.092
0.092
0.092
0.092
0.092
0.092
0.092
0.092
0.092
0.092
0.092
0.092
0.092
0.092
0.092
0.092
0.092
0.092
0.092
0.092
0.092
0.092
0.092
0.092
0.092
0.092
0.092
0.092
0.092
0.092
0.092
0.092
0.092
0.092
0.092
0.092
0.092
0.092
0.092
0.092
0.092
0.092
0.092
0.092
0.092
0.092
0.092
0.092
0.092
0.092
0.092
0.092
0.092
0.092
0.092
0.092
0.092
0.092
0.092
0.092
0.000
0.000
0.000
0.000
0.000
0.000
0.000
0.000
0.000
0.000
0.000
0.000
0.000
0.000
0.000
0.000
0.000
0.000
0.000
0.000
0.000
0.000
0.000
0.000
0.000
0.000
0.000
