fixedStep chrom=ENSGT00390000002329 start=1 step=1
0.132
0.132
0.132
0.132
0.132
0.132
0.132
0.132
0.132
0.132
0.132
0.132
0.132
0.132
0.132
0.132
0.132
0.132
0.132
0.132
0.132
-1.450
-1.453
-1.450
-5.336
-5.336
-5.285
-3.273
-3.234
-3.246
0.132
0.132
0.132
0.132
0.132
0.132
0.132
0.132
0.132
-1.863
-1.862
-1.863
-1.450
-1.450
-1.450
0.132
0.132
0.132
-1.450
-1.450
-1.450
-1.450
-1.450
-1.453
0.132
0.132
0.132
0.132
0.132
0.132
0.132
0.132
0.132
0.132
0.132
0.132
0.132
0.132
0.132
0.132
0.132
0.132
0.132
0.132
0.132
0.132
0.132
0.132
-1.327
-1.326
-1.326
0.132
0.132
0.132
0.132
0.132
0.132
0.132
0.132
0.132
0.132
0.132
0.132
0.132
0.132
0.132
0.132
0.132
0.132
0.132
0.132
0.132
0.132
0.132
0.132
0.132
0.132
0.132
0.132
0.132
0.132
0.132
0.132
0.132
0.000
0.000
0.000
0.000
0.000
0.000
0.000
0.000
0.000
0.000
0.000
0.000
0.000
0.000
0.000
0.000
0.000
0.000
0.000
0.000
0.000
0.000
0.000
0.000
0.000
0.000
0.000
0.000
0.000
0.000
0.000
0.000
0.000
0.000
0.000
0.000
0.000
0.000
0.000
0.000
0.000
0.000
0.000
0.000
0.000
0.000
0.000
0.000
0.000
0.000
0.000
0.000
0.000
0.000
0.000
0.000
0.000
0.000
0.000
0.000
0.000
0.000
0.000
0.000
0.000
0.000
0.000
0.000
0.000
0.000
0.000
0.000
0.000
0.000
0.000
0.000
0.000
0.000
0.000
0.000
0.000
0.000
0.000
0.000
0.000
0.000
0.000
0.000
0.000
0.000
0.000
0.000
0.000
0.000
0.000
0.000
0.000
0.000
0.000
0.000
0.000
0.000
0.000
0.000
0.000
0.132
0.132
0.132
0.132
0.132
0.132
0.132
0.132
0.132
0.132
0.132
0.132
0.132
0.132
0.132
0.132
0.132
0.132
0.132
0.132
0.132
0.132
0.132
0.132
0.132
0.132
0.132
0.132
0.132
0.132
-1.863
-1.863
-1.863
0.132
0.132
0.132
0.132
0.132
0.132
0.132
0.132
0.132
0.132
0.132
0.132
-1.327
-1.326
-1.326
-1.326
-1.340
-1.326
-1.326
-1.326
-1.327
-1.327
-1.326
-1.330
-1.339
-1.327
-1.329
0.132
0.132
0.132
0.132
0.132
0.132
0.132
0.132
0.132
0.132
0.132
0.132
0.132
0.132
0.132
0.132
0.132
0.132
0.132
0.132
0.132
-1.863
-1.862
-1.862
0.132
0.132
0.132
