fixedStep chrom=ENSGT00390000012258 start=1 step=1
0.000
0.000
0.000
0.000
0.000
0.000
0.000
0.000
0.000
0.000
0.000
0.000
0.000
0.000
0.000
0.000
0.000
0.000
0.000
0.000
0.000
0.000
0.000
0.000
0.000
0.000
0.000
0.000
0.000
0.000
0.000
0.000
0.000
0.000
0.000
0.000
0.000
0.000
0.000
0.000
0.000
0.000
0.000
0.000
0.000
0.000
0.000
0.000
0.000
0.000
0.000
0.000
0.000
0.000
0.000
0.000
0.000
0.000
0.000
0.000
0.000
0.000
0.000
0.000
0.000
0.000
0.131
0.131
0.131
0.131
0.131
0.131
0.131
0.131
0.131
0.131
0.131
0.131
0.131
0.131
0.131
0.131
0.131
0.131
0.131
0.131
0.131
0.131
0.131
0.131
0.131
0.131
0.131
0.131
0.131
0.131
0.131
0.131
0.131
0.131
0.131
0.131
0.131
0.131
0.131
0.131
0.131
0.131
0.131
0.131
0.131
0.131
0.131
0.131
0.131
0.131
0.131
0.131
0.131
0.131
0.131
0.131
0.130
0.131
0.131
0.131
0.131
0.131
0.131
0.131
0.131
0.131
0.131
0.131
0.131
0.131
0.131
0.131
0.131
0.131
0.131
0.131
0.131
0.131
0.131
0.131
0.131
0.131
0.131
0.131
0.131
0.131
0.131
0.131
0.131
0.131
0.131
0.131
0.131
0.131
0.131
0.131
0.131
0.131
0.131
0.131
0.131
0.131
0.131
0.131
0.131
0.131
0.131
0.131
0.131
0.131
0.131
0.131
0.131
0.131
0.131
0.131
0.131
0.131
0.131
0.131
0.131
0.131
0.131
0.131
0.131
0.131
0.131
0.131
0.131
0.131
0.131
0.131
0.131
0.131
0.131
0.131
0.131
0.131
0.131
0.131
0.131
0.131
0.131
0.131
0.131
0.131
0.131
0.131
0.131
0.131
0.131
0.131
0.131
0.131
0.131
0.131
0.131
0.131
0.131
0.131
0.131
0.131
0.131
0.131
0.131
0.131
0.131
0.131
0.131
0.131
0.131
0.131
0.131
0.131
0.131
0.131
0.131
0.131
0.131
0.131
0.131
0.131
0.131
0.131
0.131
0.130
0.131
0.131
0.131
0.130
0.131
0.130
0.131
0.131
0.131
0.131
0.130
0.131
0.130
0.130
0.131
0.131
0.130
0.131
0.130
0.130
0.131
0.130
0.131
0.130
0.130
0.130
0.130
0.130
0.130
0.131
0.130
0.130
0.130
0.130
0.130
0.130
0.130
0.130
0.131
0.130
0.130
0.130
-1.447
-1.347
-1.447
-1.438
-1.346
-1.352
0.130
0.131
0.130
0.130
0.130
0.130
0.130
0.131
0.131
0.130
0.131
0.130
0.131
0.131
0.130
0.130
0.130
0.130
0.131
0.130
0.130
0.131
0.130
0.131
0.131
0.130
0.130
0.130
0.130
0.130
0.130
0.130
0.130
0.130
0.130
0.130
0.130
0.130
0.131
0.130
0.130
0.131
0.130
0.130
0.130
0.130
0.130
0.130
0.130
0.130
0.130
0.131
0.130
0.130
0.131
0.130
0.131
0.130
0.130
0.131
0.131
0.130
0.130
0.130
0.130
0.130
0.131
0.130
0.130
0.131
0.130
0.130
0.131
0.131
0.131
0.130
0.130
0.130
0.130
0.130
0.130
0.131
0.130
0.130
0.131
0.130
0.130
0.131
0.131
0.130
0.131
0.130
0.131
0.000
0.000
0.000
0.000
0.000
0.000
0.000
0.000
0.000
0.000
0.000
0.000
0.000
0.000
0.000
0.000
0.000
0.000
0.000
0.000
0.000
0.000
0.000
0.000
0.000
0.000
0.000
-1.438
-1.438
-1.366
0.131
0.131
0.131
0.130
0.130
0.131
0.131
0.130
0.131
0.000
0.000
0.000
0.000
0.000
0.000
0.000
0.000
0.000
