5.6888
5.8886
5.6088
5.5156
5.8886
5.6088
5.6888
5.5156
5.8886
5.5156
-25.2598
5.6088
5.5156
-6.3549
-7.1543
-7.3275
-7.0077
-7.2076
5.6888
-6.0485
5.6088
5.8886
-5.6355
5.5156
-6.8212
5.5156
-6.8212
-6.9544
5.5156
-6.3549
-6.195
-7.141
-20.6235
-6.0485
-6.8212
-6.9944
-5.6355
-5.6355
-6.8212
-6.9944
-7.141
-34.599
-32.8137
5.1825
0.0
0.0
0.0
0.0
0.0
0.0
0.0
0.0
0.0
0.0
0.0
0.0
0.0
0.0
0.0
0.0
0.0
0.0
0.0
4.8228
4.8894
-7.3541
4.8228
-9.7122
-6.9944
4.7429
4.8228
4.8228
-9.6056
-9.992
-29.9361
5.5156
5.5156
-6.5281
-5.6355
5.5156
5.5156
-7.1543
-35.8646
5.5156
-6.3149
-7.1543
-7.1543
5.6088
-7.3275
-20.85
-7.0077
5.5156
-6.3549
-18.8116
-7.1543
-6.7413
-6.9944
5.5156
-5.6355
-20.024
-31.215
-7.1543
-7.2076
-7.1543
-6.1284
-9.5124
4.8495
5.1825
-7.0344
-9.7122
-11.3243
-29.5763
4.8495
-9.5124
4.8495
-9.5124
-24.4471
2.9043
2.9043
-18.5985
5.5156
5.5156
-20.9432
-6.3549
-7.141
-30.0027
4.7429
-7.2342
4.7429
5.0626
4.7429
4.7429
5.0626
-9.992
4.7429
-7.3541
4.8228
4.8228
4.7429
-6.9944
-9.6056
5.6088
5.6088
5.5156
5.5156
-5.7954
5.6088
5.8886
5.6088
5.6088
5.5156
-6.5281
5.6088
5.5156
-20.9432
5.6088
-6.728
-23.3147
5.5156
-5.6355
-6.3549
-5.6355
-6.7413
-6.3549
-20.7168
5.6888
5.8886
-35.6115
5.8886
-6.3549
5.5156
5.5156
5.5156
5.5156
5.5156
-6.0485
5.6088
5.5156
-6.3149
5.5156
-6.8212
5.6088
5.6888
5.6888
-34.1593
5.5156
-5.6355
-5.7954
5.6088
5.5156
-5.6355
5.6088
-6.1284
-5.6355
5.5156
5.6088
5.6088
5.5156
5.5156
5.5156
-5.9819
5.5156
-6.0485
5.6088
5.6088
5.6888
5.6088
5.6888
-7.0077
5.5156
0.6262
0.6262
0.6128
4.996
4.996
-9.5124
-6.3149
-7.1543
-20.6235
-20.6235
5.5156
-27.2715
-7.0077
-7.3275
-20.7168
-6.235
-7.3674
-6.4082
6.2617
6.4881
6.1684
6.4881
6.1684
6.1684
6.2617
6.2617
6.1684
6.1684
-4.4764
6.1684
-6.2483
6.0751
-4.8495
6.1684
-6.4082
-4.1567
6.0751
6.4881
-4.7562
6.0751
6.4881
6.0751
6.4881
-4.9161
-5.6088
6.1684
6.4881
-4.4764
6.4881
6.4881
6.1684
6.1684
6.1684
-4.6096
6.2617
6.1684
6.0751
6.1684
6.0751
-42.8457
6.4881
6.0751
6.1684
-5.6088
6.4881
-4.8095
7.514
7.141
7.141
-4.0634
7.514
-3.4506
-4.1966
-13.7623
-4.0634
-4.0634
-3.4905
-3.2774
0.0
0.0
0.0
-16.5068
-4.623
-14.7748
-4.0634
-15.7341
7.2475
7.141
-4.4631
-27.2315
-3.2774
-27.2182
-4.4631
7.2475
7.021
-50.0
-40.3944
-28.3507
-29.976
-16.7066
-14.2553
-4.3432
-4.4631
-4.4631
-4.2233
-3.2507
-3.1442
7.2475
7.141
7.2475
-2.891
-4.3432
-4.2233
-4.4631
-15.6941
-2.8511
-26.8585
-3.384
-15.3344
-3.2507
-4.2233
-4.4631
-2.891
-16.4668
7.021
-3.1442
7.141
7.141
-13.2561
-43.8449
-44.7109
-15.5742
-14.2819
7.2475
7.2475
-3.2507
-14.122
-41.7666
-13.5092
-3.6904
-29.9893
-28.777
-2.9576
-26.6986
-32.4274
-28.7237
-26.2457
-15.6941
-3.8636
-16.64
-4.4631
-28.4306
-29.9494
6.1684
6.1684
-4.21
-18.332
-5.0093
-6.1018
-4.3432
-16.2004
-4.2233
-4.3432
-4.2233
-3.5971
-5.2358
-5.1159
-15.8806
-15.9472
7.514
-4.0634
-37.2502
-8.2734
-8.5532
5.7288
5.5556
-19.9707
7.021
7.021
-14.5217
-3.2507
-4.0634
-4.2233
-32.0943
7.021
-28.0842
-26.4055
-32.2942
-13.8822
7.141
-4.2233
7.2475
7.141
7.2475
-16.6134
-15.1479
-34.2926
7.021
-2.891
-36.5707
-26.2057
7.2475
-3.4772
-13.4825
-29.6296
-3.3173
-3.9302
-19.1713
2.9976
3.1974
-4.3432
-4.3432
-4.4631
-27.0184
-12.4833
-16.4135
-4.2233
7.021
7.2475
7.2475
7.021
-5.1559
-3.3173
-12.8697
7.141
-3.6904
-3.9302
-18.3986
-3.384
-4.4631
-3.1442
-3.1442
-4.4631
-29.7762
-3.2774
-4.3432
-2.9576
-3.4106
-3.8636
-16.5734
-4.2233
-3.9302
-16.3602
7.2475
-4.3432
7.514
-3.6904
-12.4833
-27.6978
-15.4143
7.021
-30.882
-15.6675
-26.9917
-15.1479
-33.2667
-5.1559
7.514
-34.8255
-49.4005
-14.8548
-43.0322
-12.4434
-3.5305
-3.2507
-3.1442
7.141
7.141
7.2475
-3.9302
-4.4631
-32.4274
-4.3432
-4.4631
-4.4631
7.2475
7.2475
7.021
-24.7802
-32.7072
-15.8673
-15.4143
7.141
7.2475
-4.2233
7.2475
-4.3432
7.021
7.2475
7.021
-3.5438
7.141
-2.891
-3.757
7.021
-3.717
-26.299
-3.6104
7.021
-3.5039
-19.9041
7.2475
-3.2774
7.141
-3.2241
7.2475
-3.8236
-19.3712
-3.9302
6.2617
6.1684
-4.4098
7.021
-3.757
-3.3973
7.2475
7.141
-3.5305
-3.344
7.021
7.021
-3.9302
7.021
-3.9302
-3.3573
-5.4357
-3.5305
-5.1559
7.021
-3.717
-3.2774
-3.2774
-29.9227
-3.3573
-3.5971
-3.4106
-3.384
-3.4905
-17.5326
7.2475
7.021
-15.2411
7.2475
7.141
-3.1708
7.021
-3.5438
7.021
7.514
7.021
-3.4905
-3.2774
-31.3749
-14.202
7.141
7.2475
-14.7349
7.2475
7.2475
7.2475
7.141
7.514
-3.2907
7.141
-3.9968
-3.5971
7.141
7.141
7.2475
7.141
7.2475
-3.8236
7.2475
7.021
-3.9302
7.021
-3.5438
-3.4106
-3.5438
-14.575
7.2475
-3.2241
7.021
7.2475
-13.6424
7.514
7.514
7.141
7.2475
-15.6408
7.2475
7.2475
7.2475
7.141
7.2475
7.514
7.141
7.141
7.514
7.514
7.514
7.141
-16.8665
7.021
-13.8023
7.2475
7.021
-3.2774
7.141
7.514
7.141
7.2475
7.021
7.021
7.021
7.514
-3.3573
7.141
7.514
7.514
7.141
7.141
7.2475
7.2475
7.514
-13.709
7.2475
7.514
-3.2774
7.141
7.514
-2.8777
7.141
7.141
-3.3573
7.141
7.514
7.021
7.514
7.514
7.2475
7.021
7.514
7.2475
7.141
7.021
7.021
7.2475
7.514
-2.8511
7.141
7.141
7.021
-3.344
7.514
7.021
-4.623
7.514
-2.891
7.141
7.141
-3.1708
7.141
-3.304
-13.8023
7.2475
7.514
7.021
7.2475
7.514
7.021
-14.122
7.514
-12.4167
7.141
7.514
7.141
7.141
7.514
-12.2702
7.2475
7.514
7.141
-4.0101
7.141
7.2475
7.2475
7.2475
7.2475
7.2475
7.514
7.141
7.514
7.021
-16.5068
7.141
7.141
7.2475
7.2475
7.141
-3.6904
-2.891
-14.8415
7.021
5.4756
5.1292
-6.9544
3.8636
3.8636
3.8636
