-33.4468
-33.3389
-33.4801
-33.4635
-33.3389
-33.4801
-33.4468
-33.4635
-33.3389
-33.4635
-48.804
-33.4801
-33.4635
-38.8621
-38.912
-36.0797
-38.9452
-36.0631
-33.4468
-37.0266
-33.4801
-33.3389
-36.6777
-33.4635
-36.0216
-33.4635
-39.0698
-35.7226
-33.4635
-38.8621
-37.093
-39.0947
-40.0
-37.0266
-39.0698
-39.1196
-36.6777
-36.6777
-36.0216
-39.1196
-39.0947
-45.6312
-24.8588
-25.3821
-24.7425
-10.5814
-10.5814
-10.5814
-10.5814
-10.5731
-10.5814
-10.7973
-10.5814
-10.5731
-10.7807
-10.5814
-10.5814
-10.5814
-10.5731
-10.5814
-10.5731
-10.5814
-10.5814
-25.4236
-25.4402
-24.4601
-25.4236
-24.402
-24.4186
-25.4236
-25.4236
-25.4236
-24.4103
-32.799
-32.3007
-33.4635
-33.4635
-36.8771
-36.6777
-33.4635
-33.4635
-38.912
-50.0
-33.4635
-38.6379
-38.912
-38.912
-33.4801
-36.0797
-39.3937
-38.9452
-33.4635
-38.8621
-39.9086
-38.912
-35.6229
-39.1196
-33.4635
-36.6777
-44.9003
-36.2957
-38.912
-36.0631
-38.912
-33.7458
-24.7425
-25.3405
-25.3821
-29.1944
-33.0565
-27.8322
-32.8073
-25.3405
-24.7425
-25.3405
-24.7425
-32.8239
-49.1777
-49.1777
-48.9784
-33.4635
-33.4635
-40.0498
-38.8621
-39.0947
-44.3854
-25.4236
-29.1445
-25.4236
-25.5233
-25.4236
-25.4236
-25.5233
-32.799
-25.4236
-24.4601
-25.4236
-25.4236
-25.4236
-24.4186
-24.4103
-33.4801
-33.4801
-33.4635
-33.4635
-36.5532
-33.4801
-33.3389
-33.4801
-33.4801
-33.4635
-36.8771
-33.4801
-33.4635
-40.0498
-33.4801
-35.9884
-42.0266
-33.4635
-36.6777
-38.8621
-36.6777
-35.6229
-38.8621
-40.0083
-33.4468
-33.3389
-39.7342
-33.3389
-38.8621
-33.4635
-33.4635
-33.4635
-33.4635
-33.4635
-37.0266
-33.4801
-33.4635
-38.6379
-33.4635
-38.887
-33.4801
-33.4468
-33.4468
-49.8754
-33.4635
-36.6777
-36.5532
-33.4801
-33.4635
-36.6777
-33.4801
-33.7458
-36.6777
-33.4635
-33.4801
-33.4801
-33.4635
-33.4635
-33.4635
-34.4684
-33.4635
-37.0266
-33.4801
-33.4801
-33.4468
-33.4801
-33.4468
-38.9452
-33.4635
-12.1262
-12.1262
-12.1262
-25.3488
-25.3488
-24.7425
-38.6379
-38.912
-40.0
-40.0
-33.4635
-39.2442
-38.9452
-36.0797
-40.0083
-36.9352
-36.0963
-37.01
-8.5299
-8.5216
-8.5299
-8.5216
-8.5299
-8.5299
-8.5299
-8.5299
-8.5299
-8.5299
-8.588
-8.5299
-8.5963
-8.5299
-8.5963
-8.5299
-8.5963
-8.5299
-8.5299
-8.5216
-8.5714
-8.5299
-8.5216
-8.5299
-8.5216
-8.7292
-8.7458
-8.5299
-8.5216
-8.588
-8.5216
-8.5216
-8.5299
-8.5299
-8.5299
-8.5714
-8.5299
-8.5299
-8.5299
-8.5299
-8.5299
-8.5797
-8.5216
-8.5299
-8.5299
-8.7458
-8.5216
-8.5382
1.5698
1.5698
1.5698
1.5615
1.5698
1.5698
1.5615
1.5615
1.5615
1.5615
1.5615
1.5615
-12.0432
-12.0432
-12.0432
1.5615
1.5615
1.5615
1.5615
1.5615
1.5698
1.5698
1.5615
1.5615
1.5615
1.5615
1.5615
1.5698
1.5698
1.5532
1.5532
1.5615
1.5532
1.5615
1.5615
1.5615
1.5615
1.5615
1.5615
1.5615
1.5615
1.5698
1.5698
1.5698
1.5615
1.5615
1.5615
1.5615
1.5532
1.5698
1.5532
1.5615
1.5615
1.5615
1.5615
1.5615
1.5615
1.5615
1.5698
1.5615
1.5698
1.5698
1.5615
1.5532
1.5615
1.5615
1.5615
1.5698
1.5698
1.5615
1.5615
1.5532
1.5615
1.5698
1.5615
1.5615
1.5698
1.5615
1.5532
1.5615
1.5615
1.5532
1.5698
1.5532
1.5615
1.5532
1.5532
-8.5299
-8.5299
-8.6794
-9.5432
-8.8123
-8.696
1.5615
1.5532
1.5615
1.5615
1.5615
1.5615
-9.103
-9.0947
-10.2658
1.5532
1.5698
1.5615
-9.1944
-8.5797
-8.5797
-8.5382
-8.5382
-8.5631
1.5698
1.5698
1.5615
1.5615
1.5615
1.5615
1.5615
1.5698
1.5532
1.5615
1.5532
1.5615
1.5698
1.5615
1.5698
1.5698
1.5698
1.5532
1.5615
1.5532
1.5698
1.5615
1.5532
1.5615
1.5698
1.5615
1.5615
1.5532
1.5615
1.5615
-27.7575
-24.1944
-24.0449
1.5615
1.5615
1.5615
1.5615
1.5615
1.5532
1.5615
1.5698
1.5698
1.5698
1.5698
1.5698
1.5615
1.5698
1.5698
1.5698
1.5615
1.5698
1.5615
1.5615
1.5615
1.5615
1.5615
1.5532
1.5615
1.5615
1.5698
1.5698
1.5698
1.5532
1.5615
1.5615
1.5615
1.5698
1.5615
1.5698
1.5698
1.5615
1.5532
1.5615
1.5698
1.5532
1.5615
1.5615
1.5615
1.5532
1.5698
1.5698
1.5532
1.5532
1.5532
1.5532
1.5615
1.5698
1.5615
1.5615
1.5698
1.5698
1.5698
1.5615
1.5615
1.5532
1.5615
1.5615
1.5615
1.5698
1.5698
1.5698
1.5615
1.5532
1.5615
1.5615
1.5698
1.5698
1.5615
1.5698
1.5615
1.5698
1.5698
1.5698
1.5698
1.5698
1.5698
1.5615
1.5698
1.5615
1.5615
1.5615
1.5698
1.5698
1.5615
1.5698
1.5698
1.5698
1.5698
1.5698
1.5698
1.5615
1.5615
-8.5299
-8.5299
-8.8123
1.5698
1.5615
1.5698
1.5698
1.5698
1.5698
1.5698
1.5698
1.5698
1.5615
1.5698
1.5615
1.5698
1.5698
1.5698
1.5698
1.5698
1.5615
1.5698
1.5615
1.5615
1.5698
1.5615
1.5698
1.5615
1.5615
1.5615
1.5698
1.5698
1.5615
1.5698
1.5698
1.5698
1.5698
1.5698
1.5698
1.5698
1.5698
1.5615
1.5615
1.5615
1.5615
1.5698
1.5698
1.5615
1.5698
1.5698
1.5698
1.5698
1.5698
1.5698
1.5698
1.5698
1.5615
1.5698
1.5698
1.5698
1.5698
1.5698
1.5698
1.5698
1.5698
1.5615
1.5698
1.5698
1.5698
1.5698
1.5615
1.5698
1.5698
1.5698
1.5698
1.5615
1.5698
1.5698
1.5698
1.5698
1.5615
1.5698
1.5698
1.5698
1.5698
1.5698
1.5698
1.5698
1.5698
1.5698
1.5698
1.5698
1.5698
1.5698
1.5698
1.5698
1.5698
1.5698
1.5615
1.5698
1.5698
1.5698
1.5698
1.5698
1.5698
1.5698
1.5698
1.5698
1.5698
1.5698
1.5698
1.5698
1.5698
1.5698
1.5698
1.5698
1.5615
1.5698
1.5698
1.5698
1.5698
1.5698
1.5698
1.5698
1.5698
1.5698
1.5698
1.5698
1.5698
1.5698
1.5698
1.5698
1.5698
1.5698
1.5698
1.5698
1.5698
1.5698
1.5698
1.5698
1.5698
1.5698
1.5698
1.5698
1.5615
1.5698
1.5698
1.5615
1.5698
1.5615
1.5698
1.5698
1.5698
1.5698
1.5698
1.5698
1.5698
1.5698
1.5698
1.5698
1.5698
1.5698
1.5615
1.5698
1.5615
1.5698
1.5698
1.5698
1.5698
1.5698
1.5615
1.5698
1.5698
1.5698
1.5615
1.5698
1.5698
1.5698
1.5698
1.5698
1.5698
1.5698
1.5698
1.5698
1.5698
1.5615
1.5698
1.5698
1.5698
1.5698
1.5698
1.5698
1.5698
1.5615
1.5698
-20.0249
-20.0415
-20.2824
-48.5714
-48.5714
-48.5714
