-8.2833
-8.2833
-8.2833
-20.3545
-20.1258
-20.3045
-20.1687
-20.3045
-20.2687
-20.3545
-20.3473
-18.9966
-29.4383
-34.6198
-34.4411
-34.3553
-28.9737
-33.8836
-34.048
-33.2047
-34.3553
-3.0946
-4.7241
-3.6306
-3.1018
-6.6609
-4.4097
-7.926
-4.7241
-9.0838
-4.1309
-3.5806
-4.8671
-4.6598
-4.0952
-5.1815
-6.5466
-4.1238
-4.5455
-4.4383
-3.6306
-8.5835
-5.5246
-4.3882
-4.0881
-4.5026
-4.5097
-4.1166
-8.5692
-5.3531
-4.7527
-4.2739
-5.5246
-3.1089
-15.9091
-15.8948
-15.6875
-15.273
-12.8002
-15.2444
-8.2833
-8.2833
-8.2833
-8.2833
-8.2833
-8.2833
-20.3045
-19.8971
-20.1687
-4.0309
-9.7127
-8.5549
-4.1166
-3.5878
-4.2882
-8.2833
-8.2833
-8.2833
-3.4305
-3.9094
-4.1524
-8.5477
-5.5961
-5.739
-5.5532
-4.7813
-3.1732
-4.3382
-4.7384
-5.1815
-14.544
-14.6012
-15.9806
-3.0517
-4.1238
-4.8456
-4.524
-3.0589
-4.0166
-4.3382
-4.7241
-8.9623
-4.1452
-3.0589
-3.6164
-4.8385
-4.7241
-3.4448
-4.4383
-4.4597
-4.8885
-4.524
-3.1232
-4.7527
-4.1953
-4.7384
-3.4734
-5.7247
-4.6741
-4.331
-3.0517
-4.0523
-5.689
-5.739
-4.1238
-4.9385
-4.8742
-4.8242
-4.1381
-3.5949
-3.5878
-5.4031
-5.7747
-4.181
-5.4102
-4.7384
-3.5949
-3.8022
-3.0946
-5.0314
-5.0314
-5.0314
-3.9308
-4.2453
-3.1875
-5.0172
-4.3239
-4.6384
-5.0314
-4.3382
-3.5592
-5.0172
-10.0915
-5.0314
-5.0314
-4.6955
-4.2453
-4.3168
-4.4597
-4.7241
-5.1315
-4.6241
-5.0172
-5.0172
-5.1958
1.2007
1.2007
1.2007
1.2007
1.2007
1.2007
-3.7807
-10.163
-6.0749
-4.9528
-4.8885
-6.8611
-4.3168
-4.7742
-4.3239
-4.474
-5.8319
-3.2376
-4.0094
-4.717
-5.01
-10.0915
-5.0172
-4.7742
-4.8313
-4.717
-4.5455
-4.2953
-4.4168
-6.7682
-3.1947
-0.0429
-5.496
-9.1481
-3.7379
-5.0457
-10.1701
-5.0172
-3.9308
-4.0094
-7.3613
-3.5091
-4.3168
-4.1238
-4.0094
-10.1415
-4.9099
-3.7593
-4.2453
-3.5377
-3.9737
-4.2095
-4.717
-3.6664
-5.0314
-3.1947
-3.9737
-4.3239
-3.7664
-5.8176
-15.5017
-15.1658
-15.1587
1.2007
1.2007
1.2007
-11.7996
-9.3411
-9.3411
-3.9308
-4.717
-10.5989
-5.8319
-3.9308
-5.2387
-27.5229
-27.1941
-27.5014
-27.5229
-27.4871
-27.1941
-27.5229
-25.6575
-25.7504
-27.1941
-27.4871
-27.5014
-26.2364
-27.4943
-32.0612
-27.4085
-28.6306
-31.2679
-27.53
-27.5157
-27.4728
-26.2364
-25.6575
-27.53
-27.53
-25.6575
-27.4514
-27.53
-27.5229
-27.4585
-27.4085
-27.1941
-26.2364
-27.4728
-25.6575
-29.8099
-26.2364
-27.1941
-27.4943
-27.5229
-27.5229
-26.2364
-8.7407
-4.2095
-5.7247
-6.6181
-9.7341
-5.4388
-4.524
-3.7521
-11.0277
-5.9177
-7.1255
-4.4597
-4.4311
-5.0815
-4.5955
-4.9886
-5.0314
-4.8313
-3.9308
-4.3168
-5.8605
-4.3239
-3.5735
-4.5312
-5.3959
-6.7824
-6.7682
-3.4091
-5.0172
-4.3239
-3.3019
-5.0172
-5.0529
-5.982
-3.9308
-4.3168
-3.1589
-3.9308
-5.0815
-4.5312
-4.6384
-5.0529
-4.5312
-4.4025
-3.7807
-5.6175
-4.9099
-4.0094
-4.7313
-4.2453
-5.1101
-4.3168
-3.9737
-6.4037
-5.0314
-3.745
-7.8045
-5.0314
-3.5735
-5.1101
-4.6384
-5.8391
-3.7021
-5.1958
-4.2453
-4.96
-5.0314
-3.6807
-5.3816
-4.3168
-3.2161
-5.2244
-4.2095
-3.5735
-4.524
-4.1595
-4.6384
-12.2999
-5.0314
-3.2161
-3.745
-4.2095
-4.717
-4.717
-4.6455
-4.2453
-4.3239
-3.7379
-5.0386
-4.3239
-3.9737
-3.9308
-5.1387
-4.3168
-3.4663
-4.3239
-4.3168
-3.9737
-3.1947
-4.2095
-5.6961
-4.231
-5.0172
-5.0314
-5.0314
-4.5312
-5.1101
-4.9314
-3.2161
-5.0314
-4.3382
-5.8605
-4.6527
-5.1244
-3.9308
-4.2453
-5.0314
-4.717
-4.1095
-5.0314
-4.2453
-4.331
-4.3739
-4.3239
-5.0314
-6.6824
-4.3168
-10.163
-4.5312
-4.4454
-5.0314
-4.4311
-15.6304
-15.6304
-15.6304
-3.9737
-4.717
-4.7027
-4.2453
-5.0314
-3.5735
-3.9308
-4.717
-4.3239
-5.1958
-5.982
-5.546
-4.2095
-5.0314
-12.1855
-5.0457
-5.0457
-5.0672
-6.6324
-5.0314
-5.0457
-5.0457
-5.0457
-5.0457
-5.0457
-5.0314
-5.0457
-5.0457
-6.4108
-11.8353
-21.448
-21.448
-21.4623
-21.3836
-21.448
-21.4623
-21.448
-21.448
-21.448
-21.448
-21.4623
-21.448
-5.0457
-4.7456
-5.0029
2.1298
2.1369
2.1083
2.1369
2.1369
2.1369
2.1155
2.1298
2.1155
2.1369
2.1369
2.1298
2.1369
2.1369
2.1155
2.1369
2.1298
2.1369
2.1155
2.1155
2.1155
2.1155
2.1226
2.1083
2.1226
2.1369
2.1298
-8.2476
-8.2476
-8.2476
2.1298
2.1298
2.1155
2.1298
2.1155
2.1298
2.1369
2.1155
2.1298
2.1369
2.1298
2.1298
2.1369
2.1083
2.1083
2.1369
2.1369
2.1155
2.1155
2.1083
2.1298
2.1369
2.1369
2.1226
2.1083
2.1155
2.1083
2.1298
2.1369
2.1298
2.1369
2.1369
2.1083
2.1369
2.1298
2.1083
2.1369
2.1369
2.1298
2.1369
2.1369
2.1298
2.1369
2.1369
2.1369
2.1298
2.1298
2.1298
2.1369
2.1369
2.1298
2.1369
2.1369
2.1298
2.1369
2.1369
2.1298
2.1083
2.1083
2.1298
2.1369
2.1369
2.1155
2.1369
2.1369
2.1369
2.1369
2.1369
2.1083
2.1155
2.1226
2.1298
2.1369
2.1369
2.1369
2.1083
2.1369
2.1298
-4.7313
-4.8528
-4.7241
-4.7527
-5.0743
-4.8814
-4.8528
-3.9737
-4.9886
-5.4746
-4.6098
-4.717
-4.7241
-4.0023
-4.6241
-15.0443
-15.1444
-14.8228
-15.1229
-15.1229
-15.0229
-14.7942
-14.9585
-15.1229
-15.0229
-15.0229
-15.2659
-15.4946
-16.1878
-15.0229
1.3079
1.3079
1.3079
2.1298
2.1369
2.1369
2.1369
2.1155
2.1298
2.1369
2.1298
2.1369
2.1369
2.1155
2.1369
2.1155
2.1369
2.1298
2.1155
2.1298
2.1298
2.1298
2.1298
2.1369
2.1369
2.1083
2.1083
2.1155
2.1155
2.1155
2.1369
2.1369
2.1298
2.1226
2.1298
2.1155
2.1369
2.1369
2.1298
2.1298
2.1155
2.1298
-3.7664
-4.7813
-4.4454
-4.7313
-4.717
-5.1601
-4.7241
-4.7241
-4.7241
-4.7241
-4.7313
-4.181
-4.5312
-4.3596
-4.2381
-4.4311
-4.717
-4.7384
-5.2959
-4.7599
-5.2959
2.1083
2.1369
2.1155
2.1298
2.1369
2.1083
2.1083
2.1369
2.1298
2.1083
2.1155
2.1083
2.1155
2.1369
2.1369
2.1298
2.1298
2.1155
2.1298
2.1298
2.1298
2.1369
2.1155
2.1226
2.1369
2.1369
2.1369
2.1155
2.1226
2.1298
2.1369
2.1369
2.1298
2.1298
2.1298
2.1155
2.1369
2.1369
2.1226
-15.0443
-14.6941
-14.6941
-15.2873
-15.0229
-15.0229
2.1369
2.1298
2.1083
2.1083
2.1298
2.1155
2.1226
2.1298
2.1298
2.1083
2.1298
2.1155
2.1298
2.1298
2.1298
2.1369
2.1298
2.1298
2.1155
2.1083
2.1298
2.1298
2.1083
2.1298
2.1083
2.1298
2.1226
-4.7527
-4.7456
-4.5455
-4.1953
-7.7401
-3.938
2.1083
2.1369
2.1083
-14.2367
-13.5292
-11.6852
2.1298
2.1155
2.1298
2.1369
2.1369
2.1155
2.1155
2.1369
2.1369
2.1298
2.1083
2.1083
2.1298
2.1083
2.1083
-15.0658
-15.0443
-14.8442
2.1083
2.1083
2.1226
2.1083
2.1298
2.1226
-26.6581
-27.1584
-25.2859
2.1298
2.1155
2.1083
2.1298
2.1298
2.1083
-5.5103
-5.3602
-4.7885
2.1226
2.1083
2.1298
2.1369
2.1083
2.1083
2.1083
2.1298
2.1155
2.1369
2.1083
2.1083
2.1298
2.1369
2.1083
2.1155
2.1083
2.1083
2.1298
2.1298
2.1298
2.1298
2.1369
2.1083
2.1226
2.1083
2.1083
2.1083
2.1369
2.1298
2.1369
2.1298
2.1369
2.1298
2.1083
2.1083
2.1083
2.1298
2.1226
2.1226
2.1298
2.1298
2.1155
2.1298
2.1298
2.1083
2.1226
2.1226
2.1298
2.1369
2.1083
2.1155
2.1369
2.1298
2.1155
2.1298
2.1298
2.1298
2.1298
2.1083
2.1298
2.1155
2.1083
2.1298
2.1298
2.1083
2.1083
2.1298
2.1083
2.1083
2.1083
2.1298
1.3079
1.3079
1.3079
1.3079
1.3079
1.3079
1.3079
1.3079
1.3079
2.1298
2.1369
2.1298
-14.6083
-14.6083
-14.6083
-4.7813
-6.1678
-4.7456
-5.932
-4.9743
-4.8456
-5.303
-5.3245
-5.303
-5.2959
-4.2953
-3.9022
-4.2739
-3.0946
-4.767
-4.7384
-3.9237
-4.5955
-4.2739
-4.7527
-4.474
-14.8299
-12.7573
-12.693
-11.1564
-12.9002
-14.8299
-5.3959
-4.8599
-4.8885
-4.7384
-3.6021
-4.767
-46.1049
-46.8053
-50.0
-4.767
-4.0309
-4.7456
-4.7456
-4.3453
-5.2887
-3.6021
-5.2673
-4.8814
-3.0803
-3.8522
-3.9237
-4.574
-3.9594
-4.7384
-5.1458
-4.2739
-3.1018
-3.2018
-3.1018
-3.9594
-4.7384
-4.2739
-3.1518
-3.5234
-4.2739
-4.4954
-3.1161
-4.9814
-4.7384
-4.7384
-4.7527
-3.3233
-26.0792
-25.2144
-28.3376
-33.9194
-28.3948
-23.5492
-28.0446
-29.0952
-28.2519
-28.3233
-28.3233
-35.2916
-26.0792
-30.7033
-27.6515
-23.6278
-23.5563
-29.2167
-39.251
-35.1701
-42.703
