fixedStep chrom=ENSGT00390000002240 start=1 step=1
0.044
0.058
0.055
0.044
0.044
0.052
0.044
0.044
0.044
0.057
0.057
0.061
0.044
0.057
0.057
0.052
0.061
0.044
0.061
0.061
0.061
0.061
0.061
0.060
0.055
0.061
0.061
0.061
0.060
-2.013
0.061
0.061
0.057
0.046
0.061
0.061
0.061
0.061
0.061
0.044
0.061
0.061
0.057
0.061
0.061
0.061
0.061
0.061
0.061
0.061
0.061
0.061
0.057
0.061
0.061
0.061
0.057
0.061
0.061
0.061
0.061
0.061
0.061
0.061
0.061
0.046
0.059
0.061
0.055
0.061
0.061
0.060
0.056
0.061
0.061
0.061
0.061
0.061
0.061
0.061
0.057
0.061
0.061
0.061
0.061
0.061
0.059
-1.863
0.048
0.061
0.061
0.061
0.061
0.061
0.061
0.055
0.061
0.060
0.052
0.061
0.061
0.058
0.059
0.061
0.060
0.061
0.061
0.059
0.061
0.061
0.061
0.061
0.061
0.059
0.060
0.061
0.055
0.061
0.061
-1.846
0.061
0.052
0.061
0.061
0.061
0.061
0.061
0.061
0.061
0.061
0.061
0.061
0.061
0.061
0.044
0.061
0.061
0.061
0.061
0.061
0.061
-2.541
0.061
0.061
0.061
0.061
0.058
0.061
0.061
0.061
0.061
0.061
0.061
0.061
0.061
0.061
0.061
0.061
0.061
0.055
0.061
0.044
0.061
0.061
0.058
0.061
0.061
0.061
0.061
0.061
0.061
0.061
0.057
0.059
0.061
0.061
0.061
0.061
0.061
0.061
0.061
0.061
0.059
0.061
0.061
0.061
0.061
0.058
-1.846
0.061
0.061
0.061
0.061
0.061
0.061
0.061
0.061
0.061
0.061
0.061
0.060
0.061
0.058
0.059
0.061
0.061
0.061
0.061
0.061
0.061
0.061
0.061
0.061
0.059
0.061
0.059
0.061
0.061
0.061
0.060
0.061
0.061
0.061
0.061
0.059
0.061
0.061
0.055
0.061
0.061
0.059
0.061
0.061
0.061
0.061
0.061
0.061
0.061
0.061
0.061
0.060
0.056
0.055
0.061
0.061
0.061
0.061
0.061
0.061
0.061
0.061
0.058
0.061
0.061
0.061
0.061
0.061
0.061
0.061
0.061
0.061
0.061
0.061
0.061
0.061
0.061
0.061
0.046
0.061
0.061
0.061
0.061
0.061
0.046
0.059
0.059
0.057
0.061
0.055
0.061
0.061
0.061
0.060
0.061
0.060
0.061
0.061
0.061
0.061
0.061
0.061
0.061
0.061
0.057
0.061
0.046
0.058
0.057
0.057
0.061
0.061
0.061
0.060
0.061
0.061
0.061
0.061
0.060
0.061
0.061
0.061
0.061
0.061
0.061
0.061
0.061
0.061
0.061
0.061
0.061
0.061
0.061
0.061
0.061
0.061
0.061
0.061
0.061
0.061
0.061
0.061
0.061
0.058
0.055
0.061
0.061
0.059
0.061
0.061
0.061
0.061
0.061
0.061
0.061
0.059
0.059
0.061
0.060
0.061
0.061
0.061
0.061
0.061
0.061
0.060
0.046
0.060
0.061
0.055
0.061
0.061
0.044
-2.019
0.059
0.060
0.061
0.058
0.061
0.061
0.061
0.061
0.061
0.061
0.056
0.061
0.056
0.061
0.061
0.061
0.061
0.061
0.061
0.061
0.058
0.056
0.061
0.061
0.061
0.061
0.061
0.061
0.061
0.060
0.061
0.052
0.061
0.061
0.061
0.061
0.061
0.061
0.061
0.061
0.061
0.061
0.061
0.061
0.061
0.059
0.060
0.058
0.061
0.061
0.059
0.058
0.061
0.061
0.057
0.061
0.046
0.061
0.061
0.059
0.061
0.057
0.061
0.061
0.061
0.061
0.058
0.060
0.059
0.061
0.061
0.061
0.061
0.061
0.061
0.061
0.061
0.061
0.061
0.061
0.046
0.061
0.061
0.057
0.052
0.061
0.061
0.061
0.061
0.057
0.061
0.061
0.057
0.044
0.061
0.057
0.061
0.061
-2.008
0.061
0.060
-3.821
-0.275
-0.275
-0.275
0.061
0.061
0.061
0.061
0.061
0.061
0.061
0.061
0.055
0.061
0.044
0.057
0.061
0.061
0.061
0.061
0.058
0.059
0.061
0.061
0.058
0.061
0.061
0.061
0.057
0.061
0.061
0.061
0.061
0.061
0.061
0.061
0.061
0.061
0.044
0.061
0.061
0.061
0.061
0.061
0.061
0.060
0.061
0.061
0.061
0.061
0.061
0.061
0.061
0.061
0.061
0.061
0.061
0.061
0.061
0.061
0.061
0.061
0.061
0.061
0.061
0.061
0.061
0.061
0.061
-2.012
0.061
0.061
0.061
0.061
0.061
0.057
0.061
0.061
0.061
0.061
0.061
0.061
0.057
0.061
0.059
0.061
0.061
0.061
0.061
0.061
0.061
0.061
0.061
0.061
0.061
0.061
0.061
0.061
0.061
0.061
0.061
0.061
0.061
0.061
0.061
0.056
0.061
0.057
0.061
0.057
0.061
0.061
0.061
0.061
0.061
0.061
0.061
0.061
0.061
0.061
0.061
0.061
0.061
0.061
0.061
0.061
0.060
0.061
0.061
0.052
0.061
0.061
0.061
0.061
0.061
0.045
0.061
0.061
0.061
0.061
0.061
0.061
0.061
0.061
0.059
0.061
0.061
0.061
0.061
0.061
0.061
0.061
0.059
0.055
0.061
0.061
0.061
0.061
0.061
0.061
0.061
0.061
0.061
0.061
0.061
0.061
0.060
0.061
0.044
0.061
0.061
0.061
0.061
0.057
0.059
0.061
0.060
0.061
0.061
0.061
0.061
0.058
0.061
0.061
0.060
0.061
0.061
0.061
0.044
0.057
0.061
0.061
0.046
0.061
0.061
0.061
0.061
0.061
0.061
0.061
0.061
0.061
0.061
0.061
0.061
0.060
0.061
0.058
0.061
0.061
0.061
0.061
0.061
0.061
0.061
0.061
0.061
0.061
0.061
0.061
0.061
0.061
0.061
0.061
0.061
0.061
0.046
0.055
0.060
0.058
0.061
0.061
0.061
0.061
0.060
0.051
0.061
0.061
0.061
0.061
0.061
0.061
0.061
0.061
0.061
0.057
0.061
0.061
0.061
0.061
0.061
0.061
0.061
0.061
0.061
0.061
0.061
0.057
0.061
0.059
0.044
0.057
0.061
0.061
0.061
0.061
0.061
0.061
0.061
0.059
0.061
0.061
0.061
0.057
0.061
0.061
0.061
0.046
0.061
0.061
0.061
0.061
0.061
0.061
0.061
0.061
0.061
0.061
0.061
0.061
0.061
0.061
0.061
0.061
0.061
0.051
0.061
0.061
0.061
0.061
0.060
0.061
0.061
0.061
0.061
0.061
0.061
0.061
0.061
0.061
0.061
0.059
0.061
0.061
0.061
0.061
0.061
0.061
0.061
0.061
0.061
0.061
0.061
0.061
0.061
0.061
0.058
0.058
0.061
0.044
0.061
0.061
0.061
0.059
0.061
0.061
0.061
0.061
0.061
0.061
0.061
0.061
0.061
0.061
0.061
0.061
