fixedStep chrom=ENSGT00690000102346 start=1 step=1
0.000
0.000
0.000
0.000
0.000
0.000
0.000
0.000
0.000
0.000
0.000
0.000
0.000
0.000
0.000
0.000
0.000
0.000
0.000
0.000
0.000
0.000
0.000
0.000
0.000
0.000
0.000
0.000
0.000
0.000
0.000
0.000
0.000
0.000
0.000
0.000
0.000
0.000
0.000
0.000
0.000
0.000
0.000
0.000
0.000
0.000
0.000
0.000
0.000
0.000
0.000
0.000
0.000
0.000
0.000
0.000
0.000
0.000
0.000
0.000
0.000
0.000
0.000
0.000
0.000
0.000
0.000
0.000
0.000
0.000
0.000
0.000
0.000
0.000
0.000
0.000
0.000
0.000
0.000
0.000
0.000
0.000
0.000
0.000
0.000
0.000
0.000
0.000
0.000
0.000
0.000
0.000
0.000
0.000
0.000
0.000
0.000
0.000
0.000
0.000
0.000
0.000
0.000
0.000
0.000
0.000
0.000
0.000
0.000
0.000
0.000
0.000
0.000
0.000
0.000
0.000
0.000
0.000
0.000
0.000
0.000
0.000
0.000
0.000
0.000
0.000
0.000
0.000
0.000
0.000
0.000
0.000
0.000
0.000
0.000
0.000
0.000
0.000
0.000
0.000
0.000
0.000
0.000
0.000
0.000
0.000
0.000
0.000
0.000
0.000
0.000
0.000
0.000
0.000
0.000
0.000
0.000
0.000
0.000
0.000
0.000
0.000
0.000
0.000
0.000
0.000
0.000
0.000
0.000
0.000
0.000
0.000
0.000
0.000
0.000
0.000
0.000
0.000
0.000
0.000
0.000
0.000
0.000
0.000
0.000
0.000
0.000
0.000
0.000
0.000
0.000
0.000
0.000
0.000
0.000
0.000
0.000
0.000
0.000
0.000
0.000
0.000
0.000
0.000
0.000
0.000
0.000
0.000
0.000
0.000
0.000
0.000
0.000
0.000
0.000
0.000
0.000
0.000
0.000
0.000
0.000
0.000
0.000
0.000
0.000
-0.093
-0.094
-0.094
-0.094
-0.094
-0.105
-0.138
-0.093
-0.094
-0.093
-0.093
-0.105
-0.094
-0.094
-0.105
-0.094
-0.093
-0.105
0.147
0.148
0.147
-0.279
-0.279
0.134
0.141
0.135
-1.579
0.135
-0.280
-0.710
0.147
0.147
0.147
-0.279
0.148
-1.053
0.147
0.147
-0.623
0.147
0.147
0.142
0.142
0.142
0.141
0.142
0.148
0.126
0.147
0.147
-0.280
0.142
0.148
-1.353
0.125
0.147
-0.266
0.135
-0.280
0.147
0.130
0.148
-1.649
0.147
0.141
0.133
-0.602
0.135
0.147
0.118
0.147
0.116
0.147
-0.279
-0.280
0.148
0.147
0.147
0.141
0.147
0.135
0.135
0.148
0.135
0.147
0.147
0.145
0.147
0.147
0.140
0.147
0.142
0.140
0.148
0.147
0.148
0.147
0.147
0.147
0.147
0.147
0.142
-0.279
-1.353
-0.447
0.147
0.141
-0.621
0.112
-0.279
-0.592
0.147
0.147
-0.282
0.147
0.148
0.117
0.148
0.147
0.139
0.147
0.147
-0.279
0.147
0.147
0.130
0.147
0.148
0.147
0.141
0.147
0.147
0.148
0.147
0.147
0.142
0.148
0.117
-0.657
0.147
0.142
-0.279
0.147
0.133
-0.280
0.147
0.147
0.142
0.148
-0.280
-1.857
-1.264
0.142
0.147
0.142
-0.649
-0.908
0.135
-0.282
-1.580
-1.580
0.000
0.000
0.000
0.000
0.000
0.000
0.000
0.000
0.000
0.000
0.000
0.000
0.000
0.000
0.000
0.000
0.000
0.000
0.000
