fixedStep chrom=ENSGT00410000029325 start=1 step=1
0.096
0.096
0.095
0.096
0.091
0.096
0.096
0.096
0.096
0.095
0.096
0.096
0.096
0.096
0.095
0.096
0.095
0.095
0.096
0.095
0.096
0.090
0.096
0.095
0.096
0.096
0.087
0.095
0.096
0.087
0.096
0.096
0.096
0.092
0.096
0.096
0.087
0.093
0.096
0.096
0.091
-1.249
0.096
0.096
0.095
0.074
-0.659
-0.640
0.096
0.095
0.090
-1.249
0.096
0.096
0.091
0.080
0.096
0.074
0.090
0.095
0.096
0.096
0.095
0.092
0.087
-2.591
0.091
0.074
0.096
0.096
0.095
0.095
0.091
0.096
0.096
0.096
0.096
0.087
0.096
0.074
0.096
0.096
0.091
0.087
0.000
0.000
0.000
0.000
0.000
0.000
0.000
0.000
0.000
0.000
0.000
0.000
0.096
0.089
0.087
0.096
0.096
0.095
0.091
0.096
0.095
0.092
0.096
0.096
0.096
0.079
0.095
0.095
0.096
0.095
0.093
0.096
0.096
-2.720
-2.686
-2.289
-1.073
-0.965
-0.965
0.093
0.091
0.076
0.096
0.092
0.093
0.091
0.096
0.096
0.096
0.079
0.096
0.096
0.096
0.096
0.074
0.096
0.092
0.096
0.096
0.096
0.096
0.090
0.095
0.091
0.096
0.096
0.096
0.096
0.096
0.074
0.095
0.074
0.096
0.096
0.096
0.096
0.095
0.096
-0.681
-0.680
-0.680
0.095
0.096
0.096
0.095
0.096
0.096
0.095
0.096
0.095
0.090
0.096
0.096
0.087
0.096
0.087
0.095
0.096
0.091
0.096
0.096
-0.659
0.096
0.091
-0.664
-0.680
-1.282
-1.280
-2.010
-0.680
-0.769
-1.405
-0.679
-0.680
-0.680
-0.679
-0.680
-0.659
0.087
0.096
0.090
-0.661
-0.661
-1.315
-0.965
-1.316
0.081
0.096
0.096
0.095
0.096
0.096
0.096
0.090
0.096
0.096
0.096
0.096
-0.664
0.096
0.090
0.096
0.096
0.096
0.096
0.091
0.096
0.079
0.091
0.093
0.087
0.096
0.095
0.095
0.096
0.079
0.096
0.095
0.096
-0.640
0.096
0.096
0.096
0.096
0.095
0.090
0.095
0.087
-0.661
0.079
0.092
0.096
0.096
0.095
0.095
0.096
-1.384
0.095
0.096
0.092
0.095
0.090
0.092
0.096
-1.260
0.096
0.079
0.095
0.087
0.095
0.096
0.095
0.096
0.096
0.093
-1.354
0.096
0.096
0.074
0.090
0.087
0.095
0.096
0.096
-0.020
-0.020
-0.020
0.096
0.095
0.087
0.096
0.096
0.095
0.096
0.096
0.096
0.096
0.092
0.095
0.096
0.096
0.074
0.081
0.092
0.096
0.095
0.096
-1.877
0.096
0.096
0.096
0.091
0.095
0.090
0.095
0.096
-1.089
0.079
0.096
0.096
0.096
0.096
0.095
0.093
0.081
0.090
-2.379
-1.051
-1.221
-2.375
-1.052
-1.052
-0.661
0.096
0.096
0.096
0.096
-0.640
0.087
0.074
0.096
0.096
0.096
0.081
-1.052
-1.051
-1.713
-1.052
-1.046
-1.234
-1.553
-1.553
-1.553
-1.046
-1.051
-1.051
-1.046
-1.046
-1.052
0.092
0.096
0.096
0.096
0.096
0.096
0.096
0.096
0.096
0.096
0.096
-0.659
0.087
0.096
0.096
0.096
0.095
0.096
0.096
0.091
0.075
0.092
-1.358
0.087
-1.383
-0.965
-1.010
0.096
0.096
0.096
0.096
0.096
0.081
0.092
0.095
0.096
0.096
0.095
0.096
0.095
0.096
0.096
0.096
0.074
0.096
0.096
0.074
0.095
0.096
0.090
0.074
0.093
0.096
0.096
0.096
0.096
0.096
0.096
0.095
0.095
0.096
0.087
0.096
0.096
0.095
0.095
0.096
0.096
0.095
-1.051
-1.051
-1.052
0.096
0.096
0.095
0.090
0.087
0.096
0.096
0.093
0.096
0.096
0.074
0.096
0.096
0.095
0.092
0.096
-0.659
0.092
0.091
0.095
0.096
-1.051
-1.051
-1.051
-1.051
-1.051
-1.714
-1.051
-1.051
-1.191
-1.052
-1.051
-1.046
0.092
0.096
-0.664
0.087
0.096
0.096
-0.965
-0.965
-1.314
0.095
0.091
0.096
0.095
0.096
0.096
0.095
0.096
0.096
0.095
0.096
0.095
0.095
0.096
0.091
0.096
0.096
0.095
0.096
0.095
0.092
0.096
0.096
0.096
0.095
0.095
0.087
0.087
0.079
0.086
0.000
0.000
0.000
0.000
0.000
0.000
0.000
0.000
0.000
-0.664
0.087
0.087
0.096
0.087
0.087
-1.389
-1.389
-0.659
-0.020
-0.020
-0.020
0.090
0.087
-0.664
-0.640
-1.370
-1.359
0.074
0.087
0.096
-0.661
-0.640
-0.661
0.087
-1.388
-0.661
-0.659
-0.659
0.083
-1.249
0.092
-2.117
0.087
0.087
0.087
-0.659
0.087
-1.065
0.079
0.087
0.074
-1.334
0.096
0.093
-1.712
0.074
-0.659
-0.679
-1.345
-0.681
-0.680
-0.679
-0.680
-3.103
-1.804
-1.809
-0.661
0.086
0.096
0.084
0.087
0.096
0.087
0.091
-0.640
-0.664
0.096
0.095
0.096
0.096
0.096
0.096
0.095
0.096
0.096
0.096
0.096
0.096
0.096
0.096
0.093
0.096
0.096
0.087
0.096
0.096
0.096
0.096
0.096
0.090
0.096
0.096
0.096
0.095
0.096
0.096
0.096
0.091
0.092
0.092
0.096
0.096
0.091
0.091
0.096
0.096
0.096
