fixedStep chrom=ENSGT00390000006696 start=1 step=1
-2.672
-2.087
-2.676
-2.096
-1.653
-2.678
-2.096
-2.678
-2.678
-1.652
-2.678
-2.678
-2.672
-2.087
-2.678
-2.672
-2.672
-2.676
-2.672
-2.672
-2.676
-2.678
-2.678
-1.654
0.060
0.060
0.060
0.060
0.060
0.060
0.060
0.060
0.060
0.060
0.060
0.060
0.060
0.060
0.058
0.060
0.060
0.054
0.060
0.060
0.060
0.060
0.060
0.060
0.060
0.060
0.058
0.060
0.060
0.060
0.060
0.060
0.060
0.060
0.060
0.060
0.060
0.060
0.060
0.060
0.060
0.060
0.060
0.060
0.060
0.060
0.060
0.060
0.060
0.060
0.060
0.060
0.060
0.060
0.060
0.060
0.060
0.060
0.060
0.060
0.060
0.060
0.060
0.060
0.060
0.053
0.060
0.060
0.060
0.060
0.060
0.060
0.060
0.060
0.060
0.060
0.060
0.060
0.060
0.060
0.060
0.060
0.060
0.059
0.060
0.060
0.060
0.060
0.060
0.059
0.060
0.060
0.060
0.060
0.060
0.060
0.060
0.060
0.060
0.060
0.060
-1.032
0.060
0.060
0.060
0.060
0.060
0.060
0.060
0.060
0.060
0.060
0.060
0.054
0.060
0.060
0.056
0.060
0.060
0.060
0.060
0.060
0.058
0.058
0.060
0.060
0.060
0.060
0.060
0.060
0.060
0.060
0.060
0.060
0.060
0.060
0.060
0.054
0.060
0.060
0.059
0.060
0.060
0.060
0.060
0.060
0.060
0.060
0.060
0.060
0.060
0.060
0.060
0.060
0.060
0.060
0.060
0.060
0.054
0.060
0.060
-1.770
0.060
0.060
0.060
0.060
0.060
0.053
0.060
0.060
0.060
0.060
0.060
0.060
0.060
0.060
0.060
0.060
0.060
0.060
0.060
0.060
0.059
0.060
0.060
0.058
0.060
0.060
0.060
0.060
0.060
0.049
0.060
0.060
0.060
0.060
0.060
0.059
0.060
0.060
0.060
0.060
0.060
0.060
0.060
0.060
0.060
0.060
0.060
0.060
0.060
0.060
0.060
0.060
0.060
0.060
0.060
0.060
0.060
0.060
0.060
0.060
0.060
0.060
0.060
0.060
0.060
0.060
0.060
0.060
0.060
0.060
0.060
0.060
0.060
0.060
0.060
0.060
0.060
0.060
0.060
0.060
0.060
0.060
0.060
0.054
0.060
0.060
0.060
0.060
0.060
0.060
0.060
0.060
0.060
0.060
0.060
0.060
0.060
0.060
0.060
0.060
0.060
0.060
0.060
0.060
0.060
0.060
0.060
0.060
0.060
0.060
0.058
0.060
0.060
0.060
0.060
0.060
0.060
0.060
0.060
0.060
0.060
0.060
0.060
0.060
0.060
0.060
0.060
0.060
0.060
0.060
0.060
0.060
0.060
0.060
0.057
0.060
0.060
0.060
0.060
0.060
0.060
0.060
0.059
0.060
0.060
0.060
0.060
0.060
0.060
0.059
0.060
0.060
0.060
0.060
0.060
0.060
0.060
0.060
0.060
0.060
0.060
0.060
0.060
0.060
0.060
0.060
0.060
0.060
0.060
0.060
0.058
0.060
0.060
0.060
0.060
0.060
0.060
0.060
0.060
0.060
0.060
0.060
0.059
0.060
0.060
0.060
0.060
0.060
0.060
0.060
0.060
0.054
0.060
0.060
0.060
0.060
0.060
0.060
0.060
0.060
0.060
0.060
0.060
0.060
0.060
0.060
0.059
0.060
0.060
0.060
0.060
0.060
0.060
0.060
0.060
0.059
0.000
0.000
0.000
0.000
0.000
0.000
