fixedStep chrom=ENSGT00560000078644 start=1 step=1
0.046
0.046
0.046
0.046
0.046
0.046
0.046
0.046
0.046
0.046
0.046
0.046
0.046
0.046
0.046
0.046
0.046
0.046
0.046
0.046
0.046
0.043
0.046
0.046
0.046
0.046
0.046
0.046
0.046
0.046
0.046
0.046
0.046
0.046
0.046
0.046
0.046
0.046
0.046
0.046
-1.381
0.046
0.046
0.046
0.046
-1.376
0.046
0.040
0.046
0.046
0.046
0.046
0.046
0.046
0.046
0.046
0.046
0.046
0.046
0.046
0.046
0.046
0.040
-1.882
0.045
-1.376
0.046
0.046
0.046
0.046
0.046
0.046
0.046
0.046
0.046
0.046
0.046
0.046
0.046
0.046
0.040
0.045
0.046
0.046
0.046
0.046
0.046
0.046
0.040
0.046
0.040
0.040
0.046
0.046
0.046
0.046
0.046
0.046
0.046
-1.381
0.046
0.046
0.046
0.046
0.046
0.046
0.046
0.046
0.046
0.046
0.046
0.046
0.046
0.046
0.040
0.046
0.046
0.046
0.046
0.046
0.046
0.046
0.045
0.046
0.046
0.046
0.046
0.046
0.046
0.046
0.046
0.046
0.046
0.046
0.046
0.046
0.046
0.046
0.046
0.040
0.046
0.046
0.046
0.046
0.046
0.046
0.046
0.046
0.046
0.046
0.046
0.046
0.046
0.046
0.046
0.046
0.046
0.046
0.046
0.046
0.046
0.046
0.046
0.046
0.046
0.046
0.046
0.046
0.046
0.046
0.046
0.046
0.046
0.046
0.046
0.040
0.046
0.046
0.046
0.046
0.046
0.040
0.046
0.046
0.045
0.046
0.046
0.046
0.046
0.046
0.046
-1.376
0.046
0.046
0.046
0.045
0.046
0.046
0.046
0.046
0.046
0.046
0.046
0.040
0.046
0.040
0.046
0.046
0.046
0.046
0.046
0.046
0.046
0.046
0.046
0.046
0.046
0.046
0.046
0.046
0.046
0.046
0.046
0.046
0.046
0.046
0.046
0.046
0.046
0.046
0.040
-1.382
-1.357
-1.882
0.046
0.046
0.046
0.046
0.046
0.046
