fixedStep chrom=ENSGT00730000111397 start=1 step=1
0.077
0.077
0.077
0.077
0.077
0.074
0.077
0.066
0.076
0.074
0.073
0.077
0.061
0.067
0.077
0.077
0.074
0.074
0.077
0.073
0.077
0.077
0.077
0.075
0.077
0.077
0.075
0.076
0.077
0.077
0.077
0.077
0.077
0.077
0.074
0.064
-1.106
-0.986
-0.986
-0.166
-0.166
-0.166
0.072
0.074
0.077
0.072
0.061
0.077
0.077
0.077
0.077
0.077
0.077
0.077
0.077
0.077
0.077
0.074
0.077
-1.561
0.077
0.077
0.077
0.077
0.077
0.077
0.067
0.072
0.077
0.077
0.077
0.077
0.072
0.077
0.072
0.077
0.077
0.077
0.077
0.072
0.077
0.076
0.077
0.074
0.077
0.077
0.077
0.077
0.077
0.077
0.070
0.077
0.076
0.077
0.077
0.075
0.077
0.077
0.073
0.076
0.077
0.077
0.077
0.077
0.077
0.076
0.077
0.076
0.077
0.077
0.077
0.077
0.077
0.077
0.077
0.077
0.077
0.077
0.077
0.072
0.077
0.077
0.066
0.077
0.077
0.077
0.077
0.077
0.077
0.077
0.077
0.077
0.073
0.077
0.061
0.077
0.077
0.066
0.077
0.077
0.077
0.077
0.077
0.075
-1.543
0.077
0.054
0.077
0.077
0.073
0.077
0.077
0.072
0.073
0.077
0.072
0.077
0.077
0.077
0.077
0.077
0.076
0.077
0.077
0.077
0.072
0.073
0.066
0.077
0.077
0.072
0.077
0.077
0.054
0.074
0.077
0.073
0.077
0.077
0.074
0.077
0.061
0.061
0.071
0.077
0.077
0.077
0.072
0.075
0.077
0.077
0.077
0.077
0.077
0.077
0.077
0.077
0.077
0.077
0.077
0.077
0.077
0.077
0.077
0.077
0.077
0.072
0.077
0.077
0.077
0.074
0.072
0.077
0.074
-1.569
0.077
-1.536
0.077
0.077
0.061
0.077
0.071
0.071
0.073
0.077
0.074
0.077
0.072
0.077
0.077
0.077
0.074
0.076
0.077
0.077
0.064
0.059
0.064
0.064
0.064
0.064
0.064
0.064
0.064
0.064
0.064
0.064
0.064
0.064
0.064
0.064
0.061
0.064
0.064
0.061
0.064
0.064
0.061
0.064
0.064
0.059
0.064
0.064
0.064
0.064
0.064
0.064
0.064
0.064
0.063
0.064
0.064
0.061
0.050
0.064
0.064
0.050
0.061
0.059
0.057
0.064
0.064
0.064
0.064
0.047
0.064
0.064
0.059
0.064
0.064
0.064
0.064
0.062
0.064
0.064
0.064
0.063
0.059
0.064
0.064
0.064
0.064
0.064
0.064
0.064
0.064
0.064
0.063
0.064
0.064
0.064
0.064
0.064
0.064
0.058
0.064
0.064
0.064
0.064
0.062
0.064
0.064
0.064
0.064
0.064
0.053
0.064
0.064
0.064
0.061
0.064
0.064
0.061
0.064
0.064
0.064
0.064
0.064
0.064
0.064
0.064
0.064
0.064
0.064
0.064
0.064
0.064
0.057
0.064
0.064
0.064
-1.024
0.064
0.064
0.064
0.064
0.064
0.064
0.064
0.064
0.064
0.064
0.064
0.064
0.064
0.064
0.064
0.064
0.063
0.064
0.064
0.059
0.064
0.064
0.064
0.064
0.064
0.064
0.064
0.064
0.064
0.064
0.064
0.064
0.064
0.064
0.064
0.064
0.064
0.064
0.064
0.064
0.064
0.064
0.064
0.064
0.064
0.064
0.064
0.059
0.064
0.064
0.064
0.064
0.064
0.064
0.064
0.064
0.064
0.064
0.064
0.064
0.064
0.061
0.064
0.064
0.064
0.064
0.064
0.064
0.064
0.061
0.064
0.064
0.064
0.064
0.064
0.064
0.064
0.064
0.064
0.064
0.064
0.064
0.064
0.064
0.064
0.060
0.064
0.064
0.064
0.064
0.064
0.061
0.064
0.064
0.064
0.064
0.064
0.064
0.064
0.064
0.064
0.062
0.064
0.064
0.064
0.064
0.064
0.062
0.064
0.060
0.059
0.064
0.064
0.064
0.064
0.064
0.064
0.064
0.064
0.064
0.064
0.059
0.064
0.064
0.064
0.064
0.064
0.059
0.064
0.059
0.059
0.061
0.064
0.064
0.064
0.064
0.064
0.064
0.064
0.064
0.061
0.064
0.064
0.064
0.064
0.059
0.060
0.064
0.064
0.064
0.064
-1.684
0.064
0.064
0.077
0.077
0.077
0.077
0.074
0.072
0.077
0.077
0.077
0.072
0.077
0.077
0.077
0.077
0.077
0.077
0.073
0.055
0.074
0.077
0.077
0.077
0.061
0.077
0.054
0.077
0.077
0.077
0.077
0.072
0.053
0.077
0.077
0.077
0.072
0.077
0.054
0.077
0.077
0.072
0.077
0.077
0.077
0.077
0.077
0.077
0.077
0.077
0.077
0.077
0.077
0.077
0.077
0.077
0.077
0.077
0.074
0.054
0.077
0.075
0.072
0.077
0.077
0.074
0.054
0.072
0.077
0.077
0.077
0.073
0.074
0.077
0.070
-1.022
-0.984
-0.986
-0.986
-0.984
-0.986
-0.986
-0.986
-0.986
-1.187
-0.986
-0.986
0.077
0.077
-1.561
0.077
0.077
0.073
0.077
0.077
0.073
0.077
0.077
-1.433
0.000
0.000
0.000
0.000
0.000
0.000
0.000
0.000
0.000
0.000
0.000
0.000
0.077
0.067
0.077
0.077
0.053
0.054
0.077
0.077
0.077
0.077
0.077
0.076
0.077
0.077
-1.581
0.074
0.077
0.077
0.077
0.077
0.077
0.077
0.077
0.077
0.077
0.077
0.077
0.077
0.077
0.077
0.077
0.077
0.077
0.071
0.072
0.077
0.074
0.077
0.077
0.077
0.077
0.077
0.061
0.077
0.074
0.077
0.077
0.077
0.076
0.061
0.077
0.077
0.077
0.072
0.077
0.074
0.077
0.077
0.077
0.072
0.072
0.077
0.077
0.077
0.077
0.072
0.077
0.074
0.074
0.077
0.077
0.077
0.077
0.074
0.077
0.077
0.077
0.077
0.077
0.077
0.066
0.077
0.077
0.077
0.054
0.077
0.077
0.072
0.070
0.074
0.067
0.077
0.077
0.077
0.077
0.072
0.077
0.077
0.077
0.077
0.077
0.076
0.074
0.070
0.074
0.077
0.077
0.077
0.077
0.077
0.077
0.077
0.077
0.077
0.077
0.061
0.077
0.077
0.077
0.077
0.077
0.077
0.072
-1.585
0.054
0.076
0.077
0.077
0.077
0.077
0.077
0.073
0.074
0.061
0.077
0.077
0.077
0.073
0.077
0.077
0.077
0.077
0.077
0.077
0.073
0.054
0.072
0.077
0.077
0.077
0.067
0.077
0.077
-0.984
-0.984
-1.786
0.000
0.000
0.000
0.000
0.000
0.000
0.000
0.000
0.000
0.000
0.000
0.000
0.000
0.000
0.000
0.000
0.000
0.000
0.000
0.000
0.000
