fixedStep chrom=ENSGT00510000047764 start=1 step=1
0.066
0.066
0.066
0.066
0.066
0.063
0.066
0.066
0.065
0.066
0.066
0.066
0.066
0.066
0.066
0.066
0.066
-1.732
0.066
0.066
0.056
0.066
0.066
0.066
0.066
0.066
0.066
0.066
0.066
0.066
0.066
0.066
0.066
0.066
0.066
0.066
0.066
0.066
0.066
0.066
0.066
0.059
0.066
0.066
0.065
0.066
0.066
0.065
0.066
0.066
0.066
0.066
0.066
0.066
0.066
0.066
0.064
0.066
0.066
0.060
0.066
0.066
0.066
0.066
0.066
0.066
0.064
0.066
0.066
0.066
0.066
0.066
0.066
0.066
0.066
0.066
0.066
0.066
0.061
0.066
0.066
0.066
0.066
0.064
0.066
0.066
0.066
0.066
0.066
0.058
0.066
0.066
0.066
0.066
0.066
0.066
0.066
0.066
0.066
0.066
0.066
0.066
0.066
0.066
0.066
0.066
0.066
0.066
0.066
0.066
0.066
0.066
0.066
0.066
0.066
0.066
0.066
0.066
0.066
0.066
0.066
0.066
0.064
0.066
0.066
0.066
0.066
0.066
0.064
0.066
0.066
0.066
0.066
0.066
0.066
0.066
0.066
0.066
0.066
0.066
0.066
0.066
0.066
0.066
0.066
0.066
0.066
0.066
0.066
-0.971
0.066
-0.956
0.058
0.066
0.066
-0.971
-0.971
0.066
0.058
-0.971
0.059
-0.963
0.059
0.066
0.066
-0.967
0.066
0.065
-0.956
0.066
-0.971
0.066
-0.970
-0.956
0.066
0.066
0.059
-0.956
0.059
-0.956
-0.970
0.059
0.066
0.059
0.066
0.059
-0.971
-0.956
0.066
0.066
0.066
0.066
0.059
0.066
-1.740
0.066
0.066
-0.970
0.059
0.066
-0.971
0.066
0.059
0.057
0.059
0.059
-0.956
-0.971
0.066
-1.697
0.066
0.066
0.066
-0.956
0.059
0.066
-0.956
-0.956
0.059
0.059
0.066
-0.956
-0.963
0.059
0.059
-0.963
0.066
-1.020
0.059
-0.956
0.066
0.059
0.066
-1.624
-0.967
0.066
0.059
0.059
0.066
-0.963
-0.971
0.059
-0.963
0.066
-0.963
0.066
-0.956
-0.971
0.066
0.066
-0.971
-0.963
0.066
0.059
0.064
0.059
0.066
0.059
0.066
-0.967
0.066
0.059
-0.971
0.066
-0.963
0.066
0.059
0.059
0.066
-0.971
0.066
0.059
-0.971
-0.970
0.066
0.064
0.059
0.066
0.066
-0.971
0.059
0.063
0.059
0.059
0.066
0.065
0.065
0.065
0.065
0.065
0.063
0.065
0.065
0.065
0.065
0.065
0.065
0.065
0.065
0.063
0.065
0.065
0.065
0.065
0.065
0.065
0.065
0.065
0.065
0.065
0.065
0.065
0.065
0.065
0.057
0.065
0.065
0.065
0.065
0.065
0.065
0.065
0.065
0.063
0.065
0.065
0.065
0.065
0.065
0.065
0.065
0.065
0.062
0.065
0.065
0.065
0.065
0.065
0.065
0.065
0.065
0.065
0.065
0.065
0.065
0.065
0.065
0.063
0.065
0.065
0.061
0.065
0.065
0.065
0.065
0.065
0.059
0.065
0.065
0.065
0.066
0.066
0.066
0.066
0.066
0.066
0.066
0.066
0.066
0.066
0.066
0.058
0.066
0.066
0.066
0.066
0.066
0.064
0.066
0.066
0.065
0.066
0.066
0.066
0.066
0.066
0.066
0.066
0.066
0.066
0.066
0.066
0.066
0.066
0.066
0.066
0.066
0.066
0.066
0.066
0.066
0.065
0.066
0.066
0.066
0.066
0.066
0.066
0.066
0.066
0.066
0.066
0.066
0.066
0.066
0.066
0.063
0.066
0.066
0.066
0.066
0.066
0.066
0.066
0.066
0.064
0.066
0.066
0.065
0.066
0.066
0.065
0.066
0.066
0.066
0.066
0.066
0.066
0.066
0.066
0.066
0.066
0.066
0.065
0.066
0.066
0.065
0.066
0.066
0.066
0.066
0.066
0.066
0.066
0.066
0.066
0.066
0.066
0.066
0.066
0.066
0.065
0.056
0.066
0.066
0.066
0.066
0.065
0.066
0.066
0.066
0.066
0.066
0.065
0.066
0.066
0.066
0.066
0.066
0.066
0.066
0.066
0.066
0.066
0.066
0.060
0.066
0.066
0.066
0.066
0.066
0.066
0.066
0.066
0.066
0.066
0.066
0.066
0.066
0.066
0.064
0.066
0.066
0.066
0.066
0.066
0.065
0.066
0.066
0.066
0.066
0.066
0.066
0.066
0.066
0.066
0.066
0.066
0.066
0.066
0.066
0.066
0.066
0.066
0.066
0.066
0.066
0.066
0.066
0.066
0.064
0.066
0.066
0.065
0.066
0.066
0.066
0.066
0.066
0.066
0.066
0.066
0.066
0.066
0.066
0.066
0.066
0.066
0.065
0.063
0.066
0.065
0.066
0.066
0.066
0.066
0.066
0.066
0.066
0.066
0.066
0.066
0.066
0.066
0.066
0.066
0.066
0.066
0.066
0.066
0.066
0.065
0.066
0.066
0.066
0.059
0.066
0.066
0.066
0.066
0.066
0.064
0.066
0.066
0.064
0.066
0.066
0.066
0.066
0.066
0.065
0.066
0.066
0.059
0.066
0.066
0.065
0.066
0.066
0.066
0.066
0.066
0.066
0.066
0.066
0.066
0.066
0.066
0.066
0.066
0.066
0.066
0.066
0.066
0.066
0.066
0.066
0.066
0.066
0.066
0.066
0.066
0.066
0.066
0.066
0.066
0.066
0.066
0.066
0.066
0.066
0.066
0.066
0.066
0.066
0.059
0.066
0.066
0.066
0.066
0.066
0.065
0.066
0.066
0.066
0.066
0.066
0.066
0.066
0.066
0.066
0.066
0.066
0.066
0.066
0.066
0.064
0.066
0.066
0.064
0.066
0.066
0.066
0.066
0.066
0.066
0.066
0.066
0.065
0.066
0.066
0.057
0.066
0.066
0.066
0.066
0.066
0.065
0.066
0.066
0.064
0.066
0.066
0.066
0.066
0.066
0.066
0.066
0.066
0.066
0.066
0.066
0.065
0.066
0.066
0.066
0.066
0.066
0.066
0.066
0.066
0.064
0.066
0.066
0.059
0.066
0.066
0.066
0.066
0.066
0.066
0.066
0.066
0.066
0.066
0.066
0.066
0.066
0.066
0.066
0.066
0.066
0.055
0.066
0.066
0.064
0.066
0.066
0.056
0.066
0.066
0.059
0.066
0.066
0.066
0.066
0.066
0.066
0.066
0.066
0.066
0.066
0.066
0.066
0.066
0.066
0.065
0.066
0.066
0.066
0.066
0.066
0.066
0.066
0.066
0.066
0.066
0.066
0.066
0.066
0.066
0.066
0.066
0.066
0.059
0.066
-1.107
0.065
0.066
0.066
0.065
0.066
0.066
0.066
0.066
0.063
0.066
0.066
0.066
0.066
0.066
0.066
0.066
0.066
0.066
0.065
0.065
0.066
0.066
0.066
0.066
0.064
0.066
0.066
0.066
0.066
0.066
-0.970
0.066
0.054
0.066
0.066
0.066
0.066
0.066
0.066
0.066
0.066
0.066
0.066
0.066
0.066
0.066
0.066
0.066
0.065
0.066
0.066
0.066
0.066
0.063
0.065
0.066
0.066
0.059
0.066
0.066
0.066
0.066
0.066
0.066
0.066
0.066
0.066
0.066
0.066
0.066
0.066
0.066
0.065
0.066
0.066
0.066
0.066
0.066
0.066
0.065
0.066
0.066
0.066
0.066
0.053
0.066
0.066
0.065
0.066
0.066
0.064
0.066
0.066
0.066
0.066
0.066
0.066
0.066
0.066
0.064
0.066
0.066
0.061
0.066
0.066
0.066
0.066
0.066
0.066
0.066
0.066
0.066
0.066
0.066
0.066
0.066
0.066
0.066
0.066
0.066
0.064
0.066
0.066
0.059
0.066
0.066
0.066
0.066
0.065
0.066
0.066
0.066
0.066
0.066
0.066
0.065
0.066
0.066
0.066
0.066
0.066
0.066
0.066
0.066
0.066
0.066
0.066
0.066
