fixedStep chrom=ENSGT00500000044870 start=1 step=1
0.000
0.000
0.000
0.000
0.000
0.000
0.000
0.000
0.000
0.000
0.000
0.000
0.000
0.000
0.000
0.000
0.000
0.000
0.000
0.000
0.000
0.000
0.000
0.000
0.000
0.000
0.000
0.000
0.000
0.000
0.000
0.000
0.000
0.000
0.000
0.000
0.000
0.000
0.000
0.000
0.000
0.000
0.000
0.000
0.000
0.000
0.000
0.000
0.000
0.000
0.000
0.000
0.000
0.000
0.000
0.000
0.000
0.000
0.000
0.000
0.000
0.000
0.000
0.000
0.000
0.000
0.000
0.000
0.000
0.000
0.000
0.000
0.000
0.000
0.000
0.000
0.000
0.000
0.000
0.000
0.000
0.000
0.000
0.000
0.000
0.000
0.000
0.000
0.000
0.000
0.000
0.000
0.000
0.000
0.000
0.000
0.000
0.000
0.000
0.000
0.000
0.000
0.000
0.000
0.000
0.000
0.000
0.000
0.000
0.000
0.000
0.000
0.000
0.000
0.000
0.000
0.000
0.000
0.000
0.000
0.000
0.000
0.000
0.000
0.000
0.000
0.000
0.000
0.000
0.000
0.000
0.000
0.000
0.000
0.000
0.000
0.000
0.000
0.000
0.000
0.000
0.000
0.000
0.000
0.000
0.000
0.000
0.000
0.000
0.000
0.000
0.000
0.000
0.000
0.000
0.000
0.000
0.000
0.000
0.000
0.000
0.000
0.000
0.000
0.000
0.000
0.000
0.000
0.000
0.000
0.000
0.000
0.000
0.000
0.000
0.000
0.000
0.000
0.000
0.000
0.000
0.000
0.000
0.000
0.000
0.000
0.000
0.000
0.000
0.000
0.000
0.000
0.000
0.000
0.000
0.000
0.000
0.000
0.000
0.000
0.000
0.000
0.000
0.000
0.000
0.000
0.000
0.000
0.000
0.000
0.000
0.000
0.000
0.000
0.000
0.000
0.000
0.000
0.000
0.000
0.000
0.000
0.000
0.000
0.000
0.000
0.000
0.000
0.000
0.000
0.000
0.000
0.000
0.000
0.000
0.000
0.000
0.000
0.000
0.000
0.000
0.000
0.000
0.000
0.000
0.000
0.000
0.000
0.000
0.000
0.000
0.000
0.000
0.000
0.000
0.000
0.000
0.000
0.000
0.000
0.000
0.000
0.000
0.000
0.000
0.000
0.000
0.000
0.000
0.000
0.000
0.000
0.000
0.000
0.000
0.000
0.161
0.161
-0.295
-0.169
0.149
-0.169
0.161
0.161
0.157
0.149
-0.167
0.161
0.161
0.161
0.161
0.161
0.149
0.149
-0.169
0.161
0.161
0.161
0.161
0.164
0.162
0.162
0.150
0.161
0.161
0.160
0.150
0.162
0.150
0.164
-0.168
0.150
-0.169
-0.166
-0.168
0.160
0.162
0.162
0.162
0.161
-0.169
0.149
-0.838
-0.167
0.149
0.162
0.150
0.162
0.161
0.161
0.161
0.150
0.150
0.111
0.111
0.111
0.161
-0.168
0.154
0.161
-0.169
-0.167
-0.169
0.150
-0.168
-0.169
0.149
0.115
0.161
0.149
0.148
0.149
-0.166
0.150
-0.169
0.162
0.150
0.149
0.164
-0.168
0.162
0.162
-0.358
0.149
0.150
0.141
0.161
0.161
0.150
-0.169
0.161
-0.314
0.161
0.161
0.160
0.000
0.000
0.000
0.000
0.000
0.000
0.000
0.000
0.000
0.161
-0.169
-0.169
0.150
0.164
-1.571
-0.168
-0.169
0.158
-0.169
-0.166
0.162
0.162
0.162
0.164
-0.169
-0.168
-0.166
0.150
0.150
0.148
0.162
-0.169
0.149
0.160
0.162
-0.791
-0.264
0.162
0.145
-0.167
-0.168
0.149
0.162
0.161
0.160
0.162
0.161
0.148
-0.169
0.162
-0.368
0.161
0.161
0.160
0.164
0.164
-0.169
0.161
0.161
0.149
0.111
0.111
0.111
0.153
0.153
0.154
0.166
0.165
0.153
0.153
-1.135
-1.152
0.164
0.166
0.162
0.166
0.166
0.153
0.166
0.166
0.166
-0.136
-0.139
0.167
-0.139
0.154
-0.242
0.167
0.167
-1.709
-0.139
-0.136
0.123
-0.237
-0.137
-0.162
0.162
-0.139
-0.210
0.166
0.154
0.165
0.166
0.166
-0.169
0.154
0.149
0.165
0.110
0.111
0.110
0.154
0.154
0.154
0.111
0.111
0.111
-0.205
0.167
0.168
-0.139
-0.139
0.153
0.866
0.866
0.866
-0.702
-0.139
-0.677
0.166
0.167
-0.405
0.167
0.167
-0.516
-0.139
0.168
-0.145
0.167
0.166
0.165
0.167
0.166
0.167
0.168
0.167
0.166
0.168
0.168
0.167
0.167
0.168
-0.139
0.166
0.167
0.151
0.166
0.166
-0.232
0.166
0.168
-0.139
-0.137
0.167
-2.476
0.166
0.166
0.168
0.166
0.168
0.155
0.155
0.166
-0.137
0.166
0.166
0.163
0.166
0.168
0.166
0.166
0.166
0.166
0.154
0.166
0.154
0.166
0.166
0.138
0.167
0.168
0.159
0.167
0.168
0.152
0.166
0.154
0.155
0.167
0.168
-0.138
0.155
0.168
-0.139
0.166
0.166
0.168
0.166
0.166
0.168
0.168
0.168
0.162
0.167
0.166
0.165
0.168
0.167
0.149
0.166
0.166
-0.139
-0.139
0.154
0.154
0.167
0.168
-0.741
0.167
0.166
0.154
0.166
0.167
-0.202
0.168
0.168
0.162
0.166
0.166
0.154
0.166
0.166
-0.138
0.166
0.166
0.166
0.168
0.166
0.155
0.168
0.167
0.166
-0.136
0.168
0.167
0.166
0.166
0.154
0.167
0.166
0.166
-0.306
0.168
0.166
0.166
0.166
0.154
0.167
0.166
0.155
0.166
0.168
0.164
0.167
0.166
0.157
0.166
0.154
0.154
0.166
0.168
0.166
0.167
0.166
0.165
0.166
0.166
0.166
0.166
0.166
0.154
0.155
0.168
0.158
0.166
0.167
0.153
0.167
0.166
-0.237
0.155
0.168
0.162
-0.139
0.166
0.155
0.168
0.168
-0.139
0.154
0.154
-0.139
0.167
0.168
-0.218
0.000
0.000
0.000
0.000
0.000
0.000
0.000
0.000
0.000
0.000
0.000
0.000
0.000
0.000
0.000
0.000
0.000
0.000
0.000
0.000
0.000
0.000
0.000
0.000
0.000
0.000
0.000
0.000
0.000
0.000
0.000
0.000
0.000
0.000
0.000
0.000
0.000
0.000
0.000
-0.138
0.166
0.168
0.166
0.166
0.161
0.166
-0.136
-0.139
-0.137
0.155
-0.136
0.166
0.166
0.166
0.166
0.154
0.153
0.167
0.168
-0.167
0.167
0.167
-3.167
0.166
0.166
0.166
0.166
0.166
-0.138
-0.139
0.166
0.164
0.166
0.154
0.154
0.166
0.166
0.154
0.165
0.167
0.160
0.154
0.154
-0.139
0.154
-0.139
0.168
0.166
0.166
0.167
0.152
-0.139
0.147
0.166
0.166
0.154
0.166
0.168
0.165
0.166
0.166
0.155
-0.704
0.154
0.164
0.167
0.168
-0.685
0.167
0.168
-2.269
-0.137
-0.139
0.153
0.154
0.166
0.168
0.136
0.155
0.150
0.162
0.165
0.162
0.159
0.155
-2.460
0.150
0.168
-7.402
0.151
0.154
0.165
-2.335
-0.588
0.161
0.168
0.167
0.128
0.159
0.164
0.129
0.159
0.166
0.120
0.135
0.135
0.121
0.159
0.167
0.143
0.154
0.154
0.154
0.154
0.154
0.154
0.154
0.154
0.154
0.154
0.154
0.154
0.154
0.154
0.154
0.154
0.154
0.154
0.154
0.154
0.154
0.154
0.154
0.154
0.000
0.000
0.000
0.000
0.000
0.000
0.000
0.000
0.000
0.000
0.000
0.000
0.000
0.000
0.000
0.000
0.000
0.000
0.000
0.000
0.000
0.000
0.000
0.000
0.000
0.000
0.000
-1.862
-2.123
-1.845
-1.621
-1.532
-1.567
-2.319
-2.299
-1.886
-1.739
-1.539
-2.291
-2.002
-1.438
-1.894
-2.018
-1.570
-1.862
0.000
0.000
0.000
0.000
0.000
0.000
0.000
0.000
0.000
0.000
0.000
0.000
0.000
0.000
0.000
0.000
0.000
0.000
0.000
0.000
0.000
0.000
0.000
0.000
0.000
0.000
0.000
0.000
0.000
0.000
0.000
0.000
0.000
0.000
0.000
0.000
0.000
0.000
0.000
0.000
0.000
0.000
0.000
0.000
0.000
0.000
0.000
0.000
0.000
0.000
0.000
0.000
0.000
0.000
0.000
0.000
0.000
0.000
0.000
0.000
0.000
0.000
0.000
0.000
0.000
0.000
0.000
0.000
0.000
0.000
0.000
0.000
0.000
0.000
0.000
0.000
0.000
0.000
0.000
0.000
0.000
0.000
0.000
0.000
0.000
0.000
0.000
0.000
0.000
0.000
0.000
0.000
0.000
0.000
0.000
0.000
0.000
0.000
0.000
0.000
0.000
0.000
0.000
0.000
0.000
0.000
0.000
0.000
0.000
0.000
0.000
0.000
0.000
0.000
0.000
0.000
0.000
0.000
0.000
0.000
0.000
0.000
0.000
