fixedStep chrom=ENSGT00390000008892 start=1 step=1
0.000
0.000
0.000
0.000
0.000
0.000
0.000
0.000
0.000
0.000
0.000
0.000
0.000
0.000
0.000
0.000
0.000
0.000
0.000
0.000
0.000
0.000
0.000
0.000
0.000
0.000
0.000
0.000
0.000
0.000
0.000
0.000
0.000
0.000
0.000
0.000
0.000
0.000
0.000
0.000
0.000
0.000
0.000
0.000
0.000
0.000
0.000
0.000
0.000
0.000
0.000
0.000
0.000
0.000
0.000
0.000
0.000
0.000
0.000
0.000
0.000
0.000
0.000
0.000
0.000
0.000
0.000
0.000
0.000
0.000
0.000
0.000
0.000
0.000
0.000
0.000
0.000
0.000
0.000
0.000
0.000
0.000
0.000
0.000
0.000
0.000
0.000
0.000
0.000
0.000
0.054
0.054
0.054
0.054
0.053
0.054
0.054
0.054
0.054
0.054
0.054
0.054
0.054
0.054
0.054
0.054
0.054
0.054
0.054
0.054
0.054
0.054
0.054
0.054
0.054
0.054
0.054
0.054
0.054
0.054
0.054
0.054
0.053
0.054
0.054
0.052
0.054
0.054
0.054
0.054
0.054
0.054
0.054
0.054
0.054
0.054
0.054
0.054
0.054
0.050
0.053
0.054
0.054
0.054
0.054
0.051
0.054
0.054
0.050
0.043
0.054
0.054
0.054
0.054
0.054
0.054
0.054
0.052
0.054
0.054
0.054
0.037
0.037
0.054
0.054
0.049
0.054
0.054
0.054
0.054
0.054
0.054
0.054
0.054
0.054
0.054
0.054
0.054
0.054
0.050
0.053
0.054
0.053
0.054
0.052
0.054
0.054
0.054
0.054
0.054
0.046
0.054
0.054
0.054
0.054
0.054
0.054
0.052
0.054
0.054
0.054
0.054
0.054
0.051
0.054
0.054
0.054
0.054
0.054
0.054
0.054
0.054
0.054
0.054
0.054
0.054
0.054
0.054
0.054
0.054
0.054
0.054
0.054
0.054
0.054
0.054
0.054
0.054
0.054
0.054
0.054
0.054
0.054
0.054
0.054
0.054
0.054
0.054
0.054
0.054
0.054
0.054
0.054
0.054
0.054
0.054
0.054
0.054
0.043
0.054
0.054
0.054
0.054
0.052
0.054
0.054
0.050
0.037
0.054
0.054
0.051
0.054
0.054
0.054
0.054
0.054
0.054
0.054
0.054
0.051
0.054
0.054
0.050
0.054
0.054
0.054
0.054
0.054
0.048
0.054
0.054
0.054
0.054
0.054
0.051
0.054
0.054
0.054
0.054
0.054
0.052
0.054
0.054
0.052
0.054
0.054
0.050
0.054
0.054
0.054
0.054
0.054
0.053
0.054
0.054
-1.999
0.054
0.054
0.054
0.054
0.054
0.054
0.054
0.054
0.054
0.054
0.051
0.054
0.054
0.054
0.050
0.054
0.054
0.045
0.054
0.054
0.054
0.054
0.054
0.054
0.054
0.054
0.054
0.054
0.054
0.054
0.054
0.054
0.053
0.054
0.054
0.054
0.054
0.054
0.054
0.054
0.050
0.054
0.054
0.054
0.050
0.048
0.052
0.054
0.054
0.054
0.052
0.054
0.054
0.054
0.054
0.054
0.054
0.054
0.054
0.054
