fixedStep chrom=ENSGT00390000010724 start=1 step=1
0.099
0.099
0.099
0.099
0.099
0.097
0.097
0.090
0.099
0.099
0.099
0.095
0.099
0.099
0.099
0.097
0.097
0.099
0.099
0.099
0.099
0.099
0.098
0.095
0.089
0.099
0.089
0.096
0.099
0.099
0.099
0.096
0.084
0.095
0.099
0.099
0.099
0.089
0.082
0.099
0.099
0.099
0.097
0.099
0.079
0.099
0.099
0.096
0.092
0.099
0.099
0.099
0.099
0.095
0.099
0.099
-3.633
0.097
0.099
0.096
0.090
0.099
0.099
0.099
0.099
0.097
0.099
0.099
0.092
0.096
0.099
0.098
0.099
0.099
0.099
0.099
0.099
0.099
0.099
0.095
0.097
0.082
0.099
0.084
0.099
0.099
0.099
0.097
0.099
0.071
0.098
0.099
0.079
0.089
0.099
0.093
0.099
0.099
0.097
0.095
0.090
0.098
0.099
0.099
0.099
0.099
0.099
0.099
0.099
0.099
0.097
0.099
0.099
0.097
0.099
0.099
0.099
0.080
0.099
0.099
0.099
0.099
0.099
0.099
0.099
0.099
0.095
0.095
0.082
0.099
0.099
0.079
0.099
0.099
0.099
0.099
0.099
0.097
0.099
0.099
0.098
0.092
0.099
0.093
0.099
0.099
0.099
0.099
0.099
0.097
0.099
0.099
0.099
0.099
0.094
0.095
0.095
0.085
0.094
0.094
0.095
0.094
0.085
0.073
0.094
0.094
0.094
0.075
0.094
0.093
0.090
0.090
0.094
0.092
0.094
0.092
0.094
0.094
0.095
0.094
0.079
0.073
0.094
0.085
0.094
0.094
0.094
0.094
0.092
0.087
0.095
0.090
0.095
0.094
0.094
0.084
0.090
0.094
0.095
0.095
0.094
0.098
0.099
0.098
0.082
0.094
0.099
0.099
0.099
0.095
0.073
0.099
0.099
0.099
0.099
0.099
0.099
0.094
0.097
0.097
0.099
0.097
0.099
0.099
0.076
0.099
0.097
0.099
0.099
0.099
0.097
0.099
0.099
0.099
0.099
0.099
0.099
0.099
0.097
0.099
0.099
0.099
0.095
0.089
0.097
0.099
0.099
0.099
0.097
0.099
0.099
0.099
0.098
0.099
0.099
0.099
0.099
0.099
0.099
0.097
0.098
0.099
0.099
0.099
0.099
0.099
0.085
0.095
0.099
0.097
0.093
0.099
0.098
0.099
0.099
0.099
0.086
0.099
0.099
0.099
0.099
0.099
0.082
0.099
0.099
0.099
0.099
0.099
0.099
0.099
0.090
0.099
0.082
0.099
0.099
0.095
0.090
0.092
0.099
0.099
0.082
0.099
0.099
0.090
0.099
0.099
0.099
0.099
0.098
0.099
0.099
0.099
0.099
0.090
0.099
-1.183
-1.183
-1.763
0.000
0.000
0.000
0.000
0.000
0.000
0.000
0.000
0.000
0.000
0.000
0.000
0.000
0.000
0.000
0.000
0.000
0.000
0.000
0.000
0.000
0.000
0.000
0.000
0.000
0.000
0.000
0.000
0.000
0.000
0.000
0.000
0.000
0.000
0.000
0.000
