fixedStep chrom=ENSGT00610000086153 start=1 step=1
0.097
0.097
0.097
0.097
0.097
0.097
0.097
0.097
0.097
0.097
0.097
0.097
0.097
0.097
0.097
0.097
0.097
0.094
0.097
0.097
0.097
0.097
0.097
0.097
0.097
0.097
-2.453
0.097
0.097
0.095
0.097
0.097
0.096
0.097
0.097
0.097
0.097
0.097
0.088
0.097
0.097
0.088
0.097
0.097
0.091
0.097
0.097
0.097
0.097
0.097
0.095
0.097
0.097
0.088
0.097
0.097
-0.599
0.097
0.097
0.096
0.097
0.097
0.096
0.097
0.097
0.088
0.097
0.097
0.097
0.097
0.097
0.095
0.097
0.097
0.096
0.097
0.097
0.095
0.097
0.097
0.097
0.097
0.097
0.097
0.097
0.097
0.091
0.097
0.097
0.095
0.097
0.097
0.088
0.097
0.097
0.097
0.097
0.097
0.097
0.097
0.097
0.096
0.097
0.097
-0.599
0.097
0.097
0.088
0.097
0.097
0.097
0.097
0.097
0.097
0.097
0.097
0.097
0.097
0.097
0.097
0.097
0.097
0.097
0.097
0.097
0.097
0.097
0.097
0.097
0.097
0.097
0.097
0.097
0.097
0.097
0.097
0.097
0.097
0.097
0.097
0.088
0.097
0.097
0.097
0.097
0.097
0.086
0.097
0.097
0.097
0.097
0.097
0.097
0.097
0.097
0.097
0.097
0.097
-0.601
0.097
0.097
-0.599
0.097
0.097
0.097
0.097
0.097
0.097
0.097
0.097
0.095
0.097
0.097
0.097
0.097
0.097
0.097
0.097
0.097
0.088
0.097
0.097
0.086
0.097
0.097
0.097
0.097
0.097
0.097
0.097
0.097
0.097
0.097
0.097
0.097
0.097
0.097
0.097
0.097
0.097
0.086
0.097
0.097
0.096
0.097
0.097
0.097
0.097
0.097
0.097
0.097
0.097
0.097
0.097
0.097
0.089
0.097
0.097
0.088
0.097
0.097
0.097
0.097
0.097
0.097
0.097
0.097
0.097
0.097
0.097
0.097
0.097
0.097
0.086
0.097
0.097
0.094
0.097
0.097
0.097
0.097
0.097
0.089
0.097
0.097
0.097
0.097
0.097
0.097
0.097
0.097
0.097
0.097
0.097
0.096
0.097
0.097
0.097
0.097
0.097
0.097
0.097
0.097
0.097
0.097
0.097
0.097
0.097
0.097
0.086
0.097
0.097
0.097
0.097
0.097
0.097
0.097
0.097
0.097
0.097
0.097
0.095
0.097
0.097
0.089
0.097
0.097
0.089
0.097
0.097
0.086
0.097
0.097
0.097
0.097
0.097
0.097
0.097
0.097
0.097
0.097
0.097
0.097
0.097
0.097
0.097
0.097
0.097
-1.683
0.097
0.097
0.097
0.097
0.097
0.097
0.097
0.097
0.097
0.097
-0.585
-0.602
-0.602
0.097
0.091
0.088
-0.601
-0.599
-0.599
-0.602
0.088
0.097
-0.602
-0.599
0.097
-0.602
-0.599
0.097
-0.602
0.088
0.097
-0.602
-0.585
-0.015
-0.015
-0.015
0.097
-0.602
-0.599
-0.599
0.089
-0.602
0.097
-0.602
-0.599
-0.015
-0.015
-0.015
-0.601
0.088
-0.585
0.097
-0.602
0.087
0.088
0.097
-0.601
0.097
-0.585
-0.601
0.000
0.000
0.000
0.000
0.000
0.000
0.000
0.000
0.000
0.000
0.000
0.000
0.000
0.000
0.000
0.000
0.000
0.000
0.000
0.000
0.000
0.000
0.000
0.000
0.000
0.000
0.000
0.000
0.000
0.000
0.000
0.000
0.000
0.000
0.000
0.000
0.000
0.000
0.000
0.000
0.000
0.000
0.097
-0.585
-1.731
-0.601
0.097
-1.763
-0.599
-0.599
-1.127
-0.601
0.097
-0.599
-0.599
-0.602
0.088
0.000
0.000
0.000
0.000
0.000
0.000
0.000
0.000
0.000
0.000
0.000
0.000
0.000
0.000
0.000
0.000
0.000
0.000
