fixedStep chrom=ENSGT00390000017668 start=1 step=1
0.103
0.104
0.103
0.103
0.103
0.103
0.096
0.103
0.103
0.103
-0.596
0.097
0.103
0.104
0.103
0.098
0.103
0.101
0.094
0.103
0.098
0.104
0.103
0.103
-1.122
0.103
0.094
0.103
0.097
0.103
0.103
0.103
0.103
0.094
0.098
0.095
0.103
0.104
-0.597
0.104
0.078
0.098
0.094
0.104
0.082
0.103
0.104
0.103
0.103
0.104
0.103
0.093
0.104
0.103
0.094
0.103
0.103
0.103
-0.596
0.103
0.103
0.104
-0.597
0.079
0.103
0.103
0.103
0.095
0.095
0.103
0.095
0.103
0.078
0.094
0.094
0.103
0.103
-2.013
0.103
0.103
0.103
0.103
0.103
0.103
0.103
0.104
0.102
0.103
0.103
0.103
0.103
0.103
0.103
0.103
0.103
0.094
-0.596
0.104
0.103
0.103
0.103
0.103
0.104
0.103
0.103
0.103
0.103
0.103
0.103
0.103
0.103
0.103
0.103
0.103
0.078
0.103
0.103
0.094
0.095
0.103
0.103
0.103
0.082
0.103
0.103
0.102
0.093
0.103
-1.233
0.103
0.097
0.082
0.103
0.094
0.078
0.094
0.104
-0.597
0.103
0.103
0.093
0.103
0.103
0.103
0.103
0.103
0.103
0.103
-1.250
-0.601
0.103
0.104
0.103
0.103
0.103
-1.233
0.103
0.103
0.103
0.103
0.094
0.103
0.103
0.103
0.103
0.103
0.103
0.103
0.103
0.103
-0.596
0.101
0.101
0.103
0.104
0.104
0.103
0.103
0.104
0.103
-0.596
0.094
0.103
0.103
0.094
0.098
0.103
0.103
0.103
0.103
0.103
-1.215
0.103
0.103
0.103
0.103
0.104
0.082
0.102
0.103
0.103
0.097
0.104
0.103
0.101
0.103
0.103
0.104
0.104
0.103
0.103
0.103
0.098
0.103
0.078
0.078
0.103
0.103
0.102
0.103
0.103
0.102
0.103
0.103
0.103
0.103
0.094
0.103
0.104
0.103
0.103
0.104
0.103
0.103
0.103
0.103
0.101
0.103
0.103
0.103
0.103
0.103
0.103
0.104
0.103
0.103
0.104
0.103
0.103
0.103
0.103
0.103
0.104
0.104
0.095
0.103
0.103
0.103
0.103
0.103
0.098
0.103
0.103
0.103
0.103
0.104
0.103
0.103
0.103
0.103
0.104
0.103
0.103
0.103
0.103
0.103
0.103
0.103
0.103
0.104
0.103
0.103
0.104
0.103
0.093
0.094
0.103
0.078
0.101
0.103
0.103
0.103
0.103
0.097
0.103
0.104
-0.601
0.103
0.103
0.103
0.103
0.103
0.103
0.103
0.103
0.100
-0.601
0.103
0.100
0.095
0.104
-1.122
0.103
0.104
0.078
0.098
0.103
0.103
0.097
0.103
0.103
0.104
0.103
0.102
0.103
0.104
0.103
0.103
0.103
0.093
0.103
0.103
0.103
0.103
0.103
0.103
0.078
0.078
-0.601
0.103
0.103
0.101
0.103
0.096
0.080
0.103
0.103
0.103
-0.597
-0.596
0.103
0.103
0.098
0.082
0.103
0.103
0.103
0.095
-0.575
0.103
-0.378
-0.303
-0.378
-0.303
-0.303
-0.303
0.082
0.103
0.103
0.094
-0.596
0.103
0.103
-1.215
0.100
0.103
0.103
0.103
-0.900
-0.886
-0.886
-0.596
-0.596
0.103
0.103
0.104
0.082
0.103
0.103
0.103
0.078
0.103
0.103
0.103
0.103
0.082
0.097
0.104
-2.013
0.103
0.104
-1.145
-0.575
0.103
-0.601
0.103
0.103
-1.165
0.103
0.104
0.103
0.097
0.097
0.078
0.103
0.098
-0.601
0.103
0.103
0.103
0.103
0.104
0.103
0.104
0.103
0.103
0.104
0.103
0.103
0.082
0.095
0.103
0.103
0.103
0.103
0.103
0.094
0.103
0.104
0.103
0.101
0.103
0.103
-0.601
0.104
0.104
0.098
0.104
0.103
0.103
0.098
0.095
0.103
0.103
0.103
0.103
0.082
0.103
0.078
0.103
-0.601
0.078
0.103
0.103
0.102
0.103
-0.601
-0.596
0.101
0.095
-1.233
0.103
0.103
0.103
0.103
0.095
0.103
0.100
-0.597
0.103
0.098
-1.783
0.103
0.082
0.094
0.103
0.103
-1.136
0.103
0.103
0.103
-1.136
-1.768
-1.122
0.094
0.082
0.095
0.082
0.103
0.104
0.103
0.104
0.103
0.103
0.103
0.104
0.100
0.103
0.102
0.103
0.078
0.098
0.079
0.098
0.104
0.075
-1.919
0.095
0.097
0.104
0.103
0.103
0.103
0.104
0.103
0.083
0.103
-0.601
-1.252
-1.097
0.103
0.078
0.098
-0.596
