fixedStep chrom=ENSGT00390000016740 start=1 step=1
0.070
0.070
0.070
0.070
0.070
0.070
0.070
0.070
0.070
0.066
0.070
0.069
0.000
0.000
0.000
0.000
0.000
0.000
0.000
0.000
0.000
0.000
0.000
0.000
0.000
0.000
0.000
0.070
0.070
0.056
0.070
0.070
0.070
0.070
0.070
0.066
0.066
0.070
0.067
0.070
0.070
0.070
0.056
0.066
0.070
0.067
0.070
0.070
0.067
0.070
0.067
0.067
0.070
0.067
0.070
0.070
0.056
0.070
0.070
0.070
0.070
0.070
0.070
0.070
0.070
0.057
0.070
0.070
0.066
0.070
0.070
0.066
0.070
0.070
0.070
0.070
0.070
0.068
0.070
0.070
0.067
0.070
0.070
0.070
0.070
0.070
0.070
0.070
0.070
0.069
0.070
0.070
0.067
0.070
0.070
0.070
0.070
0.070
0.070
0.070
0.070
0.070
0.070
0.070
0.070
0.070
0.070
0.070
0.070
0.070
0.070
0.070
0.070
0.067
0.070
0.070
0.067
0.070
0.070
0.070
0.070
0.070
0.070
0.070
0.070
0.070
0.070
0.070
0.070
0.070
0.070
0.070
0.070
0.070
0.056
0.070
0.070
0.056
0.070
0.070
0.070
0.070
0.070
0.067
0.070
0.070
0.069
0.070
0.070
0.065
0.070
0.070
0.057
0.068
0.070
0.070
0.070
0.070
0.070
0.070
0.070
0.070
0.070
0.070
0.070
0.070
0.062
0.062
0.060
0.062
0.062
0.062
0.062
0.060
0.062
0.062
0.062
0.061
0.062
0.058
0.062
0.062
0.059
0.062
0.062
0.062
0.062
0.062
0.062
0.062
0.062
0.059
0.062
0.062
0.062
0.062
0.062
0.062
0.062
0.062
0.062
0.060
0.062
0.062
0.062
0.062
0.062
0.062
0.062
0.062
0.062
0.062
0.070
0.070
0.070
0.067
0.070
0.070
0.070
0.070
0.068
0.070
0.070
0.070
0.068
0.070
0.070
0.070
0.070
0.067
0.066
0.070
0.070
0.070
0.070
0.070
0.068
0.070
0.070
0.070
0.070
0.070
0.060
0.070
0.070
0.070
0.067
0.070
0.070
0.070
0.070
0.067
0.070
0.070
0.070
0.070
0.070
-2.164
0.070
0.070
0.070
0.070
0.070
0.066
0.070
0.070
0.059
0.070
0.070
0.055
0.069
0.070
0.070
0.070
0.070
0.067
0.070
0.070
0.070
0.070
0.070
0.070
0.070
0.070
0.070
0.070
0.070
0.070
0.070
0.070
0.070
0.070
0.070
0.070
0.070
0.070
0.070
0.070
0.070
0.070
0.070
0.070
0.070
0.070
0.070
0.070
0.070
0.070
0.070
0.070
0.070
0.070
0.070
0.070
0.066
0.070
0.070
0.070
0.070
0.070
0.067
0.066
0.070
0.070
0.070
0.070
0.070
0.070
0.070
0.070
0.070
0.070
0.070
0.070
0.070
0.059
0.070
0.070
0.068
0.070
0.070
0.070
0.070
0.070
0.070
0.070
0.070
0.070
0.070
0.070
0.067
0.070
0.070
0.051
0.070
0.070
0.070
0.070
0.070
0.070
0.070
0.070
0.067
0.070
0.070
0.066
0.070
0.070
0.070
0.070
0.070
0.056
0.070
0.070
0.056
0.067
0.070
0.068
0.070
0.070
0.070
0.070
0.070
0.069
0.070
0.070
0.066
0.070
0.070
0.068
0.067
0.070
0.058
0.070
0.070
0.070
0.070
0.070
0.070
0.070
0.070
0.070
0.070
0.069
0.068
0.070
0.070
0.070
0.070
0.070
0.070
0.070
0.070
0.070
0.070
0.070
0.066
0.070
0.070
0.056
0.070
0.070
0.070
0.070
0.070
0.070
0.070
0.070
0.056
0.070
0.070
0.070
0.070
0.070
0.070
0.070
0.070
0.070
0.067
0.068
0.070
0.070
0.070
0.056
0.069
0.066
0.070
0.070
0.070
0.070
0.070
0.070
0.056
0.070
0.070
0.066
0.066
0.070
0.070
0.070
0.070
0.066
0.070
0.070
0.070
0.070
0.070
0.070
0.070
0.070
-1.724
0.070
0.070
0.067
0.070
0.070
0.066
0.070
0.066
0.067
0.070
0.070
0.070
0.070
0.070
0.070
0.070
0.070
0.066
0.066
0.070
0.066
0.070
0.070
0.067
0.070
0.070
0.064
0.070
0.070
0.070
0.070
0.070
0.070
0.070
0.070
0.070
0.070
0.070
0.070
0.070
0.070
0.070
0.070
0.070
0.070
0.070
0.070
0.066
0.070
0.070
0.067
0.070
0.070
0.070
0.070
0.066
0.070
0.070
0.070
0.056
0.070
0.067
0.070
0.070
0.070
0.070
0.068
0.070
0.070
0.066
0.066
0.056
0.066
-2.355
0.056
-1.716
0.070
0.057
0.070
0.070
0.067
0.069
0.059
0.070
0.070
0.070
0.070
0.070
0.070
0.068
0.064
0.066
0.070
0.070
0.070
0.067
0.054
0.070
0.070
0.070
0.070
0.070
0.070
0.070
0.070
0.070
0.070
0.070
0.070
0.070
0.070
0.070
0.070
0.070
0.070
0.070
0.070
0.053
0.070
0.070
0.070
0.070
0.070
0.070
0.070
0.070
0.070
0.070
0.070
0.070
0.070
0.070
0.070
0.066
0.067
0.066
0.070
0.067
0.070
0.070
0.070
0.070
0.070
0.067
0.068
0.070
0.070
0.070
0.070
0.070
0.070
0.068
0.070
0.070
0.066
0.070
0.070
0.070
0.070
0.070
0.070
0.070
0.070
0.070
0.070
0.070
0.070
0.070
0.070
0.070
0.070
0.070
0.070
0.070
0.070
0.070
0.070
0.070
0.070
0.066
0.070
0.070
0.070
0.070
0.070
0.070
0.070
0.070
0.066
0.070
0.070
0.067
0.070
0.070
0.069
0.070
0.070
0.070
0.070
0.067
0.070
0.057
0.070
0.067
0.070
0.070
0.067
0.070
0.070
0.066
0.070
0.070
0.070
0.070
0.070
0.070
0.070
0.070
0.066
-2.858
0.070
0.065
0.070
0.070
0.070
0.070
0.070
0.070
0.070
0.067
0.066
0.070
0.070
0.070
0.070
0.070
0.067
0.070
0.070
0.056
0.070
0.070
0.070
0.070
0.070
0.070
0.070
0.070
0.059
0.070
0.070
0.070
0.070
0.070
0.070
0.070
0.070
0.070
0.070
0.070
0.070
0.070
0.070
0.066
0.067
0.070
0.070
0.070
0.070
0.070
0.070
0.070
0.068
0.059
0.070
0.070
0.070
0.070
0.070
0.070
0.070
0.069
0.070
0.070
0.070
0.068
0.069
0.067
0.067
0.070
0.070
0.070
0.070
0.066
0.070
0.069
0.052
0.070
0.070
0.056
0.070
0.070
0.053
0.070
0.066
0.070
0.070
0.070
0.064
0.070
0.070
0.070
0.070
0.070
0.070
0.070
0.070
0.070
0.070
0.070
0.070
0.070
0.070
0.070
0.070
0.070
0.070
0.070
0.070
0.052
0.066
0.066
0.070
0.070
0.070
0.070
0.070
0.070
0.070
0.070
0.070
0.070
0.070
0.070
0.069
0.070
0.070
0.059
0.070
0.070
0.070
0.070
0.070
0.056
0.070
0.070
0.066
0.067
0.070
0.070
0.070
0.070
0.070
0.070
0.070
0.070
0.070
0.070
0.069
0.070
0.070
0.066
0.070
0.070
0.070
0.066
0.070
0.070
0.068
0.068
0.070
0.066
0.070
0.070
0.070
0.070
0.070
0.070
0.070
0.070
0.070
0.070
0.070
0.070
0.070
0.070
0.070
0.070
0.067
0.070
0.070
0.070
0.070
0.070
-2.509
0.070
0.067
0.067
0.070
0.070
0.051
0.067
0.067
0.070
0.066
0.070
0.070
0.070
0.070
0.051
0.070
0.070
0.070
0.070
0.070
0.070
0.070
0.070
0.052
0.070
0.070
0.070
0.067
0.064
0.069
0.070
0.070
0.070
0.070
0.070
0.054
0.070
0.070
0.070
0.070
0.067
-1.741
0.070
0.070
0.070
0.070
0.070
0.067
0.070
0.070
0.066
0.066
0.070
0.070
0.070
0.070
0.070
0.070
0.070
0.068
0.066
0.070
0.070
0.070
0.070
0.064
0.066
0.070
0.070
0.067
0.070
0.070
0.070
0.066
0.070
0.070
0.070
0.056
0.070
0.070
0.070
0.068
0.069
0.070
0.070
0.070
0.070
0.070
0.070
0.070
0.070
0.070
0.066
-2.270
0.070
0.070
0.070
0.070
0.066
0.070
0.070
0.070
0.070
0.070
0.070
0.070
0.070
0.068
0.066
0.067
0.070
0.070
0.070
0.070
0.070
0.070
0.070
0.070
0.070
0.070
0.059
0.066
0.070
0.070
0.070
0.070
0.069
0.070
0.070
0.070
0.070
0.056
0.070
0.068
0.070
0.070
0.070
0.066
0.070
0.070
0.070
0.070
0.070
0.070
0.070
0.070
0.070
0.070
0.070
0.068
0.070
0.070
0.065
0.070
0.070
0.065
0.067
0.070
0.068
0.070
0.070
0.067
0.070
0.070
0.070
0.068
0.066
0.067
0.070
0.070
0.066
0.070
0.070
0.070
0.070
0.070
0.070
0.070
0.070
0.070
0.070
0.067
0.070
0.067
0.070
0.070
0.070
0.070
0.066
0.067
0.067
0.068
0.070
0.070
0.070
0.070
0.070
0.070
