fixedStep chrom=ENSGT00390000008678 start=1 step=1
0.000
0.000
0.000
0.000
0.000
0.000
0.000
0.000
0.000
0.000
0.000
0.000
0.000
0.000
0.000
0.000
0.000
0.000
0.000
0.000
0.000
0.000
0.000
0.000
0.000
0.000
0.000
0.000
0.000
0.000
0.000
0.000
0.000
0.000
0.000
0.000
0.000
0.000
0.000
0.000
0.000
0.000
0.000
0.000
0.000
0.000
0.000
0.000
0.000
0.000
0.000
0.000
0.000
0.000
0.000
0.000
0.000
0.000
0.000
0.000
0.000
0.000
0.000
0.000
0.000
0.000
0.000
0.000
0.000
0.000
0.000
0.000
0.000
0.000
0.000
0.000
0.000
0.000
0.000
0.000
0.000
0.000
0.000
0.000
0.000
0.000
0.000
0.000
0.000
0.000
0.000
0.000
0.000
0.079
0.079
0.079
0.079
0.079
0.060
0.062
0.079
0.079
0.079
0.075
0.066
0.078
0.079
0.079
0.079
0.079
0.079
0.076
0.065
0.065
0.079
0.079
0.079
0.078
0.076
0.079
0.079
0.079
0.072
0.079
0.079
0.079
0.078
0.079
0.079
0.079
0.079
0.068
0.079
0.079
0.079
0.079
0.079
0.079
0.079
0.079
0.079
0.079
0.079
0.077
0.079
0.074
0.058
0.079
0.079
0.079
0.079
0.079
0.079
0.079
0.079
0.079
0.076
0.079
0.079
0.079
0.079
0.079
0.079
0.079
0.079
0.079
0.079
0.076
0.078
0.079
0.077
0.079
0.079
0.079
0.070
0.079
0.076
0.079
0.079
0.079
0.079
0.079
0.073
0.079
0.079
0.079
0.079
0.079
0.076
0.079
0.079
0.079
0.079
0.079
0.079
0.079
0.079
0.079
0.076
0.072
0.073
0.073
0.073
0.064
0.073
0.073
0.073
0.067
0.073
0.070
0.073
0.073
0.072
0.073
0.073
0.072
-0.844
0.073
0.063
0.073
0.064
0.064
0.073
0.073
0.073
0.072
0.073
0.073
0.073
0.067
-2.611
0.073
0.073
0.071
0.073
0.073
0.073
0.070
0.073
0.073
-0.864
0.063
0.073
0.073
0.073
0.073
0.071
0.073
0.073
0.073
0.073
-0.863
0.068
-0.844
0.073
0.073
0.073
0.072
0.072
0.070
0.073
0.069
0.073
0.067
0.073
0.073
0.073
0.067
0.069
0.071
0.073
0.073
0.073
0.073
0.073
0.072
0.073
0.073
0.073
0.073
0.073
0.073
0.073
0.073
0.071
0.067
0.073
0.073
0.073
0.073
0.073
0.073
0.073
0.073
0.073
0.073
0.067
0.071
0.070
0.073
0.073
0.073
0.073
0.070
0.070
0.073
0.067
0.073
0.073
0.073
0.073
0.073
-0.864
0.073
0.073
0.073
0.073
0.073
0.073
0.073
0.073
0.073
0.073
0.073
-2.124
0.067
0.067
0.057
0.067
0.070
0.073
0.073
0.073
0.073
0.073
0.073
0.073
0.073
0.073
0.073
-0.844
0.070
0.070
0.073
0.057
0.073
0.073
0.069
0.073
0.070
0.068
0.073
0.073
0.073
0.073
0.070
0.057
-1.993
-1.179
-1.380
-1.180
-1.380
-1.180
-1.179
-1.179
-1.179
-1.179
-1.825
-1.179
-1.179
-1.179
-1.180
-1.179
-1.380
-1.179
0.070
0.073
0.073
0.073
0.067
0.067
0.073
0.067
0.073
0.073
0.067
0.073
0.073
0.073
0.073
-1.813
0.067
0.073
0.073
0.073
0.063
0.071
0.073
-0.863
0.073
0.073
0.073
0.073
0.073
0.070
0.073
0.071
0.073
0.067
0.069
0.071
0.067
0.071
-1.567
0.073
0.073
0.073
0.057
0.073
0.067
0.073
0.073
0.069
0.073
0.073
0.069
0.073
0.067
0.073
0.069
0.064
0.064
0.069
0.073
0.072
0.065
0.065
0.065
0.065
0.065
0.065
0.062
-1.014
0.055
0.065
0.057
0.065
0.065
0.065
0.065
-1.800
0.065
-1.004
0.065
-1.004
0.065
0.062
0.058
0.058
0.065
0.065
0.064
0.054
-1.014
0.065
0.065
0.065
0.065
0.065
0.065
0.062
0.065
0.065
0.065
0.062
0.065
0.062
0.065
0.065
0.065
0.065
0.065
0.065
0.065
0.065
0.065
0.065
0.065
0.065
0.065
0.065
0.058
0.065
0.064
0.065
0.065
0.065
0.065
0.065
0.065
0.058
0.065
0.065
0.065
0.065
0.065
0.065
-1.551
0.065
0.058
0.065
0.065
0.065
-1.015
0.065
0.064
0.065
0.065
0.065
0.065
0.065
0.065
0.065
0.065
0.058
0.065
0.065
0.065
0.065
0.065
0.065
0.065
0.065
0.065
0.065
0.065
0.065
0.062
0.065
0.065
0.065
0.065
0.065
0.065
0.065
0.065
0.065
0.065
0.065
0.058
0.065
0.065
0.065
0.065
-1.015
0.058
0.065
0.062
0.064
0.065
0.065
0.065
0.065
0.065
0.065
-1.015
0.065
0.065
0.065
0.065
-1.017
0.053
-1.004
-0.111
-0.111
-0.111
0.065
0.065
-1.014
0.079
0.079
0.079
0.055
0.079
0.079
0.079
0.075
0.079
0.079
0.068
0.076
0.079
0.079
0.077
0.076
0.076
0.075
0.079
0.079
0.071
0.079
0.078
0.079
0.076
0.079
0.059
0.079
-2.239
0.072
0.079
0.072
0.071
0.079
0.079
0.079
0.079
0.079
0.078
0.079
0.059
0.079
0.079
0.079
0.075
0.079
0.079
0.079
0.079
0.079
0.079
0.079
0.079
0.077
0.074
0.079
0.079
0.076
0.079
0.079
0.079
0.079
0.079
0.079
0.079
0.079
0.079
0.079
0.073
0.079
0.079
0.065
0.078
0.079
0.076
0.079
0.079
0.066
0.078
0.077
0.079
0.079
0.075
0.079
0.075
0.079
0.079
0.076
0.079
0.070
0.077
0.078
0.075
0.075
0.077
0.075
0.060
0.079
0.079
0.075
0.079
0.079
0.079
0.079
0.066
0.079
0.079
0.078
0.079
0.079
0.079
0.079
0.072
0.076
0.079
0.070
0.075
0.079
0.079
0.075
0.079
0.079
0.079
0.079
0.079
0.079
0.065
0.079
0.076
0.079
0.065
0.079
0.079
0.079
0.079
0.079
0.079
0.072
0.079
0.079
0.070
0.079
0.079
0.075
0.079
0.079
0.075
0.079
0.079
0.075
0.079
0.068
0.079
0.079
0.079
0.079
0.079
0.079
0.079
0.079
0.079
0.074
0.079
0.079
0.079
0.079
0.079
0.079
0.075
0.079
0.079
0.079
0.079
0.079
0.079
0.072
0.073
0.079
0.079
0.079
0.079
0.079
0.077
0.079
0.079
0.076
0.079
0.074
0.079
0.079
0.079
0.079
0.059
0.076
0.079
0.067
0.079
0.079
0.079
0.079
0.079
0.079
0.079
0.068
0.079
0.079
0.079
0.077
0.079
0.073
0.079
0.079
0.079
0.079
0.079
0.076
0.076
0.079
0.079
0.079
0.079
0.077
0.079
0.079
0.079
0.079
0.079
0.079
0.079
0.079
0.077
0.079
0.079
0.079
0.079
0.079
0.079
0.079
0.079
0.079
0.079
0.079
0.075
0.079
0.077
0.076
0.079
0.075
0.079
0.078
0.079
0.078
0.079
0.079
0.079
0.078
0.079
0.079
0.079
0.079
0.079
0.079
0.079
0.079
0.079
0.079
0.079
0.079
0.079
0.079
0.079
0.079
0.079
0.079
0.077
0.077
0.079
0.079
0.068
0.079
0.079
0.079
0.079
0.079
0.079
0.075
0.072
0.076
0.079
0.079
0.079
0.079
0.079
0.079
0.079
0.059
0.072
0.060
0.076
0.079
0.079
0.079
0.079
0.079
0.079
0.076
0.079
0.076
0.076
0.079
0.079
0.077
0.072
0.079
0.075
0.073
0.071
0.077
0.079
0.079
0.079
0.079
0.079
0.079
0.079
0.072
0.077
0.079
0.079
0.079
0.077
0.079
0.059
0.075
0.074
0.079
0.079
0.061
0.073
0.079
0.079
0.079
-0.509
-0.510
-0.911
-0.509
-0.509
-0.688
0.079
0.071
0.079
0.075
0.076
0.078
0.059
0.079
0.059
0.059
0.076
0.079
0.079
0.079
0.079
0.059
0.075
0.079
0.076
-1.451
0.077
0.060
0.079
0.068
0.075
0.076
0.079
0.079
0.079
0.077
0.076
0.075
0.059
0.079
0.079
0.075
0.079
0.079
0.077
0.075
0.079
0.079
0.068
0.079
0.079
0.079
0.079
0.076
0.079
0.079
0.059
0.072
0.079
0.079
0.079
0.079
0.079
0.079
0.079
0.068
0.071
0.079
0.068
0.059
0.075
0.079
0.077
0.065
0.079
0.079
0.079
0.079
0.065
0.075
-2.987
0.079
0.076
0.068
0.076
0.077
0.079
0.077
0.079
0.076
0.079
0.079
0.068
0.074
0.079
0.076
0.079
0.079
0.079
0.059
0.079
0.079
0.076
0.079
0.076
0.079
0.079
0.079
0.079
0.079
0.079
0.079
0.079
0.079
0.079
0.079
0.076
0.079
0.077
0.079
0.079
0.079
0.079
0.075
0.079
0.068
0.079
0.079
0.079
0.079
0.079
0.079
0.079
0.078
0.079
0.079
0.079
0.079
0.079
0.079
0.079
0.079
0.075
0.079
0.079
0.079
0.063
0.079
0.079
0.077
0.079
0.079
0.079
0.075
0.075
0.079
0.079
0.079
0.079
0.079
0.079
0.076
0.079
0.079
0.079
0.079
0.079
0.079
0.079
0.079
0.076
0.079
0.079
0.079
0.079
0.079
0.077
0.079
0.077
0.079
0.079
0.079
0.072
0.079
0.079
0.079
0.079
0.079
0.079
0.079
0.079
0.079
0.079
0.079
0.075
0.079
0.079
0.078
0.079
0.079
0.079
0.079
0.079
0.079
0.079
0.079
0.077
0.079
0.079
0.079
0.071
0.071
0.071
0.071
0.071
0.071
0.071
0.071
0.071
0.071
0.071
0.071
0.071
0.071
0.067
0.071
0.071
0.071
0.071
0.071
0.071
0.071
0.071
0.067
0.071
0.071
0.071
0.071
0.071
0.066
0.068
0.071
0.071
0.071
0.071
0.067
-2.284
0.071
-1.644
0.069
0.071
0.070
0.071
0.071
0.068
0.071
0.071
0.071
0.071
0.071
0.071
0.071
0.071
0.071
0.071
0.071
0.071
0.071
0.071
0.071
0.071
0.071
0.059
0.071
0.069
0.070
0.071
0.071
0.071
0.071
0.071
0.071
0.071
0.071
0.071
0.071
0.059
0.070
0.071
0.071
0.065
0.071
0.071
0.071
0.071
0.071
0.071
0.068
0.071
0.068
0.071
0.071
0.071
0.071
0.071
0.071
0.071
0.071
0.079
0.079
0.079
0.079
0.079
0.079
0.079
0.079
0.075
0.079
0.079
0.079
0.076
0.079
0.079
0.079
0.079
0.076
0.079
0.079
0.079
0.077
0.079
0.079
0.079
0.079
0.077
-1.457
0.079
0.076
0.079
0.079
0.079
0.077
0.077
0.079
0.076
0.071
0.079
0.079
0.079
0.079
0.076
0.079
0.079
0.079
-1.356
-1.155
-1.363
-1.739
-1.159
-1.155
-1.159
-1.158
-1.155
0.079
0.079
0.079
0.076
0.079
0.079
0.078
0.079
0.079
0.079
0.075
0.075
0.065
0.079
0.079
0.076
0.079
0.079
0.079
0.079
0.079
0.079
0.079
0.075
0.077
0.079
0.059
0.079
0.078
0.078
0.077
0.076
0.075
0.079
0.076
0.065
0.072
0.079
0.079
0.079
0.076
0.079
0.078
0.078
0.079
-2.041
0.079
0.076
0.079
0.079
0.079
0.077
0.079
0.079
0.079
0.060
0.079
0.079
0.079
0.079
0.079
0.079
0.079
-2.012
0.077
0.077
0.079
0.079
0.079
0.079
0.079
0.079
0.075
0.079
0.079
0.079
0.079
0.079
0.079
0.079
0.078
0.079
0.079
0.079
0.079
0.079
0.079
0.079
0.079
0.079
0.079
0.079
0.079
0.079
0.079
0.079
0.079
0.079
0.075
0.079
0.079
0.079
0.079
0.079
0.063
0.079
0.079
0.079
0.079
0.079
0.079
0.079
0.079
0.079
0.059
0.079
0.079
0.079
0.076
0.079
0.079
0.058
0.076
0.077
0.079
0.077
0.059
0.079
0.079
0.079
0.079
0.079
0.079
0.079
0.079
0.079
0.079
0.079
0.079
0.076
0.079
0.079
0.079
0.076
0.077
0.076
-2.042
0.079
0.079
0.079
0.079
0.079
0.079
0.079
0.065
0.067
0.079
0.079
0.079
0.076
0.077
0.066
0.074
0.079
0.077
0.079
0.079
0.077
0.072
0.079
0.075
0.079
0.079
0.079
0.079
0.079
0.076
0.079
0.079
0.068
0.079
0.079
0.079
0.079
0.079
0.079
0.065
0.079
0.079
0.077
0.079
0.077
0.079
0.076
0.067
0.059
0.079
0.068
0.068
0.072
0.077
0.079
0.079
0.077
0.079
0.079
0.078
0.078
0.079
0.079
0.079
0.075
0.075
0.079
0.079
0.075
0.075
0.079
0.079
0.072
0.059
0.065
0.079
0.079
0.079
0.079
0.079
0.075
0.072
0.079
0.075
0.079
0.079
0.077
0.079
0.074
0.078
0.079
0.079
0.079
0.079
0.079
0.075
0.079
0.079
0.079
0.079
0.079
0.079
0.079
0.079
0.079
0.056
0.079
0.079
0.079
0.079
0.079
0.079
0.079
0.079
0.079
0.079
0.075
0.079
0.079
0.077
0.079
0.079
0.079
0.079
0.079
0.079
0.079
0.079
0.076
0.073
0.079
0.059
0.079
0.079
0.079
0.079
0.079
0.079
0.079
0.079
0.079
0.079
0.079
0.079
0.079
0.079
0.079
0.059
0.079
0.079
0.079
0.079
0.079
0.079
0.079
0.077
0.079
0.079
0.079
0.079
0.079
0.079
0.079
0.075
0.079
0.079
0.079
0.079
0.079
0.079
0.079
0.079
0.079
0.077
0.059
0.079
0.079
0.079
0.079
0.075
0.079
0.079
0.079
0.079
0.079
0.079
0.079
0.079
0.079
0.079
0.079
0.079
0.079
0.079
0.079
0.079
0.079
0.079
0.079
0.060
0.079
0.079
0.079
0.079
0.079
0.079
0.079
0.079
0.079
0.079
0.079
0.079
0.079
0.079
0.079
0.079
0.079
0.079
0.079
0.079
0.079
0.079
0.079
0.079
0.079
0.079
0.079
0.079
0.079
0.079
0.079
0.079
0.079
0.079
0.079
0.079
0.075
0.079
0.079
0.079
0.079
0.079
0.079
0.079
0.079
0.079
0.079
0.079
0.072
0.079
0.079
0.079
0.079
0.079
0.077
0.079
0.078
0.079
0.079
0.077
0.077
0.079
0.079
0.079
0.079
0.079
0.079
0.075
0.079
0.079
0.079
0.079
0.079
0.079
0.079
0.065
0.077
0.079
0.079
0.079
0.079
0.079
0.079
0.079
0.079
0.079
0.079
-2.127
0.079
0.079
0.079
0.079
0.076
0.079
0.079
0.079
0.079
0.079
0.079
0.079
0.079
0.079
0.079
0.079
0.079
0.079
0.079
0.079
0.075
