fixedStep chrom=ENSGT00500000044986 start=1 step=1
0.000
0.000
0.000
0.000
0.000
0.000
0.000
0.000
0.000
0.000
0.000
0.000
0.000
0.000
0.000
0.000
0.000
0.000
0.000
0.000
0.000
0.000
0.000
0.000
0.000
0.000
0.000
0.000
0.000
0.000
0.000
0.000
0.000
0.000
0.000
0.000
0.000
0.000
0.000
0.000
0.000
0.000
0.000
0.000
0.000
0.000
0.000
0.000
0.000
0.000
0.000
0.000
0.000
0.000
0.000
0.000
0.000
0.000
0.000
0.000
0.000
0.000
0.000
0.000
0.000
0.000
0.000
0.000
0.000
0.000
0.000
0.000
0.000
0.000
0.000
0.000
0.000
0.000
0.000
0.000
0.000
0.000
0.000
0.000
0.000
0.000
0.000
0.000
0.000
0.000
0.000
0.000
0.000
0.000
0.000
0.000
0.000
0.000
0.000
0.000
0.000
0.000
0.000
0.000
0.000
0.000
0.000
0.000
0.000
0.000
0.000
0.000
0.000
0.000
0.000
0.000
0.000
0.000
0.000
0.000
0.000
0.000
0.000
0.000
0.000
0.000
0.000
0.000
0.000
0.000
0.000
0.000
0.000
0.000
0.000
0.000
0.000
0.000
0.000
0.000
0.000
0.000
0.000
0.000
0.000
0.000
0.000
0.000
0.000
0.000
0.000
0.000
0.000
0.000
0.000
0.000
0.000
0.000
0.000
0.000
0.000
0.000
0.000
0.000
0.000
0.000
0.000
0.000
0.000
0.000
0.000
0.000
0.000
0.000
0.000
0.000
0.000
0.000
0.000
0.000
0.000
0.000
0.000
0.000
0.000
0.000
0.000
0.000
0.000
0.000
0.000
0.000
0.000
0.000
0.000
0.000
0.000
0.000
0.000
0.000
0.000
0.000
0.000
0.000
0.000
0.000
0.000
0.000
0.000
0.000
0.000
0.000
0.000
0.000
0.000
0.000
0.000
0.000
0.000
0.000
0.000
0.000
0.000
0.000
0.000
0.000
0.000
0.000
0.000
0.000
0.000
0.000
0.000
0.000
0.000
0.000
0.000
0.000
0.000
0.000
0.000
0.000
0.000
0.000
0.000
0.000
0.000
0.000
0.000
0.000
0.000
0.000
0.000
0.000
0.000
0.000
0.000
0.000
0.000
0.000
0.000
0.000
0.000
0.000
0.000
0.000
0.000
0.000
0.000
0.000
0.000
0.000
0.000
0.000
0.000
0.000
0.000
0.000
0.000
0.000
0.000
0.000
0.000
0.000
0.000
0.000
0.000
0.000
0.000
0.000
0.000
0.000
0.000
0.000
0.000
0.000
0.000
0.000
0.000
0.000
0.000
0.000
0.000
0.000
0.000
0.000
0.000
0.000
0.000
0.000
0.000
0.000
0.000
0.000
0.000
0.000
0.000
0.000
0.000
0.000
0.000
0.000
0.000
0.000
0.000
0.000
0.000
0.000
0.000
0.000
0.000
0.000
0.000
0.000
0.000
0.000
0.000
0.000
0.000
0.000
0.000
0.000
0.068
0.068
0.068
0.068
0.068
0.068
0.068
0.068
0.060
0.068
0.068
0.068
0.068
0.068
0.068
0.068
0.068
0.068
0.068
0.068
0.068
0.068
-0.978
0.068
-2.141
0.068
0.068
0.065
0.068
0.059
0.068
0.068
0.068
0.068
0.068
0.068
0.068
0.068
0.068
0.061
0.068
0.068
0.068
0.061
0.068
0.068
0.068
0.068
0.061
0.068
0.068
0.068
0.068
0.068
0.068
0.068
0.068
0.068
0.068
-0.990
0.068
0.068
0.068
0.068
0.068
0.068
0.068
0.066
0.066
0.068
0.068
0.068
0.068
0.068
0.068
0.068
0.068
0.061
0.068
0.068
0.068
0.068
0.068
0.068
0.068
0.068
0.068
0.068
0.068
0.068
0.068
0.068
0.068
0.068
0.068
0.068
0.068
0.068
0.068
0.068
0.068
0.061
0.068
0.068
0.068
0.068
0.066
0.068
0.068
0.068
0.068
0.068
0.068
0.061
0.068
0.068
0.068
0.068
0.068
0.068
0.068
0.068
0.068
0.068
0.068
0.068
0.068
0.068
-0.990
0.068
0.068
0.067
0.068
0.068
0.068
0.068
0.068
0.068
0.068
0.068
0.068
0.068
0.068
0.068
0.068
0.068
0.068
0.068
0.068
0.068
0.068
0.068
0.065
0.068
0.068
0.068
0.068
0.068
0.061
0.068
0.068
0.068
0.068
0.068
0.068
0.068
0.068
0.061
0.068
0.068
0.067
0.068
0.068
0.068
0.068
0.068
0.068
0.068
0.068
0.068
0.068
0.068
0.061
0.061
0.068
0.068
0.068
0.068
0.068
0.068
0.068
-1.797
0.068
0.068
0.068
0.068
0.068
0.061
0.068
0.068
-0.978
0.068
0.068
0.066
0.068
0.068
0.068
0.068
0.068
0.061
0.068
0.068
0.068
0.068
0.068
0.068
0.068
0.068
0.068
0.068
0.068
0.068
0.068
0.068
0.068
0.068
0.068
0.068
0.066
0.068
0.068
0.068
0.061
-0.978
0.068
0.068
0.061
0.068
0.061
0.068
0.068
0.068
0.068
0.068
0.068
-0.988
0.068
0.068
0.068
0.068
0.068
0.068
0.068
0.068
0.068
0.068
0.068
0.068
0.068
0.068
0.068
0.068
0.068
0.068
0.068
0.068
0.068
0.068
0.068
0.068
-0.990
0.068
0.068
-0.988
0.068
0.068
0.061
-0.990
0.065
0.068
0.061
0.068
0.068
0.068
0.066
0.061
0.068
0.059
-0.990
0.068
0.061
0.061
-0.978
0.068
-0.990
0.068
0.068
0.068
0.059
0.068
0.068
0.068
-2.312
0.061
0.068
0.061
0.068
0.066
0.068
0.067
0.068
0.068
0.061
0.068
0.067
-0.988
-0.990
0.065
0.066
0.068
0.068
0.068
0.068
0.068
-0.977
0.068
0.068
0.068
0.066
0.068
0.068
0.068
0.059
-0.789
-0.789
-0.789
0.068
0.060
0.068
0.068
0.068
0.061
0.068
0.068
-2.386
0.068
0.068
0.068
0.068
0.068
0.066
0.066
0.068
0.068
-0.924
-0.919
-0.919
-0.919
-0.919
-0.919
0.068
0.068
0.067
0.068
0.068
0.068
0.068
0.068
0.068
0.068
0.068
0.067
0.061
0.061
0.068
0.061
0.061
0.068
0.068
0.068
0.068
0.068
0.068
0.068
0.068
0.068
0.068
0.068
0.068
0.068
0.068
0.068
0.059
0.068
0.068
0.068
0.068
0.068
0.068
0.068
0.068
0.063
0.063
0.068
0.061
0.068
0.068
0.068
0.068
0.068
0.068
0.068
0.068
0.068
-0.991
-0.991
0.067
0.068
0.068
0.068
0.068
0.068
-0.987
0.068
-0.988
0.068
0.068
0.068
-0.978
0.068
0.068
0.068
0.068
0.068
0.068
0.068
0.068
0.065
0.068
0.068
0.068
0.068
0.068
0.068
0.068
0.068
0.068
0.068
0.068
0.068
0.068
0.068
0.068
0.068
0.068
0.068
0.066
0.068
0.068
0.061
0.068
0.068
0.068
0.068
0.068
0.000
0.000
0.000
