fixedStep chrom=ENSGT00390000015384 start=1 step=1
0.100
0.100
0.100
0.100
0.100
0.098
0.096
0.100
0.098
0.079
0.097
0.098
0.092
0.097
0.096
0.100
0.100
0.086
0.100
0.100
0.093
0.098
0.100
0.097
0.100
0.100
0.100
0.100
0.100
0.086
0.100
0.100
0.082
0.100
0.100
0.081
0.096
0.100
0.090
0.100
0.100
0.100
0.100
0.100
0.093
0.100
0.100
0.073
0.099
0.092
0.080
0.100
0.100
0.100
0.100
0.099
0.081
0.097
0.100
0.091
0.100
0.100
0.100
0.098
0.100
0.100
0.100
0.100
0.086
0.093
-2.316
0.080
0.075
0.094
0.077
0.100
0.100
0.086
0.100
0.097
0.100
0.096
0.096
0.096
0.079
0.086
0.100
0.098
0.100
0.100
0.097
0.096
0.100
0.100
0.100
0.086
0.100
0.086
0.100
0.100
0.100
0.086
0.100
0.100
0.093
0.093
0.100
0.079
0.100
0.100
0.100
0.084
0.100
0.078
0.086
0.100
0.100
0.098
0.092
0.100
0.100
0.100
0.100
0.095
0.097
0.098
0.093
0.100
0.100
0.100
0.100
0.095
0.100
0.097
0.098
0.100
0.100
0.100
0.096
0.097
0.100
0.100
0.100
0.100
0.100
0.100
0.081
0.093
0.084
0.098
0.100
0.100
0.097
0.096
0.100
0.100
0.100
0.100
0.100
0.100
0.100
0.100
0.100
0.100
0.093
0.097
0.100
0.081
0.100
0.100
0.099
0.100
0.100
0.100
0.098
0.100
0.100
0.100
0.100
0.098
0.100
0.100
0.096
0.100
0.100
0.097
0.100
0.100
0.100
0.097
0.100
0.100
0.100
0.100
0.100
0.092
0.086
0.099
0.099
0.100
0.079
0.100
0.100
0.100
0.100
0.100
0.100
0.100
0.100
0.100
0.090
0.093
0.096
0.079
0.100
0.100
0.100
0.100
0.093
0.100
0.100
0.100
0.100
0.100
0.080
0.100
0.100
0.100
0.086
0.100
0.100
0.100
0.100
0.100
0.100
0.100
0.098
0.084
0.080
0.100
0.100
0.100
0.091
0.100
0.096
0.096
0.100
0.099
0.084
0.100
0.100
-1.771
0.097
0.097
0.100
0.098
0.100
0.100
0.097
0.096
0.096
0.079
-1.586
0.100
0.097
0.100
0.100
0.100
0.100
0.100
0.100
0.093
0.100
0.100
0.100
-1.715
0.100
0.100
0.079
0.100
0.097
0.100
0.079
0.096
0.100
0.085
0.100
0.080
0.100
0.100
0.100
0.100
0.084
0.100
0.100
0.075
0.075
0.097
0.100
0.100
0.097
0.100
0.100
0.100
0.100
0.100
0.100
0.093
-1.618
0.100
0.100
0.100
0.100
0.100
0.097
0.100
0.100
0.095
0.095
0.090
0.099
0.100
0.100
0.095
0.100
0.100
0.100
0.100
0.100
0.100
0.100
0.100
0.100
0.100
0.100
0.100
0.100
0.100
0.100
0.100
0.100
0.100
0.100
0.100
0.100
0.100
0.100
0.100
0.100
0.100
0.100
0.097
0.096
0.097
0.100
0.100
0.097
0.100
0.100
0.100
0.100
0.100
0.097
0.096
0.097
0.098
0.093
0.100
0.100
0.100
0.099
0.075
0.100
0.100
0.100
0.100
0.100
0.100
0.084
0.086
0.097
0.100
0.099
0.093
0.100
0.100
0.099
0.100
0.100
0.097
0.100
0.100
0.100
0.092
0.096
0.100
0.100
0.100
0.100
0.100
0.100
0.100
0.100
0.100
0.100
0.100
0.100
0.100
0.100
0.100
-1.700
0.100
0.100
0.100
0.100
0.100
0.100
0.084
0.097
0.096
0.071
0.071
0.071
0.100
0.100
0.096
0.097
0.093
0.100
0.093
0.096
0.087
0.100
0.100
0.100
0.098
0.100
0.100
