fixedStep chrom=ENSGT00390000005294 start=1 step=1
0.054
0.054
0.054
0.054
0.054
0.054
0.048
0.054
-1.216
0.048
0.054
0.054
0.054
0.054
0.054
0.054
0.054
0.054
0.054
0.054
0.054
0.054
0.054
0.048
0.054
0.054
0.048
0.054
0.054
0.054
0.054
0.053
0.054
0.054
0.048
0.054
0.054
0.054
0.054
-2.319
0.054
0.054
0.054
0.054
0.054
0.054
0.054
0.054
0.054
0.054
0.044
0.054
0.054
0.054
0.054
0.054
0.054
0.054
0.054
0.054
0.054
0.054
0.054
0.054
0.054
0.054
0.045
0.054
0.054
0.054
0.054
0.054
0.054
0.054
0.054
0.054
0.054
0.054
0.054
0.054
0.054
0.054
0.054
0.054
0.054
0.054
0.054
0.054
0.054
0.054
0.054
0.054
0.054
0.054
0.054
0.054
0.054
0.054
0.054
0.054
0.054
-1.214
0.054
0.054
-1.214
-2.165
0.054
0.051
0.053
0.054
0.051
0.054
0.054
0.054
-1.216
0.054
0.054
0.054
0.054
0.053
0.054
0.054
0.054
0.054
0.054
0.054
0.054
0.054
0.054
0.054
0.054
0.054
0.054
0.054
-1.199
0.054
0.054
0.054
0.054
0.054
0.054
0.054
0.054
0.054
0.054
0.054
0.054
0.054
0.054
0.054
0.054
0.054
0.054
0.054
0.054
0.054
0.054
0.054
0.054
0.054
0.054
0.045
0.054
0.054
0.048
0.054
0.054
0.054
0.054
0.054
0.054
0.054
0.054
0.054
0.045
0.054
0.054
0.054
0.054
0.054
0.054
0.054
0.048
0.054
0.054
-1.214
0.054
0.053
-2.176
0.054
0.054
-1.216
0.054
0.054
0.054
0.054
0.054
0.054
0.054
0.048
-1.216
0.054
0.054
0.054
0.054
0.054
0.054
0.054
0.045
0.054
0.054
0.054
0.054
0.044
0.054
0.048
0.054
0.054
0.054
0.054
0.054
0.054
0.054
0.054
0.054
0.054
0.048
-1.216
0.054
0.054
0.054
0.054
0.054
0.054
0.054
-1.214
0.054
0.054
0.054
0.054
0.054
-1.208
0.054
0.054
0.054
0.054
0.054
0.054
0.054
0.054
0.054
0.054
-1.208
0.054
0.054
-1.214
0.054
0.054
0.054
0.054
0.044
0.054
0.054
-1.214
0.052
0.054
0.045
0.051
0.054
0.054
0.054
0.054
0.053
-2.323
0.054
0.054
0.054
0.054
0.054
0.044
0.054
0.054
0.054
0.054
0.054
0.054
0.054
0.045
0.054
0.054
0.048
-1.208
0.054
0.054
0.054
0.054
0.054
0.054
0.054
0.054
0.054
0.054
0.054
0.054
0.054
0.054
0.054
0.054
0.054
