fixedStep chrom=ENSGT00390000016119 start=1 step=1
-3.178
-1.978
-3.192
-3.186
-1.978
-3.164
-1.978
-1.994
-1.996
-1.994
-1.978
-2.579
-1.978
-1.996
-3.998
-1.994
-1.994
-3.168
-1.998
-3.340
-1.994
0.060
0.060
0.060
0.060
0.060
0.056
0.060
0.060
0.060
0.060
0.060
0.059
0.060
0.060
0.060
0.057
0.060
0.060
0.060
0.059
0.060
0.060
0.060
0.060
0.060
0.060
0.060
0.060
0.060
0.060
0.060
0.060
0.060
0.060
0.060
0.060
0.060
0.060
0.060
0.060
0.060
0.060
0.060
0.060
0.060
0.060
0.060
0.060
0.060
0.060
0.060
0.060
0.060
0.060
0.060
0.060
0.060
0.060
0.060
0.057
0.060
0.060
0.060
0.060
0.060
0.060
0.060
0.060
0.060
0.060
0.060
0.060
0.060
0.060
0.060
0.060
0.060
0.060
0.060
0.060
0.060
0.060
0.060
0.060
0.060
0.060
0.059
0.060
0.060
0.060
0.060
0.060
-1.022
0.060
0.060
0.060
0.060
0.060
0.060
0.060
0.060
0.060
0.060
0.060
0.060
0.060
0.060
0.060
0.060
0.060
0.060
0.060
0.060
0.059
0.050
0.060
0.060
0.060
0.060
0.057
0.060
0.060
0.055
0.060
0.060
0.059
0.060
0.060
0.060
0.059
0.060
0.060
0.060
0.060
0.060
0.060
0.060
0.057
0.060
0.060
0.060
0.060
0.060
0.055
0.060
0.060
0.060
0.060
0.060
0.060
0.060
0.058
0.060
0.060
0.060
0.060
0.060
0.060
0.057
-0.879
-0.524
-0.523
0.060
0.060
0.060
0.060
0.060
0.060
0.060
0.060
0.060
0.060
0.060
0.060
0.060
0.060
0.058
0.060
0.060
0.060
0.060
0.055
0.059
0.060
0.060
0.060
0.060
0.060
0.057
0.060
0.060
0.060
0.060
0.060
0.060
0.049
0.060
0.060
0.060
0.060
0.060
0.060
0.060
0.060
0.060
0.060
0.060
0.049
0.049
0.060
0.060
0.060
0.060
0.060
0.055
0.060
0.060
0.060
0.060
0.060
0.060
0.048
0.049
0.056
0.048
0.060
0.060
0.060
0.060
0.060
0.059
0.060
0.060
0.060
0.060
0.060
0.059
0.060
0.060
0.060
0.060
0.060
0.048
0.060
0.060
0.060
0.060
0.060
0.059
0.060
0.060
0.060
0.060
0.055
-1.027
0.000
0.000
0.000
0.000
0.000
0.000
0.000
0.000
0.000
