fixedStep chrom=ENSGT00510000048858 start=1 step=1
-1.315
-1.308
-1.317
-1.317
-1.315
-1.308
-1.316
-1.542
-1.316
-1.315
-1.315
-1.317
-1.940
-1.317
-1.527
-1.316
-1.308
-1.316
-1.525
-1.986
-1.777
-1.525
-2.102
-1.537
0.095
0.096
0.096
0.096
0.076
0.091
0.093
0.096
0.096
0.085
0.096
0.091
0.090
0.096
0.086
0.096
0.091
0.095
0.096
0.096
0.076
0.096
0.096
0.095
0.096
0.096
0.095
0.091
0.095
0.092
0.091
0.096
0.091
0.096
0.095
0.089
0.086
0.080
0.075
0.096
0.096
0.091
0.095
0.095
0.092
0.087
0.087
0.091
0.096
0.093
0.096
0.096
-0.823
-1.540
0.073
-0.823
0.073
-0.821
0.078
0.078
0.078
0.079
0.078
0.078
0.079
0.078
0.078
0.078
0.078
0.079
0.078
0.078
0.078
0.078
0.072
0.078
0.078
0.078
0.078
0.073
0.079
0.063
0.079
0.078
0.078
0.075
-0.823
0.078
0.078
0.078
0.079
0.079
0.078
0.078
0.078
0.078
0.078
0.078
-1.512
0.075
0.078
0.063
0.078
0.079
0.078
0.078
0.079
0.078
0.078
0.079
0.078
0.078
0.078
0.073
0.078
0.079
0.078
0.078
0.078
0.075
0.078
0.078
0.079
0.078
0.078
0.078
0.073
0.078
0.078
0.078
0.079
0.078
0.078
0.078
0.079
0.078
0.063
0.078
0.078
0.078
0.078
0.078
0.075
0.078
0.073
0.078
0.078
0.078
0.078
0.078
0.078
0.078
0.076
0.078
0.079
0.078
0.078
0.078
0.078
0.078
0.079
0.073
0.078
0.079
0.073
0.078
0.079
0.078
0.078
0.078
0.078
0.073
0.079
0.073
0.078
0.078
0.078
0.078
-0.819
0.078
0.079
0.078
0.078
0.078
0.073
0.073
0.078
0.078
0.073
0.078
0.078
0.078
0.078
0.078
0.073
0.078
0.079
0.078
0.073
0.078
0.078
0.078
0.078
-0.821
0.078
0.078
0.078
0.078
0.079
0.078
0.078
0.079
0.078
0.079
0.078
0.079
0.078
0.079
0.079
0.078
0.078
0.079
0.078
0.078
0.073
0.079
0.078
0.073
0.078
0.078
0.078
0.078
-0.821
0.078
0.078
0.078
0.078
0.078
0.078
0.079
0.078
0.078
0.073
0.078
0.073
0.079
0.079
0.078
0.072
0.078
0.079
0.078
0.075
0.075
0.073
0.078
0.078
0.075
0.078
0.078
0.078
0.079
0.078
0.078
0.078
0.075
0.078
0.079
0.079
0.079
0.073
0.078
0.079
0.078
0.079
0.078
0.078
0.078
0.078
0.078
0.078
0.075
0.073
0.079
0.069
0.078
0.069
0.078
0.078
0.079
0.078
0.078
-1.573
-1.890
0.078
0.079
0.077
0.078
-1.356
0.078
0.078
0.078
0.078
0.078
0.078
0.078
0.078
0.063
0.078
0.078
0.078
0.078
0.075
0.078
0.078
0.078
0.078
0.079
0.078
0.078
0.078
0.078
0.078
0.075
0.079
0.078
0.078
0.079
0.078
0.075
0.074
0.079
0.079
0.078
0.079
0.078
0.078
0.078
0.078
0.078
0.079
0.078
0.078
0.078
0.078
0.078
0.078
0.078
0.078
0.078
0.073
0.075
-0.803
0.075
0.079
0.078
0.078
0.078
0.079
0.079
0.078
0.078
0.078
0.078
0.073
0.078
0.079
0.079
0.075
0.079
0.078
0.078
0.078
-0.803
0.078
0.078
0.078
0.063
0.072
0.079
0.078
0.078
0.075
0.075
0.078
0.079
0.079
0.079
0.078
0.079
0.078
0.094
0.094
0.096
0.087
0.087
0.094
0.096
0.096
0.087
0.096
0.090
0.096
0.094
0.094
0.094
0.096
0.096
0.096
0.096
0.087
0.096
0.094
0.087
0.087
0.096
0.096
0.053
0.053
0.053
0.053
0.053
0.053
0.087
0.096
0.086
0.076
0.096
0.096
0.087
0.096
0.096
0.082
0.087
0.087
0.087
0.087
0.096
0.096
0.087
0.091
0.087
0.087
0.071
0.096
0.087
0.092
0.087
0.094
0.087
0.087
0.096
0.073
0.096
0.096
0.096
0.094
0.096
0.096
0.090
0.087
0.087
0.094
0.093
0.094
0.096
0.087
0.083
0.096
0.079
0.087
0.096
0.096
0.096
0.096
0.087
0.091
0.087
0.087
0.087
0.093
0.087
0.096
0.096
0.096
0.093
0.096
0.096
0.096
0.096
0.096
0.096
0.074
0.093
0.091
0.096
0.096
0.096
0.092
0.093
0.096
0.096
0.096
0.093
0.096
0.092
0.096
0.096
0.096
0.096
0.096
0.096
0.093
0.096
0.096
0.094
0.093
0.096
0.096
0.096
0.093
0.079
0.096
0.070
0.096
0.096
0.080
0.093
0.096
0.096
-1.698
0.096
0.096
0.089
0.096
0.096
0.096
0.093
0.095
0.096
-1.154
-1.190
-1.190
0.035
0.035
0.035
-0.473
-0.427
-0.473
0.096
0.093
0.096
0.096
0.096
0.096
0.096
0.096
0.096
0.096
0.096
0.096
0.096
0.092
0.096
0.096
0.096
0.080
0.096
0.096
0.096
0.096
0.096
0.089
0.074
0.096
0.096
0.096
0.096
0.096
0.096
0.096
0.096
0.096
0.096
0.083
0.096
0.096
0.096
0.096
0.096
0.096
0.096
0.096
0.080
0.096
0.096
0.093
0.093
0.092
0.083
0.096
0.093
0.094
0.096
0.094
0.096
0.096
0.096
0.096
0.093
0.096
0.096
0.096
0.096
0.092
0.096
0.096
0.092
0.096
0.089
0.096
0.096
0.092
0.096
0.096
0.096
0.096
0.093
0.096
0.096
0.096
0.096
0.096
0.096
0.096
0.096
0.096
0.074
0.080
-1.712
-1.535
-1.864
0.096
0.096
0.096
0.087
0.096
0.093
0.095
0.083
0.092
0.089
0.096
0.096
0.079
-2.980
0.077
0.096
0.096
0.070
0.096
0.096
0.096
0.090
0.093
0.096
0.095
0.079
0.092
0.096
0.096
0.092
0.075
0.089
0.089
-2.876
0.067
0.089
0.089
0.084
0.076
0.084
0.085
0.089
0.000
0.000
0.000
0.000
0.000
0.000
0.089
0.077
0.093
0.082
0.072
0.075
-1.697
0.082
0.082
0.077
-2.006
-2.383
0.083
0.078
0.074
0.092
0.079
0.092
0.083
-1.950
0.096
0.087
0.096
0.096
0.096
0.096
0.096
-1.683
0.090
0.096
0.083
0.096
0.096
0.093
0.096
0.093
-0.566
-1.122
-0.722
0.084
0.096
0.096
0.096
0.083
0.093
0.096
0.080
0.084
0.096
0.096
0.096
0.096
0.096
0.094
0.000
0.000
0.000
0.000
0.000
0.000
0.000
0.000
0.000
0.075
0.096
0.073
0.096
0.096
0.085
0.077
0.096
0.094
0.089
0.096
0.096
-1.848
0.078
0.094
0.090
0.096
0.083
0.094
0.093
0.082
-1.697
0.096
0.093
0.083
0.096
0.090
0.096
0.092
0.096
0.092
0.096
0.082
0.080
0.093
0.096
0.096
0.096
0.096
-0.923
-1.450
-1.458
-1.164
-1.160
-1.164
0.096
0.096
0.096
0.096
0.096
0.096
0.096
0.096
0.096
0.092
0.096
0.096
0.096
0.096
0.096
0.096
0.096
0.096
0.096
0.096
0.096
0.087
0.096
0.096
0.089
0.096
0.096
0.095
0.083
0.094
0.096
0.096
0.096
0.094
0.089
0.096
0.096
0.096
0.096
0.096
0.093
0.096
0.096
0.096
0.092
0.096
0.096
0.087
0.096
0.096
0.089
0.096
0.096
0.096
0.096
0.096
0.093
0.096
0.096
0.096
0.096
0.096
0.096
0.096
0.096
0.096
0.096
0.096
0.096
0.089
0.096
0.096
0.096
0.096
0.096
-2.587
0.093
0.096
0.096
0.096
0.096
0.096
0.096
0.093
0.096
0.096
0.096
0.096
0.096
0.096
0.093
0.071
0.096
0.096
0.096
0.093
0.093
0.096
0.096
0.094
0.096
0.096
0.096
0.096
0.096
0.096
0.096
0.096
0.096
0.096
0.096
0.093
0.096
0.092
0.096
0.096
0.094
0.096
0.096
0.096
0.096
0.096
0.094
0.096
0.096
0.096
0.096
0.096
0.089
0.096
0.096
0.094
0.096
0.096
0.080
0.096
0.096
0.096
0.096
0.096
0.096
0.096
0.096
0.096
0.096
0.096
0.093
0.096
0.096
0.096
0.080
0.096
0.082
0.096
0.096
0.075
0.096
0.096
0.096
0.092
0.082
0.092
0.096
0.092
0.080
0.096
0.096
0.096
0.089
0.089
0.089
0.077
0.089
0.089
0.089
0.085
0.084
0.089
0.089
0.084
0.089
0.089
0.089
0.089
0.089
0.089
0.089
0.089
0.089
0.089
0.089
0.089
0.089
0.089
0.085
0.089
0.089
0.089
0.089
0.089
0.089
0.089
0.089
0.084
0.089
0.089
0.084
0.096
0.096
0.096
0.096
0.096
0.096
0.096
0.096
0.096
