fixedStep chrom=ENSGT00390000018613 start=1 step=1
0.000
0.000
0.000
0.000
0.000
0.000
0.000
0.000
0.000
0.000
0.000
0.000
0.000
0.000
0.000
0.000
0.000
0.000
0.000
0.000
0.000
0.000
0.000
0.000
-0.750
-0.926
-0.989
-1.585
0.128
-0.543
0.175
0.181
0.128
0.181
0.193
0.183
0.180
0.128
0.128
0.178
0.182
0.192
0.193
0.129
0.128
-0.543
0.187
0.189
0.192
0.125
0.189
0.195
0.192
0.193
0.122
0.195
0.128
0.129
0.193
-1.431
0.192
0.192
0.182
0.193
0.193
0.193
0.192
0.195
-0.864
0.192
0.178
0.180
0.192
0.192
0.192
0.192
0.192
0.192
0.128
0.120
0.129
0.192
0.195
0.128
-0.534
0.182
0.128
0.129
0.192
-0.524
0.127
0.195
0.181
0.190
0.128
0.191
0.189
0.192
0.149
0.183
0.195
0.182
0.182
0.192
0.183
0.128
0.192
0.129
0.178
0.129
0.124
0.193
0.195
0.123
0.192
0.128
-1.298
0.192
0.129
0.128
0.192
0.192
0.129
0.183
0.195
0.192
0.188
0.128
0.128
0.182
-0.519
0.124
0.192
0.182
0.182
0.192
0.192
0.183
0.155
0.195
0.179
0.182
0.192
0.193
-0.200
-0.200
-0.200
-0.376
-0.376
-0.376
0.192
0.193
0.175
0.195
0.192
0.180
0.168
0.195
0.159
0.122
0.182
-1.342
0.182
0.195
0.128
0.189
0.175
0.128
0.180
0.189
0.176
0.192
0.192
0.182
0.179
0.182
0.124
-0.527
0.195
0.179
0.128
0.195
0.182
0.128
0.192
0.124
0.179
0.179
0.168
0.182
0.192
0.186
0.187
0.192
0.175
0.179
0.126
-3.364
1.241
1.241
1.241
0.128
0.129
0.127
0.195
0.195
0.183
0.192
0.178
0.188
0.182
0.182
0.182
0.195
0.192
0.192
0.187
0.195
0.128
0.192
0.129
0.124
0.129
0.175
0.192
0.129
0.128
0.170
0.195
0.189
0.195
0.192
0.178
0.176
0.190
0.193
0.193
0.192
0.124
0.187
0.192
0.128
-0.786
0.129
0.179
0.129
0.128
0.192
0.192
0.128
0.193
0.193
0.193
0.178
0.190
0.126
0.178
0.127
0.128
0.191
0.180
-0.690
-0.741
-0.901
-0.952
-0.745
-1.668
-0.690
-0.705
-0.807
-0.698
-0.690
-0.951
-0.929
-0.760
-0.746
-0.705
-0.703
-0.705
-0.690
-0.705
-0.705
-0.690
-0.705
-0.999
0.000
0.000
0.000
0.000
0.000
0.000
0.000
0.000
0.000
0.000
0.000
0.000
0.000
0.000
0.000
0.000
0.000
0.000
0.000
0.000
0.000
0.000
0.000
0.000
0.000
0.000
0.000
0.000
0.000
0.000
0.000
0.000
0.000
0.000
0.000
0.000
0.000
0.000
0.000
0.000
0.000
0.000
0.000
0.000
0.000
0.000
0.000
0.000
0.000
0.000
0.000
0.000
0.000
0.000
0.000
0.000
0.000
0.000
0.000
0.000
0.000
0.000
0.000
0.000
0.000
0.000
0.000
0.000
0.000
0.000
0.000
0.000
0.000
0.000
0.000
0.000
0.000
0.000
0.000
0.000
0.000
0.000
0.000
0.000
0.000
0.000
0.000
0.000
0.000
0.000
0.000
0.000
0.000
0.000
0.000
0.000
0.000
0.000
0.000
-0.730
-0.929
-1.069
-1.252
-1.268
-0.718
-0.690
-0.820
-0.746
-0.755
-0.820
-0.853
0.000
0.000
0.000
0.000
0.000
0.000
0.000
0.000
0.000
0.000
0.000
0.000
0.000
0.000
0.000
0.000
0.000
0.000
0.000
0.000
0.000
0.000
0.000
0.000
0.000
0.000
0.000
0.000
0.000
0.000
0.000
0.000
0.000
0.000
0.000
0.000
0.000
0.000
0.000
0.000
0.000
0.000
0.000
0.000
0.000
