fixedStep chrom=ENSGT00390000007870 start=1 step=1
0.079
0.079
0.079
0.079
0.079
0.079
0.079
0.079
0.079
0.079
0.079
0.079
0.079
0.072
0.079
0.079
0.079
0.079
0.079
0.079
0.079
0.079
0.079
0.079
0.079
0.079
0.075
0.079
0.079
0.077
0.073
0.079
0.073
0.079
0.079
0.079
0.079
0.079
0.079
0.079
0.079
0.079
0.079
0.079
0.077
0.079
0.079
0.079
0.079
0.079
0.079
0.079
0.079
0.079
0.079
0.079
0.079
0.079
0.079
0.079
0.079
0.079
0.077
0.079
0.079
0.079
0.079
0.079
0.077
0.079
0.079
0.067
0.079
0.079
0.079
0.075
0.079
0.073
0.079
0.079
0.079
0.077
0.079
0.079
0.079
0.079
0.077
0.079
0.079
0.079
0.078
0.079
0.079
0.079
0.079
0.079
0.079
0.079
0.079
0.079
0.079
0.077
0.079
0.079
0.079
0.079
-0.781
-2.241
0.079
0.079
0.073
0.079
0.073
0.073
0.079
0.079
-1.477
0.073
0.073
-1.487
0.073
-0.764
0.076
0.079
0.079
0.073
0.079
0.079
0.079
0.079
-0.781
0.079
-0.785
-0.783
-1.429
-0.939
-0.940
-0.939
-0.941
-0.941
-1.131
-0.941
-0.940
-1.706
-0.941
-0.940
-1.115
0.073
0.079
0.079
-0.764
0.079
0.079
-0.764
0.079
0.060
0.073
0.079
0.077
0.079
0.079
0.079
0.079
-0.786
0.061
0.079
0.079
-0.764
-0.786
0.079
-0.764
0.079
0.079
0.073
0.079
0.079
-0.764
0.073
0.079
-0.764
-0.764
-0.781
-0.764
0.079
-0.781
-1.471
-0.131
-0.131
-0.131
0.073
-0.781
0.073
-0.786
-0.781
-0.781
-0.786
-0.781
0.073
0.073
0.073
0.077
0.073
0.073
-1.501
0.073
0.073
-0.783
-0.781
-0.786
0.077
-0.781
0.072
0.079
-0.783
0.073
-0.786
-0.764
0.079
-0.786
0.076
0.076
0.076
0.076
0.076
0.076
0.076
0.076
0.076
0.076
0.076
0.076
0.076
0.076
0.076
0.076
0.076
0.076
0.076
0.076
0.076
0.076
0.076
0.076
0.076
0.076
0.076
0.076
0.076
0.076
0.076
0.076
0.076
0.076
0.076
0.076
0.076
0.076
0.076
0.076
0.076
0.076
0.076
0.076
0.076
0.000
0.000
0.000
0.000
0.000
0.000
0.000
0.000
0.000
0.000
0.000
0.000
0.000
0.000
0.000
0.000
0.000
0.000
0.000
0.000
0.000
0.000
0.000
0.000
0.000
0.000
0.000
0.000
0.000
0.000
0.000
0.000
0.000
0.000
0.000
0.000
0.000
0.000
0.000
0.000
0.000
0.000
0.000
0.000
0.000
0.000
0.000
0.000
0.000
0.000
0.000
0.000
0.000
0.000
0.000
0.000
0.000
0.000
0.000
0.000
0.000
0.000
0.000
0.000
0.000
0.000
0.000
0.000
0.000
0.000
0.000
0.000
0.000
0.000
0.000
0.000
0.000
0.000
0.000
0.000
0.000
0.000
0.000
0.000
0.000
0.000
0.000
0.000
0.000
0.000
0.000
0.000
0.000
0.000
0.000
0.000
0.000
0.000
0.000
0.000
0.000
0.000
0.076
0.076
0.076
0.079
0.079
-0.764
0.079
0.079
0.079
0.077
0.079
0.079
0.079
0.079
0.079
0.079
0.077
-0.781
0.079
0.079
0.079
0.079
0.079
0.079
0.079
0.079
0.079
0.079
0.079
0.076
0.079
0.079
0.079
0.079
0.079
0.079
0.079
0.079
0.079
0.077
0.079
0.072
0.079
0.079
0.074
0.079
0.079
0.079
0.079
0.079
0.079
0.079
0.079
0.079
0.079
0.079
0.079
0.079
0.079
0.079
0.079
0.079
0.079
0.079
0.079
0.077
0.079
0.079
0.079
0.079
0.079
0.079
0.079
0.079
0.079
0.079
0.079
0.077
0.079
0.079
0.079
0.079
0.079
0.079
0.079
0.079
0.079
0.079
0.079
0.079
0.079
0.079
0.079
0.079
0.079
0.079
0.079
0.079
0.063
0.079
0.079
0.079
0.079
0.079
0.079
0.079
0.079
0.075
0.079
0.079
0.079
0.079
0.079
0.079
0.079
0.079
0.073
0.079
0.079
0.076
0.079
0.079
0.079
0.079
0.079
0.079
0.079
0.079
0.079
0.079
0.079
0.079
0.079
0.079
0.079
0.079
0.079
0.079
0.079
0.079
0.079
0.079
0.079
0.073
0.079
0.079
0.079
0.079
0.079
0.076
0.079
0.079
0.079
0.079
0.079
0.079
0.079
0.079
0.077
0.079
0.079
0.076
0.079
0.079
0.076
0.079
0.079
0.079
0.079
0.079
0.073
0.079
0.079
0.076
0.079
0.079
0.079
0.079
0.079
0.079
0.079
0.079
0.079
0.079
0.079
0.079
0.079
0.079
0.079
0.079
0.079
0.079
0.079
0.079
0.079
0.079
0.079
0.079
0.079
0.079
0.079
0.079
0.079
0.078
0.079
0.079
0.079
0.079
0.079
0.079
0.079
0.079
0.079
0.079
0.079
0.079
0.079
0.079
0.073
0.079
0.079
0.079
0.079
0.079
0.078
0.079
0.079
0.079
0.079
0.079
0.079
0.079
0.079
0.073
0.079
0.079
0.079
0.079
0.079
0.073
0.079
0.079
0.079
0.079
0.079
0.077
0.079
0.079
0.079
0.079
0.079
0.079
0.079
0.079
0.079
0.079
0.079
0.079
0.079
0.079
0.076
0.079
0.079
0.077
0.079
0.079
0.079
0.079
0.079
0.071
0.079
0.079
0.079
0.079
0.079
0.079
0.079
0.079
0.079
0.079
0.079
0.073
0.079
0.079
0.079
0.079
0.079
0.079
0.079
0.079
0.079
0.079
0.079
0.079
0.079
0.079
0.079
0.079
0.079
0.077
0.079
0.079
0.079
0.079
0.079
0.079
0.079
0.079
0.079
0.079
0.079
0.079
0.079
0.079
0.079
0.079
0.079
0.076
0.079
0.079
0.076
0.079
0.079
0.061
0.079
0.079
0.073
0.079
0.079
0.077
0.079
0.079
0.079
0.079
0.079
0.077
0.079
0.079
0.079
0.079
0.079
0.079
0.079
0.079
0.079
0.079
0.079
0.079
0.079
0.079
0.079
0.079
0.079
0.079
0.079
0.079
0.079
0.079
0.079
0.077
0.079
0.079
0.079
0.079
0.079
0.073
0.079
0.079
0.079
0.079
0.079
0.079
0.079
0.079
0.079
0.079
0.079
0.079
0.079
0.079
0.079
0.079
0.079
0.079
0.079
0.079
0.079
0.079
0.079
0.076
0.079
0.079
0.079
0.079
0.079
0.066
0.079
0.079
0.079
0.079
0.079
0.079
0.079
0.079
0.075
0.079
0.079
0.079
0.079
0.079
0.079
0.079
0.079
0.073
0.079
0.079
0.079
0.079
0.079
0.079
0.079
0.079
0.079
0.079
0.079
0.076
0.079
0.061
0.061
0.075
0.079
0.069
0.075
0.075
0.058
0.075
0.079
0.061
0.075
0.075
0.069
0.075
0.061
0.061
0.061
0.075
0.075
0.059
0.061
0.061
0.079
0.075
0.076
0.075
0.075
0.054
0.079
0.075
0.077
0.061
0.075
0.061
0.079
0.079
0.077
0.058
0.079
0.075
0.061
0.061
0.075
0.075
0.079
-2.021
0.061
0.075
0.058
0.061
0.075
0.079
0.061
0.079
0.079
0.079
0.079
0.076
0.079
0.079
0.077
0.079
0.079
0.077
0.079
0.079
0.079
0.079
0.079
0.079
0.079
0.079
0.079
0.079
0.079
0.079
0.079
0.079
0.077
0.079
0.079
0.067
0.079
0.079
0.079
0.079
0.079
0.063
0.079
0.079
0.077
0.079
0.079
0.079
0.079
0.079
0.079
0.079
0.079
0.079
0.079
0.079
-2.180
0.079
0.079
0.072
0.079
0.079
0.079
0.079
0.079
0.079
0.079
0.079
0.079
0.079
0.079
0.079
0.079
0.079
0.079
0.079
0.079
0.079
0.079
0.079
0.076
0.079
0.079
0.079
0.079
0.079
0.079
0.079
0.079
0.075
0.079
0.079
0.079
0.079
0.079
0.077
0.073
0.079
0.079
0.079
0.079
0.076
0.079
0.079
0.079
0.079
0.079
0.071
0.079
0.079
0.079
0.079
0.079
0.077
0.079
0.079
0.073
0.079
0.079
0.079
0.079
0.079
0.079
0.079
0.079
0.071
0.079
0.079
0.077
0.079
0.079
0.077
0.079
0.079
0.079
0.079
0.079
0.076
0.079
0.079
0.079
0.079
0.079
0.079
0.079
0.079
0.069
0.079
0.079
0.079
0.000
0.000
0.000
0.000
0.000
0.000
0.000
0.000
0.000
0.000
0.000
0.000
0.000
0.000
0.000
-0.573
-0.565
-0.574
-0.939
-0.941
-0.939
-0.941
-0.941
-1.115
-0.941
-0.939
-0.941
-0.941
-0.941
-0.941
-1.180
-1.181
-2.645
-1.180
-1.176
-1.176
-1.181
-1.176
-1.925
-1.180
-1.180
-1.181
-1.180
-1.180
-1.181
-1.181
-1.181
-1.181
-1.180
-1.180
-1.181
-1.181
-1.180
-1.181
