fixedStep chrom=ENSGT00390000011605 start=1 step=1
0.140
0.141
0.127
0.140
0.140
0.132
0.134
0.141
0.111
0.130
0.136
-0.757
0.137
0.141
0.138
-0.707
0.136
0.131
0.136
0.141
0.140
0.140
0.128
0.095
0.136
0.135
0.095
0.130
0.140
0.128
0.140
0.130
0.095
0.095
0.131
-1.795
0.133
0.141
0.095
0.133
0.140
0.095
0.130
0.134
0.127
0.140
0.141
0.095
0.130
0.141
0.129
0.130
0.141
0.095
0.095
0.128
-0.688
0.140
0.141
0.126
0.130
0.133
0.140
0.141
0.141
0.135
0.141
0.140
0.140
0.140
0.141
0.130
0.140
0.140
0.110
0.140
0.140
0.133
0.140
0.141
0.092
0.128
0.140
0.130
-1.937
0.114
0.095
0.141
0.140
0.132
0.140
0.132
0.140
0.140
0.140
0.140
0.140
0.140
0.140
0.104
0.140
0.134
0.136
0.124
0.140
0.140
0.140
0.122
0.141
0.140
0.130
0.140
0.140
0.130
0.141
0.140
0.131
0.140
0.140
-1.952
0.141
0.141
0.128
0.140
0.140
0.140
0.140
0.140
0.092
-1.481
0.128
0.140
-0.867
0.126
0.095
0.130
0.140
-0.657
0.140
0.140
0.137
0.140
0.140
0.140
0.092
0.141
-1.211
0.140
0.140
0.109
0.141
0.141
0.140
0.141
0.140
0.112
0.140
0.141
0.140
0.140
0.140
0.140
0.141
0.141
0.129
0.141
0.141
0.140
0.134
0.141
0.140
0.130
0.141
0.113
0.140
0.140
0.128
0.140
0.141
0.130
0.140
0.140
0.131
0.141
0.141
0.130
0.135
0.141
-0.657
0.138
0.141
0.140
0.141
0.141
0.137
0.140
0.140
0.137
0.130
0.141
0.140
0.140
0.140
0.140
0.140
0.141
0.128
0.140
0.140
0.130
0.140
0.141
-1.764
0.140
0.141
-1.166
0.136
0.141
-1.230
0.133
0.140
0.132
0.138
0.141
-1.239
0.140
0.140
-1.780
0.141
0.140
0.136
0.140
0.140
0.130
0.111
0.131
-0.885
0.140
0.140
0.095
0.140
0.140
0.138
0.138
0.140
-1.441
0.140
0.140
0.140
0.132
0.141
-1.434
0.095
0.095
0.095
0.112
0.141
0.095
0.140
0.141
0.140
-0.705
0.137
-1.383
0.140
0.102
-1.203
0.095
0.130
0.133
-0.867
0.140
0.128
0.112
0.141
-0.677
0.110
0.132
0.111
0.131
0.141
0.113
0.140
0.141
0.136
0.140
0.129
0.135
0.140
0.141
0.130
0.140
0.141
0.140
0.130
0.133
0.133
0.140
0.141
0.112
0.128
0.140
0.127
0.133
0.141
-1.899
0.127
0.140
-0.731
0.141
0.140
0.130
0.140
0.140
0.137
0.141
0.140
0.140
-1.800
0.128
0.108
0.140
0.140
0.140
0.140
0.140
0.140
0.140
0.140
0.131
0.129
0.141
0.095
0.140
0.140
0.095
0.141
0.140
0.131
0.128
0.140
0.130
0.140
0.140
0.140
