fixedStep chrom=ENSGT00390000008503 start=1 step=1
0.000
0.000
0.000
0.000
0.000
0.000
0.000
0.000
0.000
0.000
0.000
0.000
0.000
0.000
0.000
0.000
0.000
0.000
0.000
0.000
0.000
0.079
0.079
0.079
0.079
0.079
0.079
0.062
0.079
0.079
0.079
0.079
0.079
0.079
0.078
0.064
0.079
0.079
0.079
0.079
0.079
0.076
0.079
0.079
0.079
0.079
0.079
0.079
0.079
0.068
0.076
0.079
0.079
0.079
0.073
0.079
0.079
0.079
0.074
0.076
0.065
0.066
0.079
0.079
0.079
0.079
0.079
0.079
0.079
0.079
0.079
0.077
0.079
0.079
0.069
0.079
0.079
0.072
0.079
0.079
0.075
0.079
0.079
0.077
0.079
0.079
0.079
0.079
0.079
0.079
0.079
0.079
0.069
0.079
0.079
0.079
0.079
0.079
0.076
0.079
0.079
0.079
0.079
0.079
-1.998
0.079
0.079
0.079
0.079
0.079
0.079
0.079
0.079
0.076
0.079
0.079
0.079
0.079
0.079
0.079
0.079
0.079
0.076
0.079
0.079
0.079
0.079
0.079
0.079
0.079
0.079
0.076
0.079
0.079
0.079
0.079
0.079
0.079
0.079
0.079
0.079
0.079
0.079
0.079
0.079
0.079
0.079
0.079
0.079
0.076
0.079
0.079
0.079
0.079
0.079
0.079
0.079
0.079
0.079
0.079
0.079
0.079
0.079
0.079
0.079
0.079
0.079
0.079
0.079
0.079
0.079
0.079
0.079
0.079
0.079
0.079
0.079
0.079
0.079
0.077
0.079
0.079
0.079
0.079
0.079
0.075
0.067
0.079
0.079
0.079
0.079
0.075
0.079
0.079
0.079
0.079
0.079
0.079
0.079
0.079
0.062
0.079
0.079
0.079
0.079
0.074
0.076
0.079
0.079
0.077
0.079
0.079
0.079
0.079
0.079
0.079
0.079
0.077
0.079
0.079
0.079
0.076
0.079
0.079
0.079
0.079
0.079
0.079
0.076
0.079
0.073
0.079
0.076
0.079
0.079
0.079
0.079
0.065
0.076
0.077
0.075
0.079
0.079
0.079
0.079
0.077
0.079
0.079
0.076
0.079
0.079
0.079
0.071
0.079
0.073
0.079
0.079
0.074
0.077
0.079
0.079
0.059
0.074
0.056
0.074
0.074
0.060
0.079
0.059
0.074
0.059
0.056
0.074
0.059
0.074
0.076
0.079
0.059
0.076
-2.109
-3.024
0.074
0.000
0.000
0.000
0.000
0.000
0.000
0.000
0.000
0.000
0.000
0.000
0.000
0.000
0.000
0.000
0.000
0.000
0.000
0.000
0.000
0.000
0.000
0.000
0.000
0.000
0.000
0.000
0.000
0.000
0.000
0.000
0.000
0.000
0.000
0.000
0.000
0.000
0.000
0.000
0.000
0.000
0.000
0.000
0.000
0.000
0.000
0.000
0.000
0.000
0.000
0.000
0.000
0.000
0.000
0.000
0.000
0.000
0.000
0.000
0.000
0.000
0.000
0.000
