fixedStep chrom=ENSGT00390000009447 start=1 step=1
0.052
0.052
0.052
0.052
0.052
0.052
0.052
0.052
0.052
0.052
0.052
0.052
0.052
0.052
0.052
0.052
0.052
0.052
0.052
0.052
0.052
0.052
0.052
0.052
0.052
0.052
0.052
0.052
0.052
0.052
0.052
0.052
0.047
0.052
0.052
0.052
0.052
0.052
0.052
0.052
0.052
0.047
0.052
0.052
0.052
0.052
0.052
0.045
0.052
0.052
0.052
0.052
0.052
0.052
0.052
0.052
0.052
0.052
0.052
0.047
0.052
0.052
0.052
0.052
0.052
0.052
0.052
0.052
-3.719
0.052
0.052
0.052
0.052
0.052
0.052
0.052
0.052
0.052
0.052
0.052
0.052
0.052
0.052
0.052
0.052
0.052
0.047
0.052
0.052
0.052
0.052
0.052
0.052
0.052
0.052
0.052
0.052
0.052
0.052
0.052
0.052
0.052
0.052
0.052
0.052
0.052
0.052
0.052
0.052
0.052
0.052
0.052
0.052
0.051
0.052
0.052
0.052
0.052
0.052
0.052
0.052
0.052
0.052
0.052
0.052
0.052
0.052
0.052
0.047
0.052
0.052
0.050
0.052
0.052
0.052
0.052
0.052
0.050
0.052
0.052
0.047
0.052
0.052
0.052
0.052
0.052
0.052
0.052
0.052
0.052
0.052
0.052
0.052
0.052
0.052
0.052
0.052
0.052
0.052
0.052
0.052
-1.241
0.052
0.052
0.050
0.052
0.052
0.052
0.052
0.052
0.052
0.052
0.052
0.050
0.052
0.052
0.052
0.052
0.052
0.052
0.052
0.052
0.052
0.052
0.052
0.052
0.052
0.052
0.052
0.052
0.052
0.052
0.052
0.052
0.050
0.052
0.052
0.052
0.052
0.052
0.052
0.052
0.047
0.050
0.052
0.052
0.052
0.052
0.052
-1.242
0.052
0.052
0.047
0.052
0.052
0.052
0.052
0.052
0.052
0.052
0.052
0.047
0.052
0.052
0.052
0.052
0.052
0.052
0.052
0.052
0.052
0.047
0.052
0.052
0.052
0.052
0.052
0.052
0.052
0.052
0.052
0.052
0.052
0.052
0.052
0.051
0.052
0.052
0.047
0.052
0.047
0.052
0.052
0.052
0.052
0.052
0.052
0.052
0.052
0.052
0.050
0.052
0.052
0.052
