fixedStep chrom=ENSGT00530000063506 start=1 step=1
0.000
0.000
0.000
0.000
0.000
0.000
0.000
0.000
0.000
0.000
0.000
0.000
0.000
0.000
0.000
0.000
0.000
0.000
0.000
0.000
0.000
0.000
0.000
0.000
0.000
0.000
0.000
0.000
0.000
0.000
0.000
0.000
0.000
0.000
0.000
0.000
0.000
0.000
0.000
0.000
0.000
0.000
0.000
0.000
0.000
0.000
0.000
0.000
0.000
0.000
0.000
0.000
0.000
0.000
0.000
0.000
0.000
0.000
0.000
0.000
0.000
0.000
0.000
0.000
0.000
0.000
0.000
0.000
0.000
0.000
0.000
0.000
0.000
0.000
0.000
0.000
0.000
0.000
0.000
0.000
0.000
0.000
0.000
0.000
0.000
0.000
0.000
0.000
0.000
0.000
0.000
0.000
0.000
0.000
0.000
0.000
0.000
0.000
0.000
0.000
0.000
0.000
0.000
0.000
0.000
0.000
0.000
0.000
0.000
0.000
0.000
0.000
0.000
0.000
0.000
0.000
0.000
0.000
0.000
0.000
0.000
0.000
0.000
0.000
0.000
0.000
0.000
0.000
0.000
0.000
0.000
0.000
0.000
0.000
0.000
0.000
0.000
0.000
0.000
0.000
0.000
0.000
0.000
0.000
0.000
0.000
0.000
0.000
0.000
0.000
0.000
0.000
0.000
0.000
0.000
0.000
0.000
0.000
0.000
0.000
0.000
0.000
0.000
0.000
0.000
0.000
0.000
0.000
0.000
0.000
0.000
0.000
0.000
0.000
0.000
0.000
0.000
0.000
0.000
0.000
0.000
0.000
0.000
0.000
0.000
0.000
0.000
0.000
0.000
0.000
0.000
0.000
0.000
0.000
0.000
0.000
0.000
0.000
0.000
0.000
0.000
0.000
0.000
0.000
0.000
0.000
0.000
0.000
0.000
0.000
0.000
0.000
0.000
0.000
0.000
0.000
0.000
0.000
0.000
0.000
0.000
0.000
0.000
0.000
0.000
0.000
0.000
0.000
0.000
0.000
0.000
0.000
0.000
0.000
0.000
0.000
0.000
0.000
0.000
0.000
0.000
0.000
0.000
0.000
0.000
0.000
0.000
0.000
0.000
0.000
0.000
0.000
0.000
0.000
0.000
0.000
0.000
0.000
0.000
0.000
0.000
0.000
0.000
0.000
0.000
0.000
0.000
0.000
0.000
0.000
0.000
0.000
0.000
0.000
0.000
0.197
0.147
0.149
0.192
0.147
0.142
0.145
0.147
0.139
0.183
0.147
0.149
0.137
0.197
0.191
0.191
0.198
0.195
0.195
0.197
0.191
0.144
0.195
0.179
0.194
0.149
0.148
0.184
0.197
0.194
0.190
0.181
0.193
0.144
0.191
0.193
0.187
0.137
0.192
0.194
0.145
0.191
0.191
0.197
0.195
0.192
-1.685
0.148
0.191
0.144
0.180
0.190
-1.826
0.149
0.191
0.185
0.146
0.190
0.167
0.169
0.000
0.000
0.000
0.000
0.000
0.000
0.000
0.000
0.000
0.000
0.000
0.000
0.000
0.000
0.000
0.000
0.000
0.000
0.000
0.000
0.000
0.000
0.000
0.000
0.000
0.000
0.000
0.000
0.194
0.194
0.149
0.197
0.188
0.150
0.195
0.191
0.171
0.149
0.197
0.145
-1.014
-0.973
-1.030
-0.970
-1.073
-1.584
-0.798
-0.651
-0.632
-0.630
-0.650
-0.771
-1.173
-0.798
-0.791
-1.194
-0.878
-0.791
-1.095
-0.803
-0.918
-1.228
-1.230
-0.791
-0.797
-0.791
-1.359
-1.514
-1.105
-0.877
-0.933
-0.786
-1.401
0.000
0.000
0.000
0.000
0.000
0.000
0.000
0.000
0.000
0.000
0.000
0.000
0.000
0.000
0.000
0.000
0.000
0.000
0.000
0.000
0.000
0.000
0.000
0.000
0.000
0.000
0.000
0.000
0.000
0.000
0.000
0.000
0.000
0.197
0.197
0.147
0.192
0.198
0.137
-1.195
-1.251
-1.194
0.147
0.197
0.146
0.195
0.192
0.177
0.176
0.197
0.134
0.178
0.183
0.145
0.140
0.192
0.145
0.180
0.195
0.191
0.192
0.197
0.192
0.180
0.179
0.176
0.000
0.000
0.000
0.000
0.000
0.000
0.000
0.000
0.000
0.000
0.000
0.000
0.000
0.000
0.000
0.000
0.000
0.000
0.000
0.000
0.000
-1.013
-0.932
-0.986
-0.804
-1.040
-1.187
0.194
0.144
0.138
0.195
0.192
0.192
0.144
0.149
0.192
0.139
0.149
0.197
0.140
0.195
0.192
0.195
0.183
0.194
0.149
0.194
0.144
0.195
0.197
0.145
0.194
0.149
0.134
0.178
-0.382
0.168
0.000
0.000
0.000
0.000
0.000
0.000
0.000
0.000
0.000
0.000
0.000
0.000
0.000
0.000
0.000
0.000
0.000
0.000
0.000
0.000
0.000
0.000
0.000
0.000
0.000
0.000
0.000
0.000
0.000
0.000
0.000
0.000
0.000
0.197
0.197
0.191
0.190
0.197
0.193
0.149
0.188
0.185
0.139
0.135
0.139
0.184
0.188
0.132
0.141
0.188
0.187
0.173
0.180
0.131
0.141
0.191
0.179
0.191
0.191
0.188
0.141
0.141
0.138
0.138
0.141
0.179
0.184
0.186
0.174
0.191
0.188
0.176
0.188
0.188
0.184
0.185
0.141
0.174
0.141
0.188
0.175
0.188
0.187
0.186
0.191
0.191
0.185
0.191
0.191
0.179
0.191
0.188
0.188
-0.969
-0.985
-0.985
0.188
0.188
0.137
0.184
0.141
0.191
0.188
0.191
0.189
0.141
0.188
0.132
0.141
0.188
-0.457
0.135
0.141
0.185
0.185
0.191
0.130
0.188
0.191
0.141
0.138
0.188
0.170
0.131
0.188
0.140
0.191
0.188
0.184
0.354
0.354
0.348
0.141
0.141
0.183
0.138
0.191
0.135
0.187
0.188
0.140
0.188
0.191
0.141
0.191
0.191
0.187
0.171
0.191
0.141
0.185
0.188
0.181
0.188
0.188
0.141
0.140
0.184
0.139
0.141
0.185
0.141
0.191
0.188
0.000
0.000
0.000
0.000
0.000
0.000
0.000
0.000
0.000
0.000
0.188
0.187
0.191
0.175
0.188
0.188
0.192
0.182
0.144
0.149
0.195
-0.381
0.195
0.195
0.194
0.194
0.149
0.145
0.178
0.149
0.192
0.197
0.197
0.195
0.195
0.195
0.188
0.195
0.198
0.140
0.149
0.195
0.192
0.194
0.140
0.137
0.140
0.194
0.198
-1.152
0.197
0.197
0.191
0.145
0.137
0.197
0.191
0.145
0.148
0.198
0.194
0.195
0.192
0.149
0.149
0.195
0.191
0.357
0.357
0.355
0.193
0.194
0.194
0.192
0.143
0.192
0.146
0.198
0.149
0.149
0.149
-0.568
0.195
0.141
0.188
0.185
0.187
0.187
0.164
0.188
0.141
0.138
0.186
0.141
0.185
0.185
0.188
0.191
0.139
0.141
0.191
0.141
0.191
0.188
0.183
0.185
0.185
0.141
0.140
0.132
0.187
0.184
-1.295
0.190
0.135
0.185
0.185
0.192
0.149
0.198
0.149
0.175
0.197
0.149
0.173
0.149
0.197
0.194
0.149
0.139
0.149
0.195
0.195
0.000
0.000
0.000
0.000
0.000
0.000
0.000
0.000
0.000
0.000
0.000
0.000
0.000
0.000
0.000
0.000
0.000
0.000
0.000
0.000
0.000
0.000
0.000
0.000
0.000
0.000
0.000
0.000
0.000
0.000
0.000
0.000
0.000
0.000
0.000
0.188
0.149
0.195
0.197
0.192
0.191
0.194
0.148
0.149
0.195
0.149
0.191
-0.382
0.194
0.194
0.194
0.198
0.198
0.194
0.195
0.194
0.195
0.149
0.197
0.194
0.149
0.194
0.178
0.192
0.198
0.149
0.192
0.198
0.186
0.149
0.194
0.193
0.193
0.149
0.195
0.195
0.194
0.196
0.197
0.195
0.195
0.144
0.194
0.192
0.197
0.197
0.195
0.191
0.198
0.142
0.198
0.149
0.144
0.189
0.198
0.197
0.198
0.194
0.196
0.149
0.198
0.149
0.198
0.194
0.190
0.173
0.198
0.182
0.195
0.197
0.197
0.193
0.198
0.149
0.149
0.195
0.190
0.192
0.195
0.146
0.146
0.198
0.135
0.192
0.149
0.192
0.195
0.149
0.145
0.357
0.357
0.357
0.149
0.194
0.146
0.145
0.197
0.149
0.140
0.149
0.149
0.192
0.197
0.000
0.000
0.000
0.000
0.000
0.000
0.000
0.000
0.000
0.000
0.000
0.000
0.000
0.000
0.000
0.000
0.000
0.000
0.000
0.000
0.000
0.000
0.000
0.000
0.000
0.000
0.000
0.000
0.000
0.198
0.189
0.149
0.149
0.149
0.180
0.188
0.149
0.195
0.195
0.195
0.195
0.195
0.143
0.147
0.198
0.196
0.194
0.149
0.190
0.198
0.195
0.195
0.558
0.558
0.558
0.357
0.357
0.357
0.197
0.149
0.149
0.195
0.195
0.193
0.197
0.198
0.192
0.195
0.197
0.148
0.194
0.194
-1.243
0.194
0.193
0.139
0.195
0.195
0.197
0.194
0.197
0.194
0.195
0.194
0.184
0.198
0.176
0.149
0.194
0.198
0.148
0.194
0.198
0.192
0.197
0.197
0.140
-0.953
0.198
0.149
0.149
0.194
0.149
0.193
0.198
0.178
0.192
0.149
0.197
0.195
0.194
0.192
0.190
0.194
0.149
0.195
0.149
0.144
0.198
0.149
0.189
0.149
0.137
0.149
0.192
0.198
0.148
0.149
0.198
0.149
0.195
0.195
0.195
0.000
0.000
0.000
0.000
0.000
0.000
0.000
0.000
0.000
0.000
0.000
0.000
0.000
0.186
0.149
0.183
0.139
0.184
-0.383
0.191
-0.377
0.139
0.195
0.172
0.001
0.010
0.008
0.176
0.176
-3.263
0.188
0.174
-1.164
-0.384
0.174
0.166
0.193
0.147
-2.191
0.186
0.189
0.188
0.139
0.174
0.170
-1.333
-1.315
-1.098
0.000
0.000
0.000
0.000
0.000
0.000
0.000
0.000
0.000
0.000
0.000
0.000
0.000
0.000
0.161
0.182
0.168
-0.958
0.192
0.186
-1.643
0.195
0.144
0.177
-1.624
0.170
0.176
-0.372
0.184
-2.552
0.184
0.182
0.191
0.146
0.183
0.144
0.179
0.174
0.164
1.015
1.015
1.015
0.184
0.182
0.190
0.178
0.181
-2.999
-0.384
0.194
0.189
0.138
0.192
0.168
0.167
0.197
0.134
-1.173
0.182
0.138
0.194
0.197
0.134
0.167
0.190
-0.371
0.168
0.192
0.185
0.168
0.176
0.137
-0.631
-1.185
0.133
0.133
0.198
0.134
0.179
0.197
0.167
0.166
0.173
0.188
0.000
0.000
0.000
0.000
0.000
0.000
0.000
0.000
0.000
0.000
0.000
0.000
0.000
0.000
0.000
0.000
0.000
0.000
0.000
0.000
0.000
0.000
0.000
0.000
0.000
0.000
0.000
0.000
0.000
0.000
0.000
0.000
0.000
0.000
0.000
0.000
0.000
0.000
0.000
0.000
0.000
0.000
0.000
0.000
0.000
0.000
0.000
0.000
0.000
0.000
0.000
0.000
0.000
0.000
0.000
0.000
0.000
0.000
0.000
0.000
0.000
0.000
0.000
0.000
0.000
0.000
0.000
0.000
0.000
0.000
0.000
0.000
0.000
0.000
0.000
0.000
0.000
0.000
0.000
0.197
0.195
0.178
0.198
0.148
0.149
0.193
0.198
0.146
0.198
0.146
0.198
0.195
0.196
0.198
0.195
0.195
0.194
0.198
0.146
0.198
0.149
0.196
0.198
0.197
0.196
0.195
0.192
0.193
0.184
0.198
0.144
0.149
0.198
0.149
0.149
0.149
0.194
0.197
0.198
0.140
0.143
-2.075
0.139
0.197
0.195
0.192
0.192
0.149
0.147
0.144
0.194
0.147
0.193
0.149
0.148
0.197
0.198
0.143
0.197
0.195
0.149
0.149
0.194
0.193
0.197
0.197
0.149
0.195
0.148
0.146
0.149
0.198
0.146
0.197
0.195
0.194
0.149
0.146
0.147
0.148
0.198
0.144
0.194
0.149
0.190
0.153
0.192
0.195
0.195
0.198
0.143
0.196
0.197
0.135
0.192
0.163
0.192
0.000
0.000
0.000
0.000
0.000
0.000
0.000
0.000
0.000
0.000
0.000
0.000
0.189
0.195
0.147
0.194
0.197
0.146
0.195
0.191
0.194
0.149
0.149
0.179
0.147
0.149
0.192
-1.685
0.196
0.198
0.197
0.197
0.145
0.194
0.191
0.148
0.192
0.195
0.195
0.195
0.192
0.197
0.193
0.198
0.139
0.172
0.198
0.137
0.189
0.149
0.149
0.192
0.149
0.192
0.198
0.198
0.194
0.148
0.195
0.149
0.190
0.139
0.149
0.192
0.192
0.149
0.188
0.149
0.149
-0.910
0.000
0.000
0.000
0.000
0.000
0.000
0.000
0.000
0.000
0.000
0.000
0.000
0.000
0.000
0.000
0.000
0.000
0.000
0.000
0.000
0.000
0.000
0.000
0.000
0.000
0.000
0.000
0.000
0.000
0.000
0.000
0.000
0.000
0.000
0.000
0.000
0.000
0.000
0.000
0.000
0.000
0.000
0.000
0.000
0.000
0.000
0.000
0.000
0.000
0.000
0.000
0.000
0.000
0.000
0.000
0.000
0.000
0.000
0.000
0.000
0.000
0.000
0.000
0.000
0.000
0.000
-0.903
-1.552
-0.919
-1.122
-1.027
-0.910
0.000
0.000
0.000
0.000
0.000
0.000
0.000
0.000
0.000
0.000
0.000
0.000
0.000
0.000
0.000
0.000
0.000
0.000
0.000
0.000
0.000
0.000
0.000
0.000
0.000
0.000
0.000
0.000
0.000
0.000
0.000
0.000
0.000
0.000
0.000
0.000
0.000
0.000
0.000
0.000
0.000
0.000
0.000
0.000
0.000
0.000
0.000
0.000
0.000
0.000
0.000
0.000
0.000
0.000
0.000
0.000
0.000
0.000
0.000
0.000
0.000
0.000
0.000
0.000
0.000
0.000
0.000
0.000
0.000
0.000
0.000
0.000
0.000
0.000
0.000
0.000
0.000
0.000
0.000
0.000
0.000
0.000
0.000
0.000
0.000
0.000
0.000
0.000
0.000
0.000
0.000
0.000
0.000
0.000
0.000
0.000
0.000
0.000
0.000
0.000
0.000
0.000
0.000
0.000
0.000
0.000
0.000
0.000
0.000
0.000
0.000
0.000
0.000
0.000
0.000
0.000
0.000
0.000
0.000
0.000
0.000
0.000
0.000
0.000
0.000
0.000
0.000
0.000
0.000
0.000
0.000
0.000
0.000
0.000
0.000
0.000
0.000
0.000
0.000
0.000
0.000
0.000
0.000
