fixedStep chrom=ENSGT00390000001413 start=1 step=1
0.102
0.103
0.102
0.102
0.102
0.102
0.102
0.102
0.102
0.102
0.102
0.102
0.102
0.103
0.102
0.103
0.102
0.102
0.102
0.102
0.102
0.102
0.102
0.102
0.102
0.102
0.102
0.102
0.103
0.102
0.102
0.103
0.100
0.102
0.102
0.102
0.102
0.103
0.101
0.102
0.103
0.102
0.103
0.102
0.102
0.102
0.102
0.089
0.102
0.102
0.091
0.102
0.103
0.088
0.102
0.103
0.101
0.102
0.102
0.102
0.079
0.103
0.102
0.103
0.103
0.102
0.102
0.103
0.102
0.102
0.103
0.102
0.102
0.103
0.102
0.102
0.103
0.102
0.103
0.102
0.102
0.102
0.103
0.102
0.102
0.103
0.100
0.102
0.103
0.102
0.103
0.102
0.102
0.103
0.102
0.102
0.102
0.102
0.102
0.103
0.102
0.102
0.102
0.102
0.099
0.103
0.102
0.103
0.102
0.102
0.102
0.103
0.102
0.103
0.102
0.102
0.101
0.102
0.102
0.101
0.099
0.103
0.099
0.102
0.102
0.102
0.103
0.102
0.103
0.102
0.103
0.102
0.103
0.102
0.089
0.102
0.102
0.102
0.103
0.102
-0.694
0.102
-0.694
0.089
-0.694
-0.694
0.102
-0.205
-0.205
-0.205
-0.205
-0.205
-0.205
-0.693
-0.693
0.102
-0.688
-0.694
-0.694
0.102
-0.694
0.089
0.102
-0.694
0.092
0.089
0.102
0.089
0.102
0.102
-0.694
-0.205
-0.205
-0.205
0.103
0.102
0.089
0.089
0.089
-0.688
0.102
0.102
0.102
-0.693
-0.693
0.102
0.089
-0.694
-1.960
0.102
0.102
0.102
-0.694
0.102
0.102
0.089
0.102
0.102
0.102
0.102
0.102
0.102
0.089
-1.367
0.102
0.089
-1.357
0.089
-0.694
0.102
-0.694
0.089
0.089
-0.694
-0.693
0.089
0.102
-0.694
0.089
-0.693
-0.694
-0.694
-0.688
0.089
-0.694
-0.694
-0.688
0.102
-0.694
0.089
-0.694
0.102
0.102
0.102
0.089
-0.694
-0.694
0.000
0.000
0.000
