fixedStep chrom=ENSGT00390000005120 start=1 step=1
0.092
0.092
0.092
0.092
0.092
0.092
0.091
0.086
-1.195
0.086
0.082
0.092
0.092
0.092
0.092
0.092
0.092
0.092
0.092
0.089
0.092
0.090
-1.726
0.091
0.092
0.092
0.092
0.092
0.075
0.092
0.088
0.092
0.092
0.092
0.092
0.092
0.092
0.081
0.092
0.092
0.092
0.089
0.092
0.092
0.088
0.092
0.088
0.083
0.089
0.092
0.088
0.063
0.092
0.089
0.092
0.092
0.088
0.092
0.092
0.092
-0.013
-0.013
-0.013
0.092
0.092
0.090
0.089
0.092
0.090
0.092
0.092
0.071
0.092
0.088
0.092
0.092
0.092
0.092
0.086
0.092
0.092
0.090
0.092
0.088
0.090
0.092
0.067
0.092
0.091
0.091
0.092
0.092
0.087
0.089
0.090
0.092
0.092
0.092
0.092
0.067
0.092
0.091
0.092
0.092
0.090
0.092
0.092
0.084
0.092
0.092
0.089
0.092
0.092
0.089
0.092
0.086
0.088
0.092
0.086
0.092
0.066
0.092
0.067
0.092
0.092
-1.814
0.086
0.092
0.071
0.092
0.086
0.092
0.092
0.080
0.088
0.092
0.092
0.086
0.092
0.092
0.092
0.092
0.067
0.067
0.092
0.092
0.089
0.092
0.092
0.092
0.092
0.092
0.092
0.092
0.089
0.091
0.092
0.092
0.082
0.085
0.085
0.085
0.086
0.085
0.085
-1.434
0.086
0.080
0.059
0.085
0.080
0.085
0.085
0.074
0.079
0.085
0.081
0.085
0.086
0.092
0.092
0.092
0.067
0.091
0.092
0.092
0.092
0.092
0.092
0.092
0.089
0.092
0.092
0.092
0.092
0.092
0.092
0.092
0.092
0.092
0.088
0.092
0.092
0.092
0.067
0.092
0.092
0.092
0.092
0.092
0.092
0.092
0.092
0.092
0.092
0.092
0.089
0.092
0.092
0.092
0.092
0.088
0.092
0.089
0.092
0.091
0.089
0.080
0.092
0.092
0.092
0.092
0.092
0.092
0.092
0.091
0.082
0.067
0.083
-1.758
0.089
0.090
0.089
0.086
0.092
0.092
0.086
0.091
0.091
0.092
0.063
0.088
0.078
0.092
0.084
0.092
0.092
0.092
0.086
0.091
0.083
0.092
0.092
0.091
0.092
0.092
0.092
0.076
0.092
0.072
0.086
0.092
0.092
0.092
0.078
0.092
0.092
0.090
0.080
0.092
0.092
0.092
0.076
0.089
0.089
0.083
0.090
0.088
0.092
0.092
0.092
0.092
0.092
0.092
0.067
0.092
0.092
0.092
0.092
0.092
0.092
0.086
0.088
0.092
0.092
0.092
0.067
0.092
0.092
0.092
0.092
0.092
0.092
0.092
0.071
0.092
0.092
0.072
0.092
0.092
0.083
0.092
0.084
0.066
0.092
0.092
0.092
0.089
0.076
0.080
0.092
0.086
0.092
0.092
0.092
0.091
0.082
0.092
0.075
0.092
0.080
0.080
0.092
0.082
0.090
