fixedStep chrom=ENSGT00730000111278 start=1 step=1
0.076
0.076
0.076
0.076
0.076
0.076
0.076
0.076
0.076
0.076
0.075
0.073
0.076
0.072
0.076
0.076
0.076
0.076
0.076
0.071
0.076
0.076
0.076
0.058
0.075
0.076
0.076
0.076
0.076
0.076
0.076
0.076
0.076
0.071
0.076
0.076
0.076
0.076
-1.702
0.076
0.076
0.076
0.076
0.052
0.073
0.076
0.076
0.076
0.076
0.076
0.076
0.076
0.072
0.076
0.076
0.076
0.076
0.071
0.071
0.071
0.076
0.071
0.071
0.076
0.076
0.076
0.076
0.076
-2.164
0.075
0.076
0.072
0.074
0.071
0.076
0.076
0.072
0.072
0.076
0.063
0.073
0.076
0.076
0.076
0.076
0.076
0.076
0.076
0.071
0.076
0.076
0.063
0.076
0.076
0.076
0.076
0.076
0.076
0.076
0.076
0.076
0.076
0.076
0.074
-1.562
0.076
0.072
0.076
0.076
0.076
0.076
0.076
0.076
0.073
0.076
0.076
0.072
0.076
0.076
0.076
0.076
0.076
0.076
0.076
0.075
0.076
0.076
0.076
0.075
0.076
0.076
0.058
0.076
0.072
0.071
0.073
0.076
0.076
0.076
0.058
0.072
0.076
-1.693
0.076
0.076
0.076
0.076
0.076
0.076
0.076
0.076
0.075
0.076
0.076
0.071
0.068
0.076
0.076
0.076
0.063
0.076
-3.418
-0.178
-0.178
-0.178
-1.567
-1.119
-1.119
-1.692
-1.690
-1.119
0.076
0.076
0.076
0.076
0.076
0.076
0.076
0.076
0.076
0.076
0.076
0.076
0.076
0.076
0.076
0.076
0.076
0.076
0.076
0.076
0.076
0.076
0.076
0.076
0.076
0.076
0.076
0.076
0.076
0.076
0.076
0.074
0.075
0.076
0.076
0.071
0.076
0.076
0.072
0.076
0.076
0.076
0.076
0.076
0.076
0.076
0.075
0.075
0.076
0.076
0.076
0.076
0.076
0.071
0.076
0.076
0.076
0.076
0.076
0.076
0.076
0.076
0.076
0.076
0.076
0.076
0.076
0.076
0.076
0.053
0.076
0.071
0.076
0.076
0.076
0.076
0.076
0.076
0.076
0.076
0.073
0.052
0.076
0.076
0.076
0.076
0.076
0.076
0.076
-1.615
0.076
0.071
0.076
0.063
0.072
0.076
0.076
0.076
0.076
0.076
0.073
0.072
0.072
0.076
-1.630
0.076
0.076
0.071
0.076
0.076
0.076
0.076
0.076
0.076
0.074
0.076
0.076
0.076
0.076
0.076
0.076
0.076
0.076
0.076
0.076
0.076
0.076
0.076
0.076
0.076
0.076
0.076
0.073
0.076
0.076
0.072
0.058
0.075
0.076
0.076
0.071
0.076
0.076
0.071
0.076
0.076
0.076
0.071
0.076
0.076
0.052
0.076
0.076
0.052
0.076
0.058
0.068
0.071
0.076
0.072
0.072
0.071
0.058
0.076
0.076
0.072
0.076
0.076
0.058
0.076
0.072
0.076
0.076
0.076
0.076
0.076
0.072
0.071
0.076
0.076
0.070
0.052
0.076
0.076
0.076
0.076
0.072
0.074
0.076
0.076
0.076
0.076
0.076
0.076
0.076
0.076
0.076
-1.410
0.076
0.076
0.076
0.076
0.076
0.071
0.076
0.076
0.076
0.076
0.076
0.071
0.076
0.076
0.076
0.073
0.074
0.076
0.071
0.076
0.053
0.074
0.076
0.076
0.073
0.076
0.072
0.076
0.076
-1.702
0.076
0.071
0.070
0.063
0.076
0.071
0.076
0.076
0.073
0.076
0.076
0.072
0.058
0.071
0.073
0.076
0.076
0.071
0.076
0.076
0.076
0.076
0.076
0.076
0.074
0.076
0.076
0.071
0.052
0.053
0.076
0.076
0.076
0.076
0.076
0.074
0.076
0.076
0.076
0.076
0.076
0.076
0.076
0.075
0.076
0.076
0.076
0.073
0.076
0.076
0.076
0.076
0.076
0.073
0.076
0.076
0.073
0.076
0.076
0.076
0.076
0.076
0.076
0.076
0.052
0.076
0.076
0.076
0.072
0.070
0.075
0.076
0.076
0.072
0.072
0.076
0.074
0.076
0.071
-1.629
0.073
0.076
0.076
0.076
0.076
0.076
0.076
0.076
0.076
0.076
0.076
0.076
0.076
0.076
0.076
0.075
0.076
0.076
0.076
0.070
0.076
0.076
0.076
0.076
0.076
0.063
0.076
0.058
0.076
0.076
0.071
0.074
0.071
0.076
0.075
0.076
0.076
0.076
0.076
0.076
0.076
0.071
0.072
0.052
0.073
0.076
0.076
0.076
0.074
0.076
0.059
0.072
0.076
0.076
0.071
0.076
0.076
0.076
0.071
-2.629
0.076
0.058
0.076
0.071
-1.581
0.076
0.076
0.073
0.072
0.071
0.076
0.076
-1.581
0.076
0.075
0.076
0.076
0.052
0.072
0.052
0.071
0.071
0.076
0.076
0.076
0.073
0.076
0.076
0.052
0.052
0.076
0.072
0.071
0.076
0.071
0.074
0.076
0.076
0.052
0.076
0.076
0.076
0.052
0.076
0.076
0.076
0.052
0.071
-2.815
0.075
0.075
0.076
0.076
0.076
0.076
-2.042
0.076
0.052
0.076
0.076
0.076
0.076
0.076
0.076
0.076
0.076
-1.630
0.076
0.076
0.076
0.075
0.076
0.076
0.076
0.076
0.071
0.052
0.072
-1.709
0.076
0.076
0.076
0.076
0.072
0.076
0.072
0.070
0.076
0.076
0.052
0.075
0.076
0.075
0.076
0.076
0.076
0.076
0.076
0.076
0.068
0.076
0.076
0.074
0.076
0.076
0.071
0.076
0.076
0.073
0.076
0.076
0.076
0.063
0.068
0.073
0.076
0.076
0.076
0.076
0.076
0.072
0.076
0.076
0.073
0.063
0.076
0.076
0.076
0.076
0.076
0.076
0.074
-2.038
0.076
0.076
0.076
0.076
0.076
0.072
0.076
0.076
0.075
0.076
0.073
-2.596
0.076
0.076
0.074
0.076
0.076
0.067
0.076
0.076
0.076
0.071
0.071
0.076
0.076
0.076
0.058
0.076
0.076
-1.630
0.076
0.076
0.076
