fixedStep chrom=ENSGT00440000033958 start=1 step=1
0.062
0.062
0.062
0.062
0.062
0.062
0.062
0.062
-2.408
-1.036
0.062
0.062
0.062
0.062
0.059
0.062
0.062
0.061
0.062
0.062
0.062
0.055
0.062
0.062
0.062
0.062
0.059
0.062
0.062
0.062
0.062
0.062
0.062
0.062
0.062
0.062
0.062
0.062
0.062
0.062
0.062
0.062
-1.023
-1.023
0.056
0.062
0.062
0.062
0.062
0.062
0.056
-1.040
-1.023
0.062
0.062
0.062
-1.041
-1.658
-2.127
-2.766
0.062
0.062
0.056
-1.040
0.062
0.056
-1.023
0.062
0.056
0.056
0.062
-1.890
0.062
-1.036
0.061
-1.191
-1.182
-1.182
0.055
0.055
0.048
0.055
0.048
-1.177
0.055
0.055
0.048
-1.182
-1.177
0.055
-1.184
-1.182
-1.182
-1.177
-1.177
0.055
0.055
-1.177
-1.182
0.048
0.055
-1.180
0.055
0.048
-1.177
-1.182
0.048
-1.182
0.048
-1.177
-1.177
-1.177
0.048
0.048
0.048
0.055
-2.215
-1.177
0.055
0.055
-1.177
0.055
0.055
0.055
-1.186
0.055
0.048
0.055
0.055
0.055
0.055
-1.182
0.055
0.055
0.048
0.055
0.048
-1.182
0.055
0.048
0.055
-1.177
-1.182
0.061
-1.036
0.062
0.062
0.062
0.062
0.060
0.062
0.062
0.062
0.062
0.062
0.062
0.062
0.062
0.049
0.062
0.062
0.062
0.062
0.062
0.062
0.062
0.062
0.062
0.062
0.062
0.062
0.062
0.062
0.062
0.062
0.060
0.062
0.062
0.062
0.054
0.062
0.062
0.056
0.062
0.062
0.062
0.056
-1.036
0.062
0.062
0.062
0.062
0.062
0.062
0.062
0.062
0.062
0.062
0.062
0.062
0.059
0.062
0.062
0.062
0.062
0.062
0.062
0.062
0.062
0.062
-1.040
0.062
0.056
0.062
0.062
0.062
0.062
0.062
0.056
0.062
0.062
0.055
0.062
0.062
0.062
0.062
0.062
0.062
0.062
0.062
0.062
0.062
0.062
0.062
0.062
0.062
0.062
0.062
0.062
0.062
0.062
0.062
0.062
0.062
0.062
0.062
-1.036
0.062
0.056
0.062
0.062
0.062
0.062
0.062
0.062
0.062
0.062
0.062
0.062
0.062
0.062
0.062
0.062
0.062
0.062
0.062
0.062
0.062
0.062
0.062
0.062
0.062
0.062
0.062
0.062
0.062
0.062
0.062
0.062
0.062
0.062
0.062
0.062
0.062
0.062
0.062
0.062
0.062
0.062
0.062
0.062
0.062
0.062
-1.036
0.062
0.062
0.062
0.062
0.062
0.062
0.062
0.062
0.059
0.062
0.062
-1.036
0.062
0.062
0.062
0.062
0.062
0.062
0.062
0.062
0.059
0.062
0.062
-1.853
0.062
0.062
0.062
0.062
0.062
0.062
0.062
0.062
0.062
0.062
0.062
0.062
0.062
0.062
0.059
0.062
0.062
0.062
0.062
0.062
0.062
0.062
0.062
0.062
0.062
0.062
0.060
0.062
0.062
0.062
0.062
0.062
0.062
0.062
0.062
0.062
0.062
0.062
0.062
0.062
0.062
0.062
0.062
0.062
0.062
0.062
0.062
0.062
0.062
0.062
0.062
0.062
0.062
0.062
0.062
0.062
0.062
0.062
0.062
0.062
0.062
0.062
0.060
0.062
0.060
0.056
0.062
0.062
0.062
0.062
0.062
0.062
0.054
0.055
0.059
0.062
0.062
0.062
0.062
0.062
0.062
0.062
0.062
0.062
0.062
0.059
0.062
0.062
0.062
0.062
0.062
0.062
0.062
0.062
0.062
0.062
0.062
0.062
0.062
0.062
0.062
0.056
0.062
0.062
0.056
0.062
0.062
0.055
0.062
0.062
0.062
0.062
0.062
0.060
0.062
0.062
0.062
0.062
0.062
0.060
0.062
0.062
0.062
0.062
0.062
0.062
0.062
0.062
0.059
0.056
0.060
0.062
0.062
0.062
-3.228
0.062
0.062
-1.040
0.062
0.062
0.062
0.062
0.062
0.062
0.062
0.062
0.062
0.062
0.062
0.056
0.062
0.062
0.059
0.062
0.062
0.062
0.062
0.062
0.055
0.062
0.062
0.059
0.062
0.062
0.062
0.062
0.062
0.062
0.062
0.062
0.062
0.062
0.062
0.062
0.062
0.062
0.062
0.062
0.062
0.056
0.062
0.062
0.062
0.062
0.062
0.062
0.059
0.062
0.056
0.062
0.062
0.061
-1.040
0.062
0.054
0.062
0.062
0.062
0.062
0.062
0.062
0.062
0.062
0.062
0.062
0.062
0.062
0.062
0.062
0.062
0.062
0.062
0.059
0.062
0.062
0.061
0.062
0.062
0.062
0.062
0.062
0.062
0.062
0.062
0.062
0.062
0.062
0.062
0.062
0.062
0.062
0.062
0.062
0.059
0.062
0.062
0.062
0.062
0.062
0.062
0.062
0.062
0.056
0.062
0.062
0.062
0.062
0.062
0.062
0.062
0.062
0.062
0.062
0.062
0.062
0.062
0.062
0.062
0.062
0.062
0.062
0.062
0.062
0.059
0.062
0.062
0.060
0.055
0.062
0.062
0.062
0.062
0.062
0.062
0.062
0.059
0.062
0.062
0.062
0.062
0.049
0.062
0.062
0.062
0.062
-1.036
0.062
0.062
0.062
0.062
0.062
0.060
0.062
0.061
0.059
0.062
0.049
0.062
0.062
0.062
0.062
0.062
0.062
0.062
0.062
0.062
0.062
0.062
0.062
0.062
0.062
0.059
0.062
0.062
0.062
0.062
0.062
0.060
0.062
0.062
0.062
0.062
0.062
0.062
0.062
0.062
0.062
0.062
0.062
0.062
0.062
0.062
0.059
0.062
0.062
0.062
0.062
0.062
0.060
0.062
0.062
0.059
0.062
0.062
0.059
0.062
0.062
0.059
0.062
0.062
0.061
0.062
0.062
0.062
0.062
0.062
0.055
0.062
0.062
0.062
0.062
0.062
0.062
0.062
0.062
0.062
0.062
0.062
0.054
0.060
0.062
0.062
0.062
0.062
0.062
0.062
0.062
0.060
0.061
0.062
0.061
0.062
0.062
0.062
0.062
0.062
0.062
0.062
0.062
0.062
0.062
0.062
0.056
0.062
0.062
0.062
0.062
0.062
0.062
0.062
0.062
0.059
0.062
0.062
0.062
0.062
0.062
0.062
0.062
0.062
0.062
0.062
0.062
0.056
0.062
0.062
0.061
0.062
0.062
0.061
0.062
0.062
0.060
0.062
0.062
0.062
0.062
0.062
-3.362
0.062
0.062
0.062
0.062
0.062
0.062
0.062
0.062
0.059
0.062
0.062
0.062
0.062
0.062
0.062
0.062
0.059
0.062
0.062
0.062
0.062
0.062
0.062
0.062
0.062
0.062
0.062
0.061
0.062
0.062
0.062
0.062
0.062
0.062
0.062
0.062
0.062
0.062
0.062
0.055
0.055
0.054
0.055
0.055
0.055
0.055
0.055
0.055
0.055
0.055
0.048
0.055
0.055
0.055
0.055
0.055
0.055
0.055
0.055
0.055
0.055
0.055
0.055
0.055
0.055
0.055
0.055
0.055
0.055
0.055
0.055
0.062
0.062
0.062
0.059
0.062
0.062
0.062
0.062
0.062
0.062
0.062
0.062
0.062
0.062
0.062
0.062
0.062
0.062
0.061
0.062
0.062
0.062
0.062
0.062
0.062
0.062
0.062
0.062
0.062
0.062
0.062
0.062
0.062
0.062
0.062
0.062
0.056
0.062
0.062
0.059
0.062
0.062
0.061
0.062
0.062
0.062
0.062
0.062
0.059
0.062
0.062
0.062
0.061
0.062
0.062
0.062
0.062
0.062
0.062
0.062
0.060
0.062
0.062
0.062
0.062
0.062
0.062
0.062
0.062
0.062
0.062
0.062
0.062
0.062
0.062
0.062
0.062
0.062
0.062
0.062
0.062
0.062
0.062
0.062
0.056
0.062
0.062
0.062
0.062
0.062
0.062
0.062
0.062
0.062
0.062
0.062
0.056
0.062
0.062
0.056
0.062
0.062
0.062
-1.036
0.062
0.056
0.062
0.062
0.062
0.062
0.059
0.062
0.062
0.062
0.062
0.056
0.062
0.062
0.062
0.062
0.061
0.062
0.062
0.062
0.062
0.054
0.062
0.062
0.062
0.058
0.062
0.062
0.062
0.000
0.000
0.000
0.000
0.000
0.000
0.000
0.000
0.000
0.062
0.062
0.062
0.062
0.062
0.062
0.061
0.062
0.062
0.056
0.062
0.062
0.062
0.062
0.062
0.062
0.062
0.062
0.062
0.062
0.062
0.062
0.062
0.062
0.062
0.062
0.062
0.062
0.061
0.056
0.062
0.062
0.060
0.062
0.062
0.062
0.062
0.062
0.062
0.059
0.062
0.062
0.062
0.062
0.062
0.062
0.061
0.059
0.061
0.062
0.062
0.061
0.062
0.049
0.062
0.060
0.062
0.054
0.062
0.062
0.049
0.062
0.062
-1.041
0.062
0.062
0.062
0.062
0.062
0.062
0.061
0.062
0.062
0.062
0.062
0.062
0.062
0.061
0.062
0.062
0.062
0.062
0.062
0.062
0.062
0.062
0.062
0.062
0.062
0.062
0.062
0.062
0.062
0.062
0.062
0.059
0.062
0.062
0.056
0.062
0.062
0.062
0.062
0.062
0.062
0.062
0.062
0.062
0.062
0.062
-1.855
0.062
0.059
0.062
0.062
0.062
0.061
0.062
0.062
0.062
0.062
0.062
0.062
0.062
0.062
-1.036
0.062
0.062
0.060
0.061
0.062
0.062
0.062
0.062
0.062
0.062
0.062
0.062
0.062
0.062
0.062
0.062
0.062
0.062
0.062
0.062
0.053
0.062
0.062
-0.790
0.062
0.062
0.062
0.062
0.062
0.062
0.062
0.062
0.062
0.062
0.062
0.062
0.062
0.062
0.062
0.062
0.062
0.062
0.062
0.062
0.062
0.062
0.062
0.062
0.062
0.062
0.061
0.062
0.062
0.062
0.049
0.062
0.062
0.062
0.062
0.056
0.062
0.062
0.062
0.062
0.062
0.059
0.062
0.062
0.062
0.062
0.062
-1.041
0.062
0.062
0.062
0.062
0.062
0.056
0.062
0.062
0.062
0.062
0.062
0.062
0.062
0.062
0.062
0.062
0.062
0.062
0.062
0.062
0.062
0.062
0.062
0.062
0.062
0.062
0.062
0.062
0.062
0.055
0.062
0.062
-1.861
0.062
0.062
0.062
0.062
0.062
0.062
0.062
0.062
0.056
0.062
0.062
0.062
0.062
0.062
0.062
0.062
0.062
0.056
0.062
0.062
0.062
0.062
0.062
0.062
0.056
0.062
0.062
0.062
0.062
0.062
0.062
0.060
0.062
0.062
-1.963
0.060
0.056
0.059
0.062
0.062
0.062
0.062
0.062
0.062
0.059
0.056
0.056
-1.957
0.062
0.062
0.062
0.062
0.061
0.062
0.062
0.062
0.062
0.062
0.062
0.062
0.062
0.062
-1.956
0.062
0.062
0.062
0.056
0.056
0.056
0.062
0.062
0.062
0.062
0.062
0.062
-1.615
-1.613
-1.614
-1.614
-1.692
-1.613
-1.615
-1.615
-2.046
-1.614
-1.613
-2.038
-1.605
-1.615
-1.614
-1.898
-1.614
-1.605
-1.615
-2.020
-2.615
-2.439
0.056
0.050
0.061
0.062
0.062
0.062
0.062
0.059
0.062
0.062
-1.887
0.062
0.062
0.060
-0.244
-0.244
-0.244
-1.034
-1.034
-1.034
-1.312
-1.034
-1.033
-1.034
-1.104
-1.034
-1.034
-1.034
-1.033
0.056
0.058
0.058
0.062
0.062
0.049
0.060
0.059
-2.050
0.062
0.062
0.062
0.056
0.062
0.062
0.056
0.061
0.062
0.062
0.062
0.056
0.062
0.062
0.062
0.062
0.059
0.062
0.062
0.062
0.062
0.062
0.062
0.062
0.062
0.062
0.062
0.062
0.062
0.062
0.062
0.062
0.062
0.062
0.062
0.062
0.062
0.062
0.061
0.062
0.062
0.062
0.062
0.062
0.055
0.046
0.062
0.062
0.062
0.062
0.062
0.061
0.062
0.062
0.062
0.062
0.062
0.062
0.062
0.056
0.062
0.062
0.062
0.062
0.062
0.054
0.062
0.062
0.062
0.062
0.062
0.062
0.062
0.062
0.060
0.062
0.062
0.062
0.062
0.062
0.062
0.062
0.062
0.062
0.062
0.062
0.059
