fixedStep chrom=ENSGT00390000006617 start=1 step=1
0.000
0.000
0.000
0.000
0.000
0.000
0.000
0.000
0.000
0.000
0.000
0.000
0.000
0.000
0.000
0.000
0.000
0.000
0.000
0.000
0.000
0.000
0.000
0.000
0.000
0.000
0.000
0.000
0.000
0.000
0.000
0.000
0.000
0.000
0.000
0.000
0.000
0.000
0.000
0.000
0.000
0.000
0.000
0.000
0.000
0.000
0.000
0.000
0.000
0.000
0.000
0.000
0.000
0.000
0.000
0.000
0.000
0.000
0.000
0.000
-1.921
-1.922
-1.922
-1.922
-2.349
-2.349
-4.913
-5.034
-4.617
-2.089
-1.602
-1.320
0.076
0.055
-1.478
0.071
0.076
-2.284
0.055
0.071
0.055
0.076
0.055
-2.106
0.055
0.055
0.055
0.055
0.076
0.076
0.055
0.076
0.055
0.055
0.055
0.071
-0.147
-0.147
-0.147
0.055
0.055
0.055
0.055
0.076
0.054
0.076
0.076
0.076
0.076
0.076
0.070
0.076
0.076
0.076
0.076
0.076
0.076
0.076
0.076
0.076
0.076
0.076
0.076
0.076
0.076
0.076
0.076
0.076
0.076
0.076
0.076
0.071
0.076
0.076
0.076
0.076
0.076
0.076
0.076
0.076
0.076
0.076
0.076
0.076
0.076
0.076
0.076
0.076
0.076
0.076
0.076
0.076
0.072
0.076
0.076
0.076
0.076
0.076
0.076
0.076
0.076
0.070
0.076
0.076
0.076
0.076
0.076
0.074
0.072
0.076
0.076
0.076
0.076
0.076
0.076
0.076
0.076
0.076
0.076
0.076
0.076
0.076
0.076
0.076
0.076
0.073
0.076
0.076
0.073
0.076
0.076
0.074
0.076
0.076
0.076
0.076
0.076
0.071
0.076
0.076
0.076
0.076
0.076
0.076
0.076
0.076
0.062
0.076
0.076
0.076
0.076
0.076
0.074
0.076
0.076
0.071
0.076
0.076
0.074
0.076
0.076
0.076
0.076
0.076
0.073
0.076
0.076
0.067
0.076
0.076
0.076
0.076
0.076
0.076
0.076
0.076
0.076
0.076
0.076
0.074
0.076
0.076
0.076
0.076
0.076
0.076
0.076
0.076
0.076
0.076
0.076
0.076
0.073
0.076
0.074
0.076
0.076
0.076
0.076
0.076
0.076
0.076
0.076
0.076
0.076
0.076
0.075
0.076
0.076
0.076
0.076
0.076
0.076
0.076
0.076
0.076
0.076
0.076
0.076
0.076
0.076
0.073
0.076
0.076
0.076
0.076
0.076
0.076
0.076
0.076
0.076
0.076
0.076
0.076
0.076
0.076
0.076
0.076
0.076
0.076
0.073
0.076
0.076
0.076
0.076
0.074
0.076
0.076
0.076
0.076
0.076
0.076
0.074
0.076
0.076
0.076
0.076
0.076
0.076
0.076
0.073
0.076
0.076
0.076
0.076
0.076
0.076
0.076
0.076
0.074
0.074
0.076
0.075
0.076
0.076
0.074
0.073
0.076
0.076
0.076
0.076
0.071
0.076
0.076
0.076
0.076
0.076
0.072
0.076
0.076
0.076
0.076
0.076
0.074
0.076
0.076
0.076
0.076
0.076
0.076
0.076
0.076
0.076
0.076
0.076
0.076
0.076
0.076
0.076
0.076
0.076
0.076
0.076
0.076
0.076
0.076
0.076
0.075
0.076
0.076
0.075
0.076
0.076
0.076
0.076
0.076
0.065
0.076
0.076
0.076
0.076
0.076
0.076
0.076
0.076
0.074
0.076
0.076
0.076
0.076
0.076
0.073
0.076
0.076
0.076
0.076
0.076
0.076
0.076
0.076
0.076
0.076
0.076
0.076
0.076
0.076
0.076
0.076
0.076
0.072
0.076
0.076
0.076
0.076
0.076
0.073
0.076
0.076
0.075
0.076
0.076
0.076
0.076
0.076
0.076
0.076
0.076
0.076
0.076
0.076
0.076
0.076
0.076
0.068
0.076
0.076
0.076
0.076
0.076
0.076
0.076
0.076
0.058
0.076
0.076
0.076
0.076
0.076
0.076
0.076
0.076
0.075
0.076
0.076
0.066
0.076
0.076
0.065
0.076
0.076
0.073
0.076
0.076
0.076
0.076
0.076
0.076
0.076
0.076
0.074
0.076
0.076
0.076
0.076
0.076
0.076
0.076
0.076
0.067
0.076
0.076
0.076
0.076
0.076
0.076
0.076
0.076
0.076
0.076
0.076
0.076
0.076
0.076
0.076
0.076
0.076
0.076
0.076
0.076
0.073
0.076
0.076
0.073
0.076
0.076
0.076
0.076
0.076
0.076
0.076
0.076
0.076
0.076
0.076
0.076
0.076
0.076
0.076
0.076
0.076
0.073
0.073
0.076
0.061
0.076
0.076
0.073
0.076
0.076
0.076
0.076
0.076
0.074
0.076
0.076
0.076
0.076
0.076
0.076
0.076
0.076
0.076
0.076
0.076
0.076
0.076
0.076
0.076
0.076
0.076
0.061
0.076
0.076
0.076
0.076
0.076
0.076
0.076
0.076
0.076
0.076
0.076
0.070
0.076
0.076
0.073
0.076
0.076
0.076
0.076
0.076
0.071
0.076
0.076
0.061
0.076
0.076
0.076
