fixedStep chrom=ENSGT00390000002596 start=1 step=1
0.000
0.000
0.000
0.000
0.000
0.000
0.000
0.000
0.000
0.000
0.000
0.000
0.000
0.000
0.000
0.000
0.000
0.000
0.000
0.000
0.000
0.000
0.000
0.000
0.000
0.000
0.000
0.000
0.000
0.000
0.000
0.000
0.000
0.000
0.000
0.000
0.000
0.000
0.000
0.000
0.000
0.000
0.000
0.000
0.000
0.000
0.000
0.000
0.000
0.000
0.000
0.000
0.000
0.000
0.000
0.000
0.000
0.000
0.000
0.000
0.000
0.000
0.000
0.000
0.000
0.000
0.000
0.000
0.000
-1.619
-1.613
-1.621
-1.621
-1.619
-1.613
-1.619
-1.619
-1.620
-1.620
-1.621
-1.613
-1.613
-1.613
-1.613
-1.621
-1.620
-2.617
-1.619
-2.621
-2.036
0.058
0.058
0.053
0.058
0.058
-1.036
0.054
-1.036
0.050
-1.042
0.054
0.058
0.058
0.058
0.058
0.058
0.058
0.058
-1.063
0.058
0.058
0.058
0.058
0.056
-1.054
-1.058
0.054
0.058
0.058
-1.062
-1.054
0.058
0.058
0.058
0.058
0.056
-1.042
-1.060
0.058
0.058
0.058
0.058
0.058
0.058
0.058
0.058
0.058
0.058
0.058
0.058
0.058
0.058
0.058
0.058
0.058
0.058
0.053
0.058
0.058
0.058
0.058
0.058
0.058
0.058
0.058
0.058
0.058
0.058
0.058
0.058
0.058
0.058
0.058
0.058
0.058
0.058
0.058
0.058
0.058
0.058
0.058
0.058
0.058
0.058
0.058
0.058
0.058
0.058
0.058
0.058
0.058
0.058
0.058
0.058
0.058
0.058
0.058
0.058
0.058
0.058
0.058
0.058
0.058
0.058
0.058
0.058
0.058
0.058
0.058
0.058
0.058
0.058
0.058
0.058
0.058
0.058
0.058
0.058
0.058
0.057
0.058
0.058
0.058
0.058
0.055
0.058
0.045
0.058
0.045
0.058
0.058
0.058
0.058
0.058
0.050
0.058
0.058
0.053
0.058
0.058
0.055
-1.909
0.058
0.058
0.058
0.058
0.058
0.058
0.058
0.058
0.058
0.058
0.056
0.058
0.058
0.052
0.058
0.058
0.058
0.058
0.058
0.058
0.058
0.058
0.058
0.058
0.058
0.058
0.058
0.058
0.056
0.058
0.058
0.058
0.058
0.058
0.058
0.058
0.058
0.058
0.058
0.058
0.056
0.058
0.058
0.058
0.052
0.058
0.058
0.058
0.058
0.057
0.058
0.058
0.058
0.058
0.058
0.058
0.058
0.058
0.045
0.054
0.058
0.058
0.058
0.058
0.058
0.058
0.058
0.054
0.058
0.058
0.058
0.058
0.058
0.058
0.058
0.058
0.058
0.058
0.058
0.058
0.058
0.058
0.058
0.058
0.058
0.058
0.058
0.058
0.058
0.056
0.058
0.057
0.058
0.058
0.058
0.058
0.058
0.055
0.052
0.057
0.057
0.058
0.058
0.058
0.058
0.058
0.058
0.058
0.058
0.058
0.058
0.058
0.058
0.058
0.058
0.058
0.058
0.058
0.058
0.058
0.058
0.058
0.058
0.058
0.058
0.058
0.058
0.058
0.058
0.058
0.058
0.058
0.058
0.058
0.058
0.058
0.058
0.058
0.058
0.058
0.058
0.058
0.058
0.058
0.058
0.058
0.058
0.058
0.056
0.058
0.058
0.058
0.058
0.058
0.053
0.057
0.054
0.058
0.058
0.058
0.058
0.058
0.058
0.058
0.058
0.058
0.058
0.054
0.058
0.053
0.058
0.058
0.050
0.058
0.058
0.058
0.058
0.058
0.058
0.058
0.058
0.058
0.058
0.058
0.058
0.058
0.058
0.058
0.058
0.058
0.058
0.058
0.058
0.058
0.058
0.058
0.058
0.058
0.058
0.058
0.058
0.058
0.058
0.058
0.058
0.058
0.058
0.058
0.058
0.058
0.058
0.058
0.058
0.058
0.058
0.058
0.058
0.057
0.058
0.058
0.057
0.058
0.058
0.055
0.058
0.058
0.058
0.058
0.058
0.057
0.058
0.058
0.058
0.054
0.058
0.058
0.058
0.058
0.058
0.058
0.058
0.058
0.058
0.058
0.050
0.058
0.058
0.058
0.058
0.058
0.058
0.058
0.058
0.058
0.058
0.058
0.058
0.058
0.058
0.055
0.058
0.058
0.045
0.053
0.058
0.056
0.058
0.058
0.058
0.058
0.058
0.058
0.058
0.058
0.054
0.058
0.058
0.058
0.058
0.058
0.058
0.058
0.058
0.058
0.058
0.058
0.055
0.058
0.058
0.058
0.058
0.058
0.058
0.058
0.058
0.056
0.058
0.058
0.056
0.058
0.058
0.058
0.058
0.058
0.058
0.058
0.058
0.057
0.058
0.058
0.058
0.058
0.058
0.058
0.058
0.058
0.056
0.058
0.058
0.058
0.058
0.058
0.057
0.058
0.058
0.058
0.058
0.058
0.058
0.058
0.058
0.058
0.058
0.058
0.058
0.058
0.058
0.056
0.058
0.058
0.058
0.058
0.058
0.058
0.058
0.058
0.058
0.058
0.058
0.056
0.058
0.058
0.058
0.058
0.058
0.053
0.058
0.058
0.058
0.058
0.058
0.058
0.058
0.058
0.058
0.058
0.054
0.051
0.054
0.055
0.054
0.054
0.055
0.055
0.054
0.054
0.054
0.054
0.058
0.058
0.058
0.058
-1.856
0.058
0.058
0.058
0.058
0.058
0.058
0.056
0.058
0.058
0.058
0.058
0.058
0.058
0.058
0.058
0.058
0.058
0.058
0.058
0.058
0.058
0.058
0.058
0.056
0.058
0.058
0.053
0.058
0.058
0.054
0.058
0.058
0.058
0.058
0.058
0.058
0.058
0.058
0.052
0.058
0.058
0.058
0.058
0.058
0.052
0.058
0.058
0.058
0.058
0.058
0.055
0.045
0.058
0.056
0.058
0.058
0.058
0.058
0.058
0.045
0.058
0.058
0.053
0.058
0.058
0.054
0.058
0.058
0.058
0.058
0.058
0.056
0.058
0.057
0.058
0.058
0.058
0.054
0.058
0.054
-3.409
0.058
0.058
0.058
0.058
0.058
0.058
0.058
0.058
0.058
0.058
0.058
0.058
0.058
0.058
0.058
0.058
0.058
0.058
0.058
0.058
0.058
0.058
0.058
0.058
0.058
0.058
0.058
0.058
0.058
0.058
0.058
0.058
0.053
0.058
0.058
0.058
0.058
0.058
-0.037
0.058
0.058
0.054
0.058
0.058
0.058
0.058
0.058
0.055
0.058
0.058
0.058
0.058
0.058
0.058
0.058
0.058
0.058
0.058
0.058
-1.649
0.058
0.058
0.058
0.058
0.058
0.054
0.058
0.058
0.058
0.058
0.058
0.058
0.058
0.058
0.045
0.058
0.058
0.058
0.058
0.058
0.057
0.058
0.058
-1.043
0.058
0.058
0.054
0.058
0.058
0.058
0.058
0.058
0.058
0.058
0.058
-1.063
0.058
0.058
0.053
0.058
0.058
0.058
0.058
0.058
0.053
0.058
0.055
0.045
-1.036
0.058
0.055
0.058
0.058
0.058
0.058
0.055
0.058
0.058
0.058
-3.333
0.058
0.058
0.058
0.058
0.058
0.052
0.058
0.058
0.058
0.058
0.058
-2.473
