fixedStep chrom=ENSGT00470000042300 start=1 step=1
0.081
0.082
0.081
0.081
0.081
0.081
0.078
0.081
0.078
-1.592
0.081
0.081
0.081
0.082
0.081
0.066
0.082
0.078
0.079
0.082
0.081
0.081
0.082
0.081
0.081
0.082
0.081
0.081
0.082
0.066
0.079
0.082
0.081
0.081
0.081
0.065
0.081
0.082
0.078
0.081
0.081
0.081
0.081
0.081
0.082
0.081
0.067
0.081
0.081
0.081
0.081
-2.827
0.079
0.067
0.078
0.079
0.082
0.081
0.078
0.073
0.081
0.081
0.079
0.065
0.073
0.081
0.081
0.078
-2.702
0.081
0.081
0.078
0.081
0.082
0.081
0.081
0.082
0.081
0.081
0.081
0.081
0.081
0.081
0.073
0.081
0.081
0.061
0.081
0.082
0.081
0.081
0.081
0.079
0.081
0.081
0.078
0.066
0.081
0.081
0.081
0.082
0.079
0.081
0.073
0.073
0.081
0.082
0.066
0.081
0.081
0.060
0.082
0.081
0.078
0.081
-1.459
0.081
0.082
0.081
0.079
0.071
0.076
0.078
0.081
0.078
0.078
0.081
0.081
0.081
0.081
0.081
0.078
0.078
0.082
0.081
0.081
0.081
0.081
0.081
0.081
0.082
0.081
0.061
0.073
0.081
0.081
0.081
0.081
0.065
0.081
0.082
0.081
0.081
0.082
0.081
0.079
0.081
0.081
0.073
0.065
0.082
0.081
0.082
0.078
0.078
0.081
0.081
0.078
0.081
0.081
0.066
0.081
0.081
0.065
0.082
0.081
0.078
0.081
0.081
0.081
0.081
0.081
0.078
0.081
0.082
0.081
0.081
0.082
0.081
0.082
0.081
0.078
0.082
0.081
0.078
0.081
0.065
0.082
0.081
0.082
0.081
0.081
0.081
0.082
0.081
0.081
0.081
0.081
0.065
0.067
0.081
0.081
0.079
0.081
0.081
0.081
0.081
-2.020
0.065
0.077
0.078
0.081
0.081
0.078
0.081
0.081
0.078
0.079
0.081
0.081
0.080
0.082
0.082
0.081
0.081
0.082
0.081
0.081
0.081
0.060
0.081
0.081
0.081
0.066
0.082
0.081
0.081
0.081
0.067
0.081
0.081
0.079
0.081
0.081
0.081
0.081
0.082
0.081
0.081
0.082
0.081
0.081
0.081
0.081
0.081
0.082
0.081
0.066
0.081
0.081
0.081
0.082
0.078
0.075
0.082
0.079
0.081
-1.469
0.081
0.081
0.082
0.081
0.081
0.081
0.081
0.081
0.081
0.081
0.081
0.081
0.081
0.081
0.081
0.082
0.081
0.078
0.079
0.081
0.081
0.071
0.081
0.081
0.081
0.082
0.081
0.079
0.081
0.081
0.081
0.082
0.081
0.078
0.075
0.082
0.081
0.081
0.082
0.081
0.073
0.081
-2.920
0.081
0.081
0.075
0.078
0.078
0.081
0.078
0.060
0.081
0.081
0.081
0.081
0.078
0.081
0.078
0.065
0.081
0.081
0.081
0.079
0.082
0.063
0.082
0.081
0.081
0.081
0.081
0.080
0.081
0.081
0.078
0.082
0.081
0.082
0.081
0.073
0.079
0.082
0.081
0.060
0.081
0.071
0.079
0.082
0.079
0.081
0.082
0.071
0.078
0.081
0.079
-0.081
-0.081
-0.081
-0.081
-0.081
-0.081
-2.019
0.081
0.081
0.081
0.081
0.066
0.000
0.000
0.000
0.000
0.000
0.000
0.000
0.000
0.000
0.000
0.000
0.000
0.000
0.000
0.000
0.000
0.000
0.000
0.000
0.000
0.000
0.078
0.081
0.076
0.081
0.081
0.078
0.078
0.081
0.075
0.081
0.081
0.081
0.081
0.081
0.071
0.077
0.078
0.075
0.078
0.081
0.081
0.073
0.078
0.073
0.081
0.081
0.081
0.081
0.081
0.077
0.081
0.082
0.078
0.073
0.081
0.082
0.081
0.081
0.081
0.079
0.081
0.081
0.066
0.081
0.063
-0.078
-0.078
-0.078
0.078
0.075
0.081
0.082
0.081
0.081
0.081
0.079
0.078
0.081
0.081
0.082
0.081
0.081
0.081
0.081
0.081
0.081
0.078
0.081
0.082
0.081
0.078
0.081
0.065
0.079
0.081
0.081
0.081
0.082
0.066
0.079
0.078
0.081
0.081
0.081
0.081
0.081
0.081
0.073
0.081
0.081
0.081
0.081
0.081
0.078
0.081
0.082
0.081
0.066
0.081
0.081
0.081
0.081
0.081
0.081
0.081
0.078
0.082
0.079
0.081
0.081
0.079
0.082
0.082
0.081
0.081
0.082
0.081
0.082
0.081
0.081
0.081
0.081
0.082
0.066
0.081
0.078
0.081
0.082
0.081
0.066
0.078
0.078
0.066
0.082
0.081
0.065
0.082
0.075
0.081
0.081
0.081
0.081
0.082
0.081
0.078
0.082
0.078
0.081
0.082
0.078
0.081
0.081
0.079
0.081
0.081
0.077
0.081
0.082
0.081
0.081
0.082
0.081
0.081
0.082
0.081
0.082
0.082
0.082
0.081
0.078
0.078
0.067
0.082
0.081
0.067
0.082
0.081
0.081
0.081
0.081
0.081
0.081
0.080
0.081
0.081
0.081
0.081
0.081
0.081
-1.131
-0.976
-0.976
0.000
0.000
0.000
0.000
0.000
0.000
0.000
0.000
0.000
0.081
0.081
0.081
0.081
0.081
0.081
0.081
0.081
0.081
0.081
0.082
0.073
0.081
0.062
0.078
0.081
0.082
0.081
-1.624
-1.139
-1.135
0.078
0.078
0.081
0.081
0.081
0.081
0.082
0.082
0.081
0.081
0.071
0.081
0.081
0.078
0.081
0.081
0.081
0.081
0.081
0.081
0.081
0.081
0.082
0.082
0.082
0.081
0.081
0.081
0.081
0.081
0.081
0.082
0.081
0.079
0.079
0.061
0.081
0.081
0.081
0.082
0.081
0.079
0.078
0.081
0.078
0.081
0.082
0.081
0.081
0.082
0.081
0.081
0.081
0.081
0.081
0.081
0.078
0.078
0.082
0.081
0.081
0.081
0.082
0.081
0.081
0.081
0.082
0.081
0.082
0.081
0.081
0.078
0.081
0.081
0.078
0.081
0.081
0.082
0.078
0.079
0.082
0.081
0.079
0.078
0.078
0.082
0.081
0.081
0.081
0.082
0.078
0.078
0.081
0.081
0.081
0.082
0.078
0.078
0.078
0.081
0.081
0.081
0.081
0.081
0.081
0.081
0.082
0.082
0.081
0.081
0.081
0.081
0.082
0.078
0.081
0.081
0.081
0.082
0.081
0.076
0.079
0.079
0.081
0.081
0.081
0.082
0.082
0.081
0.071
0.082
0.082
0.078
0.081
0.081
0.076
0.079
0.081
0.078
0.081
0.081
0.081
0.081
0.081
0.081
0.082
0.081
0.079
0.079
0.081
0.081
0.081
0.081
0.079
0.079
0.082
0.081
0.078
0.081
0.082
0.081
0.082
0.082
0.081
0.081
0.082
0.081
0.081
0.081
0.081
0.081
0.081
0.082
0.078
0.081
0.081
0.081
0.067
0.081
0.081
0.081
0.081
0.081
0.075
0.079
0.081
0.081
0.081
0.080
0.081
0.081
0.079
0.081
0.078
0.066
0.080
0.081
0.081
0.081
0.079
0.081
0.081
0.067
0.081
0.078
0.078
0.082
0.075
0.081
0.081
0.081
0.081
0.081
0.073
0.081
0.082
0.079
0.081
0.081
0.078
0.081
0.081
0.082
0.081
0.081
0.081
0.081
0.082
0.078
0.067
0.078
0.061
0.079
0.082
0.081
0.082
0.065
0.081
0.082
0.081
0.081
0.079
0.081
-1.468
0.081
0.081
0.082
0.081
0.082
0.079
0.081
0.081
0.078
0.082
0.081
0.082
0.081
0.081
0.081
0.081
0.081
0.079
0.081
0.082
0.069
0.081
0.082
0.081
0.082
0.082
0.078
0.081
0.081
0.076
0.081
0.078
0.081
0.078
0.078
0.081
-1.339
-1.138
-1.139
0.081
0.081
0.079
0.078
0.081
0.066
0.081
0.081
0.081
0.081
0.078
0.078
0.081
0.067
0.081
0.082
0.081
0.076
0.066
0.081
0.082
0.081
0.061
0.081
0.078
0.081
0.081
0.081
0.078
0.078
0.081
0.081
0.081
0.079
0.081
0.082
0.081
0.078
0.066
0.081
0.081
0.082
0.079
0.081
0.078
-1.138
-1.278
-1.135
0.081
0.081
0.077
0.081
0.078
0.082
0.065
0.078
0.081
0.078
0.081
0.081
0.081
0.081
0.081
