fixedStep chrom=ENSGT00390000001827 start=1 step=1
0.000
0.000
0.000
0.000
0.000
0.000
0.000
0.000
0.000
0.000
0.000
0.000
0.000
0.000
0.000
0.000
0.000
0.000
0.000
0.000
0.000
0.000
0.000
0.000
0.000
0.000
0.000
0.000
0.000
0.000
0.000
0.000
0.000
0.000
0.000
0.000
0.000
0.000
0.000
0.000
0.000
0.000
0.000
0.000
0.000
0.000
0.000
0.000
0.000
0.000
0.000
0.000
0.000
0.000
0.000
0.000
0.000
0.000
0.000
0.000
0.000
0.000
0.000
0.000
0.000
0.000
0.000
0.000
0.000
0.000
0.000
0.000
0.000
0.000
0.000
0.000
0.000
0.000
0.000
0.000
0.000
0.000
0.000
0.000
0.000
0.000
0.000
0.000
0.000
0.000
0.000
0.000
0.000
0.000
0.000
0.000
0.000
0.000
0.000
0.000
0.000
0.000
0.000
0.000
0.000
0.000
0.000
0.000
0.000
0.000
0.000
0.000
0.000
0.000
0.000
0.000
0.000
0.000
0.000
0.000
0.000
0.000
0.000
0.000
0.000
0.000
0.000
0.000
0.000
0.000
0.000
0.000
0.000
0.000
0.000
0.000
0.000
0.000
0.000
0.000
0.000
0.000
0.000
0.000
0.000
0.000
0.000
0.000
0.000
0.000
0.000
0.000
0.000
0.000
0.000
0.000
0.000
0.000
0.000
0.000
0.000
0.000
0.000
0.000
0.000
0.000
0.000
0.000
0.000
0.000
0.000
0.000
0.000
0.000
0.000
0.000
0.000
0.000
0.000
0.000
-1.835
-1.890
-1.479
-1.479
-1.712
-2.267
-2.182
-1.804
-1.795
-1.589
-2.220
-1.891
-2.220
-1.687
-1.479
-2.206
-1.728
-1.691
-1.479
-2.215
-1.866
-2.182
-2.220
-2.267
0.053
0.053
0.051
0.053
0.053
0.053
0.053
0.053
0.053
0.053
0.053
0.048
0.053
0.053
0.053
0.053
0.053
0.053
0.053
0.053
0.053
0.053
0.053
0.051
0.053
0.053
0.053
0.053
0.053
0.051
0.053
0.053
0.053
0.050
0.053
0.053
0.053
0.053
0.051
0.053
0.053
0.053
0.053
0.053
0.053
0.053
0.053
0.053
0.053
0.053
0.053
0.053
0.053
0.053
0.053
0.053
0.052
0.053
0.053
0.053
0.053
0.053
0.053
0.053
0.053
0.049
0.053
0.053
0.053
0.053
0.053
0.053
0.053
0.048
0.053
0.053
0.053
0.053
0.048
0.053
0.053
0.053
0.053
0.053
0.053
0.053
0.052
0.053
0.053
0.053
0.053
0.053
0.052
0.053
0.053
0.053
0.053
0.053
0.053
0.053
0.053
0.053
0.053
0.053
0.053
0.053
0.053
0.053
0.053
0.053
0.053
0.053
0.053
0.053
0.053
0.053
0.050
0.053
0.053
0.053
0.053
0.053
0.053
0.053
0.053
0.053
0.053
0.053
0.053
0.053
0.053
0.053
0.053
0.053
0.053
0.053
0.053
0.053
0.053
0.053
0.053
0.053
0.053
0.053
0.053
0.053
0.053
0.053
0.053
0.053
0.053
0.053
0.053
0.053
0.053
0.053
0.053
0.053
0.053
0.053
0.053
0.053
0.053
0.051
0.041
0.053
0.053
0.053
0.053
0.053
0.053
0.053
0.053
0.053
0.053
0.053
0.053
0.053
0.053
0.053
0.053
0.053
0.041
0.053
0.053
0.053
0.053
0.053
0.053
0.053
0.053
0.053
0.053
0.053
0.053
0.053
0.053
0.052
0.053
0.053
0.048
0.053
0.053
0.053
0.053
0.053
0.053
0.053
0.053
0.053
0.053
0.053
0.053
0.053
0.053
0.053
0.053
0.053
0.048
0.053
0.053
0.053
0.053
0.053
0.053
0.053
0.053
0.053
0.053
0.053
0.053
0.053
0.053
0.053
0.053
0.053
0.053
0.053
0.053
0.053
0.053
0.053
0.052
0.053
0.053
0.053
0.053
0.053
0.053
0.053
0.053
0.053
0.053
0.053
0.053
0.053
0.053
0.041
0.053
0.053
0.048
0.053
0.053
0.048
0.053
0.053
0.053
0.053
0.053
0.053
0.053
0.053
0.053
0.053
0.053
0.053
0.053
0.053
0.053
0.053
0.053
0.053
0.053
0.053
0.053
0.053
0.053
0.053
0.053
0.053
0.051
0.053
0.053
0.053
0.053
0.053
0.041
0.053
0.053
0.053
0.053
0.053
0.053
0.053
0.053
0.053
0.053
0.053
0.053
0.053
0.053
0.053
0.053
0.053
0.052
0.053
0.053
0.053
0.053
0.053
0.046
0.053
0.053
0.053
0.053
0.053
0.048
0.053
0.053
0.053
0.053
0.053
0.053
0.053
0.053
0.049
0.053
0.053
0.053
0.053
0.053
0.053
0.053
0.053
0.053
0.053
0.053
-2.923
0.053
0.053
0.053
0.053
0.053
0.053
0.053
0.053
0.053
0.053
0.053
0.053
0.053
0.053
0.044
0.053
0.053
0.053
0.053
0.053
0.053
0.053
0.053
0.053
0.053
0.053
0.053
0.053
0.053
0.053
0.053
0.053
0.053
0.053
0.053
0.053
0.053
0.053
0.053
0.053
0.053
0.048
0.053
0.053
0.048
0.053
0.053
0.053
0.053
0.053
0.052
0.053
0.053
0.050
0.053
0.053
0.053
0.053
0.051
0.051
0.051
0.051
0.051
0.051
0.051
0.051
0.051
0.051
0.051
0.051
0.051
0.051
0.051
0.051
0.051
0.051
0.051
0.051
0.051
0.051
0.049
0.051
0.051
0.051
0.051
0.051
0.051
0.051
0.051
0.051
0.051
0.051
0.051
0.051
0.051
0.051
0.051
0.051
0.051
0.051
0.051
0.051
0.051
0.051
0.051
0.051
0.051
0.051
0.051
0.051
0.050
0.051
0.051
0.051
0.051
0.051
0.051
0.051
0.051
0.049
0.051
0.051
0.051
0.051
0.051
0.051
0.051
0.051
0.051
0.051
0.051
0.051
0.051
0.051
0.051
0.051
0.051
0.051
0.051
0.051
0.051
0.051
0.051
0.051
0.051
0.051
0.051
0.051
0.051
0.049
0.050
0.051
-2.061
0.051
0.051
0.051
0.051
0.051
0.051
0.051
0.051
0.051
0.051
0.051
0.051
0.051
0.051
0.051
0.051
0.051
0.051
0.051
0.051
0.051
0.051
0.051
0.049
0.051
0.051
0.051
0.051
0.051
0.046
0.051
0.051
0.051
0.051
0.051
0.051
0.051
0.051
0.046
0.051
0.051
0.051
0.051
0.051
0.051
0.051
0.051
0.051
0.047
0.047
0.047
0.047
0.047
0.047
0.047
0.047
0.047
0.047
0.047
0.047
-1.274
0.045
0.047
0.047
0.047
0.047
0.047
0.047
0.047
0.047
0.047
0.047
0.047
0.047
0.047
0.047
0.047
0.047
0.047
0.047
0.047
0.047
0.047
0.047
0.047
0.047
0.047
0.047
0.047
0.047
0.047
0.047
0.047
0.047
0.047
0.047
0.047
0.047
0.047
0.047
0.042
0.045
0.042
0.047
0.047
0.047
0.047
0.047
0.047
0.047
0.047
0.047
0.047
0.047
0.047
0.047
0.047
0.047
0.047
0.047
0.047
0.047
0.047
0.047
0.047
0.047
0.047
0.047
0.047
0.047
0.047
0.047
0.047
0.047
0.047
0.051
0.051
0.045
0.051
0.051
0.051
0.051
0.051
0.046
0.051
0.051
0.051
0.051
0.051
0.051
0.051
0.051
0.051
0.051
0.051
0.048
0.051
0.051
0.051
0.051
0.051
0.051
0.051
0.051
0.046
-1.475
-1.479
-1.899
0.051
0.051
0.051
0.051
0.051
0.048
0.051
0.051
0.051
0.051
0.051
0.049
0.051
0.051
0.051
0.051
0.051
0.051
0.051
0.051
0.046
0.051
0.051
0.051
0.051
0.051
0.051
0.051
0.051
0.051
0.051
0.051
0.051
0.051
0.051
0.051
0.051
0.051
0.049
0.051
0.051
0.049
0.051
0.051
0.048
0.051
0.051
0.051
0.051
0.051
0.051
0.047
0.047
0.042
0.047
0.047
0.047
0.047
0.047
0.045
0.047
0.047
0.047
0.047
0.047
0.042
0.047
0.047
0.047
0.046
0.047
0.047
0.047
0.047
0.047
0.047
0.047
0.047
0.047
0.047
0.047
0.047
0.047
0.047
0.047
0.047
0.047
0.047
0.047
0.047
0.047
0.047
0.047
0.044
0.047
0.045
0.047
0.047
0.045
0.047
0.047
0.047
0.047
0.047
0.047
0.047
0.047
0.047
0.047
0.047
0.047
0.047
0.047
0.040
0.047
0.047
0.047
0.047
0.047
0.047
0.047
0.047
-1.274
0.047
0.047
0.045
0.047
0.047
0.047
0.047
0.047
0.047
0.047
0.047
0.047
0.047
0.047
0.047
0.047
0.047
0.045
0.047
0.046
0.047
0.047
0.047
0.047
0.047
0.047
0.047
0.047
0.047
0.047
0.047
0.047
0.047
0.047
0.047
0.047
0.047
0.047
0.047
-1.269
0.047
0.047
0.047
0.047
0.047
0.047
0.053
0.053
0.053
0.053
0.053
0.053
0.053
0.052
0.053
0.053
0.053
0.053
0.053
0.053
0.053
0.053
0.053
0.053
0.053
0.053
0.053
0.053
0.053
0.053
0.053
0.053
0.053
0.053
0.051
0.053
0.053
0.052
0.053
0.053
0.053
0.053
0.053
0.047
0.053
0.053
0.046
0.053
0.053
0.053
0.053
0.053
0.053
0.053
0.053
0.053
0.053
0.053
0.053
0.053
0.053
0.053
0.053
0.053
0.053
0.053
0.053
0.053
0.053
0.053
0.053
0.053
0.053
0.053
0.053
0.053
0.053
0.053
0.053
0.053
0.047
0.053
0.049
0.053
0.053
0.052
0.053
0.053
0.053
0.053
0.053
0.052
0.053
0.053
0.053
0.053
0.053
0.053
0.053
0.053
0.053
0.053
0.053
0.041
0.053
0.053
0.053
0.053
0.053
0.053
0.053
0.053
0.050
0.053
0.053
0.052
0.053
0.053
0.053
0.053
0.053
0.053
0.053
0.053
0.053
0.053
0.053
0.049
0.053
0.053
0.048
0.053
0.053
0.047
0.053
0.053
0.053
0.053
0.053
0.053
0.053
0.053
0.051
0.053
0.053
0.052
0.053
0.053
0.053
0.053
0.053
0.053
0.047
0.053
0.053
0.053
0.045
0.044
0.045
0.045
0.045
0.045
0.045
0.045
0.045
0.045
0.045
0.045
0.045
0.045
0.045
0.045
0.045
0.045
0.045
0.045
0.045
0.045
0.045
0.045
0.045
0.045
0.045
0.045
0.039
0.045
0.045
0.043
0.045
0.045
0.045
0.045
0.045
0.045
0.045
0.045
0.045
0.045
0.045
0.045
0.045
0.045
0.045
0.045
0.045
0.045
0.045
0.045
0.045
0.045
0.045
0.044
0.043
0.045
0.045
0.045
0.045
0.039
0.045
0.045
0.045
0.045
0.045
0.045
0.045
0.045
0.045
0.045
0.045
0.045
0.045
0.045
0.045
0.045
0.045
0.045
0.045
0.045
0.045
0.045
0.045
0.045
0.045
0.045
0.045
0.045
0.045
0.045
0.045
0.045
0.045
0.045
0.045
0.045
0.045
0.045
0.045
0.045
0.045
0.045
0.045
0.045
0.045
0.045
0.045
0.045
0.045
0.045
0.039
0.045
0.045
0.039
0.045
0.045
0.043
0.045
0.045
0.045
0.045
0.045
0.045
0.045
0.045
0.045
0.045
0.045
0.045
0.045
0.045
0.045
0.045
0.045
0.045
0.045
0.045
0.045
0.045
0.045
0.045
0.045
0.045
0.045
0.045
0.045
0.045
0.045
0.045
0.045
0.045
0.045
0.045
0.045
0.045
0.045
0.045
0.045
0.039
0.045
0.045
0.045
0.045
0.045
0.045
-1.335
0.045
0.045
0.045
0.045
0.045
0.045
0.045
0.045
0.045
0.045
0.039
0.045
0.045
0.045
0.045
0.045
0.045
0.045
0.045
0.045
0.045
0.045
0.045
0.045
0.045
0.045
0.045
0.045
0.045
0.045
0.045
0.044
0.045
0.045
0.045
0.053
0.053
0.044
0.053
0.053
0.053
0.053
0.053
0.053
0.053
0.053
0.053
0.053
0.053
0.053
0.053
0.053
0.053
0.053
0.053
0.050
0.053
0.053
0.052
0.053
0.053
0.053
0.053
0.053
0.049
0.053
0.053
0.053
0.053
0.053
0.053
0.053
0.053
0.053
0.053
0.053
0.053
0.053
0.053
0.053
0.053
0.053
0.053
0.053
0.053
0.053
0.053
0.053
0.052
0.053
0.053
0.053
0.053
0.053
0.053
0.053
0.053
0.053
0.053
0.053
0.053
0.053
0.053
0.053
0.053
0.053
0.053
0.053
0.053
0.052
0.053
0.053
0.053
0.053
0.053
0.053
0.053
0.053
0.053
0.053
0.053
0.053
0.052
0.053
0.053
0.053
0.053
0.050
0.053
0.053
0.053
0.053
0.053
0.053
0.053
0.053
0.052
0.052
0.053
0.053
0.053
0.053
0.053
0.053
0.053
0.048
0.053
0.053
0.053
0.053
0.053
0.053
0.053
0.053
0.053
0.053
0.053
0.048
0.053
0.053
0.053
0.053
0.053
0.052
0.053
0.053
0.053
0.053
0.053
0.041
0.053
0.053
0.052
0.053
0.053
0.053
0.053
0.053
0.053
0.053
0.053
0.053
0.053
0.053
0.053
0.053
0.053
0.053
0.053
0.053
0.053
0.053
0.053
0.053
0.053
0.053
0.053
0.053
0.053
0.053
0.053
0.053
0.053
0.053
0.053
0.053
0.053
0.053
0.049
0.053
0.053
0.053
0.053
0.053
0.053
0.053
0.053
0.053
0.053
0.053
0.053
0.053
0.053
0.053
0.053
0.053
0.053
0.053
0.053
0.053
0.053
0.053
0.048
0.053
0.053
0.051
0.053
0.053
0.050
0.053
0.053
0.051
0.053
0.053
0.053
0.053
0.053
0.053
0.053
0.053
0.050
0.053
0.053
0.053
0.053
0.053
0.053
0.053
0.053
0.053
0.053
0.053
0.051
0.053
0.053
0.053
0.053
0.053
0.053
0.053
0.053
0.041
0.052
0.053
0.041
0.053
0.053
0.053
0.053
0.053
0.053
0.053
0.053
0.053
0.053
0.053
0.050
0.053
0.053
0.053
0.050
0.053
0.053
0.053
0.053
0.053
0.053
0.053
0.053
0.053
0.053
0.053
0.050
0.053
0.041
0.053
0.053
0.052
0.053
0.053
0.053
0.053
0.053
0.051
0.053
0.053
0.053
0.053
0.053
0.053
0.053
0.048
0.053
0.053
0.053
0.050
0.053
0.053
0.041
0.053
0.053
0.053
0.053
0.053
-1.162
-1.143
-1.157
-1.135
0.053
0.048
0.053
0.053
0.048
0.048
-1.162
-1.143
-2.011
0.053
0.053
-1.135
0.048
0.053
-1.143
0.053
0.048
0.052
0.053
0.048
0.048
0.053
0.053
0.053
0.053
-1.135
-1.135
0.053
0.053
-1.143
0.048
-1.164
0.048
0.053
0.053
-1.149
0.048
0.048
-1.144
0.048
0.053
-1.135
-1.135
-1.162
-2.040
0.048
-1.164
-1.149
-1.301
0.042
0.046
0.053
0.048
0.053
0.053
0.052
0.053
-1.162
0.053
0.048
0.048
0.053
0.053
-1.135
0.053
-1.143
-1.154
-1.149
-1.149
-1.143
0.048
0.047
0.053
0.048
-2.029
0.053
0.048
0.051
0.051
0.051
0.049
0.051
0.051
0.051
0.051
0.051
-1.175
0.051
0.051
0.051
0.051
0.051
0.051
0.051
0.051
0.051
0.051
0.051
0.051
0.051
0.051
0.049
0.051
0.051
0.049
0.051
0.051
0.051
0.051
0.051
0.051
0.051
0.051
0.051
0.051
0.051
0.049
0.051
0.051
0.051
0.051
0.051
0.051
0.051
0.051
0.049
0.051
0.051
0.051
0.051
0.051
0.045
0.051
0.051
0.051
0.051
0.051
0.051
0.051
0.051
0.051
0.051
0.051
0.046
0.051
0.051
0.051
0.051
0.051
0.051
0.051
0.051
0.051
0.051
0.051
0.051
0.051
0.051
0.051
0.051
0.051
0.049
0.051
0.051
0.051
0.051
0.051
0.051
0.051
0.051
-1.200
0.051
0.051
0.051
0.051
0.051
0.046
0.051
0.051
0.051
0.051
0.051
0.051
0.051
0.051
0.051
0.051
0.051
0.050
0.051
0.051
0.051
0.051
0.051
0.051
0.050
0.051
0.051
0.051
0.051
0.050
0.051
0.051
0.051
0.051
0.051
0.051
0.051
0.051
0.051
0.051
0.051
0.051
0.051
0.051
0.051
0.051
0.051
0.051
0.051
0.051
-1.200
0.051
0.051
0.051
0.051
0.051
0.051
0.051
0.051
0.051
0.051
0.051
0.051
0.051
0.051
0.051
0.051
0.051
0.050
0.051
0.051
0.051
0.051
0.051
0.051
0.051
0.051
0.051
0.051
0.051
0.046
0.051
0.051
0.051
0.051
0.051
0.051
0.051
0.051
0.051
0.051
0.051
0.051
0.051
0.051
0.051
0.051
0.051
0.044
0.051
0.051
0.051
0.051
0.051
0.050
0.051
0.051
0.051
0.051
0.051
0.051
0.051
0.051
0.051
0.051
0.051
0.051
0.051
0.051
0.051
0.051
0.051
0.051
0.051
0.051
0.051
0.051
0.051
0.051
0.051
0.051
0.051
0.051
0.051
0.051
0.051
0.051
0.048
0.051
0.051
0.051
0.051
0.051
0.046
0.051
0.051
0.051
0.051
0.051
0.051
0.051
0.053
0.049
0.053
0.053
0.053
0.053
0.053
0.053
0.053
0.053
0.053
0.053
0.053
0.053
0.053
0.053
0.053
0.053
0.053
0.053
0.053
0.053
0.053
0.053
0.053
0.049
0.053
0.053
0.053
0.053
0.053
0.053
0.053
0.053
0.053
0.053
0.053
0.053
0.053
0.053
0.041
0.053
0.053
0.053
0.053
0.053
0.048
0.053
0.053
-1.162
0.053
0.053
0.053
0.053
0.053
0.053
0.053
0.053
0.053
0.053
0.053
0.053
0.053
0.053
0.048
0.053
0.053
0.050
0.053
0.053
0.053
0.053
0.053
0.053
0.053
0.050
0.053
0.053
0.053
0.050
0.053
0.053
0.053
0.053
0.053
0.053
0.053
0.053
0.050
0.053
0.053
0.053
0.053
0.053
0.053
0.053
0.053
0.053
0.053
0.053
0.053
0.053
0.053
0.053
0.053
0.053
0.041
0.053
0.053
0.053
0.053
0.053
0.051
0.053
0.053
0.050
0.053
0.053
0.053
0.053
0.053
0.053
0.053
0.053
-2.593
-1.149
0.053
0.048
0.053
0.053
0.053
0.053
0.053
0.048
0.053
0.050
0.050
0.053
0.053
0.051
0.053
0.053
0.050
0.053
0.053
0.053
0.053
0.053
0.050
0.053
0.053
0.052
0.053
0.053
0.053
0.053
0.053
0.048
0.053
0.053
0.049
0.053
0.053
0.053
0.053
0.053
0.053
0.053
0.053
0.053
0.053
0.053
0.053
0.053
0.053
0.053
0.053
0.053
0.053
0.053
0.053
0.053
0.053
0.053
0.053
0.053
0.053
0.053
0.053
0.053
0.053
0.053
0.053
-1.978
0.053
0.053
0.053
0.053
0.053
0.053
-1.468
-1.467
-1.924
0.053
0.053
0.053
0.053
0.053
0.053
0.053
0.053
0.053
0.052
0.053
0.053
0.053
0.053
0.053
0.053
0.053
0.053
0.053
0.053
0.053
0.053
0.053
0.053
0.053
0.053
0.048
0.053
0.053
0.053
0.053
0.053
0.053
-1.467
-1.467
-1.887
0.053
0.053
0.053
0.053
0.053
0.053
0.053
0.053
0.052
0.053
0.053
0.053
0.053
0.053
0.053
0.053
0.053
0.053
0.053
0.053
0.053
0.053
0.053
0.053
0.053
0.053
0.053
0.053
0.053
0.053
0.053
0.053
0.048
0.053
0.053
0.053
0.053
0.053
0.053
0.053
0.053
0.053
0.053
0.053
0.048
0.053
0.053
0.053
0.053
0.053
0.053
0.053
0.053
0.053
0.053
0.053
0.053
0.053
0.053
0.053
0.053
0.053
0.053
0.053
0.053
0.053
0.039
0.053
-1.269
0.053
0.053
0.050
0.053
0.053
0.053
0.053
0.053
0.053
0.053
0.053
0.053
0.053
0.053
0.053
0.053
0.053
0.053
0.053
0.053
0.053
0.053
0.053
0.050
0.053
0.053
0.053
0.053
0.053
0.048
0.053
0.053
0.053
0.053
0.053
0.053
0.053
0.053
0.042
0.053
0.053
0.053
0.053
0.053
0.050
0.053
0.053
0.053
0.053
0.053
0.052
0.053
0.053
0.053
0.053
0.053
0.053
0.053
0.053
0.050
0.053
0.053
0.053
0.053
0.053
0.048
0.053
0.053
0.053
0.053
0.053
0.053
0.053
0.047
0.048
0.053
0.053
0.053
0.053
0.053
0.053
0.053
0.053
0.053
