fixedStep chrom=ENSGT00410000028556 start=1 step=1
0.088
0.089
0.087
0.089
0.087
0.088
0.089
0.089
0.088
0.088
0.088
0.089
0.088
0.088
0.089
0.083
0.088
0.089
0.088
0.088
0.088
0.088
0.088
0.088
0.088
0.088
0.088
0.088
0.087
0.089
0.087
0.088
0.089
0.088
0.088
0.088
0.088
0.088
0.088
0.088
0.088
0.088
0.088
0.088
0.088
0.089
0.089
0.088
0.089
0.089
0.088
0.088
0.088
0.088
0.089
0.089
0.088
0.088
0.088
0.088
0.089
0.088
0.088
0.088
0.089
0.088
0.088
0.088
0.089
0.088
0.089
0.088
0.088
0.088
0.089
0.087
0.088
0.088
0.088
0.088
0.088
0.088
0.088
0.089
0.088
0.088
0.089
0.088
0.088
0.087
0.088
0.088
0.088
0.088
0.088
0.089
0.088
0.088
0.088
0.088
0.088
0.088
0.088
0.089
0.088
0.089
0.088
0.088
0.088
0.088
0.088
0.088
0.088
0.087
0.088
0.088
0.088
0.084
0.089
0.088
0.088
0.088
0.088
0.089
0.088
0.089
0.089
0.089
0.088
0.088
0.089
0.088
0.089
0.087
0.089
0.088
0.089
0.088
0.088
0.089
0.089
0.088
0.088
0.088
-0.825
0.087
0.082
0.089
0.088
0.088
0.088
0.088
0.089
0.088
0.088
0.088
0.088
0.088
0.088
0.089
0.088
0.088
0.088
0.088
0.088
0.088
0.089
0.088
0.088
0.089
0.088
0.089
0.089
0.088
0.088
0.088
0.089
0.088
0.088
0.088
-0.236
-0.236
-0.236
0.089
0.088
0.071
0.088
0.089
0.088
-0.824
0.071
-0.820
0.088
0.071
-0.820
-0.825
0.071
-0.820
0.088
-0.825
-0.820
-0.825
0.088
0.071
-0.825
0.089
0.087
-0.825
-0.825
0.089
-0.825
-0.825
0.082
0.071
-0.825
0.071
0.088
-0.825
0.071
0.088
0.071
0.088
-0.825
-2.195
0.063
0.071
-0.825
-0.820
0.088
-0.824
0.071
0.071
-0.825
-0.825
0.088
0.088
0.089
0.071
0.071
-0.825
0.089
0.088
0.088
-0.825
-0.820
-0.825
0.071
0.071
-0.824
0.088
-0.824
0.071
-0.825
-0.825
-0.825
0.088
0.071
0.088
0.088
0.088
0.071
0.088
0.071
0.071
-1.922
-2.454
-2.453
-0.825
-0.824
0.089
-0.825
-0.825
-0.825
-0.820
0.071
0.088
-0.825
0.088
0.088
0.088
-0.825
-0.824
-0.824
0.088
0.071
-0.820
-0.825
-0.825
-0.825
-0.824
0.071
0.071
-0.820
0.071
-0.236
-0.236
-0.236
-0.236
-0.236
-0.236
-0.824
-0.825
-0.920
0.089
0.088
0.088
0.088
0.071
-0.825
-0.446
-0.446
-0.446
-0.446
-0.446
-0.446
-0.446
-0.446
-0.446
-0.446
-0.446
-0.446
0.088
0.088
-0.825
0.088
0.071
0.071
-0.825
0.069
0.071
0.071
0.089
0.088
0.089
0.088
0.089
-0.820
0.089
-0.825
-0.446
-0.446
-0.446
-0.446
-0.446
-0.446
-0.446
-0.446
-0.446
-0.446
-0.446
-0.940
-0.446
-0.446
-0.446
-0.446
-0.824
-0.446
-0.824
-0.932
0.089
0.088
-2.181
0.071
0.071
0.071
-0.824
-0.825
0.089
0.071
0.088
-1.541
-0.820
0.088
-0.824
0.089
0.088
0.088
0.088
0.000
0.000
0.000
0.000
0.000
0.000
0.000
0.000
0.000
0.000
0.000
0.000
0.000
0.000
0.000
0.000
0.000
0.000
0.000
0.000
0.000
