fixedStep chrom=ENSGT00730000111106 start=1 step=1
-1.243
-1.240
-1.244
0.059
0.069
0.059
0.072
0.059
0.069
0.059
-1.605
0.072
0.072
0.072
0.070
0.072
0.052
0.072
0.072
0.072
0.062
0.069
0.072
0.072
0.072
0.072
0.072
0.072
0.072
0.069
0.072
0.072
0.072
0.072
0.072
0.071
0.070
0.072
0.057
0.069
0.072
0.069
0.065
0.070
0.072
0.054
0.072
0.072
0.072
0.069
0.070
0.071
0.070
0.072
0.072
0.072
0.066
0.072
0.072
0.072
0.072
0.070
0.072
0.059
0.072
-2.416
0.072
0.072
0.072
0.072
0.072
0.072
0.069
0.072
0.069
0.071
0.072
0.066
0.072
0.072
0.070
0.072
0.072
0.069
0.072
0.072
0.069
0.072
0.072
0.058
0.072
0.072
0.072
0.072
0.072
0.069
0.069
0.072
0.072
0.072
0.072
0.069
0.072
0.072
0.069
0.072
0.072
0.071
0.072
0.060
0.072
0.072
0.072
0.072
0.072
0.072
0.070
0.072
0.072
0.069
0.072
0.072
0.070
0.071
0.072
0.072
0.072
0.069
0.072
0.072
0.072
0.072
0.072
0.072
0.072
0.072
0.072
0.072
0.072
0.072
0.072
0.072
0.072
0.059
0.072
0.072
0.057
0.072
0.072
0.072
0.072
0.072
0.072
0.072
0.072
0.072
0.072
0.070
0.072
0.072
0.072
0.053
0.072
0.072
0.069
0.070
0.072
0.060
0.072
0.072
0.072
0.072
0.072
0.072
0.072
0.072
0.072
0.072
0.072
0.057
0.071
0.072
0.057
0.072
0.072
0.071
0.072
0.072
0.070
0.072
0.072
0.072
0.072
0.072
0.069
0.072
0.072
0.072
0.069
0.072
0.072
0.072
0.072
0.070
0.072
0.072
0.072
0.072
0.072
0.064
0.072
0.072
0.070
0.072
0.072
0.072
0.069
0.072
0.069
0.069
0.069
0.072
0.072
0.072
0.072
0.071
0.072
0.072
0.072
0.072
0.072
0.072
0.072
0.072
0.059
0.060
0.072
0.072
0.072
0.072
0.072
0.072
0.072
0.072
0.068
0.068
0.072
0.072
0.069
0.072
0.072
0.072
0.072
0.072
0.072
0.072
0.072
0.072
0.072
0.072
0.072
0.072
0.072
0.069
0.072
0.071
0.070
0.072
0.072
0.068
0.072
0.072
0.072
0.072
0.072
0.069
0.059
0.072
0.071
0.072
0.072
0.072
0.072
0.072
0.071
0.072
0.072
0.072
0.072
0.072
0.072
0.072
0.072
0.071
0.072
0.072
0.072
0.072
0.072
0.067
0.072
0.072
0.071
0.072
0.072
0.058
0.072
0.072
0.072
0.072
0.072
0.072
0.072
0.072
0.072
0.072
0.072
0.070
0.072
0.072
0.072
0.072
0.072
0.072
0.072
0.072
0.072
0.072
0.072
0.072
0.072
0.072
0.069
0.072
0.072
0.072
0.072
0.072
0.071
0.072
0.072
0.069
0.072
0.072
0.069
0.072
0.072
0.072
0.072
0.072
0.072
0.072
0.072
0.069
0.072
0.072
0.072
0.070
0.072
0.072
0.072
0.071
0.070
0.072
0.072
0.072
0.072
0.072
0.072
0.072
0.072
0.072
0.072
0.072
0.072
0.072
0.072
0.072
0.072
0.072
0.072
0.072
0.072
0.072
0.072
0.072
0.070
0.072
0.072
0.072
0.072
0.072
0.069
0.072
0.072
0.072
0.072
0.072
0.072
0.072
0.072
0.071
0.072
0.072
0.057
0.072
0.072
0.069
0.066
0.072
0.069
0.069
0.059
0.072
0.068
0.072
0.072
0.072
0.072
0.072
0.053
0.070
0.066
0.072
0.072
0.072
0.072
0.072
0.072
0.072
0.072
0.070
0.069
0.072
0.072
0.072
0.072
0.072
0.072
0.072
0.072
0.072
0.072
0.066
0.072
0.072
0.072
0.066
0.072
0.069
0.072
0.072
0.068
0.071
0.069
0.070
0.072
0.072
0.072
0.072
0.070
0.072
0.072
0.072
0.069
0.072
0.072
0.072
0.069
-3.351
0.059
0.072
0.072
0.066
0.072
0.072
0.072
0.069
0.072
0.070
0.072
0.072
0.072
0.072
0.072
0.069
0.072
0.060
0.059
0.058
0.060
0.059
0.068
0.060
0.072
0.072
0.072
0.072
0.072
0.072
0.071
0.072
0.072
0.069
0.072
0.072
0.071
0.072
0.072
0.057
0.072
0.072
0.072
0.072
0.072
0.070
0.072
0.072
0.060
0.059
0.072
0.072
0.068
0.069
0.072
0.068
0.071
0.072
0.058
0.059
0.066
0.072
0.072
0.069
0.064
0.072
0.072
0.072
0.072
0.072
0.072
0.072
0.072
0.072
0.072
0.072
0.072
0.072
0.069
0.056
0.072
0.072
0.072
0.072
0.069
0.072
0.069
0.053
0.070
0.068
0.059
0.060
0.072
0.069
0.072
0.072
0.072
0.072
0.072
0.072
0.072
0.072
0.072
0.068
0.072
0.072
0.072
0.069
0.060
0.072
0.072
0.072
0.069
0.070
0.072
0.072
0.072
-3.219
0.072
0.072
0.072
0.072
0.072
0.057
0.069
0.072
0.057
0.072
0.072
0.072
-2.448
0.072
0.071
0.066
0.072
0.072
0.072
0.072
0.072
0.072
0.072
0.070
0.059
0.072
0.068
0.072
0.070
0.066
0.072
0.072
0.072
0.069
0.072
0.072
0.072
0.070
0.072
0.072
0.072
0.072
0.072
0.072
0.069
0.066
0.072
0.069
0.072
0.072
0.072
0.072
0.072
0.071
0.072
0.072
0.069
0.072
0.072
-2.164
0.072
0.072
0.072
0.072
0.072
0.072
0.072
0.072
0.072
0.072
0.072
0.072
0.072
0.072
0.072
0.072
0.072
0.072
0.072
0.072
0.072
0.072
0.072
0.071
0.069
0.072
0.072
0.072
0.072
0.072
0.072
0.072
0.072
0.072
0.072
0.072
0.072
0.072
0.072
0.072
0.072
0.072
0.072
0.072
0.072
0.072
0.072
0.071
0.071
0.072
0.072
0.072
0.072
0.072
0.059
0.072
0.072
-1.630
0.072
0.072
0.072
0.072
0.072
0.072
0.072
0.072
0.072
0.072
0.053
0.072
0.072
0.072
0.072
0.072
0.072
0.072
0.072
0.071
0.072
0.072
0.072
0.072
0.072
0.072
0.072
0.072
0.072
0.072
0.072
0.072
0.072
0.072
0.069
0.072
0.072
0.072
0.071
0.072
0.070
-3.098
-1.518
-1.640
-1.273
-1.269
-1.999
-1.273
-1.269
-1.273
0.056
0.059
0.058
0.072
0.072
0.069
0.059
0.072
0.069
0.072
0.072
0.072
0.071
0.057
0.072
0.072
0.072
0.072
-1.554
-1.272
-1.644
-1.272
-1.273
-1.273
0.072
0.072
0.068
0.071
0.072
0.072
0.072
0.069
0.069
0.072
0.072
0.072
0.072
0.072
0.069
0.072
0.072
0.071
0.072
0.072
0.072
0.072
0.072
0.072
0.070
0.072
0.072
0.072
0.072
0.072
0.072
0.072
0.072
0.072
0.072
0.072
0.072
0.072
0.066
0.072
0.072
0.071
0.072
0.072
0.070
0.072
0.072
0.071
0.072
0.072
0.069
0.072
0.070
0.072
0.072
0.072
0.070
0.069
0.072
0.072
0.072
0.072
0.064
0.072
0.072
0.063
0.072
0.072
0.072
0.072
0.072
0.070
0.072
0.072
-2.155
0.072
0.072
0.069
0.072
0.072
0.057
0.072
0.057
0.072
0.072
0.070
0.072
0.072
0.072
0.072
0.072
0.072
0.072
0.072
0.072
0.072
0.072
0.072
0.072
0.072
0.072
0.072
0.072
0.072
0.072
0.072
0.072
0.072
0.072
0.072
0.072
0.056
0.072
0.069
0.072
0.072
0.072
0.072
0.072
0.071
0.069
0.072
0.069
0.069
0.072
0.072
0.060
0.072
0.072
0.072
0.072
0.072
0.066
0.072
0.072
