fixedStep chrom=ENSGT00390000013383 start=1 step=1
0.072
0.072
0.056
0.076
0.072
0.070
0.076
0.056
0.056
0.072
0.056
0.053
0.000
0.000
0.000
0.000
0.000
0.000
0.000
0.000
0.000
0.056
0.076
0.056
0.056
0.072
-1.435
-1.441
0.072
0.054
0.076
0.072
0.070
0.074
0.056
0.054
0.076
0.056
0.075
0.076
0.076
0.068
0.056
0.076
0.072
0.074
0.076
-2.058
0.056
0.056
0.059
0.076
0.070
-4.149
0.076
0.056
-2.864
0.072
0.076
0.072
0.056
0.056
0.072
0.076
0.076
0.056
0.056
0.056
-2.178
0.076
0.056
0.054
0.056
0.072
0.076
0.056
0.056
-2.061
0.056
0.072
0.068
0.076
0.076
0.074
0.072
0.076
0.055
0.000
0.000
0.000
0.000
0.000
0.000
0.000
0.000
0.000
0.000
0.000
0.000
-0.295
-0.295
-0.295
0.073
0.076
0.076
0.076
0.076
0.074
0.074
0.064
0.073
0.076
0.076
0.056
0.076
0.076
-1.917
0.073
0.061
0.061
0.061
0.076
0.073
0.076
0.076
0.073
0.076
0.076
0.068
0.074
0.076
0.076
0.076
0.076
0.076
0.076
0.076
0.076
0.076
0.076
0.076
0.076
0.076
0.076
0.076
0.076
0.074
0.076
0.076
0.076
0.076
0.076
0.076
0.076
0.076
0.076
0.076
0.076
0.073
0.076
0.076
0.076
0.076
0.076
0.076
0.076
0.076
0.068
0.076
0.076
0.076
0.064
0.076
0.076
0.076
0.076
0.076
0.076
0.076
0.076
0.076
0.076
0.073
0.068
0.076
0.076
0.076
0.076
0.076
0.076
0.076
0.068
0.076
0.076
0.075
0.076
0.076
0.073
0.076
0.076
0.076
0.076
0.076
0.076
0.076
0.076
0.071
0.068
0.076
0.076
0.076
0.076
0.074
0.068
0.076
0.076
0.076
0.076
0.076
0.076
0.076
0.068
0.076
0.076
0.076
0.076
0.076
0.076
0.076
0.076
0.076
0.076
0.076
0.076
0.076
0.076
0.076
0.076
0.076
0.076
0.056
0.076
0.076
0.076
0.076
0.076
0.076
0.076
0.076
0.076
0.076
0.074
0.076
0.074
0.076
0.076
0.076
0.071
0.076
0.076
0.076
0.076
0.076
0.076
0.076
0.076
0.076
0.073
0.076
0.076
0.076
0.059
0.076
0.076
0.076
0.076
0.076
0.076
0.076
0.076
0.076
0.075
0.076
0.076
0.076
0.076
0.076
0.075
0.076
0.076
0.068
0.076
0.076
0.076
0.076
0.076
0.073
0.076
0.070
0.076
0.076
0.076
0.076
0.076
0.076
0.076
0.076
0.076
0.076
0.076
0.076
0.076
0.076
0.076
0.076
0.076
0.076
0.068
0.076
0.076
0.076
0.076
0.076
0.076
0.075
0.076
0.075
0.076
0.076
0.076
0.076
0.076
0.076
0.076
0.076
0.076
0.076
0.076
0.076
0.076
0.076
0.073
0.076
0.076
0.074
0.076
0.076
0.074
0.076
0.076
0.076
0.076
0.076
0.070
0.076
0.076
0.074
0.076
0.076
0.074
0.076
0.076
0.076
0.076
0.076
0.076
0.076
0.076
0.076
0.076
0.076
0.074
0.076
0.076
0.076
0.076
0.076
0.076
0.076
0.076
0.076
0.075
0.076
0.074
0.068
0.076
0.074
0.071
0.076
0.076
0.074
0.076
0.076
0.076
0.076
0.076
0.076
0.076
0.076
0.076
0.071
0.076
0.076
0.076
0.076
0.073
0.076
0.076
0.074
0.076
0.076
0.073
0.076
0.061
0.073
0.076
0.071
0.076
0.076
0.074
0.076
0.076
0.076
0.076
0.076
0.076
0.072
0.068
0.075
0.072
0.074
0.076
0.076
0.075
0.074
0.076
0.076
0.076
0.061
0.076
0.076
0.076
0.076
0.076
0.075
0.076
0.073
0.076
0.074
0.076
0.076
0.076
0.076
0.000
0.000
0.000
0.000
0.000
0.000
0.000
0.000
0.000
0.073
0.074
0.076
0.074
0.076
0.076
0.061
0.075
0.076
0.076
0.075
0.076
0.076
0.071
0.076
0.074
0.076
0.075
0.076
0.064
0.073
0.073
0.076
0.073
0.076
0.076
0.076
0.076
0.076
0.074
0.076
0.076
0.076
0.076
0.076
0.076
0.076
0.075
0.076
0.076
0.076
0.074
0.076
0.076
0.076
0.076
0.076
0.074
0.076
0.073
0.073
0.076
0.076
0.076
0.076
0.076
0.076
0.076
0.076
0.076
0.076
0.076
0.076
0.076
0.076
0.076
0.076
0.076
0.055
0.068
0.076
0.076
0.076
0.075
0.076
0.076
0.076
0.076
0.076
0.076
0.076
0.076
0.071
0.059
0.076
0.076
0.076
0.074
0.076
0.076
0.072
0.068
0.076
0.076
0.076
0.073
0.076
0.076
0.076
0.076
0.076
0.066
0.076
0.062
0.076
0.071
0.073
0.074
0.076
0.076
0.074
0.076
0.076
0.068
0.076
0.076
0.076
0.076
0.076
0.076
0.076
0.076
0.076
0.076
0.076
0.074
0.076
0.076
0.076
0.076
0.076
0.068
0.076
0.075
0.076
0.073
0.076
0.073
0.076
0.076
0.076
0.076
0.076
0.076
0.076
0.076
0.074
0.076
0.076
0.076
0.076
0.076
0.076
0.076
0.076
0.075
0.076
0.072
0.076
0.076
0.076
0.075
0.076
0.076
0.076
0.076
0.076
0.076
0.076
0.076
0.076
0.076
0.075
0.076
0.073
0.076
0.076
0.076
0.076
0.073
0.068
0.076
0.076
0.076
0.076
0.074
0.076
0.076
0.076
0.076
0.076
0.076
0.076
0.076
0.076
0.076
0.076
0.076
0.076
0.076
0.076
0.076
0.076
0.076
0.076
0.076
0.076
0.074
0.076
0.076
0.076
0.076
0.073
0.071
0.073
0.076
0.074
0.076
0.068
0.076
0.074
0.076
0.000
0.000
0.000
0.000
0.000
0.000
