fixedStep chrom=ENSGT00390000009677 start=1 step=1
0.063
0.063
0.063
0.063
0.063
0.063
0.063
0.063
0.063
0.063
0.063
0.063
0.063
0.063
0.063
0.063
0.063
0.063
0.063
0.063
0.063
0.063
0.063
0.063
0.063
0.063
0.063
0.063
0.063
0.063
0.063
0.063
0.061
0.063
0.063
0.056
0.063
0.063
0.063
0.063
0.063
0.063
0.063
0.063
0.063
0.063
0.063
0.059
0.063
0.063
0.063
0.062
0.063
0.063
0.063
0.063
0.063
0.063
0.063
0.063
0.063
0.062
0.060
0.063
0.063
0.063
0.063
0.063
0.063
0.063
0.063
0.063
0.063
0.063
0.063
0.063
0.063
0.061
0.063
0.063
0.063
0.063
0.063
0.063
0.063
0.063
0.063
0.063
0.063
0.063
0.063
0.063
0.063
0.063
0.063
0.060
0.063
0.063
0.063
0.063
0.063
0.063
0.063
0.063
0.063
0.063
0.063
0.063
0.063
0.063
0.063
0.063
0.063
0.062
0.059
0.063
0.046
0.063
0.063
0.063
0.063
0.063
0.063
0.063
0.063
0.063
0.063
0.063
0.063
0.063
0.063
-1.958
0.063
0.063
0.063
0.063
0.063
0.061
0.063
0.063
0.059
0.063
0.063
0.063
0.063
0.063
0.063
0.063
0.063
0.063
0.063
0.063
0.063
0.063
0.063
0.063
0.063
0.063
0.063
0.063
0.063
-1.882
0.063
0.063
0.056
0.063
0.063
0.063
0.063
0.063
-2.640
0.063
0.063
0.063
0.063
0.063
0.060
0.063
0.063
0.063
0.063
0.063
-1.859
0.063
0.063
0.063
0.063
0.063
0.063
0.063
0.063
0.059
0.063
0.063
0.063
0.063
0.063
0.063
0.063
0.063
0.063
0.063
0.063
0.063
0.063
0.063
0.063
0.063
0.063
0.060
0.063
0.063
0.044
0.063
0.063
0.063
0.063
0.063
0.063
0.063
0.063
0.063
0.063
0.063
0.059
0.063
0.063
0.063
0.063
0.063
0.063
0.063
0.063
0.059
0.063
0.063
0.063
0.063
0.063
0.063
0.063
0.063
-1.830
0.062
0.063
0.063
0.063
0.063
0.046
0.063
0.063
0.060
0.063
0.063
-1.854
0.063
0.063
0.060
0.063
0.063
0.063
0.063
0.063
0.063
0.063
0.063
0.046
0.063
0.063
0.063
0.063
0.063
0.046
0.063
0.063
0.063
0.063
0.063
0.063
0.063
0.063
0.063
0.063
0.063
0.063
0.063
0.063
0.063
0.063
0.063
0.063
0.063
0.063
0.063
0.063
0.063
0.060
0.063
0.063
0.063
0.063
0.063
0.063
0.063
0.063
0.063
0.063
0.063
0.060
0.063
0.063
0.063
0.063
0.063
0.063
0.063
0.063
0.058
0.062
0.063
0.060
0.063
0.063
0.063
0.063
0.063
0.059
0.063
0.063
0.060
0.063
0.063
0.061
0.063
0.063
0.062
0.063
0.063
0.063
0.063
0.063
0.063
0.063
0.063
0.063
0.051
0.063
0.059
0.063
0.063
0.063
0.063
0.063
0.063
0.063
0.063
0.062
0.063
0.063
0.059
0.063
0.063
0.063
0.063
0.063
0.063
0.063
0.063
0.063
0.063
0.063
0.054
0.063
0.063
0.063
0.063
0.063
0.063
0.063
0.063
0.063
0.063
0.063
0.063
0.046
0.063
0.051
0.052
0.063
-1.859
0.063
0.063
0.061
0.063
0.063
0.063
0.063
0.063
0.063
0.063
0.063
0.063
0.063
0.063
0.063
0.063
0.063
0.063
0.063
0.063
0.062
0.063
0.063
0.063
0.063
0.063
0.063
0.063
0.063
0.063
0.063
0.063
0.060
0.063
0.063
0.063
0.063
0.063
0.059
0.063
0.063
0.063
0.063
0.063
0.060
0.063
0.063
0.063
0.063
0.063
0.063
0.063
0.063
0.063
0.063
0.063
0.060
0.063
0.063
0.063
0.063
0.063
0.063
0.063
0.063
0.063
0.063
0.063
0.063
0.063
0.063
0.063
0.063
0.063
0.063
0.063
0.063
0.060
0.063
0.063
0.063
0.063
0.063
0.063
0.063
0.063
0.059
0.063
0.063
0.063
0.063
0.063
0.063
0.063
0.063
0.063
0.063
0.063
0.063
0.063
0.063
0.063
0.063
0.063
0.063
0.063
0.063
0.062
0.063
0.063
0.063
0.063
0.063
0.060
0.063
0.063
0.063
0.063
0.063
0.063
0.063
0.063
0.061
0.063
0.063
0.063
0.063
0.063
0.059
0.063
0.063
0.051
0.063
0.063
0.063
0.063
0.063
0.063
0.063
0.063
0.060
0.063
0.063
0.063
0.063
0.063
0.063
0.063
0.063
0.063
0.063
0.063
0.061
0.063
0.063
-1.859
0.063
0.063
0.054
0.063
0.060
0.063
0.063
0.063
0.063
0.063
0.063
0.063
0.063
0.063
0.059
0.046
0.063
0.063
0.063
0.063
0.063
0.063
0.063
0.060
0.063
0.063
0.062
0.063
0.063
0.061
0.063
0.063
0.063
0.063
0.063
0.063
0.063
0.063
0.063
0.063
0.063
0.063
0.063
0.063
-1.859
0.063
0.063
0.063
0.056
0.059
0.063
0.063
0.063
0.063
0.063
0.063
0.063
0.063
0.063
0.056
0.063
0.063
0.061
0.063
0.063
0.046
0.063
0.063
0.063
0.063
0.063
0.063
0.063
0.063
-1.844
0.063
0.063
0.063
0.063
0.063
0.063
0.063
0.063
0.059
0.063
0.063
0.059
0.063
0.063
0.063
0.063
0.063
0.063
0.063
0.062
0.059
0.063
0.063
0.063
0.063
0.063
0.063
0.063
0.063
0.063
0.063
0.063
0.059
0.063
0.063
0.051
0.063
0.063
0.063
0.063
0.063
0.061
0.063
0.063
0.063
0.063
0.063
-1.858
0.063
0.063
0.054
0.063
0.063
0.063
0.063
0.063
0.046
0.063
0.063
0.063
0.063
0.063
0.063
0.063
0.063
0.063
0.063
0.063
0.063
0.063
0.063
0.063
0.063
0.063
0.063
0.063
0.063
0.063
0.063
0.063
-2.474
0.063
0.063
0.051
0.063
0.063
0.059
0.063
0.063
0.063
0.063
0.063
0.063
0.063
0.063
0.055
0.063
0.063
0.063
0.063
0.063
0.061
0.063
0.063
0.063
0.063
0.063
0.063
0.063
0.063
0.061
0.063
0.063
0.063
0.063
0.063
0.059
0.063
0.063
0.046
0.063
0.063
0.063
0.063
0.063
0.063
0.063
0.063
0.062
0.063
0.063
0.063
0.063
0.063
0.063
0.063
0.063
0.063
0.063
0.063
0.060
0.051
0.063
0.054
0.063
0.063
0.061
0.063
0.063
0.063
0.051
0.063
0.063
0.063
0.063
0.061
0.063
0.063
0.063
0.063
0.063
0.063
0.063
0.063
0.063
0.063
0.063
0.063
0.063
0.063
0.061
0.063
0.063
0.063
0.063
0.063
0.063
0.063
0.063
0.063
0.061
0.063
0.063
0.063
0.063
0.063
0.063
0.063
0.046
0.063
0.063
0.060
0.063
0.063
0.050
0.063
0.063
0.063
0.063
0.063
0.063
0.063
0.063
0.063
0.063
0.063
0.063
0.063
0.063
0.063
0.063
0.063
0.063
0.063
0.063
0.061
0.063
0.063
0.063
0.063
0.063
0.063
0.063
0.063
0.063
0.063
0.063
0.063
0.063
0.063
0.063
0.063
0.063
0.063
0.063
0.063
0.063
0.063
0.063
0.063
0.063
0.063
-1.859
0.063
0.063
0.063
0.063
0.063
0.063
0.063
0.063
0.063
0.063
0.063
0.063
0.063
0.063
0.063
0.063
0.063
0.063
0.063
0.063
0.063
0.063
0.063
0.059
0.063
0.063
0.063
0.063
0.063
0.063
0.063
0.063
0.063
0.063
0.063
0.061
0.063
0.063
0.063
0.063
0.063
0.060
0.063
0.063
0.060
0.063
0.063
0.063
0.063
0.063
0.063
0.063
0.063
0.063
0.063
0.063
0.062
0.063
0.063
0.063
0.063
0.063
0.063
0.063
0.063
0.063
0.063
0.063
0.063
0.063
0.063
0.059
0.059
0.061
0.046
0.063
0.063
0.063
0.063
0.063
0.051
0.063
0.063
0.063
0.063
0.063
0.063
0.063
0.063
0.051
0.061
0.060
0.063
0.063
0.063
0.063
0.063
0.063
0.063
0.063
0.063
0.063
0.063
0.063
0.049
0.063
0.063
0.063
0.063
0.063
0.063
0.063
0.063
0.063
0.063
0.063
0.063
0.063
0.063
0.063
0.063
0.063
0.063
0.063
0.063
0.063
0.063
0.063
0.063
0.063
0.059
0.063
0.063
0.063
0.063
0.063
0.063
0.061
0.063
0.063
0.062
0.063
0.060
0.053
0.063
0.063
0.063
0.063
0.063
0.063
0.063
0.063
0.063
0.063
0.063
0.063
0.063
0.063
0.059
0.063
0.063
0.051
0.063
0.062
0.063
0.063
0.063
0.063
0.063
0.063
0.063
0.063
0.063
0.063
0.063
0.063
0.063
0.059
0.063
-1.959
0.063
0.063
0.059
0.063
0.063
0.063
0.063
0.063
0.060
0.051
0.063
0.059
0.063
0.063
0.063
0.063
0.063
0.063
0.063
0.063
0.046
0.063
0.063
0.063
0.063
0.063
0.061
0.059
0.059
0.061
0.063
0.063
-2.059
0.063
0.063
0.059
0.061
0.063
0.060
0.063
0.063
0.063
0.063
0.063
0.059
0.063
0.063
0.063
0.063
0.063
0.063
0.063
0.063
0.061
0.063
0.063
0.059
0.060
0.051
0.063
0.063
0.063
0.059
0.063
0.063
0.063
0.063
0.063
0.063
0.063
0.061
0.063
0.063
0.063
0.060
0.063
0.063
0.062
0.063
0.063
0.063
0.063
0.063
0.059
0.063
0.063
0.063
0.063
0.063
0.059
0.063
0.063
0.063
0.063
0.060
0.059
0.063
0.063
0.055
0.061
0.058
0.063
0.063
0.063
0.063
0.063
0.061
0.056
0.063
0.063
0.063
0.063
0.063
0.059
0.063
0.063
0.063
0.063
0.063
0.063
0.063
0.062
0.058
0.048
0.063
0.063
0.063
0.063
0.063
0.063
0.063
0.063
0.061
0.063
0.063
0.063
0.063
0.063
0.063
0.063
0.060
0.051
0.063
0.060
0.063
0.063
0.063
0.060
0.063
0.063
0.063
0.063
0.063
0.063
0.063
0.063
0.063
0.063
0.047
0.063
0.063
0.063
0.063
0.063
0.063
0.063
0.063
0.063
0.063
0.063
0.063
0.063
0.063
0.063
0.063
0.063
0.063
0.063
0.063
0.063
0.063
0.054
0.063
0.063
0.063
0.051
0.063
0.063
0.060
0.063
0.063
0.063
0.060
0.051
0.060
0.063
0.063
0.063
-1.510
-1.510
-1.505
-1.511
-1.511
-2.030
-2.026
-1.511
-1.511
-1.510
-1.776
-1.511
0.063
0.063
0.060
0.063
0.063
0.063
0.063
0.063
0.061
0.063
0.063
0.060
0.059
0.063
0.063
0.063
0.063
0.063
0.063
0.063
0.063
0.051
0.054
0.063
0.063
0.063
0.063
0.063
0.063
0.063
0.063
0.063
0.060
0.063
0.059
0.059
0.063
0.063
0.063
0.061
0.063
0.063
0.061
0.063
0.059
0.063
0.063
0.063
0.063
0.063
0.063
0.063
0.063
0.059
0.061
0.063
0.063
0.063
0.063
0.063
0.063
0.063
0.063
0.063
0.063
0.063
0.063
0.063
0.062
0.063
0.063
0.061
0.063
0.063
0.051
0.063
0.063
0.063
0.063
0.063
0.062
0.063
0.063
0.063
0.063
0.063
0.062
0.063
0.063
0.063
0.063
0.063
0.061
0.063
0.063
0.063
0.063
0.063
0.063
0.063
0.063
0.046
0.063
0.063
0.063
0.063
0.063
-1.973
0.063
0.063
0.063
0.063
0.059
0.063
0.063
0.063
0.063
0.063
0.059
0.063
0.063
0.063
0.058
0.060
0.063
0.050
0.063
0.063
0.063
0.063
0.063
0.063
0.063
0.063
0.063
0.063
0.063
0.061
0.063
0.063
0.062
0.063
0.063
0.063
0.061
0.063
0.056
0.063
0.056
0.063
0.063
0.063
0.063
0.063
0.063
0.063
0.063
0.063
-2.400
0.046
0.063
0.057
0.063
0.063
0.063
0.063
0.063
0.063
0.063
0.063
0.063
0.063
0.063
0.063
0.063
0.063
0.063
0.063
0.063
0.063
0.063
0.063
0.063
0.063
0.063
0.063
0.063
0.063
0.063
0.063
0.063
0.060
0.063
0.063
0.059
0.063
0.063
0.059
0.063
0.063
0.063
0.063
0.061
0.060
0.063
0.063
0.063
0.063
0.063
0.061
0.063
0.063
0.063
0.063
0.063
0.062
0.063
0.063
0.063
0.063
0.063
0.063
0.063
0.063
0.063
0.063
0.063
0.063
0.063
0.063
0.061
0.063
0.063
0.063
0.063
0.063
0.063
0.063
0.063
0.063
0.063
0.063
0.063
0.063
0.063
0.061
0.061
0.063
0.063
0.063
0.063
0.063
0.063
0.063
0.046
0.063
0.063
0.063
0.063
0.063
0.063
0.063
0.063
0.063
0.063
0.063
0.063
0.063
0.063
0.060
0.063
0.063
0.063
0.063
0.063
0.063
0.063
0.063
0.059
0.063
0.063
0.060
0.063
0.063
0.063
0.063
0.063
0.056
0.063
0.063
0.063
0.063
0.063
0.056
0.063
0.063
0.063
0.063
0.063
0.063
0.063
0.063
0.058
0.063
0.063
0.063
0.063
0.063
0.063
0.063
0.063
0.063
0.063
0.063
0.063
0.063
0.063
0.063
0.063
0.063
0.061
0.063
0.063
0.060
0.063
0.063
0.063
0.063
0.063
0.063
0.063
0.063
0.061
0.063
0.063
0.063
0.063
0.063
0.059
0.063
0.063
0.059
0.063
0.063
0.046
0.063
0.063
0.063
0.063
0.063
0.053
0.063
0.063
0.059
0.063
0.063
0.063
0.060
0.063
0.060
0.063
0.063
0.063
0.059
0.061
0.055
0.063
0.063
0.059
0.063
0.063
0.063
0.063
0.063
0.063
0.063
0.063
0.063
0.063
0.063
0.063
0.063
0.061
0.063
0.063
0.063
0.063
0.063
0.063
-2.550
0.063
0.054
0.063
0.063
0.063
0.060
0.063
0.063
0.063
0.063
0.063
0.060
0.063
0.063
0.063
0.063
0.059
0.063
0.063
0.063
0.063
0.063
0.063
0.051
0.059
0.063
0.063
0.063
0.063
0.063
0.063
0.063
0.063
0.061
0.063
0.060
0.063
0.063
0.062
0.063
0.063
0.063
0.063
0.063
0.063
0.063
0.063
0.063
0.063
0.063
0.063
0.063
0.063
0.063
0.063
0.063
0.059
0.063
0.063
0.063
0.063
0.063
0.063
