fixedStep chrom=ENSGT00410000028710 start=1 step=1
0.083
0.083
-0.967
0.083
0.083
0.083
-0.954
0.083
0.083
0.083
0.083
0.076
0.083
0.083
0.083
0.083
0.083
0.083
0.083
0.076
0.076
0.076
0.076
0.083
0.083
0.076
0.083
0.083
0.076
0.076
0.083
0.083
-0.930
0.083
0.083
0.083
0.083
-0.904
-0.906
0.083
0.083
0.083
0.083
0.083
-0.906
0.083
0.083
0.083
0.083
0.083
0.076
0.076
0.083
0.083
0.083
0.083
0.083
-0.932
0.083
0.083
-0.915
-0.917
-0.917
-0.917
-1.602
-1.130
-0.917
-0.915
-0.917
-0.915
-0.917
-0.915
-0.917
-1.602
-1.130
-0.917
-0.917
-0.915
-0.917
-0.917
-1.361
-0.917
-1.602
-0.917
0.083
0.083
0.083
-0.856
-0.856
-0.855
-0.941
0.076
-1.659
0.083
0.083
0.076
-0.906
0.083
0.076
-0.954
0.083
0.076
0.083
0.083
0.083
-0.905
0.083
0.076
0.083
0.083
0.083
0.083
0.083
0.083
0.076
0.083
0.083
0.083
0.083
0.083
-1.103
-1.635
-0.856
0.083
0.083
0.083
0.076
0.083
0.083
0.083
0.076
-0.896
-0.954
0.083
0.083
0.083
0.083
0.076
0.083
0.083
-0.904
0.083
0.083
0.083
0.083
0.083
0.083
0.083
0.083
0.083
0.083
0.083
0.083
0.083
0.083
0.083
0.083
-0.906
0.076
0.083
0.083
0.076
0.083
-0.930
-0.887
-1.676
-1.685
-0.941
-0.650
-0.651
-0.649
0.076
0.083
0.083
0.083
0.083
0.083
0.083
0.083
-0.930
0.083
0.076
0.068
0.058
0.058
0.068
0.068
0.068
0.068
0.069
0.069
0.069
0.068
0.068
0.068
0.068
0.068
0.069
-0.807
-0.807
-0.807
-0.807
-0.807
-0.807
0.069
0.068
0.058
0.058
0.069
0.068
0.068
0.068
0.058
-0.807
-0.807
-0.807
-0.807
-0.807
-0.807
0.068
0.069
0.068
-1.129
-1.131
0.058
0.068
0.061
0.068
0.068
0.058
0.068
-1.128
0.069
0.058
0.068
0.068
0.068
0.068
0.068
-1.127
0.069
0.069
0.068
0.069
0.068
0.068
-2.370
-2.907
-1.795
0.058
0.058
0.069
0.068
0.058
0.068
0.068
0.066
0.068
0.068
0.068
0.069
0.068
0.068
0.069
0.068
0.068
0.068
0.068
0.069
0.068
0.068
0.068
0.068
0.068
0.068
0.058
0.068
0.068
0.068
0.083
0.076
0.083
0.083
0.083
0.083
0.076
-0.855
0.076
0.076
0.083
0.076
0.083
-0.896
0.076
0.083
0.083
0.083
0.083
0.083
0.083
0.083
0.083
0.083
-0.941
0.083
0.083
-0.126
-0.126
-0.126
0.083
0.076
0.076
-0.856
-0.855
-1.111
0.076
-0.954
0.083
0.083
0.083
0.083
0.083
0.076
0.076
0.076
0.076
0.083
0.083
-0.904
0.076
0.083
0.083
0.083
0.083
0.083
-0.904
-0.895
-0.942
0.083
0.076
0.083
0.076
-0.941
0.083
0.083
0.083
0.076
0.076
-0.966
0.083
0.083
0.083
0.083
0.076
0.076
0.076
0.083
-0.917
-0.917
-0.917
0.083
0.083
0.083
0.083
0.083
0.083
-1.115
-0.855
-1.632
0.076
-0.895
0.083
0.083
0.083
0.083
0.083
0.083
0.083
0.076
0.083
0.083
0.083
0.083
0.083
0.083
0.083
0.083
0.083
0.083
0.083
0.083
0.083
0.083
0.083
0.083
0.083
0.083
0.083
0.083
0.076
0.083
0.076
0.083
-1.660
0.076
0.083
0.083
0.077
0.083
0.083
0.083
0.083
0.083
0.083
0.083
0.076
0.076
