fixedStep chrom=ENSGT00390000013843 start=1 step=1
0.000
0.000
0.000
0.000
0.000
0.000
0.000
0.000
-0.198
-0.197
-0.198
-0.202
-0.198
-0.257
-0.257
-0.198
-0.198
-0.205
-0.198
-0.198
-0.198
-0.207
-0.198
-0.198
-0.305
-0.316
0.125
-0.340
-0.316
-0.348
0.125
0.121
-0.265
0.125
-0.247
0.187
0.125
-0.247
-0.597
0.186
0.186
0.186
0.174
0.186
-0.422
0.124
0.187
0.125
0.186
0.189
0.173
0.187
0.187
0.176
0.620
0.621
0.621
-0.198
-0.198
-0.207
-0.198
-0.198
-0.198
-0.257
-0.257
-0.358
-0.198
-0.197
-0.198
-0.523
-0.205
-0.402
-0.257
-0.197
-0.198
0.165
0.186
0.125
0.186
0.173
0.187
0.124
-0.265
0.125
0.186
-0.504
0.124
0.187
0.186
0.186
0.187
0.189
-0.348
0.187
0.187
-0.340
0.125
-0.183
0.172
0.621
0.621
0.621
0.124
0.173
0.187
0.189
0.186
0.172
-0.259
0.186
0.186
0.186
0.187
0.184
0.186
0.187
-0.187
0.187
0.187
-1.363
0.186
0.186
-1.025
0.186
0.186
-0.247
0.186
0.187
0.173
0.187
0.189
0.125
0.189
0.127
0.187
-0.401
0.122
0.187
0.186
0.187
0.174
0.186
0.187
-0.408
0.187
0.187
0.163
0.186
0.186
0.185
0.186
0.186
-0.390
0.186
0.187
0.172
-0.260
0.186
0.171
0.186
0.189
0.187
0.186
0.189
0.171
0.189
0.186
0.174
0.186
0.186
0.176
0.183
0.186
0.172
0.186
0.186
0.166
0.189
0.189
0.172
0.186
0.189
0.177
-0.339
0.189
0.186
0.186
0.186
-0.557
0.173
0.186
0.172
0.125
0.173
-0.265
0.186
0.186
0.172
0.189
0.187
-0.259
0.187
0.187
0.173
0.172
0.189
-0.355
0.172
0.187
0.172
0.122
0.173
0.171
0.186
0.187
-0.976
0.187
0.187
-0.438
0.187
0.187
-0.261
0.124
0.185
0.122
-0.341
0.173
0.175
0.187
0.189
0.124
0.187
0.187
0.172
0.122
-0.183
-0.308
0.186
0.189
0.171
0.187
0.187
-2.173
0.186
0.186
0.171
0.186
0.189
0.187
0.186
0.187
-0.836
0.186
0.124
0.173
0.187
0.187
0.189
-2.535
-0.247
0.125
0.185
0.122
-0.581
-0.264
-0.339
-1.141
-0.316
-0.339
-0.572
-0.247
-0.395
-0.440
-0.396
-0.247
0.187
-0.259
0.125
-1.049
-0.316
0.125
0.173
0.186
-0.308
-0.348
0.172
0.172
-0.348
-0.247
0.124
0.160
0.691
0.691
0.691
-0.098
-0.099
-0.087
-0.348
0.186
-0.308
0.171
0.127
0.186
-0.624
0.172
-2.813
0.186
0.121
0.121
-0.401
-0.403
-0.187
0.691
0.691
0.691
0.691
0.691
0.691
-0.198
-0.257
-0.372
0.186
0.186
-0.260
0.171
0.171
-0.420
0.186
0.125
0.172
0.187
-0.316
-1.498
-0.974
-0.911
-1.047
-0.915
-1.157
-0.967
0.621
0.616
0.616
0.691
0.691
0.691
0.186
0.184
-1.462
-1.120
-1.009
-2.027
-2.354
-1.443
-2.650
-1.102
-1.463
-1.319
-0.980
-0.980
-1.019
-1.478
-1.009
-1.491
-1.009
-0.980
-1.014
-1.014
-1.009
-1.002
-1.009
-0.980
-1.152
0.000
0.000
0.000
0.000
0.000
0.000
0.000
0.000
0.000
0.000
0.000
0.000
0.000
0.000
0.000
