fixedStep chrom=ENSGT00390000016785 start=1 step=1
0.120
0.121
0.120
0.120
0.120
0.120
0.120
0.120
0.120
0.120
0.120
0.120
0.120
0.120
0.120
0.120
0.120
-2.333
0.120
0.120
0.120
0.120
0.120
0.120
0.120
0.120
0.120
0.120
0.121
0.107
0.120
0.120
0.115
0.120
0.120
0.120
0.120
0.120
0.117
0.120
0.121
0.120
0.120
0.120
0.117
0.120
0.121
0.117
0.121
0.120
0.109
0.120
0.120
0.120
0.121
0.120
0.108
0.120
0.120
0.120
0.120
0.120
0.120
0.120
0.120
0.117
0.120
0.120
0.120
0.120
0.120
0.109
0.120
0.120
0.105
0.119
0.121
0.120
0.104
0.120
0.120
0.120
0.121
0.120
0.121
0.120
0.120
0.120
0.115
0.120
0.120
0.120
0.120
0.120
0.121
0.120
0.120
0.121
0.120
0.120
0.120
0.118
0.120
0.120
0.118
0.118
0.118
0.117
0.119
0.118
0.086
0.120
0.120
0.117
0.120
0.121
0.095
0.101
0.121
0.120
0.120
0.120
0.120
0.120
0.120
0.120
0.121
0.121
0.115
0.120
0.112
0.117
0.120
0.121
0.120
0.120
0.121
0.120
0.120
0.120
0.120
0.121
0.112
0.120
0.120
0.121
0.120
0.120
0.121
0.120
0.120
0.120
0.115
0.120
0.120
0.120
0.120
0.120
0.120
0.121
0.120
-1.482
0.120
0.120
0.120
0.120
0.121
0.120
0.120
0.120
0.118
-1.083
-1.085
-1.636
0.121
0.120
0.115
0.120
0.120
0.115
0.120
0.120
0.120
0.120
0.121
0.120
0.117
0.121
0.118
0.120
0.120
0.120
0.121
0.121
0.108
0.107
0.120
0.119
0.120
0.121
0.120
0.120
0.121
0.089
0.120
0.120
0.120
0.120
0.121
0.117
0.120
0.120
0.117
0.120
0.120
0.111
0.120
0.120
0.112
0.120
0.120
0.120
0.120
0.120
0.120
0.120
0.121
0.120
0.120
0.120
0.117
0.120
0.120
0.118
0.120
0.120
0.114
0.117
0.120
0.112
0.121
0.121
0.120
0.120
0.121
0.117
0.120
0.121
0.120
0.120
0.120
0.120
0.120
0.120
0.120
0.121
0.120
0.120
0.120
0.121
0.107
0.120
0.120
0.120
0.120
0.121
0.120
0.120
0.120
-1.555
0.120
0.120
0.120
0.120
0.120
0.120
0.120
0.120
0.108
0.120
0.120
0.120
0.120
0.120
0.120
0.120
0.121
0.120
0.121
0.120
0.117
0.120
0.120
0.120
0.121
0.121
0.115
0.120
0.120
0.120
0.120
0.120
0.120
0.120
0.120
0.116
0.120
0.121
0.107
0.121
0.120
0.120
0.121
0.120
0.120
0.121
0.120
0.120
0.120
0.120
0.120
0.120
0.120
0.120
0.121
0.120
0.118
0.120
0.121
0.104
0.120
0.120
-1.423
0.120
0.121
0.107
0.120
0.120
0.118
0.120
0.109
-0.791
0.120
-0.432
-0.432
-0.430
0.120
0.109
-0.489
-0.489
-0.488
-0.827
-0.434
-1.328
-0.434
0.120
-0.432
0.120
0.120
0.120
0.109
0.109
-1.368
0.120
0.120
0.120
0.109
0.120
0.109
0.120
0.120
0.109
0.120
0.121
-0.432
0.109
0.120
0.120
0.117
0.121
-0.434
0.109
-0.434
-0.432
0.109
-0.416
0.120
0.120
0.120
-0.432
-0.430
-0.430
0.109
0.120
0.120
0.120
0.109
-0.416
0.109
0.115
0.121
-0.434
0.120
0.120
0.120
0.120
0.121
0.120
-0.430
-0.434
-1.814
-0.489
-0.488
-0.489
-0.488
-0.488
-0.489
-0.489
-0.488
-0.489
0.120
0.120
0.120
-0.434
-0.432
0.120
0.109
-0.416
0.120
0.120
0.120
-0.434
-0.430
0.109
0.120
-0.416
-0.416
-0.432
-0.434
0.109
-0.434
0.109
0.120
0.120
-0.434
0.120
-0.432
0.120
0.109
0.109
0.120
0.120
0.099
0.109
-0.430
-0.796
0.120
0.120
0.120
-0.432
0.120
0.115
-0.430
-0.430
0.109
0.109
0.109
-0.530
-0.434
0.120
0.113
-0.434
-0.430
0.112
-0.434
-0.432
0.106
-0.430
0.109
-0.434
0.120
0.121
-2.008
-0.434
-0.430
-0.797
-0.416
-0.434
0.113
0.120
0.109
-2.010
0.120
0.121
-1.417
0.121
-0.434
0.109
-0.416
-0.434
-0.432
-0.430
-0.434
0.109
0.109
0.121
0.120
0.164
0.164
0.164
-0.434
-0.434
0.091
-0.430
-0.434
0.120
-0.416
0.121
0.120
0.109
-0.430
-1.708
-0.434
-0.432
0.109
0.120
-0.430
-0.434
-0.434
0.121
-0.432
-0.430
0.120
0.120
0.120
0.120
0.120
0.121
0.120
0.116
0.120
0.120
0.120
0.120
0.120
0.120
0.120
0.120
0.120
0.120
0.121
0.113
0.121
0.121
0.120
0.121
0.121
0.120
0.120
0.120
0.120
0.121
0.120
0.120
0.120
0.120
0.109
0.120
0.120
0.112
0.120
0.120
0.117
0.120
0.120
0.120
0.120
0.121
0.119
0.120
0.121
0.120
0.120
0.118
0.111
0.119
0.120
0.120
0.121
0.120
0.112
0.120
0.120
0.107
0.120
0.120
0.112
0.120
0.120
0.120
0.121
0.120
0.120
0.120
0.120
0.120
0.120
0.121
0.086
0.120
0.120
0.120
0.121
0.120
0.120
0.120
0.120
0.107
0.120
0.120
0.120
0.120
0.121
0.120
0.120
0.120
0.120
0.120
0.120
0.120
0.121
0.120
0.120
0.120
0.120
0.120
0.120
0.121
0.120
0.120
0.120
0.090
0.120
0.121
0.120
0.120
0.120
0.120
0.121
0.120
0.121
0.120
0.120
0.120
0.120
0.121
0.098
0.120
0.121
0.120
0.120
0.120
0.095
0.120
0.120
0.120
0.115
0.121
0.120
0.120
0.120
0.120
0.120
0.120
0.121
0.120
0.120
0.120
0.104
0.117
0.103
0.116
0.104
0.103
0.121
0.120
0.117
0.104
0.120
0.089
0.120
0.104
0.116
0.120
0.120
0.120
0.121
0.120
0.097
0.120
0.121
0.120
0.120
0.120
0.120
0.120
0.121
0.108
0.120
0.120
0.119
0.120
0.121
0.120
0.120
0.120
0.120
0.120
0.120
0.115
0.120
0.120
0.115
0.120
0.120
0.120
0.120
0.120
0.120
0.120
0.120
0.118
0.120
0.121
0.120
0.120
0.120
0.120
0.120
0.120
-2.007
0.120
0.121
0.095
0.121
0.120
0.120
0.120
0.121
0.105
0.120
0.121
0.109
0.121
0.120
0.120
0.121
0.121
0.108
0.120
0.120
0.121
0.120
0.120
0.120
0.120
0.121
0.117
0.120
0.120
0.120
0.107
0.120
0.117
0.120
0.120
0.120
0.120
0.120
0.121
0.120
0.120
0.120
0.120
0.120
0.120
0.120
0.121
0.120
0.120
0.120
0.120
0.120
0.120
0.107
0.120
0.120
0.120
0.121
0.121
0.114
0.120
0.120
0.107
0.120
0.120
0.120
0.121
0.120
0.115
0.120
0.120
0.117
0.121
0.120
0.112
0.120
0.120
0.120
0.120
0.121
0.120
0.120
0.120
0.120
0.120
0.121
0.120
0.120
0.121
0.120
0.120
0.120
0.106
0.120
0.120
0.120
0.120
0.121
0.113
0.120
0.120
0.120
0.120
0.120
0.115
0.120
0.120
0.120
0.120
0.121
0.120
0.120
0.120
0.120
0.120
0.120
0.109
0.120
0.121
0.120
0.120
0.120
0.120
0.120
0.108
0.116
0.120
0.121
0.120
0.120
0.121
0.120
0.120
0.120
0.121
0.120
0.121
0.117
0.120
0.120
0.120
0.120
0.120
0.118
0.121
0.120
0.120
0.121
0.120
0.120
0.120
0.121
0.109
0.118
0.120
0.120
0.120
0.120
0.109
0.120
0.120
0.120
0.109
0.120
0.110
0.120
0.121
0.120
0.120
0.120
0.120
0.120
0.120
0.120
0.120
0.120
0.121
0.120
0.121
0.120
0.120
0.120
0.111
0.120
0.109
0.120
0.120
0.121
0.107
0.120
0.120
0.120
0.120
0.120
0.120
0.120
0.120
0.120
0.120
0.120
0.120
0.119
0.120
0.108
0.120
0.121
0.120
0.120
0.120
0.109
0.120
0.120
0.120
0.120
0.107
0.120
0.120
0.121
0.120
0.120
0.120
0.115
0.120
0.120
0.115
-0.488
-0.488
-0.489
-0.896
-0.504
-0.505
-0.504
-0.513
-0.489
-0.824
0.099
0.107
0.098
0.115
0.118
0.120
-0.890
-0.895
0.115
0.115
-1.699
-0.432
0.120
-0.888
0.121
-0.434
0.121
-0.432
0.121
0.098
-1.085
-1.091
0.094
-0.434
0.109
0.115
0.114
-0.827
0.115
-0.823
-0.416
0.096
-0.804
0.120
-0.432
-0.824
-0.895
-0.793
-0.890
-0.895
-0.824
-0.838
-0.871
-0.880
0.120
0.120
-0.797
0.098
-1.329
0.098
0.099
0.115
0.115
-1.091
0.109
-0.827
0.115
-0.430
0.114
-1.091
0.099
0.115
-2.293
0.097
0.104
0.266
0.266
0.266
0.097
0.099
-1.999
-2.086
0.105
0.120
-2.294
0.105
0.114
-2.086
0.104
-1.382
-1.957
0.098
0.094
0.098
0.104
-1.505
0.120
-0.802
-2.088
-0.827
-1.387
-0.434
-2.258
-1.863
-3.623
0.116
-2.051
-0.434
0.120
-0.430
-1.391
0.120
0.120
0.095
-1.387
-2.097
0.114
-0.827
-1.854
0.095
-1.611
-1.665
-1.878
-1.871
-1.667
-2.197
0.095
0.098
-2.082
0.120
0.120
0.099
-0.432
-0.804
0.114
-2.051
0.105
-3.104
0.120
0.098
-1.378
0.109
0.109
0.120
-1.345
-1.091
-1.876
-0.881
-2.001
-0.985
0.115
0.115
-0.793
-1.999
-1.991
-1.867
0.099
-2.034
0.098
0.109
-1.387
-1.504
-1.387
0.103
-2.293
-1.878
-1.612
-1.612
-1.878
-1.871
-1.667
-0.129
-0.219
-0.180
-1.505
0.120
-1.522
0.111
-1.505
-1.506
-2.088
0.111
-3.021
-0.824
-1.388
-1.379
-0.416
-0.434
-0.432
-1.360
-0.803
0.120
-0.432
-2.080
-0.432
-1.667
-1.665
-1.611
-1.665
-1.607
-1.666
-1.666
-1.667
-1.693
-1.633
-1.607
-1.611
0.164
0.164
0.164
0.120
0.120
0.120
0.121
0.120
0.120
0.120
0.121
0.111
0.120
0.120
0.109
0.120
0.120
0.120
0.120
0.120
0.115
0.120
0.120
0.120
0.120
0.120
0.120
0.120
0.120
0.120
0.120
0.120
0.118
0.121
0.120
0.108
0.120
0.120
0.120
0.120
0.120
0.120
0.121
0.120
0.120
0.120
0.120
0.120
0.120
0.120
0.120
0.121
0.120
-3.194
0.121
0.120
0.120
0.120
0.121
0.120
0.120
0.120
0.112
0.120
0.120
0.121
0.120
0.120
0.120
0.121
0.121
0.119
0.120
0.121
0.103
