fixedStep chrom=ENSGT00750000117557 start=1 step=1
0.000
0.000
0.000
0.000
0.000
0.000
0.000
0.000
0.000
0.000
0.000
0.000
0.000
0.000
0.000
0.000
0.000
0.000
0.000
0.000
0.000
0.000
0.000
0.000
0.000
0.000
0.000
0.000
0.000
0.000
0.000
0.000
0.000
0.000
0.000
0.000
-0.565
-0.477
-0.566
-0.565
-0.420
-1.623
-0.566
-0.565
-0.737
-0.565
-0.565
-4.494
-0.587
-0.437
-8.397
-0.420
-0.420
-0.549
-0.413
-0.420
-4.431
-0.421
-0.420
-0.422
-0.473
-0.420
-2.197
0.329
0.327
0.294
0.321
0.329
0.230
0.329
0.329
0.313
0.329
0.329
0.326
0.329
0.329
0.304
0.330
0.329
0.283
0.329
0.329
0.327
0.329
0.329
0.311
0.329
0.329
0.260
0.328
0.330
0.257
0.329
0.322
0.285
0.329
0.329
0.319
0.329
0.326
0.277
0.329
0.329
0.323
0.329
0.329
0.323
0.329
0.329
0.313
0.329
0.329
0.301
0.329
0.329
0.298
0.329
0.329
0.325
0.329
0.329
0.326
0.329
0.329
0.300
0.329
0.329
0.311
0.329
0.329
0.308
0.329
0.329
0.320
0.329
0.329
0.279
0.329
0.329
0.321
0.329
0.329
0.329
0.329
0.329
0.309
0.330
0.329
0.321
0.330
0.329
0.262
0.325
0.330
0.281
0.330
0.329
0.314
0.329
0.330
0.281
0.330
0.329
0.322
0.329
0.329
0.325
0.329
0.330
0.277
0.323
0.330
0.312
0.329
0.329
0.317
0.329
0.329
0.320
0.329
0.330
0.287
0.329
0.329
0.303
0.329
0.329
0.229
0.329
0.329
0.322
0.329
0.329
0.312
0.329
0.329
0.304
0.329
0.330
0.317
0.322
0.329
-7.418
0.330
0.329
0.286
0.329
0.329
0.313
0.329
0.329
0.275
0.329
0.330
0.329
0.329
0.329
0.229
0.329
0.330
0.318
0.329
0.330
0.329
0.329
0.329
0.298
0.330
0.329
0.234
0.330
0.330
0.318
0.321
0.330
0.325
0.329
0.329
0.313
0.329
0.329
0.323
0.329
0.330
0.313
0.330
0.330
0.306
0.329
0.329
0.321
0.329
0.329
0.304
0.329
0.330
0.285
0.329
0.329
0.260
0.329
0.329
0.264
0.329
0.329
0.312
0.329
0.329
0.240
0.330
0.329
-7.006
0.329
0.329
0.312
0.321
0.330
0.305
0.329
0.329
0.242
0.329
0.329
0.315
0.330
0.329
0.321
0.329
0.329
0.322
0.329
0.329
0.321
0.329
0.329
0.305
0.330
0.329
0.284
0.329
0.329
0.309
0.329
0.330
0.322
0.329
0.329
0.302
0.330
0.329
0.314
0.323
0.329
0.308
0.329
0.329
0.326
0.329
0.330
0.322
0.329
0.329
0.322
0.329
0.329
0.237
0.329
0.329
0.260
0.329
0.330
0.271
0.329
0.329
0.319
0.325
0.330
0.327
0.321
0.330
0.328
0.322
0.330
0.227
0.329
0.329
0.255
0.329
0.329
0.280
0.329
0.329
0.321
0.315
0.330
0.323
0.329
0.329
0.325
0.329
0.329
0.316
0.329
0.329
0.317
0.329
0.329
0.263
0.329
0.330
0.312
0.330
0.329
-6.374
0.329
0.329
0.321
0.329
0.329
0.321
0.329
0.329
0.298
0.329
0.329
0.326
0.329
0.329
0.285
0.329
0.330
0.318
0.329
0.329
0.329
0.329
0.329
0.326
0.330
0.329
0.322
0.329
0.329
0.301
0.329
0.329
0.307
0.318
0.329
0.285
0.329
0.329
0.309
0.000
0.000
0.000
0.000
0.000
0.000
0.000
0.000
0.000
0.000
0.000
0.000
0.000
0.000
0.000
0.000
0.000
0.000
0.000
0.000
0.000
0.000
0.000
0.000
0.000
0.000
0.000
0.000
0.000
0.000
0.000
0.000
0.000
0.000
0.000
0.000
0.000
0.000
0.000
0.000
0.000
0.000
0.000
0.000
0.000
0.000
0.000
0.000
0.000
0.000
0.000
0.000
0.000
0.000
0.000
0.000
0.000
0.000
0.000
0.000
0.000
0.000
0.000
0.000
0.000
0.000
0.000
0.000
0.000
0.000
0.000
0.000
0.000
0.000
0.000
0.000
0.000
0.000
0.000
0.000
0.000
0.000
0.000
0.000
0.000
0.000
0.000
0.000
0.000
0.000
0.000
0.000
0.000
0.000
0.000
0.000
0.000
0.000
0.000
0.000
0.000
0.000
0.000
0.000
0.000
0.000
0.000
0.000
0.000
0.000
0.000
0.000
0.000
0.000
0.000
0.000
0.000
0.000
0.000
0.000
0.000
0.000
0.000
0.000
0.000
0.000
0.000
0.000
0.000
0.000
0.000
0.000
0.000
0.000
0.000
0.000
0.000
0.000
0.000
0.000
0.000
0.000
0.000
0.000
0.000
0.000
0.000
0.000
0.000
0.000
0.000
0.000
0.000
0.000
0.000
0.000
0.000
0.000
0.000
0.000
0.000
0.000
0.000
0.000
0.000
0.000
0.000
0.000
0.000
0.000
0.000
0.000
0.000
0.000
0.000
0.000
0.000
0.000
0.000
0.000
0.000
0.000
0.000
0.000
0.000
0.000
0.000
0.000
0.000
0.000
0.000
0.000
0.000
0.000
0.000
0.000
0.000
0.000
