fixedStep chrom=ENSGT00390000002144 start=1 step=1
0.000
0.000
0.000
0.000
0.000
0.000
0.000
0.000
0.000
0.000
0.000
0.000
0.000
0.000
0.000
0.000
0.000
0.000
0.000
0.000
0.000
0.000
0.000
0.000
0.000
0.000
0.000
0.000
0.000
0.000
0.000
0.000
0.000
0.000
0.000
0.000
0.000
0.000
0.000
0.000
0.000
0.000
0.000
0.000
0.000
0.000
0.000
0.000
0.000
0.000
0.000
0.000
0.000
0.000
0.000
0.000
0.000
0.000
0.000
0.000
0.000
0.000
0.000
0.000
0.000
0.000
0.000
0.000
0.000
0.000
0.000
0.000
0.000
0.000
0.000
0.000
0.000
0.000
0.000
0.000
0.000
0.000
0.000
0.000
0.000
0.000
0.000
0.000
0.000
0.000
0.000
0.000
0.000
0.000
0.000
0.000
0.000
0.000
0.000
0.000
0.000
0.000
0.000
0.000
0.000
0.000
0.000
0.000
0.000
0.000
0.000
0.000
0.000
0.000
0.000
0.000
0.000
0.000
0.000
0.000
0.000
0.000
0.000
0.000
0.000
0.000
0.000
0.000
0.000
0.000
0.000
0.000
0.000
0.000
0.000
0.000
0.000
0.000
0.000
0.000
0.000
0.000
0.000
0.000
0.000
0.000
0.000
0.000
0.000
0.000
0.000
0.000
0.000
0.000
0.000
0.000
0.074
0.074
0.069
0.074
0.074
0.074
0.074
0.074
0.074
0.074
0.074
0.074
0.074
0.074
0.074
0.074
0.074
0.074
0.074
0.074
0.061
0.074
0.074
0.074
0.074
0.074
0.074
0.074
0.074
0.074
0.074
0.074
0.072
0.074
0.069
0.074
0.074
0.074
0.074
-1.844
-1.844
-1.415
0.074
0.074
0.074
0.074
0.074
0.074
0.074
0.074
0.069
0.051
0.074
0.074
0.074
0.071
0.071
0.071
0.071
-0.948
0.071
0.071
0.071
0.071
0.071
0.071
0.066
0.071
-0.947
-0.930
0.071
0.071
0.071
0.071
0.071
0.071
0.066
0.067
0.071
0.071
-0.933
-0.205
-0.205
-0.205
0.071
0.071
0.066
0.071
0.071
0.071
0.072
0.071
0.071
0.071
0.067
0.071
0.071
0.071
0.071
0.066
-0.933
0.072
0.071
0.071
0.063
-0.930
0.071
0.072
0.071
0.071
0.071
0.071
0.072
0.071
-1.601
-1.588
-1.598
0.071
0.071
0.071
0.066
-0.916
0.066
0.066
0.071
0.066
0.071
-0.951
0.071
0.071
0.071
0.072
0.071
0.071
-0.948
0.071
0.071
0.071
0.066
0.071
0.071
0.071
0.066
-0.958
0.066
-0.951
-0.913
0.063
0.071
0.072
0.071
0.072
0.067
0.071
0.071
0.071
0.071
-0.949
-0.916
0.066
0.071
0.071
-0.173
-0.173
-0.173
0.071
0.071
0.071
0.071
0.071
0.072
0.071
0.071
0.071
0.074
0.074
0.074
0.074
0.065
0.065
0.074
0.074
-0.904
-0.901
-0.901
-0.906
-0.901
0.074
-0.906
-0.901
-0.902
-0.901
0.065
0.074
0.071
0.074
-0.901
0.074
-0.906
-0.901
0.065
0.074
0.074
0.074
0.074
-0.887
0.065
-0.902
-0.905
-0.901
0.074
-0.902
-0.902
-0.905
0.074
-0.906
-0.905
-0.902
-0.887
-0.903
0.065
-0.887
-0.901
-0.902
-0.887
-0.906
0.065
0.074
0.065
-0.902
0.065
0.065
0.074
-0.906
-0.906
-0.902
0.065
-0.905
-0.902
0.074
-0.232
-0.232
-0.232
-0.906
0.065
0.065
-0.905
0.074
-0.906
-0.906
-0.902
-0.905
-0.905
0.074
0.074
0.074
0.074
0.074
0.074
0.074
0.072
0.074
0.074
0.074
0.074
0.074
0.074
0.074
0.074
0.074
0.074
0.074
0.074
0.074
0.074
0.074
0.074
0.074
0.074
0.074
0.074
0.074
0.074
0.074
0.072
0.074
0.074
0.074
0.074
0.074
0.074
0.074
0.074
0.074
0.074
0.074
0.074
0.074
0.074
0.074
0.074
0.074
0.074
0.074
0.074
0.074
0.074
0.074
0.072
0.074
0.074
0.074
0.074
0.074
0.074
0.074
0.074
0.070
0.074
0.074
0.069
0.074
0.074
0.074
0.074
0.074
0.074
0.074
0.074
0.074
0.074
0.074
0.073
0.074
0.074
0.074
0.074
0.074
0.073
0.072
0.074
0.074
0.074
0.074
0.069
0.074
0.074
-1.823
0.074
0.074
0.074
0.074
0.074
0.074
0.074
0.074
0.069
0.074
0.074
0.074
0.072
0.074
0.073
0.074
0.074
0.069
0.074
0.074
0.074
0.074
0.071
0.071
0.071
0.071
0.071
0.071
0.071
0.071
0.072
0.071
0.071
0.071
0.071
0.071
0.071
0.072
0.071
0.072
0.071
0.071
0.071
0.072
0.071
0.071
0.071
0.071
0.071
0.071
0.071
0.072
0.072
0.072
0.071
0.071
0.071
0.072
0.071
0.072
0.071
0.071
0.071
0.071
0.071
0.071
0.071
0.072
0.071
0.071
0.071
0.071
0.071
0.071
0.071
0.072
0.071
0.071
0.071
0.071
0.071
0.071
0.062
0.071
0.071
0.071
0.072
0.072
0.071
0.071
0.071
0.071
0.071
0.071
0.071
0.071
0.071
0.071
0.071
0.071
0.071
0.072
0.071
0.071
0.062
0.071
0.071
0.071
0.071
0.071
0.071
0.074
0.074
0.074
0.074
0.074
0.074
0.074
0.074
0.074
0.069
0.074
0.073
0.074
0.074
0.074
0.074
0.074
0.072
0.074
0.074
0.074
0.074
0.074
0.074
0.074
0.074
-0.903
0.074
0.074
0.074
0.074
0.074
0.074
