fixedStep chrom=ENSGT00740000115515 start=1 step=1
0.000
0.000
0.000
0.000
0.000
0.000
0.000
0.000
0.000
0.000
0.000
0.000
0.000
0.000
0.000
0.000
0.000
0.000
0.000
0.000
0.000
0.000
0.000
0.000
0.000
0.000
0.000
0.000
0.000
0.000
0.000
0.000
0.000
0.000
0.000
0.000
0.000
0.000
0.000
0.000
0.000
0.000
0.000
0.000
0.000
0.000
0.000
0.000
0.000
0.000
0.000
0.000
0.000
0.000
0.000
0.000
0.000
0.000
0.000
0.000
0.000
0.000
0.000
0.000
0.000
0.000
0.000
0.000
0.000
0.000
0.000
0.000
0.000
0.000
0.000
0.000
0.000
0.000
0.000
0.000
0.000
0.000
0.000
0.000
0.000
0.000
0.000
0.000
0.000
0.000
0.000
0.000
0.000
0.000
0.000
0.000
0.000
0.000
0.000
0.000
0.000
0.000
0.000
0.000
0.000
0.000
0.000
0.000
0.000
0.000
0.000
0.000
0.000
0.000
0.000
0.000
0.000
0.000
0.000
0.000
0.000
0.000
0.000
0.000
0.000
0.000
0.000
0.000
0.000
0.000
0.000
0.000
0.166
0.168
0.125
0.126
0.126
0.125
0.166
0.168
0.126
0.123
0.123
0.166
0.126
0.168
0.124
0.165
0.166
0.167
0.166
0.171
0.126
0.126
0.126
0.170
0.171
0.171
0.168
0.166
0.168
0.166
0.126
0.168
0.168
0.168
0.168
0.165
0.126
0.168
0.165
0.168
0.000
0.000
0.000
0.000
0.000
0.000
0.000
0.000
0.000
0.000
0.000
0.000
0.000
0.000
0.000
0.168
0.168
0.168
0.168
0.123
0.168
0.126
0.124
0.166
0.126
0.168
0.171
0.168
0.168
0.000
0.000
0.000
0.000
0.000
0.000
0.000
0.000
0.000
0.000
0.000
0.000
0.000
0.000
0.000
0.000
0.000
0.000
0.000
0.000
0.000
0.000
0.000
0.000
0.000
0.000
0.000
0.000
0.000
0.000
0.000
0.000
0.000
0.000
0.171
0.126
0.168
0.126
0.125
0.361
0.361
0.361
0.168
0.168
0.000
0.000
0.000
0.000
0.000
0.000
0.000
0.000
0.000
0.000
0.000
0.000
0.000
0.000
0.000
0.000
0.000
0.000
0.000
0.168
0.166
0.123
0.168
0.168
0.166
0.166
0.128
0.168
0.127
0.170
0.000
0.000
0.000
0.000
0.000
0.000
0.000
0.000
0.000
0.000
0.000
0.000
0.000
0.000
0.000
0.000
0.000
0.000
0.000
0.000
0.000
0.000
0.000
0.000
0.000
0.000
0.000
0.000
0.000
0.000
0.000
0.000
0.000
0.000
0.000
0.000
0.000
0.000
0.000
0.000
0.000
0.000
0.000
0.000
0.000
0.000
0.000
0.000
0.000
0.000
0.000
0.000
0.000
0.000
0.000
0.000
0.000
0.000
0.000
0.000
0.165
0.168
0.168
0.129
0.168
0.171
0.126
0.165
0.170
0.141
0.168
0.168
0.163
0.126
0.126
0.168
0.126
0.126
0.166
0.168
0.168
0.168
0.168
0.168
0.170
0.126
0.126
0.166
0.168
0.168
-1.058
0.126
0.126
0.125
0.168
0.171
0.125
0.171
0.168
0.168
0.163
0.166
0.166
0.168
0.126
0.126
0.126
0.168
0.166
0.168
0.168
0.169
0.168
0.166
0.155
0.166
0.165
0.168
0.170
0.171
0.168
0.126
0.126
0.162
0.168
0.171
0.125
0.126
0.168
0.165
0.361
0.361
0.361
0.126
0.168
0.171
0.126
0.168
0.166
0.361
0.361
0.361
0.168
0.168
0.126
0.170
0.168
0.171
0.126
0.168
0.166
0.126
0.126
0.125
0.126
0.126
0.122
0.168
0.171
0.166
0.166
0.168
0.126
0.171
0.126
0.171
0.168
0.168
0.126
0.168
0.166
0.168
0.126
0.171
0.170
0.168
0.168
0.170
0.157
0.168
0.166
0.166
0.126
0.170
0.168
0.168
0.125
0.126
0.170
0.167
0.126
0.171
0.126
0.168
0.168
-0.608
0.168
0.170
0.126
0.126
0.170
0.124
0.166
0.168
0.125
0.126
0.126
0.168
0.126
0.171
0.126
0.166
0.166
0.171
0.168
0.126
0.168
0.170
0.126
0.164
0.126
0.171
0.125
0.126
0.166
0.137
0.126
0.171
0.125
0.171
0.168
0.168
0.126
0.168
0.126
0.126
0.171
0.167
0.168
0.168
0.126
0.168
0.126
0.166
0.166
0.166
0.126
0.166
0.168
0.166
0.126
0.168
0.166
0.164
0.171
0.126
0.126
0.166
0.168
0.171
0.170
0.168
0.126
0.171
0.126
0.168
0.168
0.126
0.168
0.170
0.164
0.168
0.168
0.168
0.126
0.126
0.166
0.361
0.361
0.361
0.126
0.126
0.126
0.168
0.126
0.125
0.171
0.168
0.168
0.168
0.168
0.126
0.361
0.361
0.361
-0.212
-0.214
-0.214
-0.280
-0.280
-0.280
0.171
0.126
0.126
0.168
0.126
0.167
0.170
0.170
0.171
0.126
0.166
0.126
0.126
0.170
0.126
0.170
0.126
0.126
0.126
0.126
0.167
0.170
0.171
0.164
0.123
0.168
-0.617
0.166
0.170
0.166
0.168
0.168
0.126
0.168
0.170
-1.693
0.126
0.126
0.169
0.168
0.126
-3.083
0.168
0.168
0.127
0.168
0.168
0.126
0.166
0.168
0.126
0.126
0.166
0.126
0.168
0.171
0.122
0.171
0.126
0.126
0.166
0.166
0.123
0.168
0.171
0.125
0.126
0.126
0.164
0.168
0.166
0.169
0.168
0.168
0.124
0.166
0.168
0.000
0.000
0.000
0.000
0.000
0.000
0.000
0.000
0.000
0.000
0.000
0.000
0.000
0.171
0.126
0.168
0.168
0.126
0.126
0.126
0.126
0.123
0.126
0.126
0.170
0.000
0.000
0.000
0.000
0.000
0.000
0.000
0.000
0.000
0.000
0.000
0.000
0.168
0.170
0.124
0.126
0.168
0.126
0.168
0.168
0.126
0.126
0.166
0.157
0.000
0.000
0.000
0.000
0.000
0.000
0.000
0.000
0.000
0.000
0.000
0.000
0.000
0.000
0.000
0.000
0.000
0.000
0.000
0.000
0.000
0.000
0.000
0.000
0.169
0.164
0.164
0.166
0.166
0.169
0.166
0.166
0.153
0.166
0.166
0.165
0.124
0.165
0.123
0.124
0.167
0.123
0.166
0.167
0.124
0.165
0.124
0.120
0.166
0.166
0.124
0.124
0.124
0.167
0.165
0.124
0.164
0.166
0.166
0.165
0.166
0.166
0.123
0.166
0.167
0.168
0.166
0.169
0.169
0.166
0.165
0.124
0.166
0.169
0.169
0.169
0.124
0.124
0.166
0.166
0.167
0.124
0.169
0.124
0.165
0.124
0.165
0.124
0.124
0.124
0.166
0.166
0.164
0.166
0.163
0.124
0.169
0.167
0.167
0.124
0.169
0.124
0.169
0.166
0.165
0.165
0.167
0.162
0.169
0.169
0.166
0.165
0.166
0.166
0.000
0.000
0.000
0.000
0.000
0.000
0.000
0.000
0.000
0.166
0.166
0.165
0.169
0.166
0.167
0.124
0.124
0.124
0.165
0.124
0.122
0.169
0.169
0.149
0.124
0.169
-1.746
0.124
0.124
0.168
0.169
0.124
0.166
0.124
0.169
-1.083
0.165
0.158
0.165
0.124
0.167
0.167
0.124
0.124
0.168
0.169
0.124
0.153
0.166
0.166
0.165
0.124
0.124
0.168
0.124
0.165
0.124
0.168
0.169
0.124
0.124
0.169
0.166
0.124
0.169
0.121
0.166
0.169
0.169
0.166
0.124
0.167
0.169
0.169
0.124
0.166
0.124
0.124
0.166
0.166
0.166
0.124
0.166
0.168
0.167
0.166
0.124
0.165
0.167
0.169
0.166
0.166
0.166
0.124
0.169
0.124
0.124
0.124
0.167
0.165
0.165
0.169
0.166
0.167
0.126
0.126
0.126
0.125
0.126
0.126
0.161
0.168
0.126
0.170
0.168
0.168
0.125
0.126
0.171
0.168
0.168
0.168
0.124
0.168
0.168
0.168
0.166
0.168
0.124
0.168
0.171
0.121
0.132
0.168
0.000
0.000
0.000
0.000
0.000
0.000
0.000
0.000
0.000
0.000
0.000
0.000
0.000
0.000
0.000
0.000
0.000
0.000
0.000
0.000
0.000
0.000
0.000
0.000
0.000
0.000
0.000
0.000
0.000
0.000
0.000
0.168
0.168
0.126
0.126
0.168
0.124
0.168
0.000
0.000
0.000
0.000
0.000
0.000
0.000
0.000
0.000
0.000
0.000
0.000
0.000
0.000
0.000
0.000
0.000
0.000
0.000
0.168
0.171
0.126
0.167
0.168
0.171
0.168
0.126
0.126
0.167
0.126
0.126
0.164
0.126
0.171
0.126
0.168
0.126
0.124
0.171
0.171
0.166
0.171
0.168
0.168
0.126
0.126
0.168
0.168
0.000
0.000
0.000
0.000
0.000
0.000
0.000
0.000
0.000
0.000
0.000
0.000
0.000
0.000
0.000
0.000
0.000
0.000
0.000
0.000
0.000
0.000
0.000
0.000
0.000
0.000
0.000
0.000
0.000
0.000
0.000
0.000
0.000
0.000
0.000
0.000
0.000
0.000
0.000
0.000
0.000
0.000
0.000
0.000
0.000
0.000
0.000
0.000
0.000
0.000
0.000
0.000
0.000
0.000
0.000
0.000
-1.681
0.126
0.166
0.168
0.170
0.124
0.170
0.168
0.125
0.126
0.168
0.170
0.126
0.171
0.169
0.000
0.000
0.000
0.000
0.000
0.000
0.000
0.000
0.000
0.000
0.000
0.000
0.000
0.000
0.000
0.000
0.000
0.000
0.000
0.000
0.000
0.000
0.000
0.000
0.000
0.000
0.000
0.000
0.000
0.000
0.000
0.000
0.000
0.000
0.000
0.000
0.000
0.000
0.000
0.000
0.000
0.000
0.000
0.000
0.000
0.000
0.000
0.000
0.000
0.000
0.000
0.000
0.000
0.000
0.000
0.000
0.000
0.000
0.000
0.000
0.000
0.000
0.000
0.000
0.000
0.000
0.000
0.000
0.000
0.000
0.000
0.000
0.000
0.000
0.000
0.000
0.168
0.166
0.126
0.126
0.124
0.168
0.168
0.126
0.168
0.168
0.167
0.166
0.166
-0.615
0.168
0.126
0.166
0.168
0.171
0.166
0.126
0.166
0.126
0.126
0.171
0.165
0.167
0.164
0.164
0.164
0.164
0.162
0.164
0.165
0.165
0.121
0.164
0.163
0.164
0.166
-0.761
0.163
0.164
0.120
0.121
0.121
0.158
0.165
0.121
0.119
0.121
0.167
0.166
0.121
0.121
0.163
0.163
0.121
0.166
0.167
0.121
0.166
0.165
0.121
0.121
0.164
0.163
0.165
0.166
0.164
0.165
0.121
0.121
0.163
0.164
0.121
0.164
0.121
0.164
0.164
0.163
0.167
0.166
0.164
0.121
0.164
0.164
0.163
0.121
0.121
0.167
-1.176
0.163
0.121
0.119
0.165
0.121
0.166
0.164
0.163
0.165
0.163
0.163
0.168
0.166
0.168
0.171
0.168
0.126
0.168
0.171
0.170
0.127
0.126
0.126
0.166
0.166
0.171
0.126
0.168
0.171
0.168
0.126
0.170
0.168
0.166
0.168
-1.649
0.126
0.126
0.168
0.168
0.166
0.126
0.168
0.168
0.170
0.170
0.168
0.125
0.166
0.168
0.166
0.166
0.168
0.126
0.126
0.168
0.126
0.166
0.171
0.123
0.171
0.126
0.171
0.126
0.166
0.170
0.124
0.126
0.168
0.170
0.126
0.163
0.168
0.000
0.000
0.000
0.000
0.000
0.000
0.000
0.000
0.000
0.000
0.000
