fixedStep chrom=ENSGT00530000064295 start=1 step=1
0.106
0.106
0.105
0.105
0.106
0.106
0.105
0.106
0.094
0.094
0.106
0.103
0.106
0.103
0.106
0.096
0.092
0.106
0.106
0.105
0.106
0.096
0.106
0.105
0.106
0.106
0.105
0.103
0.106
0.105
0.106
0.106
0.105
0.106
0.106
0.106
0.106
0.106
0.105
0.106
0.106
0.106
0.106
0.106
0.103
0.106
0.105
0.105
0.105
0.106
0.105
0.105
0.106
0.106
0.106
0.106
0.105
0.106
0.106
0.102
0.106
0.106
0.104
0.097
0.095
0.105
0.106
0.106
0.106
0.106
0.104
0.103
0.106
0.106
0.105
0.105
0.105
0.102
0.105
0.106
0.106
0.106
0.096
0.102
-0.568
0.105
0.106
0.105
0.106
0.104
0.106
0.106
0.103
0.096
0.106
0.105
0.105
0.106
0.105
0.106
0.106
0.103
-0.568
0.106
0.103
0.106
0.106
0.106
0.106
0.106
0.106
0.105
0.105
0.105
0.105
0.096
0.087
0.103
0.106
0.106
0.105
0.106
0.106
0.106
0.106
0.102
0.106
0.106
0.106
0.105
0.106
0.105
0.106
0.106
0.105
0.106
0.106
0.105
0.105
0.106
0.104
0.106
0.106
0.105
0.106
0.106
0.104
0.105
0.103
0.103
0.105
0.106
0.106
0.105
0.106
-1.649
0.106
0.106
0.106
0.106
0.096
0.103
0.106
0.105
0.106
0.106
0.106
0.106
0.106
0.106
0.106
0.106
0.106
0.096
0.106
0.106
0.105
0.106
0.106
0.105
0.106
0.106
0.106
0.106
0.096
0.102
0.106
0.106
0.096
0.106
0.105
0.105
0.096
0.106
0.106
0.000
0.000
0.000
0.000
0.000
0.000
0.000
0.000
0.000
0.000
0.000
0.000
0.000
0.000
0.000
0.000
0.000
0.000
0.000
0.000
0.000
0.000
0.000
0.000
0.000
0.000
0.000
0.000
0.000
0.000
0.000
0.000
0.000
0.000
0.000
0.000
0.000
0.000
0.000
0.000
0.000
0.000
0.000
0.000
0.000
0.000
0.000
0.000
0.000
0.000
0.000
0.000
0.000
0.000
0.000
0.000
0.000
0.000
0.000
0.000
0.000
0.000
0.000
0.000
0.000
0.000
0.000
0.000
0.000
0.000
0.000
0.000
0.000
0.000
0.000
0.000
0.000
0.000
0.000
0.000
0.000
0.000
0.000
0.000
0.000
0.000
0.000
0.000
0.000
0.000
0.000
0.000
0.000
0.000
0.000
0.000
0.000
0.000
0.000
0.000
0.000
0.000
0.000
0.000
0.000
0.000
0.000
0.000
0.000
0.000
0.000
0.000
0.000
0.000
0.000
0.000
0.000
0.000
0.000
0.000
0.000
0.000
0.000
0.000
0.000
0.000
0.000
0.000
0.000
0.000
0.000
0.000
0.000
0.000
0.000
0.000
0.000
0.000
0.000
0.000
0.000
0.000
0.000
0.000
0.000
0.000
0.000
0.000
0.000
0.000
0.000
0.000
0.000
0.000
0.000
0.000
0.000
0.000
0.000
0.000
0.000
0.000
0.000
0.000
0.000
0.000
0.000
0.000
0.000
0.000
0.000
0.000
0.000
0.000
0.000
0.000
0.000
0.000
0.000
0.000
0.000
0.000
0.000
0.000
0.000
0.000
0.000
0.000
0.000
0.000
0.000
0.000
0.000
0.000
0.000
0.000
0.000
0.000
0.000
0.000
0.000
0.000
0.000
0.000
0.000
0.000
0.000
0.000
0.000
0.000
0.000
0.000
0.000
0.000
0.000
0.000
0.000
0.000
0.000
0.000
0.000
0.000
0.000
0.000
0.000
0.000
0.000
0.000
0.000
0.000
0.000
0.000
0.000
0.000
0.000
0.000
0.000
0.000
0.000
0.000
0.000
0.000
0.000
0.106
0.103
0.106
0.096
0.096
0.096
0.081
-0.565
-1.658
0.106
0.106
0.096
0.096
0.096
0.102
0.096
-0.565
-0.752
-0.565
-1.049
-1.090
0.000
0.000
0.000
0.000
0.000
0.000
0.000
0.000
0.000
0.000
0.000
0.000
-0.566
-0.554
-0.568
0.105
0.087
-0.566
-0.554
0.102
0.106
0.096
0.103
-1.278
0.097
-0.565
0.096
0.106
0.105
-0.568
-0.568
0.103
0.102
0.106
-0.566
0.106
0.106
0.106
0.091
0.097
0.106
-1.057
0.105
-0.566
0.097
0.105
0.106
0.106
-0.568
-2.265
-1.659
0.106
0.106
0.096
-1.654
-0.568
-0.568
0.000
0.000
0.000
0.000
0.000
0.000
0.000
0.000
0.000
0.096
-0.565
0.087
0.106
0.106
-0.566
-0.565
-0.568
0.096
0.106
0.106
-1.656
0.092
0.096
-0.568
-0.568
-0.565
0.106
0.104
-0.554
-0.766
0.000
0.000
0.000
0.000
0.000
0.000
0.000
0.000
0.000
0.000
0.000
0.000
0.000
0.000
0.000
0.000
0.000
0.000
0.000
0.000
0.000
0.000
0.000
0.000
0.000
0.000
0.000
0.000
0.000
0.000
0.000
0.000
0.000
0.000
0.000
0.000
0.000
0.000
0.000
0.000
0.000
0.000
0.000
0.000
0.000
0.000
0.000
0.000
0.000
0.000
0.000
0.000
0.000
0.000
0.000
0.000
0.000
0.000
0.000
0.000
0.000
0.000
0.000
0.000
0.000
0.000
0.000
0.000
0.000
0.000
0.000
0.000
0.000
0.000
0.000
0.000
0.000
0.000
0.000
0.000
0.000
0.000
0.000
0.000
0.000
0.000
0.000
0.000
0.000
0.000
0.000
0.000
0.000
0.000
0.000
0.000
0.000
0.000
0.000
0.000
0.000
0.000
0.000
0.000
0.000
