fixedStep chrom=ENSGT00570000081128 start=1 step=1
0.000
0.000
0.000
0.000
0.000
0.000
-0.717
-0.001
-0.001
-0.001
-0.001
-0.001
-0.717
-0.717
-0.001
-0.958
-0.815
-0.741
-0.001
-0.717
-0.717
-0.001
-0.001
-0.001
-0.958
-0.958
-0.001
-0.001
-0.958
-0.001
0.048
0.048
0.048
0.048
0.048
0.048
0.048
0.048
0.048
0.045
0.048
0.048
0.048
0.048
0.048
0.045
0.048
0.048
0.048
0.048
0.048
0.048
0.048
0.048
0.048
0.048
0.048
0.048
0.048
0.048
0.048
0.045
0.048
0.048
0.048
0.048
0.048
0.048
0.045
0.048
0.048
0.048
0.048
0.048
0.048
-2.027
-1.477
-1.481
-1.332
0.048
0.048
0.035
-2.288
0.045
0.048
0.048
0.048
-1.336
0.048
0.048
0.048
0.048
0.048
0.048
-1.342
-1.339
0.048
0.048
0.048
0.048
0.048
0.048
0.048
0.048
0.048
0.043
0.048
0.048
0.048
0.048
0.048
0.048
0.048
0.048
0.048
0.048
0.048
0.048
0.048
0.048
0.048
0.048
0.048
0.048
0.048
0.048
0.048
0.048
0.048
0.048
0.048
0.048
0.048
0.048
0.048
0.048
0.048
0.048
-1.605
-1.592
-1.592
0.048
0.048
0.048
0.048
0.048
0.048
-1.337
-1.332
0.048
-1.337
0.048
0.048
0.048
0.048
0.048
0.048
0.048
0.048
0.048
0.048
0.048
0.048
0.048
0.048
0.048
0.048
0.048
0.048
0.048
0.048
0.048
0.048
0.048
0.043
0.048
0.048
0.048
0.042
0.048
0.043
0.043
0.044
0.042
0.048
0.048
0.048
0.048
0.048
0.048
0.048
0.048
0.048
0.048
0.048
0.048
0.044
0.048
0.048
0.048
0.048
0.048
0.048
0.048
0.048
0.048
0.048
0.048
0.048
0.048
