fixedStep chrom=ENSGT00390000006178 start=1 step=1
-1.228
-1.225
-1.229
-1.280
-1.229
-1.229
-1.229
-1.229
-1.910
-1.427
-1.229
-1.925
-1.229
-1.229
-1.426
-1.229
-1.229
-2.954
-1.438
-1.910
-1.225
-1.229
-1.229
-2.513
0.081
0.081
0.071
0.066
0.081
0.080
0.079
0.064
0.081
0.079
0.079
0.077
0.081
0.081
0.079
0.081
0.081
0.081
0.081
0.071
0.070
0.081
0.081
0.081
0.081
0.081
0.071
0.081
0.081
0.081
0.081
0.081
0.081
0.081
0.081
0.081
0.081
0.081
0.081
0.081
0.081
0.081
0.081
0.081
0.081
0.081
0.081
0.080
0.081
0.081
0.081
0.081
0.081
0.081
0.081
0.079
0.077
0.064
0.081
0.080
0.081
0.064
0.081
0.081
0.081
0.081
0.081
0.081
0.081
0.081
0.081
0.073
0.081
0.081
0.081
0.081
0.081
0.081
0.081
0.081
0.081
0.081
0.081
0.081
0.081
0.081
0.067
0.081
0.081
0.081
0.081
0.081
0.081
0.081
0.081
0.081
0.081
0.081
0.079
0.081
0.081
0.071
0.081
0.081
0.076
0.070
0.081
0.079
0.081
0.081
0.080
0.081
0.081
0.077
0.081
0.079
0.081
0.081
0.081
0.080
0.081
0.081
0.079
0.081
0.081
0.081
0.081
0.081
0.080
0.081
0.081
0.081
0.081
0.081
0.079
0.081
0.081
0.081
0.081
0.081
0.081
0.081
0.081
0.081
0.079
0.081
0.079
0.081
0.081
0.081
0.081
0.081
0.068
0.081
0.081
0.076
0.081
0.081
0.080
0.081
0.081
0.071
0.081
0.081
0.074
0.081
0.081
0.079
0.081
0.081
0.079
0.081
0.081
0.081
0.081
0.077
0.081
0.081
0.081
0.081
0.081
0.081
0.081
0.081
0.072
0.072
0.072
0.072
0.072
0.072
0.072
0.072
0.072
0.072
0.071
-1.726
-1.723
-1.726
0.072
0.070
0.072
0.072
0.072
0.072
0.072
0.072
0.072
0.071
0.072
0.067
0.069
0.072
0.072
0.072
0.072
0.072
0.072
0.072
0.071
0.069
0.072
0.072
0.072
0.072
0.072
0.070
0.072
0.072
0.072
0.072
0.069
0.060
0.072
0.072
0.071
0.072
0.072
0.072
0.072
0.072
0.072
0.072
0.072
0.069
0.072
0.079
0.071
0.081
0.081
0.081
0.081
0.081
0.081
0.081
0.081
0.081
0.081
0.080
0.079
0.081
0.081
0.081
0.077
0.077
0.077
0.066
0.069
0.078
0.081
0.081
-1.709
-1.186
-1.706
0.000
0.000
0.000
0.000
0.000
0.000
0.000
0.000
0.000
0.000
0.000
0.000
