fixedStep chrom=ENSGT00390000013860 start=1 step=1
0.120
0.121
0.120
0.120
0.120
0.119
0.108
0.121
0.108
0.120
0.121
0.107
0.120
0.121
0.120
0.120
0.121
0.120
-1.160
0.121
0.120
0.121
0.121
0.120
0.107
0.120
0.120
0.120
0.120
0.120
0.120
0.116
-1.131
0.119
0.120
0.098
0.121
0.121
0.120
0.120
0.121
0.120
0.120
0.120
-0.470
0.120
0.120
0.118
0.107
0.121
0.120
0.120
0.121
0.120
0.109
0.120
0.120
0.120
0.120
0.120
0.120
0.120
0.121
-0.471
-1.371
0.117
0.120
0.120
0.108
0.107
0.098
0.115
-0.460
0.120
0.120
0.120
0.120
0.120
0.121
0.120
0.121
0.120
0.108
-0.471
0.120
-0.471
0.116
-0.369
-0.366
-0.366
-0.469
0.109
0.120
0.120
0.117
0.118
0.120
0.117
0.120
0.108
0.115
0.120
0.121
0.120
0.120
0.120
0.120
0.120
-0.469
0.120
0.108
0.118
-0.614
0.100
0.121
0.120
0.120
0.120
-0.469
-0.470
-0.928
-0.848
-0.835
0.107
0.107
-0.786
0.120
0.120
0.120
0.120
-0.470
0.120
-0.471
0.108
0.120
0.107
0.116
0.120
-0.460
-0.460
0.120
-0.469
0.121
0.120
0.121
0.117
0.108
0.107
0.118
0.120
0.098
-0.470
0.100
-1.159
-1.131
0.120
0.120
0.120
0.120
-1.158
0.120
0.107
0.121
0.120
0.120
0.121
0.120
0.108
0.118
0.115
0.120
-0.469
-0.471
-0.470
-0.460
0.120
-0.470
-0.460
0.115
0.098
-0.460
0.121
-0.470
0.115
0.121
0.120
0.120
0.115
0.098
-1.510
0.120
0.120
0.120
0.120
0.121
0.120
0.120
0.120
0.120
0.121
0.098
0.120
0.120
0.118
0.115
0.120
0.098
-0.470
0.116
0.120
0.107
-0.460
-0.470
-0.929
-0.471
0.099
-0.469
-0.926
-1.372
-0.470
0.107
0.114
-0.495
-0.366
-0.366
-1.140
-1.121
-0.366
-0.366
-0.366
-0.366
0.120
0.119
0.107
-2.237
-2.238
-3.117
0.120
0.107
0.120
0.107
-0.926
0.120
0.120
0.120
0.120
-0.470
0.107
-0.469
-0.469
0.107
0.107
0.107
0.107
-0.469
0.106
0.120
-0.470
0.120
0.120
-0.471
0.108
0.120
0.107
0.120
0.120
0.120
-0.470
-0.469
0.107
0.120
0.115
-0.471
0.120
0.108
-1.852
0.107
0.108
0.120
-0.926
0.120
-0.904
0.118
0.120
0.120
