fixedStep chrom=ENSGT00530000063697 start=1 step=1
0.000
0.000
0.000
0.000
0.000
0.000
0.000
0.000
0.000
0.000
0.000
0.000
0.000
0.000
0.000
0.000
0.000
0.000
0.000
0.000
0.000
0.000
0.000
0.000
0.000
0.000
0.000
0.000
0.000
0.000
0.000
0.000
0.000
0.000
0.000
0.000
0.000
0.000
0.000
0.000
0.000
0.000
0.000
0.000
0.000
0.000
0.000
0.000
0.000
0.000
0.000
0.000
0.000
0.000
0.000
0.000
0.000
0.000
0.000
0.000
0.000
0.000
0.000
0.000
0.000
0.000
-2.359
-2.507
-2.599
-2.359
-2.359
-2.905
-1.637
-0.920
-2.440
-3.088
-2.135
-1.697
0.191
0.201
0.156
0.204
0.196
0.141
0.208
0.196
0.207
0.138
0.196
0.139
0.194
0.156
0.138
0.156
0.208
0.157
0.153
0.208
0.151
0.197
0.137
0.153
-1.097
0.208
0.207
0.155
0.201
0.188
0.155
0.158
0.188
0.193
0.190
-1.371
0.175
0.147
0.140
0.155
0.206
0.195
0.207
0.158
0.154
0.206
0.156
-0.818
-1.111
0.145
0.138
0.137
0.153
0.152
0.165
0.156
0.196
0.146
0.159
0.195
0.206
0.194
0.196
0.194
0.155
0.207
0.206
0.139
0.196
-0.490
0.188
0.190
0.934
0.934
0.933
0.851
0.851
0.850
0.148
-1.502
0.195
0.153
0.143
0.152
0.187
0.183
0.207
0.206
0.152
0.155
0.153
0.145
-1.643
0.194
0.138
0.205
0.203
0.155
0.154
0.153
0.153
0.151
0.156
0.206
0.194
0.153
0.153
0.141
0.195
0.208
0.153
0.150
0.140
0.157
0.195
0.208
0.196
0.195
0.195
0.200
0.148
0.153
0.195
0.153
0.153
0.153
0.156
0.206
0.151
0.194
0.194
0.193
0.184
0.201
0.146
0.206
0.195
0.207
0.206
0.140
0.200
0.193
0.208
0.192
0.138
0.199
0.153
0.193
0.156
0.192
0.156
0.206
0.194
0.195
0.156
0.154
0.206
0.153
-2.119
0.203
0.138
0.151
0.139
0.193
0.195
0.155
0.153
0.134
0.208
0.155
0.155
0.194
0.156
0.188
0.189
0.172
0.153
0.165
0.208
0.191
0.198
0.156
0.155
0.206
0.206
0.146
0.208
0.206
0.195
0.192
0.204
0.195
0.156
0.205
0.205
0.178
0.151
0.207
0.196
0.152
0.192
0.138
0.195
0.142
0.206
0.207
0.171
0.139
0.205
0.194
0.206
0.194
0.193
0.156
0.208
0.152
0.195
0.208
0.194
-1.155
0.152
0.165
-0.782
-0.648
-0.664
-0.629
-0.583
-0.648
-2.340
-0.622
-0.723
-0.622
-0.622
-0.596
-0.744
-0.699
-0.654
-0.583
-0.622
-0.822
-0.565
-0.714
-0.824
0.206
0.205
0.193
0.206
0.208
0.206
0.192
0.206
0.207
0.153
0.203
0.139
0.178
0.153
0.200
0.199
0.191
0.206
0.152
0.208
0.154
0.207
0.207
-0.613
-0.970
0.153
0.190
-2.097
0.208
0.152
0.189
0.206
0.138
0.188
0.150
0.169
0.153
0.208
0.196
0.140
0.194
-1.114
0.136
0.136
0.179
-0.746
0.141
0.154
-0.385
0.204
0.146
0.140
0.206
-1.108
0.194
0.178
0.163
-0.566
-0.570
-0.825
0.000
0.000
0.000
0.000
0.000
0.000
0.000
0.000
0.000
0.000
0.000
0.000
0.000
0.000
0.000
0.000
0.000
0.000
-1.042
0.199
0.197
0.190
0.140
0.153
0.160
0.164
0.152
0.158
0.196
-4.736
0.035
0.036
0.036
0.249
0.261
0.279
-0.798
-1.646
-0.740
0.158
0.205
0.146
-1.178
0.154
0.189
0.151
0.155
-1.610
-0.809
0.205
0.139
0.193
-0.658
0.201
0.164
0.140
0.186
0.194
0.195
0.140
0.426
0.426
0.433
0.207
0.200
0.198
-1.545
0.145
-0.717
-0.964
0.195
0.189
-1.765
0.155
0.135
-1.397
0.155
0.135
0.172
0.138
0.162
0.158
0.138
0.158
0.187
0.180
0.176
0.192
0.195
-1.114
0.193
0.205
0.200
-1.605
0.207
0.190
0.000
0.000
0.000
0.000
0.000
0.000
0.000
0.000
0.000
0.000
0.000
-0.519
-0.709
-0.673
-0.498
-0.490
-0.514
-1.043
-0.489
-0.489
-0.524
-1.374
-0.770
-0.521
-0.709
-0.709
-0.492
0.198
0.200
0.161
0.193
0.151
0.148
0.193
0.192
0.150
0.154
0.207
0.154
0.207
0.205
0.205
1.437
1.437
1.437
1.437
1.437
1.437
0.148
0.192
0.168
1.437
1.437
1.437
1.437
1.437
1.437
0.147
0.192
0.000
0.000
0.000
0.000
0.000
0.000
0.000
0.000
0.000
0.000
0.192
0.207
0.157
0.205
0.205
-3.099
0.144
0.160
0.143
0.149
0.177
0.194
0.162
0.156
0.168
0.205
-1.462
-2.675
0.147
0.159
0.194
0.147
0.154
0.205
0.142
0.142
0.189
0.000
0.000
0.000
0.000
0.000
0.000
0.000
0.000
0.000
0.201
0.193
0.134
0.178
0.149
-1.502
0.193
0.146
0.145
0.196
0.156
-2.155
-1.011
0.141
-4.202
0.139
0.201
0.208
0.139
0.190
0.185
0.141
0.207
0.155
0.206
0.193
0.146
0.138
0.148
-0.473
0.208
0.206
0.195
0.158
0.189
0.141
0.193
0.199
-1.514
0.193
0.190
0.195
0.138
0.195
0.135
0.153
0.208
-0.824
0.205
0.208
0.161
0.158
0.153
-0.722
0.151
0.181
0.190
-1.988
0.208
0.178
0.192
0.193
0.153
0.153
0.208
0.196
0.204
0.207
0.196
0.147
0.208
0.207
0.208
0.206
0.197
0.206
0.149
0.141
0.194
0.201
0.138
0.205
0.194
-1.470
0.153
0.141
0.141
0.205
0.140
0.147
0.000
0.000
0.000
0.000
0.000
0.000
