fixedStep chrom=ENSGT00390000007801 start=1 step=1
0.000
0.000
0.000
0.000
0.000
0.000
0.000
0.000
0.000
0.000
0.000
0.000
0.000
0.000
0.000
0.000
0.000
0.000
0.000
0.000
0.000
0.000
0.000
0.000
0.000
0.000
0.000
0.000
0.000
0.000
0.000
0.000
0.000
0.000
0.000
0.000
0.000
0.000
0.000
0.000
0.000
0.000
0.000
0.000
0.000
0.000
0.000
0.000
0.000
0.000
0.000
0.000
0.000
0.000
0.000
0.000
0.000
0.000
0.000
0.000
0.000
0.000
0.000
0.000
0.000
0.000
0.000
0.000
0.000
0.000
0.000
0.000
0.000
0.000
0.000
0.000
0.000
0.000
0.000
0.000
0.000
0.000
0.000
0.000
0.000
0.000
0.000
0.000
0.000
0.000
0.000
0.000
0.000
0.000
0.000
0.000
0.000
0.000
0.000
0.000
0.000
0.000
0.000
0.000
0.000
0.000
0.000
0.000
0.000
0.000
0.000
0.000
0.000
0.000
0.000
0.000
0.000
0.000
0.000
0.000
0.000
0.000
0.000
0.000
0.000
0.000
0.000
0.000
0.000
0.000
0.000
0.000
0.000
0.000
0.000
0.000
0.000
0.000
0.000
0.000
0.000
0.000
0.000
0.000
0.000
0.000
0.000
0.000
0.000
0.000
0.000
0.000
0.000
0.000
0.000
0.000
0.000
0.000
0.000
0.000
0.000
0.000
0.000
0.000
0.000
0.000
0.000
0.000
0.000
0.000
0.000
0.000
0.000
0.000
0.000
0.000
0.000
0.000
0.000
0.000
0.000
0.000
0.000
0.000
0.000
0.000
0.000
0.000
0.000
0.000
0.000
0.000
0.000
0.000
0.000
0.000
0.000
0.000
0.000
0.000
0.000
0.000
0.000
0.000
0.000
0.000
0.000
0.000
0.000
0.000
0.000
0.000
0.000
0.000
0.000
0.000
0.000
0.000
0.000
0.000
0.000
0.000
0.000
0.000
0.000
0.000
0.000
0.000
0.000
0.000
0.000
0.000
0.000
0.000
0.000
0.000
0.000
0.000
0.000
0.000
0.070
0.070
0.070
-0.909
0.070
0.070
0.068
0.070
0.063
0.070
0.070
0.070
0.070
0.070
-1.660
-1.815
0.064
0.062
0.069
0.070
0.068
0.070
0.070
0.070
0.070
0.070
0.068
0.069
0.070
-0.907
0.063
0.070
0.053
0.070
0.063
0.064
0.070
0.070
0.070
0.070
0.069
0.054
0.070
0.070
0.070
0.064
0.070
0.070
0.070
0.070
0.070
0.070
0.070
0.070
0.070
0.070
-0.907
0.070
0.070
0.065
0.070
0.070
0.070
0.070
0.070
0.070
0.070
0.070
0.070
0.070
0.070
0.070
0.068
0.070
-0.907
0.070
0.070
0.070
0.070
0.070
0.070
0.059
0.064
0.069
0.070
0.070
0.070
0.070
0.070
0.070
0.070
0.062
0.070
0.064
0.070
0.067
0.070
0.070
0.070
0.063
0.070
0.063
0.070
0.064
0.064
0.070
0.064
0.068
0.064
0.070
0.070
0.070
0.070
0.062
0.070
0.070
0.070
0.064
0.070
0.070
0.070
0.068
0.070
0.064
0.070
0.070
0.070
0.070
0.070
0.070
0.070
0.070
0.070
0.070
0.070
0.070
0.070
0.070
0.070
0.070
0.070
-0.907
0.070
0.070
0.070
0.070
0.070
0.070
0.070
0.064
0.070
0.070
0.070
0.070
0.070
0.070
0.070
0.070
0.070
0.070
0.070
0.070
0.070
0.070
0.070
0.064
0.070
0.070
0.070
0.070
0.070
0.070
0.070
0.070
0.070
0.070
0.070
0.070
0.064
0.070
0.070
0.070
0.070
-1.261
-0.971
-0.987
0.068
0.070
0.070
0.070
0.070
0.070
0.070
-0.908
0.070
0.070
0.070
0.069
0.070
0.070
0.069
-0.905
0.069
0.070
0.070
0.070
0.070
0.070
0.070
0.064
0.070
0.070
0.062
0.064
0.070
0.070
0.070
0.070
0.070
0.065
0.064
0.064
0.070
0.070
0.070
0.070
0.070
0.068
0.070
0.070
0.070
0.070
0.069
0.060
0.070
0.070
0.070
0.070
0.070
0.070
0.062
0.070
0.062
0.070
0.070
0.070
0.070
0.070
0.068
0.070
0.070
0.070
0.070
0.069
-1.756
0.064
0.064
0.066
0.070
0.070
0.068
0.070
0.070
0.070
-0.971
-0.970
-1.208
0.064
-0.905
0.070
0.070
-0.909
0.064
0.070
0.070
-2.787
0.064
-0.908
0.068
-0.903
0.070
0.070
0.070
0.064
0.070
0.070
0.069
0.070
0.070
0.070
0.070
0.070
0.070
0.064
0.070
0.070
0.065
-0.907
0.064
0.070
0.070
0.070
0.068
0.070
0.070
0.070
0.064
0.070
0.070
0.070
0.070
0.070
0.064
0.070
0.070
0.070
0.064
0.070
0.068
0.070
0.070
0.070
0.070
0.070
-0.971
-0.970
-0.971
0.070
0.070
-0.909
0.064
0.064
0.070
0.070
0.070
0.070
0.070
0.070
0.070
0.070
0.070
0.070
0.070
0.070
0.070
0.064
0.070
-0.908
0.070
0.070
0.070
0.070
0.070
0.070
0.070
0.070
0.068
0.070
0.070
0.064
0.070
0.070
0.070
-0.907
0.070
0.070
0.070
0.070
0.070
0.064
0.065
0.070
0.070
0.064
0.070
0.070
0.070
0.069
0.070
0.070
0.070
0.070
0.070
0.070
0.070
0.070
0.070
0.070
0.070
0.064
0.070
0.070
0.064
0.070
0.070
0.070
0.070
0.070
0.070
0.070
0.070
0.070
0.070
0.070
0.070
0.070
0.070
0.070
0.070
0.070
0.064
0.070
0.070
0.070
0.070
0.070
0.070
0.070
0.070
0.070
0.070
0.070
0.070
0.070
0.070
0.070
0.070
0.070
0.070
0.070
0.070
0.059
0.070
0.070
0.070
0.068
0.070
0.070
0.070
0.070
0.064
0.069
0.070
0.070
0.059
0.070
0.068
0.070
0.070
0.068
0.070
0.070
0.070
0.070
0.068
0.070
0.070
0.068
0.070
0.070
0.051
-1.684
0.070
0.070
0.070
0.070
0.070
0.070
0.070
0.059
0.064
0.059
0.070
0.063
0.059
0.059
0.070
0.068
0.070
-1.685
0.059
0.068
0.068
0.070
0.064
0.068
0.069
0.070
0.065
0.070
0.070
0.070
0.070
0.068
0.070
0.070
0.070
0.070
0.070
0.070
0.064
0.070
0.070
0.070
0.066
0.070
0.070
0.070
0.070
0.069
0.070
0.059
0.065
0.070
0.070
0.070
0.070
0.069
0.064
0.070
0.070
0.070
0.070
0.070
0.070
-0.890
-2.284
0.068
0.070
0.070
0.069
0.070
0.070
0.070
0.070
0.070
0.070
0.070
0.070
-0.890
0.070
0.069
0.069
0.070
0.070
0.070
0.070
0.070
0.070
0.070
0.070
0.070
0.070
0.070
0.070
0.070
0.070
0.070
0.070
0.070
0.070
0.070
0.064
0.070
0.070
0.070
0.070
0.068
0.070
0.062
0.070
0.070
0.070
0.062
0.064
0.070
0.070
0.070
0.070
0.070
0.070
0.070
0.070
0.070
0.070
0.051
0.070
0.070
0.070
0.070
0.070
0.070
0.070
0.070
0.070
0.070
0.070
0.070
0.070
0.070
0.070
0.070
0.070
0.068
0.070
0.070
0.070
0.070
0.070
0.070
0.070
0.070
0.070
0.070
0.070
0.070
0.070
0.070
0.070
0.070
0.070
0.070
0.070
0.070
0.070
0.070
0.060
0.070
0.070
0.070
0.070
0.070
0.062
0.070
0.070
0.070
0.070
0.070
0.070
0.070
0.070
0.070
0.070
0.070
0.070
0.070
0.064
0.067
0.070
0.070
0.068
0.070
0.070
0.070
0.070
0.070
0.070
0.070
0.070
0.070
0.070
0.070
0.070
