fixedStep chrom=ENSGT00470000042476 start=1 step=1
0.045
0.045
0.045
0.045
-1.375
0.040
0.045
0.041
0.045
0.045
0.045
0.045
0.045
0.045
0.045
0.045
0.045
0.045
0.045
0.039
0.044
0.044
0.045
0.045
0.045
0.045
0.043
0.045
0.045
0.045
0.045
0.045
0.045
0.045
0.045
0.045
0.039
0.045
0.045
0.045
0.045
0.045
0.045
0.045
0.045
0.045
0.045
-2.215
-1.241
-1.241
-1.241
-1.354
0.045
0.045
0.045
0.045
0.045
0.045
0.045
0.045
0.045
0.045
0.045
0.045
0.045
0.045
0.045
0.045
0.045
0.045
0.045
0.045
0.045
0.043
0.045
0.045
0.045
0.045
0.045
0.045
0.045
0.045
0.045
0.045
0.045
0.045
0.043
0.045
0.045
0.045
0.045
0.037
0.045
0.045
0.045
0.045
0.045
-1.358
0.045
0.045
0.045
0.045
0.045
0.045
0.045
0.045
0.045
0.045
-0.690
-0.690
-0.690
0.045
0.045
0.039
-1.340
-1.346
0.043
-1.375
-1.350
0.045
0.045
0.045
0.045
0.045
0.045
0.045
-1.375
0.045
0.045
0.039
0.039
0.045
0.045
0.045
0.045
0.045
0.045
0.045
0.045
0.045
0.045
0.045
0.045
0.039
0.045
0.045
0.045
0.045
0.045
0.045
0.045
0.045
0.045
0.045
0.045
0.045
0.045
0.039
0.045
0.045
0.045
0.045
0.045
0.045
0.045
0.045
0.045
0.045
0.045
0.045
0.045
0.045
0.045
0.045
0.045
0.045
0.045
0.045
0.045
0.045
0.045
0.045
0.045
0.045
0.045
0.045
0.045
0.039
0.045
0.045
0.045
0.045
0.045
0.045
0.045
0.045
0.045
0.045
0.045
0.045
0.045
0.045
0.045
0.045
0.045
0.045
0.045
0.045
0.045
0.045
0.045
0.045
0.045
0.045
0.044
0.045
0.045
0.045
0.045
0.045
0.045
0.045
0.045
0.045
0.045
0.045
0.045
0.045
0.043
0.039
0.045
0.045
0.045
0.045
0.045
0.045
0.045
0.045
0.045
0.045
0.045
-1.340
0.045
0.045
0.045
0.045
0.045
0.045
0.045
0.045
0.044
0.045
0.045
0.045
0.045
0.045
0.045
0.043
0.045
0.045
0.045
0.045
0.045
0.039
0.045
0.045
0.045
0.043
0.039
0.045
0.045
0.045
0.045
0.045
0.045
0.045
0.045
0.045
0.045
0.045
0.045
0.039
0.045
0.045
0.045
0.045
0.045
0.045
0.045
0.045
0.045
0.045
0.045
0.045
0.045
0.045
0.045
0.045
0.045
0.045
0.045
0.045
0.043
0.045
0.045
0.045
0.045
-1.340
0.045
0.045
0.045
0.045
0.045
0.045
0.045
0.045
0.045
0.045
0.045
0.045
0.045
