fixedStep chrom=ENSGT00550000076278 start=1 step=1
0.040
0.040
0.040
0.040
0.040
0.040
0.040
0.040
0.038
0.040
0.040
0.040
0.040
0.040
0.040
0.040
0.038
0.040
0.040
0.040
0.040
0.040
0.040
0.040
0.040
0.040
-1.261
0.038
0.040
0.040
0.040
0.040
0.040
0.040
0.040
0.040
0.040
0.040
0.040
0.040
0.040
0.040
0.040
0.040
0.040
0.040
0.040
0.040
0.040
0.040
0.040
0.040
0.040
0.040
0.040
0.040
0.040
0.040
0.040
0.040
0.040
0.040
0.040
0.040
0.040
0.040
0.040
0.040
0.038
0.040
0.040
0.037
0.040
0.040
-1.261
0.040
0.040
0.040
-1.413
0.040
0.040
0.040
0.040
0.040
0.040
0.040
0.040
0.040
0.040
0.040
0.040
0.040
0.040
0.040
0.040
0.040
0.040
0.040
0.040
0.040
0.040
0.040
0.040
0.040
0.040
0.040
0.040
0.040
0.040
0.040
0.040
0.040
0.040
0.040
0.040
0.040
0.040
0.040
0.040
0.040
0.040
0.037
0.040
0.040
0.040
0.040
0.038
0.040
0.040
0.040
0.031
0.040
0.040
0.040
0.040
0.040
0.034
0.040
0.031
0.040
0.037
