fixedStep chrom=ENSGT00560000078565 start=1 step=1
0.027
0.027
0.027
0.027
0.027
0.027
0.027
0.027
0.027
0.027
0.027
0.027
0.027
0.027
0.027
0.027
0.027
0.027
0.027
-1.401
0.027
0.027
0.027
0.027
0.027
0.027
0.027
0.027
0.027
0.027
0.027
0.027
0.027
0.027
0.027
0.027
0.027
0.027
0.027
0.027
0.027
0.027
0.027
0.027
0.027
0.027
0.027
0.027
0.027
0.027
0.027
0.027
0.027
0.027
0.027
0.027
0.027
0.027
0.027
0.027
0.027
0.027
-1.596
0.027
0.027
0.026
0.027
0.027
-1.548
0.027
0.027
0.027
0.027
0.027
0.027
0.027
0.027
0.027
0.027
0.027
0.027
0.027
0.027
0.027
0.027
0.027
0.027
0.027
0.027
0.027
0.027
0.027
0.027
0.027
0.027
0.027
0.027
0.027
0.027
0.023
0.027
0.027
0.027
0.027
0.027
0.027
0.027
0.027
0.027
0.024
0.027
0.027
0.027
0.027
0.027
0.027
0.027
