fixedStep chrom=ENSGT00390000009468 start=1 step=1
0.074
0.078
0.078
0.078
0.074
0.076
0.078
0.070
0.074
0.070
0.070
0.078
-0.844
0.070
0.074
0.075
0.078
0.078
0.078
0.074
0.061
0.078
0.074
0.078
0.070
0.078
0.074
0.074
0.072
0.078
-0.789
-0.789
-0.789
-0.789
-1.053
-0.789
-0.789
-0.789
-0.790
-0.846
0.078
0.070
0.078
0.078
0.078
0.078
0.078
0.070
0.070
0.078
0.078
0.078
0.078
0.078
-1.690
0.078
0.078
0.064
-1.579
0.078
0.078
0.078
0.078
0.069
0.078
0.074
0.078
-0.829
0.078
0.070
0.064
0.078
0.078
0.078
0.074
0.070
0.078
0.074
0.078
0.078
0.070
0.070
0.070
0.070
0.070
0.078
0.078
0.078
0.078
0.078
0.078
-0.829
0.078
0.078
0.078
-1.744
0.074
0.078
0.070
0.066
0.078
0.078
0.078
-0.844
0.078
0.078
0.078
0.078
-1.688
0.070
0.078
0.078
0.078
0.074
0.078
0.078
0.078
0.078
0.070
0.069
0.078
0.078
0.074
0.078
0.078
0.078
0.078
0.078
0.078
-1.385
-1.217
-1.585
0.078
0.078
0.078
0.078
-0.844
0.078
0.078
0.078
0.078
-0.844
0.078
0.078
0.070
0.078
0.078
0.078
0.078
0.064
0.078
0.070
0.078
0.078
0.078
0.078
0.078
0.070
0.078
0.078
0.078
0.070
0.078
0.078
0.078
0.062
0.078
0.078
0.078
0.078
0.070
0.078
0.078
0.078
0.078
0.078
0.078
0.078
-0.829
0.078
0.078
0.078
0.070
0.078
0.078
0.078
0.078
0.078
0.078
-0.789
-1.541
-0.790
0.078
0.070
0.070
0.078
0.078
0.078
0.078
0.078
0.078
0.078
0.078
0.074
0.078
-0.849
0.064
0.078
0.078
0.078
0.078
0.078
0.078
0.078
0.078
0.078
0.078
0.078
0.078
0.078
0.078
0.078
0.078
0.078
0.074
0.078
0.061
0.074
0.078
0.078
0.078
0.078
0.078
0.078
0.078
0.078
0.078
0.062
0.078
0.078
0.078
0.078
0.078
-1.736
0.078
0.078
0.074
0.074
0.077
0.078
0.078
0.078
0.070
0.078
0.077
0.070
0.070
0.078
0.078
0.078
0.074
0.074
0.074
-2.059
-1.535
-1.909
-1.523
-1.535
-1.523
-1.535
-3.304
-3.330
-3.304
0.078
0.078
0.078
0.078
0.078
0.069
0.078
0.078
0.078
0.078
0.078
0.078
0.074
0.078
0.078
0.078
0.074
0.078
0.078
0.078
0.078
0.078
0.078
0.070
0.070
0.078
0.078
0.078
0.074
0.078
0.078
0.078
0.078
0.078
0.078
0.078
0.078
0.078
0.073
0.070
0.078
0.078
0.078
0.078
0.074
0.078
0.078
0.078
0.078
0.078
0.078
0.078
0.078
0.064
0.078
0.078
0.078
-0.829
0.070
0.078
0.078
-1.690
0.064
0.078
-0.844
0.074
0.078
0.078
0.074
0.078
0.078
0.078
0.078
0.078
0.078
0.078
0.078
0.078
