fixedStep chrom=ENSGT00390000014940 start=1 step=1
0.113
0.114
0.113
0.113
0.114
0.113
0.114
0.110
0.113
0.114
0.114
0.111
0.113
0.113
0.113
0.110
0.113
0.113
0.113
0.103
0.114
0.105
0.113
0.112
0.113
0.114
0.112
0.113
0.110
0.112
0.113
0.114
0.114
0.113
0.113
0.113
0.113
0.112
0.113
0.114
0.110
0.113
0.111
0.113
0.113
0.114
0.114
0.114
0.113
0.113
0.111
0.113
0.114
0.113
0.114
0.114
0.113
0.113
0.111
0.111
0.113
0.113
0.113
0.113
0.113
0.113
0.106
0.110
0.110
0.104
0.099
0.114
0.113
0.113
0.113
0.114
0.103
0.114
0.113
0.113
0.110
0.113
0.113
0.113
0.112
0.113
0.114
0.113
0.107
0.113
0.113
0.113
0.110
0.113
0.114
0.111
0.111
0.114
0.113
0.113
0.113
0.113
0.114
0.114
0.113
0.114
0.114
0.113
0.113
0.113
0.113
0.113
0.113
0.113
0.108
0.109
0.108
0.092
0.109
0.098
0.110
0.108
0.109
0.109
0.109
0.098
0.109
0.110
0.110
0.110
0.108
0.110
0.108
0.109
0.106
0.108
0.109
0.109
0.108
0.109
0.113
0.113
0.113
0.113
0.113
0.113
0.103
0.111
0.114
0.113
0.113
0.114
0.095
0.109
0.113
0.112
0.111
0.113
0.111
0.114
0.113
0.113
0.096
0.113
0.113
0.110
0.113
0.113
0.113
0.113
0.113
0.097
-0.513
-0.785
-0.519
0.097
0.097
0.114
-0.513
-1.353
-0.520
0.113
0.110
0.113
0.113
-0.521
-0.521
-0.513
0.111
0.112
0.113
-0.520
-0.519
0.114
-0.520
0.000
0.000
0.000
0.000
0.000
0.000
0.000
0.000
0.000
0.000
0.000
0.000
0.000
0.000
0.000
0.000
0.000
0.000
0.000
0.000
0.000
0.000
0.000
0.000
0.000
0.000
0.000
-0.519
0.113
-0.519
0.097
0.097
-0.513
0.113
0.113
-0.570
-0.521
-0.519
-0.519
-0.519
0.113
0.113
0.097
0.113
0.097
-0.521
-0.803
0.112
-0.513
-0.521
0.113
-0.513
-0.519
0.114
0.000
0.000
0.000
0.000
0.000
0.000
0.000
0.000
0.000
0.000
0.000
0.000
0.096
0.113
0.113
0.095
0.110
0.096
0.000
0.000
0.000
0.000
0.000
0.000
0.000
0.000
0.000
0.000
0.000
0.000
0.000
0.000
0.000
0.000
0.000
0.000
0.000
0.000
0.000
0.000
0.000
0.000
0.000
0.000
0.000
0.000
0.000
0.000
0.000
0.000
0.000
0.000
0.000
0.000
0.000
0.000
0.000
0.000
0.000
0.000
-0.513
-0.519
-0.963
0.087
0.096
0.113
0.114
0.114
-0.513
0.113
0.113
0.111
0.109
0.097
-0.513
0.113
0.113
-0.513
0.019
0.019
0.019
0.019
0.019
0.019
0.096
0.114
0.097
0.114
0.097
-1.500
-0.520
0.096
0.096
-0.513
-0.513
-0.521
-0.519
0.096
0.114
0.113
0.113
-0.520
-0.520
-0.519
0.096
0.114
0.114
0.097
0.097
-0.513
-0.521
-0.519
-0.513
-0.521
-0.519
0.114
0.113
-1.657
-1.242
-1.652
-1.657
-1.658
-1.242
-1.658
-1.066
-1.657
0.113
0.113
-0.520
0.113
-0.520
0.097
0.088
0.113
-0.519
0.096
0.113
-0.519
-0.520
0.114
-0.513
0.096
-0.519
-0.975
-0.519
0.096
-0.975
0.097
0.096
-0.521
0.097
0.114
0.097
0.097
-1.386
-0.521
-0.519
-0.519
-0.519
-0.520
-0.962
-2.267
-0.521
0.113
0.113
-0.326
-0.326
-0.326
-0.326
-0.326
-0.473
-0.326
-0.326
-0.326
-0.595
-0.326
-0.326
-0.326
-1.138
-1.138
0.000
0.000
0.000
