fixedStep chrom=ENSGT00390000008225 start=1 step=1
0.000
0.000
0.000
0.000
0.000
0.000
0.000
0.000
0.000
0.000
0.000
0.000
0.085
0.085
0.085
0.084
0.085
0.085
0.062
0.084
0.078
0.084
0.085
0.085
0.085
0.082
0.085
0.085
0.085
0.085
0.080
0.085
0.081
-0.758
0.085
0.078
0.085
0.085
0.085
0.085
0.085
0.071
0.085
0.085
0.080
0.080
0.084
0.085
0.085
0.085
0.077
0.078
0.085
0.085
0.085
0.085
0.078
0.071
0.082
-1.428
0.085
0.085
0.077
0.085
0.085
0.085
0.085
0.078
0.084
0.080
0.085
0.085
0.085
0.085
0.079
0.085
0.085
0.085
0.085
0.085
0.085
0.085
0.085
0.078
0.085
0.085
0.081
0.085
0.085
0.085
0.085
0.085
0.085
0.085
0.085
0.078
0.085
0.085
0.085
0.080
0.085
0.085
0.085
0.085
0.084
0.085
0.085
0.063
0.085
0.085
0.078
0.085
0.085
0.071
0.085
0.085
0.085
0.085
0.085
0.078
0.081
0.078
0.078
-0.761
0.085
0.083
0.085
0.085
0.085
-0.756
0.085
0.085
0.063
0.085
0.078
0.085
0.085
0.075
0.085
0.085
0.085
0.085
0.085
0.085
0.085
0.085
0.085
0.085
0.085
0.085
0.085
0.085
0.085
0.074
0.065
0.074
0.073
0.065
0.073
0.074
0.074
-0.920
0.073
0.074
0.073
0.073
0.074
0.074
0.073
0.065
0.074
0.073
0.065
0.074
0.073
0.074
0.065
0.073
0.066
0.074
0.073
0.074
0.074
-0.920
-0.922
0.059
0.073
-0.920
0.074
0.073
0.064
0.073
0.074
0.074
-0.922
0.073
0.074
0.074
0.074
0.073
0.073
0.074
0.073
0.073
0.072
0.073
-0.922
0.073
0.074
0.073
0.073
0.074
0.073
0.073
0.073
-0.920
0.073
0.073
0.065
0.074
0.072
-0.911
0.073
0.073
-0.922
0.073
0.074
0.064
0.073
0.073
-1.644
0.073
0.074
0.073
0.073
0.074
0.073
0.074
0.065
0.074
0.073
0.073
0.074
0.073
0.073
0.065
0.065
0.074
0.073
0.085
0.085
0.085
0.085
0.085
0.085
0.085
0.085
0.085
0.085
0.085
0.085
0.085
0.085
0.085
0.085
0.085
0.085
0.085
0.085
0.085
0.078
0.085
0.084
0.085
0.085
0.085
0.085
0.085
0.085
0.085
0.084
0.085
0.085
0.062
0.062
-0.992
-1.469
-1.021
