fixedStep chrom=ENSGT00390000002731 start=1 step=1
0.084
0.085
0.084
0.077
0.084
0.084
0.085
0.075
0.083
0.085
0.084
0.085
0.084
0.084
0.084
0.084
0.076
0.084
0.081
0.084
0.082
0.084
0.084
0.084
0.084
0.084
0.084
0.084
0.084
0.084
0.084
0.084
0.084
0.084
0.084
0.084
0.084
0.084
-0.754
0.084
0.084
-2.007
0.075
0.084
0.084
-0.704
-2.397
-0.907
-0.704
-0.704
-0.704
0.084
0.075
0.084
0.083
0.081
0.082
0.084
0.074
0.084
0.084
0.084
0.084
-1.324
-1.324
-1.324
0.084
0.084
0.084
0.084
0.084
0.084
0.084
0.084
0.084
0.084
0.084
0.084
0.084
0.084
0.084
0.084
0.084
0.081
0.084
0.085
0.077
0.084
0.084
0.076
0.084
0.085
0.070
0.085
0.084
0.084
0.084
0.084
0.084
0.084
0.084
0.085
0.084
0.085
0.083
0.085
0.084
0.076
0.085
0.084
0.085
0.084
0.083
0.077
0.084
0.085
0.084
0.084
0.084
0.077
0.084
0.084
0.083
0.084
0.084
0.083
0.084
0.084
0.075
0.085
0.085
0.084
0.084
0.084
0.084
0.084
0.085
0.084
0.084
0.084
0.081
0.084
0.085
0.085
0.084
0.084
0.081
0.084
0.085
0.084
0.084
0.084
0.083
0.084
0.084
0.084
0.084
0.084
0.075
0.084
0.084
0.084
0.085
0.085
0.083
0.084
0.085
0.084
0.084
0.084
0.083
0.077
0.085
0.084
0.084
0.083
0.081
0.084
0.084
0.084
0.084
0.085
0.084
0.084
0.085
0.084
0.084
0.084
0.084
0.082
0.085
0.084
0.084
0.084
0.084
0.084
0.084
0.084
0.085
0.085
0.084
0.084
0.075
0.083
0.071
0.084
0.084
0.085
0.085
0.084
0.085
0.084
0.078
0.084
0.083
0.085
0.084
0.084
0.084
0.084
0.084
0.083
0.084
0.085
0.084
0.084
0.084
0.084
0.084
0.084
0.082
0.084
0.085
0.084
0.084
0.085
0.084
0.084
0.084
0.084
0.084
0.084
0.083
0.084
0.084
0.083
0.076
0.084
0.076
0.084
0.084
0.084
0.084
0.084
0.084
0.084
0.084
0.083
0.085
0.085
0.081
0.084
0.084
0.084
0.084
0.085
0.084
0.084
0.084
0.084
0.084
0.081
0.069
0.084
0.084
0.083
0.083
0.084
0.083
0.084
0.084
0.084
0.084
0.084
0.083
0.084
0.084
0.078
0.084
0.084
0.083
0.084
0.076
0.083
0.084
0.085
0.084
0.084
0.085
0.084
0.084
0.084
0.084
0.084
0.084
0.084
0.084
0.084
0.081
0.084
0.084
0.084
0.084
0.084
0.077
0.084
0.084
0.076
0.085
0.084
0.081
0.084
0.085
0.084
-1.574
-1.572
-1.576
-1.106
-1.106
-1.106
-1.106
-1.106
-1.106
-0.704
-0.703
-0.704
-0.704
-0.704
-0.703
0.084
-0.750
-0.754
-1.372
-0.739
0.084
0.084
0.075
0.075
0.084
0.085
-0.754
-0.751
0.085
0.077
0.000
0.000
0.000
0.000
0.000
0.000
0.000
0.000
0.000
0.000
0.000
0.000
0.000
0.000
0.000
0.000
0.000
0.000
0.084
0.075
-1.365
0.077
0.085
0.083
-0.754
0.084
-0.754
0.084
0.084
0.082
-0.148
-0.148
-0.148
-0.752
-0.752
-2.218
0.084
0.084
0.083
-0.754
0.075
-0.752
0.084
0.085
-0.754
0.084
0.084
-0.752
0.084
0.081
-0.754
0.083
0.074
-0.754
0.084
0.085
0.075
-0.754
0.075
0.083
-0.752
0.075
0.075
-0.754
0.075
-1.372
0.084
0.075
-0.751
0.075
0.075
0.083
0.085
-0.754
-0.754
0.084
0.084
0.074
-0.752
0.075
0.075
0.085
0.075
-0.754
-0.752
-0.752
-0.751
-0.739
0.084
0.075
-0.750
-0.739
0.075
0.084
0.085
0.082
-0.752
-0.739
-2.389
-0.751
-1.401
0.075
-0.754
-0.754
0.084
0.084
-0.739
-0.754
-0.739
0.084
0.084
0.075
0.084
-0.752
0.080
0.075
-1.993
0.084
0.084
0.084
0.075
-0.754
0.075
0.075
0.083
0.080
0.084
-0.751
0.083
-0.751
0.085
-1.168
0.084
0.084
0.075
0.084
0.075
-0.754
-0.754
0.084
-0.752
-0.752
0.084
-0.751
-0.754
0.075
0.074
-0.752
-0.739
-0.754
0.084
0.084
0.075
0.075
-0.754
-1.406
-0.704
-0.704
-0.704
0.084
0.084
-1.396
0.084
-0.754
0.085
0.084
0.085
0.084
-0.750
0.075
0.067
0.075
-0.754
-0.739
0.084
0.084
0.084
0.084
0.085
0.083
0.084
0.084
0.083
0.075
0.084
-2.072
0.077
0.084
0.076
0.085
0.084
0.085
0.084
0.084
0.084
0.083
0.085
0.084
0.084
0.084
0.085
0.084
0.085
0.084
0.085
0.085
0.084
0.084
0.085
0.084
0.081
0.084
0.085
0.084
0.084
0.083
0.084
0.084
0.084
0.084
0.085
0.084
0.084
0.084
0.076
0.084
0.085
0.084
-0.015
-0.015
-0.015
0.084
0.084
0.084
0.084
0.084
0.085
0.084
0.084
0.084
0.084
0.085
0.084
0.084
0.084
0.084
0.085
0.085
0.084
0.085
0.085
-0.752
0.083
0.083
0.084
0.085
0.084
0.085
0.084
0.084
0.084
0.084
0.084
0.085
0.084
0.084
0.083
0.084
0.085
0.076
0.084
0.085
0.082
0.084
0.085
0.084
0.084
0.084
0.085
0.084
0.084
0.084
0.084
0.084
0.084
0.084
0.084
0.085
0.081
0.084
0.085
0.084
0.084
0.085
0.084
0.084
0.083
0.075
0.085
0.084
0.084
0.085
0.084
0.084
0.085
0.085
0.084
0.084
0.084
0.084
0.084
0.083
0.085
0.084
0.084
0.085
0.085
0.084
0.084
0.084
0.081
0.084
0.084
0.084
0.084
0.084
0.084
0.084
0.085
0.084
0.076
0.083
0.084
0.084
0.085
0.071
0.081
0.084
0.084
0.084
0.084
0.083
0.084
0.084
0.084
0.084
0.084
0.084
0.084
0.084
0.084
0.084
0.084
0.084
0.084
0.085
0.082
0.085
0.084
0.084
0.085
0.085
0.084
0.083
0.084
0.085
0.084
0.083
0.085
0.084
0.084
0.085
0.081
0.084
0.084
0.084
0.084
0.076
0.084
0.084
0.084
0.084
0.084
0.084
0.078
0.084
0.085
0.084
0.084
0.084
0.083
0.084
0.066
0.075
0.084
0.084
0.084
0.084
0.084
0.084
0.084
0.084
0.084
0.084
0.084
0.081
0.076
0.084
0.082
0.084
0.084
0.084
0.084
0.084
0.083
0.076
0.084
0.084
0.083
0.083
0.083
0.083
0.084
0.084
0.077
0.084
0.084
0.083
0.084
0.084
0.084
0.084
0.084
0.084
0.084
