fixedStep chrom=ENSGT00390000006225 start=1 step=1
-4.172
-4.158
-4.178
-3.173
-4.363
-3.565
-4.964
-4.427
-4.761
-5.183
-3.565
-5.408
-3.179
-4.321
-4.375
0.000
0.000
0.000
0.000
0.000
0.000
0.000
0.000
0.000
0.000
0.000
0.000
0.000
0.000
0.000
0.000
0.000
0.000
0.000
0.000
0.000
0.000
0.000
0.000
0.000
0.000
0.000
0.000
0.000
0.000
0.000
0.000
0.000
0.000
0.000
0.000
0.000
0.000
0.000
-2.241
-1.406
-1.702
0.077
0.077
0.077
0.077
0.075
0.077
0.077
0.077
0.077
0.077
0.074
0.062
0.073
0.077
0.073
0.077
0.077
0.077
0.077
0.077
0.077
0.077
0.077
0.073
0.064
0.074
0.076
0.077
0.077
0.077
0.073
0.076
0.077
0.077
0.073
0.060
0.077
0.077
0.060
0.077
0.077
0.077
0.077
0.073
0.077
0.077
0.077
0.073
0.077
0.077
0.077
0.077
0.077
0.077
0.077
0.077
0.073
0.077
0.077
0.077
0.077
0.077
0.077
0.077
0.077
0.077
0.077
0.077
0.077
0.077
0.077
0.077
0.077
0.077
0.075
0.077
0.077
0.077
0.077
0.074
-2.465
0.062
0.077
0.077
0.077
0.077
0.077
0.075
0.077
0.074
0.077
0.077
0.077
0.077
0.077
0.077
0.077
0.077
0.061
0.077
0.077
0.077
0.077
0.077
-1.578
0.077
0.077
0.077
0.077
0.077
0.077
0.077
0.077
0.074
0.077
0.077
0.074
0.077
0.077
0.072
0.077
0.077
0.077
0.077
0.070
0.077
0.077
0.077
0.077
0.077
0.077
0.061
0.077
0.077
0.077
0.077
0.077
0.056
0.077
0.074
0.077
0.077
0.077
0.077
0.077
0.076
0.077
0.070
0.077
0.063
0.077
0.077
0.077
0.077
0.077
0.077
0.077
0.077
0.064
0.077
0.077
0.077
0.077
0.077
0.077
0.077
0.064
0.077
0.077
0.077
0.077
0.077
0.075
0.076
0.069
0.077
0.077
0.073
0.061
0.073
0.077
0.077
0.072
0.077
0.070
0.077
0.077
0.075
0.072
-1.772
-3.483
-2.157
-1.769
-2.221
-3.436
0.064
-2.429
0.070
0.077
0.077
0.077
0.074
0.077
0.077
0.077
0.077
0.077
0.077
0.077
0.077
0.077
0.077
0.077
0.077
0.077
-1.564
0.077
0.077
0.077
0.077
0.077
0.077
0.077
0.077
0.072
0.077
0.077
0.077
0.077
0.077
0.077
0.073
0.077
0.073
0.075
0.077
0.077
0.077
0.077
0.072
0.077
0.077
0.077
0.077
0.077
0.077
0.074
0.077
0.077
0.077
0.077
0.077
0.077
0.077
0.077
0.077
0.074
0.064
0.077
0.077
0.070
0.077
0.062
0.077
0.073
0.077
0.077
0.077
0.077
0.070
0.077
0.077
0.077
0.077
0.077
0.077
0.077
0.077
0.077
0.077
0.077
0.077
0.077
0.077
0.077
0.077
0.077
0.072
0.077
0.077
0.077
0.077
0.077
0.060
0.077
0.077
0.077
0.077
0.077
0.077
0.076
0.077
0.077
0.077
0.077
0.077
0.076
0.077
0.077
0.077
0.077
0.073
0.077
0.077
0.073
0.077
0.077
0.077
0.077
0.077
0.077
0.077
0.077
0.077
0.075
0.077
0.077
0.077
0.073
0.074
0.077
0.077
0.062
0.077
0.077
0.074
0.074
0.064
0.064
0.077
0.077
0.077
0.077
0.077
0.074
0.061
0.076
0.077
0.076
0.060
0.077
0.077
0.077
0.077
0.077
0.077
0.077
0.073
0.074
0.077
0.070
0.077
0.077
0.077
0.077
0.074
0.077
0.077
0.074
0.074
0.077
0.077
0.077
0.077
0.077
0.077
0.060
0.077
0.077
0.077
0.077
0.077
0.077
0.058
0.077
0.077
0.077
0.077
0.077
0.077
0.073
0.077
0.077
0.077
0.077
0.058
0.077
0.077
0.074
0.077
-1.564
0.077
0.077
0.077
0.075
0.077
0.077
-2.803
0.077
0.077
0.061
0.077
0.077
0.077
0.074
0.077
0.077
0.077
0.077
0.077
0.077
0.077
0.077
0.077
0.077
0.077
0.077
0.077
0.063
0.077
0.077
0.077
0.077
0.077
0.070
0.077
0.077
0.077
0.077
0.077
0.074
0.070
0.077
0.077
0.077
0.077
0.074
0.077
0.077
0.077
0.077
0.077
0.077
0.077
0.077
0.077
0.077
0.077
0.077
0.077
0.077
0.077
0.076
0.077
0.076
0.077
0.077
0.077
0.077
0.077
0.074
0.077
0.077
0.077
0.077
0.077
0.073
0.077
0.077
0.074
0.077
0.077
0.077
0.060
0.077
0.077
0.077
0.077
0.077
0.077
0.077
0.077
0.077
0.077
0.074
0.077
0.077
0.077
0.076
0.077
0.077
0.077
0.077
0.077
0.077
0.077
0.061
0.077
0.077
0.077
0.077
0.077
0.077
0.077
0.077
0.077
0.077
0.077
0.074
0.077
0.077
0.077
0.077
0.077
0.077
0.077
0.077
0.077
0.074
0.077
0.077
0.077
0.077
0.077
0.077
0.077
0.077
0.077
0.077
0.077
0.077
0.077
0.077
0.077
0.077
-1.559
0.077
0.077
0.077
0.077
0.077
0.073
0.062
0.077
0.073
0.000
0.000
0.000
0.000
0.000
0.000
0.000
0.000
0.000
0.000
0.000
0.000
0.000
0.000
0.000
0.000
0.000
0.000
0.000
0.000
0.000
0.000
0.000
0.000
0.000
0.000
0.000
0.000
0.000
0.000
0.000
0.000
0.000
0.000
0.000
0.000
0.000
0.000
0.000
0.000
0.000
0.000
0.000
0.000
0.000
0.000
0.000
0.000
0.000
0.000
0.000
0.000
0.000
0.000
0.000
0.000
0.000
