fixedStep chrom=ENSGT00390000000059 start=1 step=1
0.061
0.061
0.061
0.061
0.061
0.061
0.061
0.061
0.061
0.061
0.061
0.061
0.061
0.061
0.061
0.061
0.061
0.061
0.061
0.061
0.061
0.061
0.061
0.061
0.061
0.061
0.061
0.061
0.061
0.061
0.061
0.061
0.061
0.061
0.061
0.061
0.061
0.061
0.061
0.057
0.061
0.061
0.061
0.061
0.061
0.061
0.061
0.061
0.061
0.061
0.061
0.061
0.059
0.061
0.061
0.061
0.058
0.061
0.061
0.061
0.061
0.061
0.057
0.061
0.061
0.061
0.061
0.061
0.061
0.061
0.061
0.061
0.061
0.061
0.061
0.061
0.061
0.061
0.061
0.061
0.061
0.061
0.061
0.061
0.061
0.061
0.057
0.061
0.053
0.061
0.061
0.061
0.061
0.057
0.052
0.061
0.061
0.061
0.061
0.061
0.061
0.058
0.057
0.061
0.061
0.061
0.058
0.061
0.061
0.061
0.061
0.061
0.061
0.061
0.061
0.061
0.061
0.061
0.061
0.061
0.061
0.061
0.061
0.061
0.058
0.061
0.061
0.061
0.061
0.061
0.061
0.061
0.061
0.061
0.061
0.061
0.061
0.061
0.061
0.061
0.061
0.061
0.061
0.061
0.061
0.061
0.061
0.061
0.058
0.057
0.061
0.061
0.059
0.061
0.061
0.061
0.061
0.061
0.059
0.061
0.061
0.061
0.061
0.061
0.061
0.061
0.061
0.058
0.057
0.061
0.061
0.061
0.061
0.059
0.061
0.061
0.061
0.061
0.061
0.057
0.061
0.061
0.061
0.061
0.061
0.052
0.061
0.061
0.058
0.061
0.061
0.061
0.061
0.061
0.061
0.061
0.061
0.061
0.060
0.057
0.057
0.057
0.057
0.057
0.061
0.061
0.057
-0.273
-0.273
-0.273
0.061
0.061
0.059
0.061
0.061
0.052
0.061
0.061
0.061
0.061
0.061
0.059
0.061
0.061
0.061
0.061
0.061
0.061
0.061
0.061
0.061
0.061
0.061
0.059
0.057
0.061
0.061
0.061
0.061
0.061
0.061
0.061
0.059
0.057
0.061
0.061
0.061
0.061
0.058
0.061
0.061
0.057
0.061
0.061
0.061
0.061
0.061
0.055
0.061
0.061
0.061
0.061
0.061
0.057
0.061
0.061
0.061
0.061
0.061
0.061
0.061
0.061
0.061
0.061
0.061
0.061
0.061
0.061
0.061
0.061
0.061
0.058
0.043
0.061
0.057
0.061
0.061
0.055
0.061
0.061
0.061
0.061
0.061
0.057
0.061
0.061
0.061
0.061
0.061
0.061
0.061
0.061
0.061
0.061
0.059
0.060
0.061
0.061
0.061
0.061
0.061
0.061
0.061
0.061
0.061
0.057
0.061
0.057
0.061
0.061
0.058
0.061
0.061
0.043
0.059
0.061
0.049
0.058
0.061
0.059
0.061
0.058
0.057
0.061
0.061
0.059
0.043
0.061
0.049
0.061
0.061
0.059
-1.870
0.061
0.061
0.052
0.061
0.061
0.061
0.061
0.061
0.061
0.061
0.061
0.061
0.061
0.061
0.061
0.061
0.061
0.061
0.061
0.061
0.061
0.061
0.061
0.061
0.061
0.061
0.061
0.061
0.061
0.061
0.061
0.061
0.052
0.061
0.043
0.061
0.061
0.058
0.061
0.061
0.057
0.061
0.061
0.061
0.061
0.057
0.057
0.061
0.061
0.061
0.061
0.061
0.061
0.061
0.061
0.061
0.061
0.061
0.052
0.061
0.061
0.058
0.061
0.061
0.061
0.061
0.061
0.061
0.061
0.061
0.061
0.061
0.061
0.061
0.059
0.061
0.061
0.061
0.061
0.058
0.061
0.061
-1.693
0.061
0.061
0.057
0.058
0.061
0.059
-1.900
0.061
0.061
0.061
0.061
0.058
0.061
0.061
0.061
0.061
0.061
0.061
0.061
0.061
0.058
0.061
0.061
0.061
0.061
0.061
0.057
0.061
0.061
0.061
0.061
0.043
0.061
0.061
0.061
0.061
0.061
0.061
0.061
0.061
0.061
0.057
0.061
0.061
0.061
0.061
0.061
0.061
0.061
0.061
0.061
0.061
0.061
0.061
0.061
0.061
0.061
0.061
0.061
0.061
0.061
0.058
0.061
0.061
0.061
0.058
0.061
0.061
0.061
0.061
0.061
0.057
0.061
0.061
0.061
0.059
0.061
0.061
0.061
0.061
0.056
0.061
0.061
0.061
0.061
0.061
0.057
0.061
0.061
0.061
0.061
0.061
0.052
0.061
0.061
0.057
0.061
0.061
0.058
0.061
0.061
0.061
0.061
0.061
0.061
0.061
0.061
0.060
0.061
0.061
0.061
0.061
0.061
0.061
0.061
0.061
0.061
0.061
0.061
0.061
0.061
0.061
0.061
0.061
0.061
0.061
0.061
0.061
0.061
0.061
0.061
0.061
0.061
0.061
0.060
0.061
0.061
0.043
0.061
0.061
0.057
0.061
0.061
0.061
0.061
0.061
0.061
0.061
0.061
0.058
0.061
0.061
0.061
0.057
0.061
0.061
0.058
0.060
0.061
0.061
0.061
0.061
0.061
0.052
0.043
0.059
0.061
0.061
0.049
0.061
0.061
0.061
0.061
0.059
0.061
0.061
0.061
0.061
0.061
0.061
0.061
0.061
0.061
