fixedStep chrom=ENSGT00390000012037 start=1 step=1
-0.632
-0.629
-0.633
0.066
0.066
0.064
0.066
0.066
0.066
0.066
0.066
0.066
0.066
0.066
0.066
0.066
0.066
0.054
0.066
0.066
0.062
0.066
0.066
0.066
0.066
0.066
0.065
0.066
0.066
0.066
0.066
0.066
0.066
0.066
0.066
-3.570
0.066
0.066
0.066
0.066
0.066
0.066
0.066
0.066
0.066
0.066
0.066
0.066
0.066
0.066
0.066
0.066
0.066
0.066
0.066
0.066
0.066
0.066
0.066
0.064
0.066
0.066
0.057
0.066
0.066
0.066
0.066
0.066
0.066
0.065
0.066
0.062
0.066
0.066
0.066
0.066
0.066
0.064
0.066
0.066
0.064
0.066
0.066
0.066
0.066
0.066
0.066
0.066
0.066
0.062
0.066
0.066
0.062
0.066
0.066
0.066
0.066
0.066
-2.306
0.066
0.066
0.066
0.066
0.066
0.064
0.062
0.066
0.066
0.066
0.066
0.066
0.066
0.066
0.064
0.066
0.066
0.066
0.066
0.066
0.060
0.066
0.066
0.062
0.066
0.066
0.062
0.066
0.066
0.066
0.066
0.064
0.054
0.066
0.066
0.066
0.066
0.066
0.066
0.066
0.066
0.057
0.066
0.066
-2.415
0.066
0.066
0.066
0.066
0.066
0.066
0.066
0.066
0.066
0.066
0.066
0.063
0.066
0.066
0.066
0.066
0.066
0.066
0.066
0.066
0.064
0.066
0.066
0.052
0.066
0.066
0.066
0.066
0.066
0.066
0.066
0.066
0.066
0.066
0.066
0.066
0.066
0.066
0.065
0.066
0.066
0.066
0.066
0.066
0.066
0.066
0.066
0.066
0.064
0.066
0.057
0.066
0.066
0.066
0.066
0.066
0.066
0.066
0.066
0.066
0.066
0.066
0.066
0.066
0.066
0.059
0.066
0.066
0.062
0.066
0.066
0.062
0.066
0.066
0.058
0.066
0.066
0.066
0.066
0.066
0.066
0.066
0.066
0.066
0.066
0.066
0.060
0.066
0.066
0.066
0.066
0.066
0.066
0.066
0.066
0.065
0.066
0.066
0.066
0.066
0.066
0.066
0.066
0.066
0.066
0.066
0.066
0.066
0.066
0.066
0.064
0.066
0.066
0.064
0.066
0.066
0.064
0.066
0.066
0.059
0.066
0.066
0.066
0.066
0.066
0.066
0.066
0.066
0.065
0.066
0.066
0.066
0.066
0.066
0.066
0.065
0.066
0.066
0.066
0.066
0.066
0.066
0.066
0.046
0.066
0.066
0.066
0.066
0.066
0.066
0.066
0.066
0.066
0.066
0.066
0.052
0.066
0.066
0.060
0.066
0.066
0.066
0.066
0.066
0.065
0.066
0.066
0.066
0.066
0.066
0.066
0.066
0.066
0.065
0.066
0.066
0.066
0.066
0.066
0.064
0.062
0.066
0.066
0.066
0.065
0.062
0.066
0.066
0.066
0.066
0.066
0.066
0.066
0.066
0.066
0.066
0.066
0.066
0.066
0.066
0.064
0.066
0.066
0.066
0.066
0.066
0.066
0.066
0.066
0.060
-1.470
-1.470
-1.807
0.066
0.062
0.066
0.066
0.063
0.066
0.066
-3.905
0.064
0.066
0.066
0.066
0.057
0.064
0.051
0.066
0.066
0.066
