fixedStep chrom=ENSGT00390000004965 start=1 step=1
0.078
0.078
0.078
0.078
0.078
0.078
0.072
0.078
0.078
0.078
0.078
0.078
0.078
-0.788
0.078
0.078
0.078
0.076
0.078
0.078
0.076
0.078
0.078
0.078
0.078
0.078
0.078
0.078
0.078
0.078
0.078
0.078
0.078
0.078
0.078
0.076
0.078
0.078
0.070
0.078
0.078
0.076
0.078
0.078
0.078
0.076
0.078
0.078
0.078
0.078
0.078
0.078
0.078
0.073
0.076
0.078
0.069
0.078
0.078
0.078
0.078
0.078
0.078
0.078
0.078
0.076
0.078
0.078
0.078
0.078
0.078
0.078
0.078
0.078
0.078
0.078
0.078
-0.786
0.078
0.078
0.078
0.078
0.078
0.078
0.078
0.078
0.077
0.078
0.078
0.078
0.078
0.078
0.078
0.078
0.078
0.077
0.078
0.078
0.078
0.078
0.078
0.078
0.078
0.078
0.076
0.078
0.078
0.078
0.078
0.078
0.078
0.078
0.078
0.078
0.078
0.078
0.078
0.078
0.078
0.078
0.078
0.078
0.070
0.078
0.078
0.076
0.078
0.078
0.072
0.078
0.078
0.078
-0.787
0.078
0.078
0.078
0.078
0.066
0.076
0.078
0.078
0.078
0.078
0.078
0.078
0.078
0.078
0.072
0.078
0.078
0.078
0.078
0.072
0.078
0.078
0.078
0.078
-0.788
0.059
0.078
0.078
0.077
0.078
0.078
0.076
0.078
0.078
0.078
0.078
0.078
0.072
0.078
0.078
0.078
0.078
0.078
-1.961
0.078
0.078
0.078
0.078
0.078
0.066
0.078
0.078
0.072
0.078
0.078
0.078
0.072
0.078
0.069
0.078
0.078
0.078
0.078
0.078
0.078
0.076
0.078
0.071
0.078
0.078
0.078
0.078
0.078
0.078
0.078
0.078
0.078
0.078
0.078
0.077
0.078
0.078
0.078
0.078
0.078
0.072
0.078
-0.787
0.077
0.078
0.078
0.078
0.078
0.078
0.078
0.078
0.078
0.078
0.078
0.078
0.077
0.078
0.078
0.077
0.078
0.078
0.078
0.078
0.078
0.076
0.078
0.078
0.078
0.078
0.078
0.078
0.078
0.078
0.076
0.078
0.078
0.078
0.078
0.078
0.078
0.078
0.078
0.072
0.072
0.078
0.078
0.078
-0.786
0.075
0.076
0.078
0.078
0.078
0.078
0.078
0.072
0.072
0.077
0.078
0.078
0.078
0.078
0.078
0.078
0.072
0.078
0.078
0.078
0.072
0.076
0.072
0.078
0.074
0.078
0.078
0.078
0.078
0.078
0.078
0.078
0.072
0.077
0.078
0.078
0.066
0.078
0.078
0.076
0.078
0.078
0.076
0.078
0.078
0.078
0.078
0.078
-0.784
0.072
0.078
0.073
0.078
0.078
0.076
0.078
0.078
0.078
0.078
0.078
0.077
-1.422
-1.422
-2.144
-0.787
0.078
0.078
0.078
0.078
0.078
0.078
0.078
0.078
0.078
0.078
0.078
0.078
0.072
0.078
0.078
0.078
-0.787
0.078
0.077
0.076
-1.414
-1.414
-1.719
0.078
0.078
0.078
0.078
0.078
0.078
0.078
0.078
0.078
0.078
0.078
0.078
0.078
0.078
0.066
0.078
0.078
0.078
0.078
0.078
0.078
-0.786
0.078
0.078
0.078
0.078
0.078
0.078
0.078
0.076
-0.786
0.078
0.078
0.071
0.071
0.071
0.071
0.071
0.071
0.071
0.071
0.070
0.071
0.071
0.071
-0.895
0.064
0.070
0.071
0.064
0.071
0.071
0.071
0.071
0.071
0.071
0.071
0.071
0.071
0.071
0.071
0.071
0.071
0.071
0.064
0.071
0.071
0.071
0.071
0.071
0.071
0.071
0.071
0.071
0.071
0.071
0.071
0.071
0.071
0.071
0.071
-0.922
-0.922
-0.921
-0.922
-0.921
-0.922
-0.921
-0.922
-0.922
-0.922
-0.922
-0.922
0.064
0.071
0.071
0.071
0.071
0.071
0.071
0.071
0.070
0.071
0.071
0.069
0.071
0.071
0.071
0.071
0.071
0.071
0.071
0.071
0.070
0.071
0.071
0.069
0.071
0.071
0.071
0.071
0.071
0.071
0.071
0.071
0.070
0.071
0.071
0.064
-0.883
0.071
0.071
0.071
0.064
0.071
0.071
0.071
0.071
0.071
0.071
0.069
0.071
0.071
0.068
-0.898
-0.883
-0.898
-0.922
-0.922
-0.922
0.071
0.071
0.071
0.064
0.064
-0.883
-0.899
-0.898
0.071
0.064
-0.898
-0.883
0.071
0.064
0.064
0.064
-0.895
-0.895
0.064
0.071
-0.883
0.071
0.064
0.069
0.071
-0.896
-0.883
0.071
0.064
0.071
0.071
0.071
0.071
-0.922
-0.921
-0.921
0.071
0.071
0.069
0.071
0.071
0.071
0.071
0.071
0.071
0.071
0.071
0.071
0.071
0.071
0.071
0.071
0.071
0.071
0.071
-0.895
0.070
0.071
0.071
0.057
0.071
0.071
0.071
0.071
0.071
0.071
0.071
0.071
0.071
0.071
0.071
0.071
0.071
0.071
0.071
0.071
0.071
0.071
0.071
0.071
0.071
0.071
0.071
0.071
0.071
0.071
0.064
0.071
0.071
0.071
0.071
0.071
0.071
0.071
0.071
0.071
0.071
0.071
0.070
0.071
0.071
0.071
0.071
0.071
0.071
0.071
0.071
0.070
0.068
-0.883
0.071
0.071
0.071
0.071
0.071
0.071
0.071
0.071
0.071
0.071
0.071
0.071
0.071
0.071
0.071
0.070
0.071
0.071
0.070
0.071
0.071
0.071
0.071
0.071
0.071
0.071
0.071
0.071
0.064
0.071
0.070
0.071
0.071
0.071
0.071
0.071
0.071
0.071
0.071
0.071
0.071
0.071
0.064
0.071
0.071
0.071
0.071
0.071
0.063
0.071
0.071
0.071
0.071
0.071
0.065
0.071
0.064
0.054
0.071
0.071
0.070
0.071
0.071
0.071
0.071
0.071
0.071
0.071
0.064
0.071
0.071
0.071
0.064
0.071
0.071
0.069
0.071
0.071
0.071
0.071
0.071
0.064
0.064
0.071
0.071
0.071
-0.898
0.065
0.071
0.071
0.071
0.071
0.071
0.071
0.071
0.071
0.071
0.071
0.071
-0.899
0.071
0.071
0.069
0.071
0.071
0.071
0.071
0.071
0.069
0.071
0.071
0.070
0.071
0.071
0.071
0.071
0.071
0.071
0.071
0.071
0.071
0.071
0.071
0.070
0.071
0.071
0.069
0.071
0.071
0.069
0.071
0.071
0.071
0.071
0.071
0.071
0.071
0.071
0.071
0.071
0.071
0.071
0.071
0.071
0.061
0.071
0.071
0.070
0.071
0.071
0.070
0.071
0.071
0.068
0.071
0.071
0.064
-0.147
-0.147
-0.147
-0.922
-0.922
-0.922
0.071
0.071
0.078
0.078
0.078
0.078
0.072
0.078
0.078
