fixedStep chrom=ENSGT00390000005362 start=1 step=1
0.067
0.067
0.067
0.064
0.067
0.067
0.066
0.067
0.063
0.067
0.067
0.067
0.067
0.067
0.067
0.055
0.067
0.061
0.061
0.067
0.067
0.067
0.067
0.067
0.067
0.067
0.067
0.065
0.067
0.066
0.067
0.067
0.067
0.067
0.067
0.067
0.067
0.067
0.067
0.066
0.067
0.067
0.067
0.067
0.067
0.067
0.067
0.063
0.061
0.067
0.065
0.067
0.067
0.067
0.067
0.067
0.067
0.067
0.067
0.067
0.067
0.067
0.066
0.067
0.067
0.067
0.067
0.067
0.067
0.067
0.067
0.067
0.067
0.067
0.067
-2.320
0.067
0.061
0.067
0.067
0.067
0.067
0.067
0.067
0.067
0.067
0.067
0.067
0.067
0.067
0.067
0.067
0.067
0.067
0.067
0.067
0.067
0.067
0.067
0.067
0.067
0.067
0.067
0.067
0.067
0.067
0.067
0.061
0.061
0.067
0.067
0.067
0.067
0.067
0.067
0.064
0.067
0.067
0.067
0.067
0.067
0.067
0.067
0.067
0.067
0.067
0.067
0.067
0.067
0.064
0.067
0.067
0.067
0.060
0.061
0.067
0.055
0.067
0.067
0.067
0.067
0.067
0.067
0.066
0.059
0.067
0.067
0.067
0.066
0.067
0.067
0.067
0.061
0.067
0.066
0.067
0.067
-0.985
0.061
0.067
0.055
0.067
0.067
-0.981
0.061
0.067
0.067
0.067
0.067
0.064
0.067
0.067
0.067
-0.968
0.067
0.067
-1.807
0.067
0.067
0.067
0.061
0.067
0.067
0.067
0.067
0.067
-0.983
0.061
0.067
0.067
0.061
0.061
0.067
0.067
0.061
0.067
0.067
0.067
0.066
0.067
0.067
0.064
0.059
0.067
0.067
0.067
0.066
0.067
0.061
0.067
0.067
-0.984
-0.981
0.067
0.067
0.067
0.067
0.067
0.067
0.067
0.067
-0.968
0.067
0.067
0.067
0.067
0.067
0.067
0.059
0.067
0.067
0.066
0.067
0.067
0.067
0.067
0.067
0.067
-0.981
0.067
0.067
0.067
0.067
0.067
0.067
-0.983
0.066
-0.983
0.062
0.067
0.067
0.067
-0.981
0.067
0.067
0.067
0.067
0.067
0.067
0.067
0.067
0.067
-0.981
0.067
0.067
0.055
0.067
-0.968
0.067
0.067
0.067
0.065
0.067
0.067
0.064
0.067
0.067
0.067
0.067
0.064
0.067
0.055
0.067
0.067
0.067
0.067
0.067
0.067
0.067
0.061
0.067
0.067
0.067
0.067
0.067
0.067
0.064
-0.981
0.067
0.061
0.061
0.067
0.067
0.067
0.067
0.067
0.067
0.067
0.060
0.064
0.067
-0.981
0.067
0.066
0.067
0.067
0.067
0.067
0.067
0.067
0.067
0.067
0.061
0.064
0.067
0.061
0.067
0.061
-1.790
0.067
0.067
0.067
0.061
0.067
0.057
0.067
0.064
0.067
0.067
0.067
0.067
0.067
0.067
0.061
0.067
0.067
0.065
-0.984
0.061
0.067
0.067
0.067
0.064
0.067
0.067
0.067
-0.983
-0.984
0.067
0.064
0.067
0.067
0.067
0.067
0.067
0.067
0.067
0.067
0.067
0.067
0.067
0.055
0.067
0.067
0.067
0.067
0.067
0.067
0.067
0.067
0.061
0.067
0.067
0.061
0.061
0.067
0.067
0.067
0.067
0.061
0.061
0.067
0.067
0.067
0.067
0.067
0.067
0.067
0.066
0.067
0.064
0.064
0.064
0.067
0.067
0.061
0.067
0.061
0.067
0.067
0.067
0.067
0.067
0.067
0.067
0.067
0.067
0.067
0.067
0.067
0.067
0.067
0.067
0.067
0.067
0.062
0.067
0.067
0.067
-0.234
-0.234
-0.234
-0.234
-0.234
-0.234
-1.837
-1.832
-1.837
-1.834
-1.834
-2.380
0.067
0.067
0.067
0.067
0.067
0.067
0.067
0.067
0.067
0.067
0.064
0.064
0.067
0.067
0.067
0.067
0.067
0.067
0.062
0.061
0.067
0.067
0.061
0.061
0.067
0.061
0.067
0.067
0.067
-0.981
0.067
0.067
0.067
0.064
0.061
0.067
0.067
0.067
0.067
0.067
0.067
0.067
0.067
0.064
0.067
-0.981
0.066
0.064
0.067
0.067
0.067
0.067
0.067
0.067
0.061
0.061
0.067
0.067
0.067
0.067
0.061
0.061
-0.969
0.061
0.067
0.067
-0.968
-0.983
0.067
0.067
0.061
0.067
0.067
0.067
0.067
0.067
-0.985
0.067
0.067
0.067
0.067
0.067
0.061
-0.969
0.055
0.067
0.066
0.067
0.067
0.067
-0.968
0.067
0.067
-0.968
0.064
-1.122
0.067
0.067
0.064
0.067
0.067
0.067
-0.983
0.067
0.067
-0.984
0.067
0.067
0.067
0.067
0.066
0.060
0.067
0.067
0.067
0.066
-2.074
-1.878
0.061
0.067
0.067
0.066
0.061
0.067
0.067
0.067
0.067
0.067
0.055
0.067
0.061
0.059
0.067
0.064
-0.969
0.067
0.067
0.067
0.067
0.067
0.055
0.067
0.067
0.066
0.061
0.067
0.067
0.067
0.067
0.061
0.067
0.067
0.067
0.067
0.067
0.067
0.067
0.067
0.067
0.067
0.067
0.061
0.067
0.067
0.067
0.067
0.067
0.067
0.067
0.067
-0.983
0.067
0.067
0.055
0.067
0.067
0.061
0.067
0.067
0.067
0.067
0.067
0.064
0.067
-0.983
0.066
0.064
0.067
0.067
0.067
0.067
0.067
0.067
0.067
0.067
0.066
0.061
0.065
0.066
0.067
0.067
0.067
0.066
0.067
-1.519
-1.857
-1.518
-1.518
-1.519
-1.760
0.067
0.067
0.067
0.067
0.061
-0.981
0.067
0.064
0.064
0.067
0.067
0.067
0.061
0.067
0.067
0.059
0.067
0.067
0.067
-0.985
0.067
0.067
-0.984
0.067
0.067
0.067
0.067
0.067
0.067
0.067
0.067
0.067
0.067
0.067
0.067
0.067
0.067
0.067
0.067
0.061
0.067
0.067
0.067
0.067
0.067
0.067
0.067
0.067
0.067
0.067
0.067
0.067
0.061
0.067
0.067
0.064
0.067
0.067
0.067
0.067
0.067
0.067
0.067
0.067
0.061
0.067
0.067
-1.759
0.061
0.067
0.067
0.064
0.067
0.067
0.067
0.067
0.067
0.067
0.067
0.067
0.067
-1.330
-1.326
-1.326
0.067
0.067
0.067
0.067
-0.985
0.067
0.067
0.067
0.067
0.067
0.067
0.067
0.067
0.067
0.067
0.061
0.067
-1.879
0.066
0.067
0.067
-0.985
0.059
0.065
0.067
-2.167
-0.968
0.067
0.061
0.067
0.067
0.067
0.067
0.067
0.067
0.061
0.067
0.067
0.061
0.059
0.067
0.067
0.067
0.067
0.067
0.067
0.067
0.060
0.067
0.067
0.067
0.067
0.067
-2.302
0.064
0.067
0.067
0.067
0.067
0.067
0.067
0.067
0.061
0.067
0.067
0.067
0.067
0.067
0.067
0.067
0.067
0.067
0.067
0.067
0.067
0.067
0.067
0.067
0.067
0.067
0.067
0.067
0.067
0.067
0.067
0.067
0.061
0.067
0.067
0.067
0.067
0.067
0.067
0.067
0.067
0.067
0.067
0.067
0.067
0.067
0.067
0.067
0.066
0.067
0.067
0.067
0.067
0.067
0.067
0.067
0.067
0.067
0.067
0.067
0.067
0.067
-1.803
0.067
0.067
0.061
0.067
0.067
-0.985
0.067
0.067
0.061
0.067
0.067
-0.984
0.067
0.067
0.067
-1.143
-1.261
-0.979
0.067
0.067
0.067
-0.984
0.064
0.067
0.067
0.067
-1.788
0.061
0.067
0.067
0.067
0.067
0.067
0.061
0.067
0.067
0.067
0.067
0.067
0.067
0.067
0.067
0.067
0.067
0.066
0.067
0.067
0.067
0.067
0.067
0.067
0.067
0.067
0.067
0.067
0.067
0.067
0.067
0.067
0.067
0.067
0.067
0.067
0.067
0.067
0.067
0.067
0.067
0.067
0.067
0.064
0.067
0.067
0.067
0.067
0.067
0.067
0.067
0.067
0.067
0.067
0.067
0.064
0.067
0.067
0.067
0.064
0.067
0.067
-0.983
-0.969
0.067
0.067
0.067
0.067
0.067
0.067
0.067
0.067
0.067
0.067
0.067
0.067
0.067
0.067
0.067
0.067
0.067
0.067
0.067
0.067
0.067
0.060
0.067
0.067
0.067
0.067
0.067
0.067
0.067
0.067
0.067
0.067
0.067
0.067
0.067
0.067
0.067
0.067
0.067
0.067
0.067
0.067
0.067
0.067
0.065
0.067
0.067
0.067
0.067
0.067
0.061
0.067
0.067
0.067
0.067
0.067
0.067
0.067
0.067
0.067
0.067
0.067
0.067
0.067
0.067
0.067
0.067
0.067
0.067
0.067
0.061
0.067
0.067
0.067
0.067
-0.981
0.067
0.067
0.067
0.067
0.067
0.067
0.067
0.067
0.067
0.061
0.067
0.067
0.067
0.067
0.067
-0.985
0.067
0.067
0.067
-1.893
-0.968
0.067
0.061
-0.983
0.067
0.064
0.061
0.067
0.067
0.067
0.067
0.066
0.067
0.067
0.061
0.061
0.067
0.064
0.059
0.067
0.067
0.061
0.067
