fixedStep chrom=ENSGT00390000017181 start=1 step=1
0.000
0.079
0.087
0.085
0.066
-1.911
0.079
-2.854
0.075
-2.924
0.087
0.079
0.087
0.087
-2.093
-2.865
0.073
0.074
0.083
0.087
0.085
-1.041
-1.041
-1.042
0.069
0.069
0.081
0.078
0.087
-1.895
0.066
0.087
0.069
0.069
0.069
-2.964
-1.886
0.079
-1.834
0.066
0.079
-1.886
0.081
0.085
0.085
0.085
0.087
0.079
0.069
0.081
0.066
0.000
0.000
0.000
0.000
0.000
0.000
0.000
0.000
0.000
-2.004
-1.546
-1.902
0.079
0.083
0.081
0.087
0.070
0.063
0.000
0.000
0.000
0.000
0.000
0.000
0.000
0.000
0.000
0.000
0.000
0.000
0.000
0.000
0.000
0.000
0.000
0.000
0.057
0.078
0.073
0.078
0.078
0.078
0.078
0.078
0.078
0.078
0.078
0.076
0.078
0.078
0.078
0.078
0.074
0.078
0.078
0.078
0.078
0.057
0.078
0.078
0.074
0.073
0.078
0.078
0.073
0.074
0.074
0.078
0.076
0.073
0.078
0.078
0.060
0.074
0.078
0.078
0.074
0.069
0.078
0.074
-2.286
0.059
0.076
0.074
0.078
0.074
0.074
0.078
0.078
0.073
0.060
0.074
0.078
0.078
0.074
0.074
0.078
0.073
0.073
0.078
0.060
0.074
0.057
0.078
0.078
0.078
0.076
0.074
0.078
0.078
0.078
0.078
0.078
0.069
0.078
0.078
0.075
0.078
0.078
0.069
0.076
0.073
-1.552
0.064
0.078
0.078
0.078
0.078
0.078
0.078
0.073
0.078
0.078
0.078
0.074
0.078
0.078
0.078
0.078
0.078
0.073
0.073
0.078
0.078
0.078
0.078
0.078
0.078
0.078
0.078
0.078
0.078
0.078
0.078
0.078
0.078
0.078
0.078
0.078
0.078
0.078
0.078
0.078
0.078
0.078
0.078
0.078
0.074
0.073
0.078
0.078
0.078
0.078
0.076
0.078
0.060
0.077
0.078
0.078
0.078
0.078
0.078
0.076
0.076
0.074
0.077
0.078
0.078
0.076
0.078
0.078
0.078
0.078
0.078
0.078
0.064
0.077
0.078
0.078
0.078
-1.559
0.078
0.078
0.060
0.078
0.078
0.078
0.078
0.078
0.074
0.078
0.078
0.063
0.078
0.078
0.078
0.078
0.078
0.078
0.078
0.078
0.078
0.078
0.078
0.064
0.078
0.078
0.078
0.078
0.078
0.078
0.078
0.078
0.078
0.078
0.078
0.078
0.078
0.078
0.078
0.074
0.078
0.078
-1.212
-1.208
-1.212
0.064
0.078
0.078
0.078
0.078
0.078
0.074
0.078
0.074
0.078
0.078
0.078
0.078
0.074
0.078
0.076
0.078
0.073
0.078
0.078
0.078
0.078
0.060
0.074
0.078
0.078
0.078
0.078
0.078
0.078
0.078
0.078
0.074
0.078
0.078
0.078
0.078
0.078
0.073
0.078
0.078
0.078
0.073
0.078
0.078
0.078
0.078
0.064
0.076
0.078
0.078
0.077
0.078
0.078
0.078
0.078
0.078
0.078
0.078
0.069
0.078
0.078
0.078
0.078
0.066
0.087
0.069
0.087
0.083
0.081
0.087
0.087
0.087
0.087
0.087
0.083
0.087
0.087
0.087
0.075
0.083
0.087
0.087
0.083
0.087
0.087
0.069
0.072
0.087
0.087
0.087
0.087
0.087
0.070
0.087
0.083
0.087
0.087
0.084
0.087
0.087
0.087
0.087
0.087
0.087
0.087
0.087
0.083
0.087
0.087
0.087
0.087
0.087
0.087
0.084
0.087
0.087
0.087
0.086
0.087
0.087
0.087
0.082
0.070
0.087
0.087
0.087
0.087
0.084
0.078
0.087
0.087
0.087
0.087
0.084
0.087
0.087
0.087
0.087
0.087
0.087
0.087
0.087
0.083
0.087
0.087
-2.671
0.087
0.087
0.078
0.087
0.087
0.087
0.086
0.083
0.087
0.087
0.075
0.087
0.087
0.087
0.087
0.087
0.087
0.084
0.087
0.083
0.087
0.087
0.087
0.087
0.085
0.087
0.084
0.087
0.087
0.087
-0.161
-0.162
-0.162
-0.035
-0.035
-0.035
-0.424
-0.425
-0.424
0.087
0.086
0.083
0.087
0.081
0.085
0.085
0.085
0.085
0.085
0.085
0.085
0.085
0.085
0.081
0.066
0.066
0.085
0.085
0.085
0.066
0.085
0.085
0.085
0.085
0.085
0.085
0.085
0.085
0.084
0.085
0.085
0.083
0.087
0.087
0.084
0.083
0.083
0.087
0.083
0.080
0.079
0.087
0.087
0.075
0.087
0.087
0.083
0.081
0.087
0.082
0.083
0.087
0.086
0.084
0.085
0.063
-1.896
0.087
0.087
0.087
0.087
0.087
0.087
0.071
0.087
0.084
0.087
0.080
0.087
0.087
0.087
0.087
0.087
0.086
0.087
0.087
0.080
0.087
0.087
0.075
0.087
0.087
0.082
0.087
0.087
0.087
0.087
0.087
0.087
0.087
0.087
0.087
0.087
0.087
0.087
0.087
0.087
0.087
0.087
0.087
0.087
0.087
0.087
0.087
0.087
0.087
0.085
0.087
0.087
0.087
0.083
0.087
-1.418
0.087
0.087
0.085
0.087
0.087
0.087
0.087
0.087
0.087
0.087
0.087
0.086
0.087
0.087
0.083
0.087
0.070
0.087
0.087
0.087
0.083
0.087
0.087
0.071
0.086
0.072
0.087
0.087
0.087
0.087
0.087
0.087
0.087
-1.038
-1.042
-1.042
0.087
0.083
0.066
0.087
0.087
0.087
0.087
0.075
0.083
0.083
0.087
0.070
-0.741
-0.455
-0.512
-0.162
-0.216
-0.170
-0.161
-0.165
-0.332
-0.161
-0.161
-0.161
-0.596
-0.469
-0.455
-0.455
-0.451
-0.741
0.087
0.087
0.080
0.087
0.086
-1.425
0.087
0.087
0.069
0.065
0.078
0.070
0.087
0.084
0.082
0.087
0.087
0.070
-2.864
0.087
0.062
0.083
0.087
0.087
0.085
0.080
0.085
0.078
0.087
0.075
0.087
0.087
0.087
0.087
0.087
0.087
0.087
0.087
0.083
0.081
0.087
0.087
0.087
0.087
0.087
0.087
0.087
0.087
0.087
0.087
0.083
0.087
0.087
-4.028
-1.206
-1.038
-1.042
0.087
0.087
0.087
0.087
0.087
0.087
0.087
0.087
0.083
0.070
0.087
0.070
0.087
0.087
0.085
0.087
0.087
0.083
0.087
0.087
0.087
0.087
0.087
0.087
0.087
0.087
0.087
0.087
0.087
0.087
0.087
0.087
0.083
0.087
0.087
0.078
0.087
0.087
-1.998
-1.042
-1.041
-1.042
0.087
0.087
0.087
0.087
0.087
0.087
0.087
0.087
0.087
0.087
0.087
0.085
0.087
0.087
0.086
0.087
0.087
0.087
0.087
0.087
0.087
0.087
0.087
0.085
0.087
0.087
0.087
0.087
0.087
0.087
0.087
0.087
0.069
0.087
0.070
0.086
0.087
0.087
0.087
0.087
0.087
0.087
0.087
0.087
0.087
0.087
0.087
0.083
0.087
0.087
0.087
0.087
0.087
0.083
0.087
0.084
0.087
0.087
0.087
0.086
0.087
0.087
0.087
0.069
0.087
0.087
0.087
0.087
0.065
0.087
0.087
0.083
0.087
0.069
0.087
0.087
0.087
0.087
0.087
0.087
0.087
0.083
0.087
0.087
0.085
0.087
0.087
0.087
0.087
0.087
0.087
0.069
0.087
0.087
-1.911
0.087
0.087
0.087
0.083
0.078
0.087
0.087
0.087
0.087
0.087
0.087
0.087
0.084
0.083
0.087
0.069
0.087
0.087
0.087
0.087
0.087
0.081
0.087
0.087
0.075
0.087
0.087
0.087
0.087
0.087
0.087
0.087
0.087
0.087
0.087
0.087
0.087
0.087
0.087
0.087
0.087
0.087
0.087
0.087
0.087
0.085
0.087
0.087
0.083
0.085
0.087
0.070
0.087
0.087
0.083
0.087
0.087
0.087
0.087
0.087
0.087
0.087
0.087
0.078
0.087
0.087
0.087
0.066
0.087
0.084
0.087
0.083
0.087
0.087
0.084
0.072
0.087
0.083
0.087
0.065
0.069
0.087
0.087
0.085
0.084
0.072
0.087
0.087
0.087
0.087
0.086
0.087
0.087
0.087
0.087
0.087
0.087
-1.901
0.087
0.087
0.072
0.070
0.087
0.084
0.087
0.069
-1.026
-1.026
-1.487
-1.184
-1.023
-1.166
0.087
0.087
0.083
0.087
0.087
0.072
0.087
0.087
0.087
0.087
0.087
0.087
0.078
0.087
0.070
0.087
0.087
0.087
0.087
0.087
0.087
0.072
0.064
0.083
0.087
0.087
0.087
0.069
0.084
0.086
0.087
0.087
0.087
0.087
0.087
0.087
0.087
0.087
0.087
0.087
0.087
0.082
0.087
0.087
0.087
0.087
0.087
0.083
-1.457
-1.455
-1.733
-2.763
-1.446
-1.754
