fixedStep chrom=ENSGT00390000015738 start=1 step=1
0.064
0.064
0.054
0.064
0.054
0.064
0.064
0.064
-1.204
0.064
0.064
0.064
0.064
0.064
-1.204
0.064
0.064
0.054
0.054
0.064
0.064
0.064
0.064
0.064
0.064
-1.204
0.064
-0.756
-0.756
-0.756
-1.197
-1.204
-1.189
0.064
0.054
-1.209
0.064
-1.204
-1.197
0.064
0.064
-1.197
-1.204
0.064
-1.202
-1.204
-1.189
0.064
0.064
0.064
0.064
-0.853
-0.853
-0.853
-0.853
-0.853
-0.853
-0.853
-0.853
-0.853
-0.853
-0.853
-0.853
-0.853
-0.853
-0.853
0.064
0.064
0.064
0.064
-1.202
-1.189
0.064
0.064
0.064
0.054
0.064
0.064
0.064
0.064
0.064
0.064
0.064
0.064
0.064
0.064
0.064
0.064
0.054
0.064
0.064
-1.204
0.064
0.064
0.054
0.064
0.064
0.064
0.064
0.064
0.064
0.054
0.054
0.064
0.064
0.064
0.064
0.064
0.064
0.064
0.064
0.064
0.064
0.064
0.064
0.064
0.064
0.054
0.064
0.064
0.064
0.064
-1.204
-1.189
0.064
0.064
0.064
0.064
0.064
0.064
0.064
0.054
0.064
0.064
0.064
0.064
0.064
0.064
0.064
0.064
0.054
-1.189
0.064
0.064
0.064
0.064
0.064
0.062
-1.189
0.064
0.064
0.064
-1.204
0.064
0.064
-1.204
0.054
0.064
0.054
-0.756
-0.756
-0.756
0.064
-1.189
0.064
0.064
0.064
0.064
0.064
0.064
0.064
0.064
-1.197
0.064
0.054
0.064
0.064
0.064
-1.202
0.064
-1.197
0.064
0.064
0.064
0.064
0.064
0.064
0.064
0.064
0.064
0.064
0.064
0.064
0.064
0.064
0.064
0.054
0.064
0.064
0.064
0.064
0.064
0.064
0.064
0.064
0.064
0.064
0.064
0.064
0.064
-1.204
0.064
0.064
0.064
-1.204
0.064
-0.853
-0.853
-0.853
0.064
0.064
0.054
-1.204
0.064
0.064
0.064
0.054
0.054
0.054
0.064
0.064
0.064
0.064
0.064
0.064
0.064
0.054
0.064
0.064
-1.200
0.064
0.064
-1.197
0.064
0.064
0.064
0.064
0.064
0.064
0.064
0.064
0.064
0.064
0.064
0.064
0.054
0.064
0.064
0.064
0.064
0.064
0.064
0.064
0.064
0.064
0.064
0.064
-1.189
0.064
0.064
0.064
0.064
0.064
0.064
0.064
0.064
0.064
0.064
0.064
0.064
0.064
0.064
0.064
0.054
0.064
0.064
0.064
0.064
0.064
0.064
0.064
0.064
0.064
0.064
0.064
0.064
0.063
-1.209
0.064
0.064
-0.853
-0.853
-0.853
0.054
0.064
-1.202
0.064
0.064
0.064
0.064
0.064
0.064
0.064
0.064
0.064
-1.200
0.064
0.064
0.064
0.064
0.064
0.064
-1.197
0.064
0.000
0.000
0.000
