fixedStep chrom=ENSGT00530000064374 start=1 step=1
0.081
0.081
0.081
0.081
0.078
0.072
-0.861
0.081
0.081
0.081
0.081
0.072
0.081
0.072
0.081
0.081
0.081
0.080
-2.387
0.077
0.080
0.081
0.081
0.081
0.081
0.081
0.072
0.081
0.077
-0.848
0.064
0.075
0.081
0.081
0.081
0.072
0.081
0.081
0.081
0.081
0.081
0.081
0.081
0.081
0.081
0.081
0.081
-0.848
0.081
0.081
0.081
0.081
0.080
0.072
0.081
0.081
0.081
0.081
0.081
0.081
0.081
0.081
0.081
0.081
0.081
0.081
0.081
0.081
0.081
0.081
0.081
0.081
0.081
0.081
0.076
0.081
0.081
0.081
0.081
0.081
0.081
0.081
0.081
0.076
0.081
0.081
0.081
0.081
0.081
0.081
0.072
0.081
0.081
0.081
0.081
0.072
0.081
0.081
0.081
0.081
0.081
0.081
0.077
0.081
0.081
0.081
0.081
0.081
0.081
0.081
0.081
0.081
0.081
0.072
0.081
0.081
0.075
0.081
-0.859
0.073
-0.862
0.081
0.081
0.081
0.081
-0.848
0.081
0.072
-0.861
0.081
-0.862
0.072
0.081
0.081
0.081
0.081
0.081
0.081
0.077
0.065
0.081
0.081
0.081
-1.377
0.072
-0.848
0.081
0.081
0.081
0.081
0.081
0.081
0.072
-0.861
0.081
-0.861
0.081
0.081
0.081
0.081
0.081
0.081
0.081
0.081
0.081
0.081
0.081
0.081
0.081
0.081
0.075
-0.862
0.081
0.081
0.081
0.081
0.081
0.081
0.081
0.081
0.081
-1.617
0.081
0.081
0.081
0.080
0.081
0.081
0.072
0.081
0.081
0.081
0.081
0.081
0.081
0.081
0.081
0.067
0.081
0.081
0.081
0.064
0.065
0.072
0.081
0.081
0.064
-0.848
0.072
0.081
0.081
0.081
0.081
0.072
0.081
0.072
-0.859
0.072
0.081
-0.862
0.081
0.081
0.081
0.081
0.081
0.081
0.081
0.081
0.081
0.081
-0.861
0.081
0.081
0.075
0.081
0.081
0.081
0.081
0.081
0.072
-0.862
0.077
0.081
0.080
0.077
0.072
0.081
0.081
0.081
0.081
0.081
0.081
-0.859
0.081
0.081
0.081
-0.848
0.081
0.081
0.081
0.072
-0.861
0.081
0.081
0.081
0.081
-1.688
0.081
0.072
0.081
0.081
0.081
0.081
0.072
0.072
0.064
-1.990
0.081
0.081
