fixedStep chrom=ENSGT00750000117535 start=1 step=1
0.221
0.222
0.221
0.222
0.206
0.171
0.221
0.221
0.186
0.221
0.221
0.203
0.221
0.221
0.159
0.221
0.221
0.217
0.191
0.191
0.177
0.221
0.221
-2.252
0.221
0.217
0.186
0.221
0.221
0.208
0.221
0.221
0.191
0.221
0.221
0.216
0.221
0.221
0.185
0.221
0.221
0.206
0.218
0.221
0.214
0.221
0.221
0.213
0.212
0.221
0.170
0.221
0.221
0.186
0.222
0.221
0.159
0.222
0.221
0.186
0.185
0.221
0.178
0.221
0.221
0.166
0.221
0.221
0.217
0.217
0.222
0.185
0.221
0.221
0.217
0.222
0.222
0.213
0.221
0.221
0.159
0.221
0.222
0.213
0.221
0.221
0.158
0.221
0.221
0.161
0.217
0.222
0.201
0.221
0.221
0.213
0.221
0.221
0.183
0.210
0.222
0.213
0.221
0.222
0.161
0.206
0.221
-2.049
0.221
0.221
0.205
0.221
0.221
0.192
0.191
0.221
0.217
0.222
0.221
0.211
0.221
0.221
0.181
0.221
0.221
0.202
0.221
0.221
0.193
0.217
0.222
-2.785
0.221
0.221
0.185
0.221
0.209
0.190
0.221
0.221
0.198
0.206
0.221
0.176
0.221
0.221
0.186
0.221
0.222
0.217
0.222
0.221
0.218
0.206
0.222
0.217
0.221
0.221
0.211
0.221
0.221
0.188
0.221
0.222
0.214
0.205
0.222
0.177
0.221
0.221
0.213
0.222
0.221
0.214
0.218
0.222
0.184
0.221
0.217
0.169
0.221
0.221
-1.496
0.221
0.221
0.209
0.221
0.222
0.193
0.217
0.222
0.192
0.221
0.221
0.213
0.217
0.222
0.215
0.221
0.221
0.188
0.221
0.221
0.205
0.221
0.221
0.210
0.221
0.221
0.210
0.207
0.221
0.198
0.221
0.221
0.183
0.221
0.221
0.217
0.221
0.221
0.221
0.221
0.221
0.220
0.221
0.221
0.214
0.221
0.221
0.201
0.221
0.221
0.167
0.221
0.222
0.212
0.221
0.222
0.217
0.221
0.221
-1.412
0.221
0.221
0.204
0.221
0.221
0.208
0.217
0.222
0.208
0.221
0.221
0.213
0.217
0.222
0.203
0.221
0.221
0.212
0.210
0.222
0.190
0.190
0.221
0.187
0.221
0.221
0.210
0.221
0.221
0.213
0.221
0.221
0.213
0.221
0.221
0.211
0.221
0.222
0.219
0.221
0.221
0.215
0.221
0.221
0.221
0.210
0.222
0.191
0.213
0.222
0.185
0.221
0.221
0.182
0.217
0.217
0.166
0.221
0.222
0.156
0.221
0.221
0.189
0.221
0.222
0.206
0.221
0.221
0.171
0.221
0.221
0.221
0.221
0.221
0.183
0.221
0.221
0.190
0.221
0.222
0.221
0.213
0.222
0.220
0.221
0.221
0.219
0.221
0.221
0.213
0.221
0.222
0.217
0.221
0.221
0.214
0.221
0.221
-1.130
0.221
0.222
0.187
0.215
0.222
0.206
0.207
0.222
0.221
0.221
0.221
0.221
0.221
0.221
0.221
0.221
0.221
0.213
0.221
0.221
0.180
0.213
0.213
0.190
-0.888
-0.913
-0.883
-0.914
-0.913
-0.839
0.000
0.000
0.000
0.000
0.000
0.000
0.000
0.000
0.000
0.000
0.000
0.000
0.000
0.000
0.000
0.000
0.000
0.000
0.000
0.000
0.000
0.000
0.000
0.000
0.000
0.000
0.000
0.000
0.000
0.000
-0.946
-0.788
-1.008
-0.901
-0.906
-0.957
-0.848
-0.966
-0.814
-0.962
-0.910
-1.695
-3.653
-3.668
-3.654
-1.907
-2.329
-2.603
0.000
0.000
0.000
0.000
0.000
0.000
0.000
0.000
0.000
0.000
0.000
0.000
