fixedStep chrom=ENSGT00390000008184 start=1 step=1
0.000
0.000
0.000
0.000
0.000
0.000
0.000
0.000
0.000
0.000
0.000
0.000
0.000
0.000
0.000
0.000
0.000
0.000
0.000
0.000
0.000
0.000
0.000
0.000
0.000
0.000
0.000
0.000
0.000
0.000
0.000
0.000
0.000
0.000
0.000
0.000
0.000
0.000
0.000
0.000
0.000
0.000
0.000
0.000
0.000
0.000
0.000
0.000
0.000
0.000
0.000
0.000
0.000
0.000
0.000
0.000
0.000
0.000
0.000
0.000
0.000
0.000
0.000
0.000
0.000
0.000
0.000
0.000
0.000
0.000
0.000
0.000
0.000
0.000
0.000
0.000
0.000
0.000
0.000
0.000
0.000
0.000
0.000
0.000
0.000
0.000
0.000
0.000
0.000
0.000
0.000
0.000
0.000
0.000
0.000
0.000
0.000
0.000
0.000
0.000
0.000
0.000
0.000
0.000
0.000
0.000
0.000
0.000
0.071
0.071
0.071
0.071
0.065
0.068
0.067
0.071
0.068
0.071
0.071
0.058
0.071
0.071
0.070
0.071
0.067
0.069
0.071
0.071
0.071
0.070
0.071
0.067
0.071
0.071
0.071
0.071
0.071
0.071
0.071
0.071
0.070
0.071
0.071
0.071
0.071
0.071
0.071
0.071
0.071
0.067
0.071
0.071
0.071
0.071
0.071
0.071
0.071
0.057
0.067
0.071
0.071
0.071
0.071
0.071
0.071
0.071
0.071
0.071
0.071
0.071
0.054
0.071
0.071
0.068
0.071
0.071
0.071
0.070
0.071
0.071
0.071
0.071
0.071
0.071
0.071
0.071
0.071
0.071
0.068
0.071
0.071
0.068
0.071
0.071
0.071
0.071
0.071
0.054
0.071
0.071
0.071
0.067
0.071
0.071
0.071
0.070
0.071
0.071
0.071
0.071
0.071
0.071
0.057
0.071
0.071
0.070
0.058
0.071
0.071
0.071
0.071
0.068
0.071
0.071
0.067
0.071
0.071
0.070
0.071
0.071
0.071
0.070
0.067
0.068
0.069
0.071
0.070
0.071
0.071
0.071
0.071
0.071
0.071
0.071
0.071
0.071
0.071
0.071
0.071
0.071
0.071
0.068
0.071
0.071
0.071
0.071
0.071
0.071
0.071
0.071
0.071
0.053
0.071
0.070
0.071
0.071
0.071
0.071
0.071
0.069
0.071
0.071
0.071
0.071
0.071
0.058
0.071
0.071
0.071
0.052
0.071
0.064
0.071
0.071
0.067
0.071
0.071
0.067
0.071
0.071
0.065
0.071
0.071
0.071
0.071
0.071
0.071
0.071
0.071
0.071
0.071
0.071
0.071
0.064
0.059
0.062
0.064
0.064
0.064
0.064
0.064
0.064
0.059
0.064
0.060
0.064
0.064
0.064
0.064
0.064
0.064
-0.145
-0.145
-0.145
0.064
0.064
0.064
0.064
0.064
0.064
0.064
0.064
0.064
0.062
0.064
0.064
0.064
0.064
0.057
0.064
0.049
0.064
0.064
0.064
0.062
0.064
0.059
-1.264
0.064
0.064
0.064
0.064
0.064
0.064
0.064
0.064
0.064
0.064
0.064
0.064
0.064
0.064
0.064
0.064
0.064
0.061
0.064
0.064
0.064
0.064
0.064
0.064
0.064
0.064
0.064
0.064
0.064
0.064
0.064
0.064
0.064
0.064
0.064
0.064
0.064
0.064
0.064
0.064
0.064
0.049
0.064
0.064
0.064
0.064
0.064
0.064
0.064
0.064
0.060
0.061
0.052
-1.855
0.064
0.064
0.064
0.064
0.064
0.063
0.064
0.064
0.054
0.064
0.064
0.061
0.064
0.064
0.064
0.064
0.064
0.064
0.064
0.064
0.064
0.064
0.064
0.064
0.064
0.064
0.059
0.064
0.064
0.064
0.064
0.064
0.064
0.064
0.064
0.064
0.064
0.064
0.064
0.064
0.064
0.064
0.064
0.064
0.064
0.064
0.064
0.063
0.064
0.062
0.064
0.064
0.064
0.059
0.064
0.064
0.064
0.064
0.064
0.064
0.064
0.064
0.064
0.064
0.064
0.049
0.064
0.064
0.064
0.064
0.064
0.064
0.064
0.064
0.064
0.064
0.064
0.064
0.064
0.064
0.062
0.064
0.064
0.064
0.064
0.064
0.064
0.064
0.064
0.064
0.064
0.064
0.064
0.064
0.064
0.064
0.057
0.064
0.061
0.064
0.064
0.064
0.064
0.064
0.060
0.059
-0.998
0.064
0.064
0.064
0.064
0.064
0.064
0.064
0.064
0.064
0.064
0.064
0.064
0.063
0.064
0.064
0.061
0.064
0.064
0.064
0.064
0.062
0.062
0.064
0.064
0.059
0.064
0.064
0.064
0.064
0.059
0.059
0.064
0.064
0.064
0.064
0.064
0.064
0.064
0.064
0.064
0.064
0.064
0.064
0.071
0.071
0.071
0.071
0.071
0.071
0.071
0.071
0.056
0.071
0.071
0.071
0.071
0.071
0.071
0.071
0.056
0.071
0.070
0.071
0.068
0.057
0.071
0.071
0.071
0.071
0.071
0.071
0.071
0.071
0.071
0.071
0.068
0.071
0.071
0.071
0.071
0.071
0.068
0.071
0.071
0.071
0.071
0.071
0.071
0.071
0.071
-1.838
0.071
0.071
0.071
0.071
0.071
0.071
0.054
0.071
0.071
0.071
0.071
0.071
0.071
0.054
0.068
0.071
0.071
0.071
0.067
0.071
0.071
0.071
0.071
0.067
0.071
0.071
0.071
0.071
0.071
0.059
0.071
0.071
0.068
0.071
0.071
0.071
0.071
0.071
0.070
0.071
0.067
0.071
0.071
0.057
0.068
0.071
0.071
0.071
0.068
0.071
0.071
0.071
0.071
0.071
0.071
0.071
0.071
0.071
0.071
0.063
0.054
0.071
0.071
0.057
0.054
0.057
0.071
0.071
0.071
0.071
0.071
0.071
0.071
0.071
0.071
0.071
0.071
0.071
0.071
0.071
0.071
0.071
0.071
0.071
0.071
0.071
0.071
0.067
0.067
0.070
0.071
0.071
0.071
0.071
0.071
0.071
0.071
0.071
0.069
0.071
0.071
0.071
0.071
0.071
0.058
0.067
0.071
0.064
0.071
0.071
0.071
0.071
0.071
0.071
0.071
0.071
0.067
0.065
0.071
0.071
0.071
0.058
0.068
0.071
0.071
0.053
0.071
0.071
0.071
0.071
0.068
0.071
0.071
0.071
0.071
0.071
0.071
0.067
0.071
0.071
0.071
0.071
0.071
0.058
0.071
0.071
0.071
0.071
0.071
0.065
0.067
0.070
0.063
0.071
0.071
0.071
0.071
0.071
0.068
0.058
0.068
0.068
0.071
0.071
0.070
0.070
0.067
0.067
-1.637
0.057
0.071
0.069
0.071
0.067
0.068
0.068
0.068
0.071
0.071
0.071
0.071
0.071
0.065
0.071
0.071
0.068
0.071
0.071
0.065
0.071
0.071
0.071
0.071
0.054
0.071
0.071
0.071
0.071
0.071
0.071
0.071
0.071
0.071
0.067
-1.857
0.071
0.070
0.068
0.071
0.071
0.057
0.071
0.071
0.071
0.071
0.068
0.071
0.068
0.056
0.069
0.071
0.067
0.067
0.058
0.068
0.057
0.071
0.067
0.071
0.071
0.071
0.054
0.054
0.067
-1.157
-1.157
-1.298
