fixedStep chrom=ENSGT00440000033985 start=1 step=1
-3.976
-4.096
-4.032
0.094
0.094
-1.544
0.090
0.104
0.090
0.104
0.104
0.104
0.108
0.094
0.094
0.102
0.090
0.108
0.099
0.108
0.108
0.094
0.108
0.108
0.108
0.108
0.108
0.108
0.108
0.108
0.100
0.093
0.108
0.108
0.108
0.108
0.104
0.108
0.101
0.101
0.104
0.108
0.108
0.105
0.104
0.108
0.094
0.108
0.107
0.096
0.105
0.096
0.096
0.108
0.103
0.108
0.108
0.094
0.108
0.108
0.108
0.078
0.101
-2.681
-1.879
-1.010
0.103
0.094
0.089
0.088
0.090
0.090
0.080
0.104
-4.100
0.083
-2.987
0.105
-1.332
-1.242
-1.301
0.108
0.108
0.108
0.104
0.108
0.108
0.108
0.083
0.090
0.094
0.104
0.108
0.100
0.108
0.100
0.108
0.105
0.104
0.108
0.108
0.108
0.108
0.094
0.108
0.090
0.108
0.101
0.101
0.108
0.099
0.108
0.108
0.108
0.108
0.108
0.083
0.096
0.106
0.094
0.106
0.097
0.108
0.108
0.108
0.107
0.108
0.108
0.108
0.100
-3.784
0.108
0.108
0.101
0.101
0.108
0.108
0.108
0.108
0.108
0.108
0.100
0.108
0.108
0.105
0.108
0.108
0.108
0.092
0.101
0.095
0.108
0.104
0.108
0.108
0.108
0.108
0.108
0.104
0.108
0.108
0.108
0.108
0.108
0.096
0.101
0.094
0.108
0.108
0.108
0.101
0.108
0.108
0.102
0.108
0.104
0.105
0.108
0.108
0.108
0.108
0.084
0.108
0.108
0.108
0.104
0.108
0.108
0.108
0.108
0.108
0.108
0.108
0.108
0.075
0.082
0.108
0.094
0.108
0.108
0.108
0.076
0.108
0.092
0.108
0.104
0.104
0.106
0.108
0.105
0.108
0.108
0.106
0.090
0.108
0.108
0.108
0.108
0.108
0.075
0.104
0.104
0.108
0.108
0.108
0.092
0.103
0.084
0.108
0.104
0.107
0.108
0.106
0.108
0.091
0.108
0.082
0.108
0.108
0.108
0.108
0.108
0.104
0.108
0.108
0.108
0.108
0.108
0.108
0.108
0.108
0.104
0.108
0.107
0.104
0.108
0.108
0.093
0.108
0.108
0.108
0.087
0.108
0.108
0.104
0.108
0.108
-0.913
-0.913
-0.914
0.108
0.108
0.108
0.108
0.108
0.104
0.104
0.108
0.108
0.108
0.108
0.104
0.108
0.108
0.104
0.108
0.108
0.101
0.108
0.104
0.103
-0.910
-0.914
-0.913
-0.914
-0.913
-0.914
0.108
0.108
0.104
0.104
0.100
0.108
0.108
0.108
0.108
0.105
0.108
0.101
0.104
0.108
0.108
0.085
0.084
0.101
0.108
0.108
0.095
0.076
0.108
0.108
0.108
0.098
0.098
0.093
0.083
0.098
0.098
0.083
0.094
0.098
0.098
0.098
0.098
0.098
0.098
0.098
0.098
0.098
0.098
0.098
0.108
0.108
0.108
0.108
0.108
0.108
0.108
0.108
0.108
0.100
0.104
0.108
0.104
0.107
0.108
0.107
0.108
0.108
0.104
0.108
0.108
0.106
0.108
0.108
0.108
0.092
0.108
0.104
0.108
0.108
0.108
0.092
0.108
0.108
0.108
0.108
0.108
0.108
0.092
0.104
0.092
0.104
0.092
0.084
0.103
0.104
0.089
0.108
0.104
0.108
0.104
0.089
0.092
0.093
0.092
0.108
0.104
0.092
0.108
0.104
0.076
0.104
0.104
0.089
0.104
0.092
-2.870
0.108
0.104
0.104
0.104
0.108
0.105
0.092
0.104
0.085
-1.069
-1.063
-1.060
-0.958
-0.957
-1.817
-0.958
-0.957
-0.957
-0.958
-1.276
-1.350
-0.957
-0.957
-0.957
-0.957
-0.957
-0.958
-0.958
-1.454
-1.955
