fixedStep chrom=ENSGT00390000009029 start=1 step=1
0.069
0.069
0.069
0.066
0.069
0.069
0.069
0.069
0.068
0.069
0.067
0.069
0.067
0.069
0.069
0.066
0.069
0.065
0.069
0.069
0.067
0.055
0.069
0.068
0.069
0.069
0.069
0.067
0.060
0.065
0.069
0.069
0.060
0.067
0.050
0.069
0.054
0.069
0.062
0.066
0.069
0.068
0.069
0.069
0.069
0.066
0.069
0.053
0.069
0.066
0.069
-3.223
0.063
0.069
0.066
0.069
0.067
0.069
0.069
0.069
0.054
0.069
0.069
0.069
0.069
0.063
0.067
0.067
0.068
0.069
0.069
0.067
0.069
0.069
0.066
0.069
0.069
0.069
0.069
0.069
0.069
0.069
0.069
0.063
0.069
0.069
0.069
-1.673
0.069
0.069
0.069
0.067
-0.913
0.054
0.069
0.069
0.069
0.069
0.063
0.068
0.063
0.069
0.058
0.069
0.068
0.069
0.069
0.069
0.066
0.062
0.069
0.069
0.065
0.069
0.069
0.069
0.069
0.069
0.069
0.069
0.069
0.069
0.069
0.069
0.069
-0.910
0.069
0.069
0.069
0.063
0.069
0.069
0.069
0.069
0.068
0.067
0.069
0.066
0.069
0.069
0.069
-0.910
0.069
0.069
0.069
0.069
0.067
0.063
0.069
0.063
0.069
0.069
0.069
0.068
0.069
0.067
-0.910
0.069
0.069
0.069
0.069
0.054
0.069
0.069
0.065
0.069
0.069
0.069
0.066
0.069
0.063
0.069
0.069
0.069
0.069
0.069
0.069
0.069
0.069
0.063
0.069
0.069
0.054
0.069
0.069
0.069
0.069
0.069
0.069
0.069
0.069
0.069
0.069
0.064
0.066
0.069
0.069
0.069
0.069
0.069
0.063
0.069
0.069
0.066
0.069
0.069
0.069
0.069
0.069
0.069
0.069
0.069
0.069
0.062
0.069
0.069
0.068
0.069
0.069
0.063
0.069
0.068
0.069
0.069
0.069
0.069
0.069
0.069
0.069
0.069
0.067
0.069
0.069
0.069
0.069
0.068
0.069
0.069
0.069
0.066
0.069
0.069
0.054
0.069
-2.233
0.060
0.069
0.069
0.069
0.069
0.069
0.069
0.069
0.069
0.069
0.069
0.069
0.069
0.069
0.069
0.060
0.067
0.069
0.069
0.069
0.069
0.069
0.067
0.060
-3.481
0.069
0.069
0.069
0.069
0.069
0.069
0.069
0.069
0.063
0.069
0.069
0.054
0.069
0.068
0.069
0.069
0.063
0.069
0.068
0.069
0.069
0.069
0.069
0.067
0.069
0.069
0.069
0.066
0.069
0.069
0.069
0.069
0.068
0.060
0.069
0.067
0.069
0.069
0.066
0.069
0.069
0.069
0.069
0.069
0.069
0.068
0.069
0.065
-3.454
0.069
-0.896
-0.913
0.069
0.068
0.069
0.069
0.069
0.069
0.069
0.069
0.069
0.069
0.069
0.069
0.069
0.069
0.069
0.069
0.069
0.069
0.069
0.069
0.069
0.069
0.067
0.069
0.069
0.069
0.069
0.069
0.069
0.069
0.069
0.069
0.066
0.069
0.069
0.067
0.063
0.069
0.066
0.063
0.069
-0.915
0.063
-0.915
0.069
0.069
0.069
0.069
0.069
0.069
0.069
0.069
0.069
0.069
0.069
0.066
0.054
0.069
0.069
0.069
0.069
0.069
0.069
0.069
0.069
0.069
0.069
0.069
0.069
0.069
0.069
0.069
0.069
0.069
0.069
0.069
-2.056
0.069
0.069
0.069
0.069
0.065
0.069
0.069
0.069
0.067
0.063
0.069
0.069
0.069
0.069
0.069
0.069
0.069
0.066
0.069
0.068
0.069
0.069
0.069
0.069
0.069
0.069
0.066
0.069
0.067
0.069
0.063
0.069
0.069
0.069
0.069
0.067
0.069
0.069
0.069
0.069
0.069
0.069
0.069
0.069
0.069
0.063
0.069
0.069
0.069
0.069
0.066
0.069
0.069
0.069
0.069
0.069
0.069
0.067
0.069
0.069
0.069
0.069
0.069
0.069
0.069
0.069
0.069
0.068
0.068
0.069
0.069
0.068
0.069
0.069
0.069
0.069
0.069
0.069
0.069
0.066
0.069
0.069
0.069
0.062
0.069
0.069
0.069
0.069
0.069
0.069
0.069
0.069
0.069
0.069
0.063
0.069
0.069
0.063
0.063
0.069
0.069
0.067
0.069
0.069
0.069
-1.933
0.069
0.069
0.069
0.069
0.069
0.053
0.060
0.069
0.069
0.069
0.069
0.069
0.069
0.069
-2.270
0.054
0.069
0.069
0.069
0.069
0.069
0.069
0.069
0.069
0.066
0.054
0.064
0.069
0.065
0.050
0.069
0.069
0.069
0.050
0.054
0.069
0.069
0.069
0.069
0.069
0.054
0.069
0.067
0.069
0.069
0.069
0.060
0.069
0.069
0.063
0.069
0.069
0.060
0.069
0.069
0.069
0.069
0.069
0.065
0.069
0.069
0.067
0.063
0.069
0.069
0.069
0.069
0.069
0.069
0.069
0.069
0.069
0.069
0.069
0.069
0.069
0.069
0.069
0.069
0.069
0.069
0.069
0.063
0.069
0.069
0.069
0.069
0.069
0.067
0.069
0.063
0.069
0.069
0.069
0.065
0.069
0.069
0.069
0.069
0.069
0.063
0.069
0.069
0.069
0.069
0.069
0.069
0.069
0.069
0.069
0.069
0.069
0.069
0.069
0.054
0.068
0.068
0.069
0.069
0.068
0.069
0.069
0.069
0.069
0.066
0.069
0.069
0.069
0.069
0.068
0.066
0.069
0.069
0.069
0.069
0.069
0.069
0.069
0.069
0.068
0.067
0.069
0.063
0.069
0.069
0.068
0.069
0.069
0.069
0.069
0.069
0.069
0.069
0.069
0.069
0.069
0.069
0.069
0.069
0.060
0.069
0.069
0.069
0.069
0.069
0.069
0.069
0.069
0.067
0.063
0.069
0.069
0.063
0.069
0.069
0.067
0.069
0.069
0.063
-1.651
0.064
0.068
0.069
0.069
0.069
0.069
0.069
0.069
0.069
0.069
0.069
0.069
0.069
0.069
0.069
0.069
0.069
0.069
0.069
0.054
0.069
0.069
0.069
0.069
0.063
0.069
0.069
0.069
0.069
0.069
0.069
0.069
0.069
0.069
0.069
0.069
0.069
0.063
0.069
0.069
0.069
0.069
0.069
0.069
0.069
0.069
0.060
0.069
0.069
0.069
0.069
0.069
0.069
0.069
0.069
0.069
0.069
0.068
0.063
-1.664
0.069
0.069
0.069
0.069
0.069
0.069
0.069
0.069
0.069
0.069
0.069
0.069
0.069
0.069
0.069
-0.913
0.069
0.069
0.069
0.069
0.069
0.069
0.069
0.066
0.069
0.063
0.069
0.069
0.066
0.068
0.069
0.069
0.069
0.066
0.069
0.069
0.069
0.054
0.069
0.069
0.069
0.069
0.069
0.063
0.069
0.069
0.063
0.069
0.069
0.069
0.069
0.069
0.060
0.054
0.069
0.064
0.069
0.069
0.068
0.069
0.069
0.069
0.069
0.063
0.058
0.060
0.069
0.069
0.067
0.069
0.063
0.069
0.069
0.063
0.069
0.069
0.069
0.054
0.066
0.069
0.069
0.069
0.069
0.069
0.068
0.069
0.069
0.054
0.069
0.069
0.069
0.066
0.069
0.069
0.067
0.069
0.069
0.069
0.069
0.069
0.053
0.069
0.069
0.057
0.069
0.069
0.069
0.069
0.069
0.069
0.069
0.069
0.069
0.069
0.069
0.069
0.069
0.069
0.054
0.063
0.069
0.054
0.069
0.069
0.069
0.069
0.069
0.065
0.069
0.069
0.069
0.069
0.069
0.067
0.069
0.069
0.069
0.069
0.069
0.069
0.069
0.069
0.069
0.069
0.069
0.069
0.063
0.069
0.069
0.069
0.069
0.069
0.069
0.069
0.066
0.069
0.069
0.062
0.069
0.069
0.069
0.069
0.069
0.069
0.069
0.069
0.069
0.069
0.069
0.068
0.069
0.069
0.069
0.069
0.069
0.069
0.069
0.069
0.067
0.069
0.069
0.069
0.069
0.069
0.069
0.069
0.069
0.069
0.069
0.069
0.069
0.069
0.065
0.067
0.067
0.069
0.069
0.069
0.069
0.063
0.069
0.069
0.069
0.069
0.069
0.069
0.069
0.069
0.060
0.069
0.069
-0.896
0.069
0.069
0.063
0.069
0.069
0.069
0.060
0.067
0.069
0.069
0.069
0.067
0.069
0.067
0.067
0.069
0.069
0.062
0.069
0.069
0.069
0.069
0.069
0.069
0.069
0.069
0.063
0.069
0.069
0.069
0.069
0.054
0.069
0.069
0.067
0.069
0.069
0.069
0.069
0.069
0.069
0.054
0.069
0.069
0.063
0.063
0.069
0.069
0.069
0.069
0.069
0.068
0.069
0.063
0.069
0.067
0.067
0.069
0.069
0.054
0.069
0.069
0.069
0.069
0.069
0.069
0.069
0.069
0.069
0.054
0.069
0.060
-0.910
0.069
0.063
0.069
0.069
0.069
0.069
0.069
0.069
0.069
0.069
0.063
0.069
0.069
0.069
0.069
0.069
0.069
0.069
0.069
0.069
-1.021
-1.019
-1.021
-1.020
-1.019
-1.223
0.069
0.069
0.069
0.069
0.069
0.069
0.069
0.069
0.069
0.069
0.069
0.068
0.069
0.063
0.063
-0.911
0.069
0.069
0.069
0.069
0.067
-0.913
-0.910
0.069
-0.911
0.069
0.063
0.069
0.069
0.069
0.069
0.069
0.069
-0.915
0.069
0.069
0.063
0.069
0.069
0.069
0.069
-0.911
0.069
0.069
-0.911
0.069
0.069
0.069
0.069
0.063
0.069
-1.020
-1.020
-1.020
0.069
0.069
0.069
-0.911
0.063
0.069
0.069
0.069
0.069
-0.915
0.069
0.067
0.069
0.069
0.069
0.063
0.063
-0.913
0.069
-1.652
-0.911
-0.910
0.069
0.069
-0.896
-0.896
0.069
0.069
0.069
0.069
0.069
0.069
-0.911
0.069
0.063
0.069
0.067
-0.896
0.069
-1.392
-0.896
0.069
0.069
0.069
0.069
0.063
0.063
-0.896
-0.896
0.069
-0.896
0.069
0.069
0.063
0.063
-0.896
0.063
-1.021
-1.020
-1.021
-1.020
-1.020
-1.019
-1.020
-1.019
-1.019
-0.915
0.069
-0.896
-0.913
-0.913
0.050
0.062
0.069
0.063
0.063
0.069
0.069
0.063
-0.911
0.063
0.063
0.069
0.069
-0.896
0.069
0.063
-0.915
0.069
0.069
0.069
0.069
0.063
0.069
0.069
-2.175
-0.913
-0.896
0.069
0.063
0.063
-0.910
0.069
0.069
0.069
0.064
0.069
-0.910
0.069
0.069
0.063
0.069
0.063
0.069
0.063
0.069
0.066
0.069
0.069
0.069
0.069
0.069
0.069
0.069
0.069
0.063
0.069
0.069
0.069
0.069
0.069
0.069
0.069
0.068
0.069
0.069
0.069
0.069
0.069
0.069
0.069
0.067
0.069
0.063
0.069
0.069
0.069
0.069
0.069
0.069
0.069
0.069
0.068
0.069
0.069
0.069
0.069
0.069
0.069
0.069
0.068
0.069
0.063
0.069
0.069
0.068
0.069
0.067
0.069
0.054
0.069
0.069
0.069
0.063
0.069
0.069
0.063
0.067
0.069
0.067
0.069
0.063
0.069
0.066
0.069
0.063
0.069
0.069
0.069
0.066
0.069
0.069
-0.911
0.069
0.069
0.069
0.063
0.069
0.069
0.069
0.069
0.069
0.069
0.069
0.069
0.069
0.069
0.069
0.069
0.069
0.069
0.069
0.065
0.069
0.069
0.069
0.069
0.069
0.066
0.069
0.069
0.069
0.069
0.069
0.069
0.063
0.069
0.068
0.069
0.069
0.069
0.069
0.069
0.066
0.069
0.069
0.069
0.069
0.069
0.069
0.066
0.069
0.069
0.069
0.069
-0.910
0.069
0.069
0.069
0.069
0.069
0.067
0.069
0.069
0.063
0.069
0.069
0.069
0.069
0.066
0.069
0.069
0.067
0.063
0.069
0.069
-0.896
0.069
0.069
0.069
0.069
0.069
0.063
0.065
0.069
0.069
0.069
0.063
0.069
0.054
0.069
0.069
0.069
0.066
0.051
0.069
0.069
0.069
0.069
0.069
0.069
0.069
0.069
0.069
0.063
0.069
0.069
0.069
0.069
-1.713
0.069
0.069
0.069
0.069
0.069
0.069
0.069
0.069
0.069
0.069
0.069
0.067
0.069
0.069
0.068
0.069
0.069
0.069
0.069
0.069
0.063
0.069
0.069
0.069
0.069
0.069
0.066
0.069
0.069
0.069
0.069
0.069
0.069
0.069
0.069
-0.910
0.069
0.069
0.069
0.069
0.069
0.069
0.063
0.069
0.069
0.069
0.069
0.069
0.069
0.069
0.062
0.069
0.069
0.069
0.069
0.069
0.069
0.069
0.069
0.069
0.069
0.069
0.069
0.069
0.069
0.069
0.069
0.069
0.063
0.069
0.069
0.051
0.069
0.069
0.069
0.069
0.069
0.069
0.069
0.069
0.069
0.069
0.069
0.069
0.069
0.069
0.069
0.069
0.069
0.069
0.069
0.069
0.069
0.069
0.069
0.069
0.069
0.069
0.069
0.069
0.069
0.063
0.069
0.069
0.069
0.069
0.069
0.066
0.069
0.069
0.069
0.069
0.069
0.069
0.069
0.069
0.069
0.069
0.069
0.069
0.069
0.063
0.054
0.069
0.069
0.069
0.069
0.069
0.063
0.069
0.069
0.069
0.069
0.069
0.063
0.069
0.069
0.065
0.069
0.069
0.069
0.069
0.069
0.069
0.069
0.066
0.069
0.069
0.069
0.066
0.068
0.069
-0.568
0.069
0.069
0.063
0.069
0.069
0.069
0.069
0.069
-2.006
0.069
0.069
0.069
0.069
0.069
0.066
0.069
0.069
0.069
0.067
0.069
0.065
0.069
0.069
0.069
0.069
0.069
0.069
0.069
0.054
0.069
0.069
0.069
0.069
0.069
0.069
0.069
0.069
0.069
0.068
0.067
0.069
0.069
0.066
0.069
0.054
0.069
-1.648
0.054
0.069
0.069
0.069
0.069
0.069
0.069
0.068
0.069
0.069
0.069
0.065
0.069
0.069
0.069
0.069
0.069
0.069
0.069
0.062
0.069
0.069
0.069
0.069
0.063
0.063
0.068
0.063
0.063
0.063
0.063
0.067
0.069
0.066
0.063
0.069
0.057
0.063
0.069
0.068
-0.180
-0.180
-0.180
0.069
0.069
0.069
0.069
0.069
0.069
0.069
0.069
0.069
0.067
0.069
0.069
0.069
0.069
0.069
0.063
0.069
0.069
0.069
0.069
0.069
0.069
0.069
0.069
0.069
0.069
0.063
0.069
0.069
0.067
0.069
0.069
0.069
0.069
0.069
0.069
0.069
0.069
0.069
0.069
0.069
0.069
0.069
0.069
0.069
0.069
0.069
0.069
0.069
0.069
0.069
0.067
0.054
0.069
0.069
0.069
0.069
0.069
0.069
0.069
0.069
0.069
0.069
0.069
0.069
0.069
0.069
0.069
-0.910
0.069
0.069
0.054
0.069
0.069
0.069
0.069
0.069
0.069
0.069
0.069
0.069
0.069
0.069
0.069
0.069
0.069
0.060
0.069
0.069
0.063
0.069
0.069
0.069
-0.896
0.069
0.069
0.069
0.069
0.069
0.069
0.069
0.067
0.069
0.069
0.069
0.069
0.069
0.069
0.069
0.069
0.069
0.069
0.069
0.069
0.069
0.069
0.069
0.069
0.069
0.069
0.069
0.069
0.069
0.069
0.069
0.069
0.069
0.069
0.069
0.069
0.069
0.069
0.069
0.069
0.069
0.069
0.069
-0.910
0.069
0.069
0.069
