fixedStep chrom=ENSGT00390000016786 start=1 step=1
0.079
0.079
0.079
0.079
0.079
0.079
0.079
0.079
0.078
0.079
0.076
0.079
0.079
0.079
0.079
0.058
0.079
0.079
0.079
0.061
0.058
0.079
0.079
0.079
0.079
0.074
0.079
0.074
0.079
0.078
0.076
0.079
0.079
0.079
0.079
0.079
0.079
0.074
0.079
0.079
0.074
-1.957
0.079
0.079
0.079
0.078
0.079
0.061
0.079
0.079
0.076
0.075
0.079
0.076
0.079
0.079
0.077
0.079
0.078
0.067
0.079
0.079
0.079
0.079
0.079
0.079
-1.495
0.078
0.079
0.079
0.079
0.079
0.079
0.079
0.079
0.079
0.079
0.079
0.079
0.079
0.079
0.079
0.079
0.079
0.075
0.061
0.058
-1.646
-1.640
-1.649
-1.643
-1.649
-1.647
0.079
0.079
0.067
0.079
0.079
0.079
0.079
0.074
0.077
0.079
0.079
0.079
0.068
0.079
0.072
0.076
0.079
0.079
0.079
0.079
0.078
0.079
0.079
0.079
0.079
0.079
-1.518
0.079
0.079
0.075
0.079
0.079
0.079
0.079
0.079
0.079
0.079
0.079
0.076
0.079
0.079
0.079
0.079
0.079
0.072
0.079
0.079
0.079
0.078
0.079
0.079
0.079
0.079
0.057
0.079
0.079
0.079
0.078
0.079
0.079
0.079
0.079
0.079
0.079
0.079
0.067
0.079
0.079
0.061
0.061
0.079
0.079
0.079
0.079
0.076
0.079
0.079
0.073
0.079
0.079
0.079
0.079
0.079
0.079
0.079
0.079
0.076
0.079
0.079
0.079
0.079
0.079
0.079
0.079
0.075
-1.603
0.079
0.079
0.079
0.079
0.079
0.074
0.079
0.079
0.067
0.079
0.079
0.079
0.079
0.079
-1.603
0.079
0.078
0.074
0.079
0.073
0.076
0.079
0.079
0.067
0.079
0.079
0.079
0.079
0.079
0.079
0.079
0.079
0.074
0.067
0.076
0.075
0.079
0.079
0.079
-1.232
-1.232
-1.353
0.076
0.075
0.067
0.079
0.079
0.058
0.079
0.079
0.079
0.079
0.079
0.079
0.079
0.079
0.079
0.079
0.079
0.079
0.079
0.079
0.074
0.074
0.079
0.058
0.075
0.079
0.079
0.079
0.079
0.072
0.079
0.079
0.079
0.079
0.079
0.058
0.079
0.079
0.079
0.079
0.079
0.076
0.079
0.079
0.079
0.079
0.079
0.079
0.079
0.079
0.074
0.079
0.079
0.079
0.079
0.079
0.079
0.079
0.079
0.079
0.079
0.079
0.072
0.074
0.079
0.075
0.079
0.079
0.079
0.079
0.079
0.079
0.079
0.079
0.079
0.079
0.079
0.077
0.078
0.079
0.079
0.079
0.079
0.079
0.079
0.079
0.079
0.079
0.078
0.078
0.079
0.079
0.075
0.079
0.079
0.079
0.079
0.061
0.075
0.079
0.079
0.079
0.079
0.079
0.079
0.079
0.079
0.079
