fixedStep chrom=ENSGT00510000047420 start=1 step=1
-1.515
-1.510
-1.517
-1.517
-1.516
-1.517
-1.517
-1.516
-1.516
-1.510
-1.516
-1.516
0.065
0.064
0.065
0.053
0.065
0.065
0.065
0.065
0.065
0.064
0.065
0.065
0.065
0.065
0.065
0.065
0.065
0.063
0.065
0.065
0.062
0.065
0.065
0.065
0.065
0.065
0.065
0.065
0.065
0.065
0.065
0.065
0.065
0.065
0.065
0.062
0.065
0.065
0.065
0.061
0.048
0.060
0.065
0.065
0.063
0.052
0.065
-2.290
0.065
0.065
0.065
0.062
0.065
0.058
0.065
0.065
0.065
0.065
0.065
0.065
0.065
0.065
0.065
0.065
0.065
0.054
0.065
0.065
0.065
0.065
0.062
0.045
0.065
0.062
0.065
0.065
0.065
0.065
0.065
0.065
0.065
0.065
0.065
0.065
0.065
0.065
0.047
0.065
0.065
0.065
0.065
0.065
0.062
0.065
0.065
0.065
0.065
0.065
0.062
0.065
0.065
0.065
0.065
0.065
0.063
0.065
0.065
0.065
0.065
0.065
0.063
0.065
0.065
0.065
0.065
0.061
0.065
0.065
0.065
0.063
0.065
0.065
0.065
0.065
0.065
0.065
0.065
0.065
0.065
0.065
0.065
0.065
0.065
0.065
0.062
0.062
0.065
0.062
0.065
0.065
0.065
0.065
0.064
0.065
0.065
0.065
0.065
0.062
0.065
0.054
0.065
0.065
0.065
0.065
0.065
0.065
0.065
0.065
0.052
0.065
0.065
0.063
0.065
0.065
0.065
0.065
0.065
0.058
0.065
0.065
0.065
0.065
0.065
0.065
0.065
0.065
0.065
0.065
0.065
0.053
0.065
0.065
0.065
0.065
0.061
0.065
0.065
0.065
0.065
0.065
0.065
0.062
0.065
0.065
0.065
0.065
0.065
0.065
0.065
0.065
0.065
0.065
0.065
0.065
0.065
0.065
0.065
0.065
0.065
0.047
0.052
0.065
0.065
0.065
0.065
0.065
0.065
0.065
0.064
0.065
0.065
0.065
0.065
0.065
0.061
0.065
0.065
0.058
0.065
0.065
0.064
0.065
0.065
0.062
0.058
0.058
0.057
0.058
0.058
0.058
0.058
0.058
0.056
0.058
0.058
0.058
0.058
0.059
0.058
0.058
0.058
0.056
0.058
0.058
0.058
0.058
0.058
0.058
0.058
0.058
0.056
0.058
0.058
0.058
0.058
0.058
0.058
0.058
0.059
0.059
0.057
0.059
0.058
0.058
0.058
0.059
0.058
0.058
0.056
0.058
0.058
0.058
0.058
0.058
0.058
0.058
0.059
0.058
0.059
0.058
0.058
0.058
-1.053
0.054
0.058
0.059
0.056
0.058
0.058
0.058
0.058
0.058
0.058
0.058
0.058
0.056
0.058
0.059
0.058
0.058
0.058
0.057
0.058
0.058
0.058
0.058
0.058
0.058
0.059
0.058
0.059
0.058
0.058
0.058
0.058
0.058
0.057
0.059
0.058
0.058
0.058
0.058
0.057
0.065
0.065
0.065
0.065
0.065
0.065
0.065
0.065
0.065
0.065
0.065
0.065
0.065
0.065
0.065
0.065
0.062
0.065
0.065
0.065
0.065
0.065
0.065
0.065
0.065
0.065
0.065
0.065
0.065
0.065
0.054
0.065
0.054
0.065
0.065
0.064
0.064
0.065
0.065
0.065
0.065
0.065
0.065
0.065
0.062
0.065
0.065
0.065
0.065
0.065
0.065
0.065
0.065
0.065
0.062
0.065
0.065
0.065
0.065
0.065
0.065
0.065
0.065
0.065
0.065
0.061
0.065
0.065
0.065
0.065
0.065
0.064
0.065
0.065
0.065
0.065
0.065
0.065
0.065
0.065
0.065
0.065
0.065
0.065
0.065
0.065
0.063
0.064
0.065
0.065
0.065
0.065
0.065
0.065
0.065
0.065
0.065
0.065
0.065
0.065
0.065
0.065
0.065
0.065
0.062
0.065
0.065
0.050
0.065
0.065
0.064
0.065
0.065
0.062
0.065
0.065
0.061
0.065
0.065
0.065
-0.271
-0.271
-0.271
-0.271
-0.271
-0.271
0.065
0.061
0.047
0.047
0.047
0.061
0.047
0.065
0.047
0.047
-1.683
0.064
0.065
-1.683
0.061
0.065
0.065
0.061
0.065
0.065
0.047
0.047
0.047
-1.701
0.047
0.061
-2.284
0.065
0.047
0.061
0.047
0.065
0.047
0.065
0.065
0.047
0.047
0.047
0.047
0.046
0.065
0.065
0.065
0.061
0.047
0.047
0.061
0.061
0.060
0.061
0.065
0.047
0.047
0.047
0.065
0.065
0.047
0.047
0.047
0.061
0.047
0.065
0.065
0.047
0.065
0.065
-1.204
-1.204
-1.205
0.065
0.065
0.065
0.065
0.065
0.048
0.065
0.065
0.065
0.065
0.065
0.064
0.065
0.065
0.065
0.065
0.065
0.065
0.064
0.065
0.054
0.065
0.065
0.065
0.065
0.065
0.065
0.065
0.062
0.064
0.065
0.065
0.065
0.065
0.065
0.064
0.065
0.065
0.047
0.065
0.065
0.065
0.065
0.065
0.062
0.065
0.065
0.065
0.065
0.065
0.065
0.065
0.065
0.065
0.065
0.065
0.061
0.065
0.065
0.065
0.065
0.065
0.062
0.065
0.065
0.064
0.065
0.065
0.065
0.065
0.065
0.064
0.065
0.065
0.065
0.065
0.065
0.053
0.065
0.065
0.065
0.065
0.065
0.063
0.065
0.065
0.065
0.065
0.065
0.062
0.065
0.065
0.065
0.065
0.065
0.064
0.065
0.065
0.065
0.065
0.065
0.060
0.065
0.065
0.065
0.065
0.065
0.065
0.058
0.058
0.058
0.058
0.058
0.058
0.058
0.059
0.054
0.058
0.058
0.051
0.058
0.059
0.059
0.058
0.059
0.058
0.058
0.058
0.058
0.058
0.058
0.058
0.058
0.059
0.058
0.059
0.059
0.058
0.058
0.058
0.058
0.058
0.058
0.056
0.058
0.058
0.058
0.058
0.059
0.057
0.059
0.058
0.059
0.058
0.058
0.058
0.058
0.058
0.058
0.057
-1.053
0.058
0.052
0.059
0.058
0.058
0.058
0.058
0.058
0.058
0.058
0.054
0.054
0.054
0.054
0.054
0.054
0.054
0.054
0.054
0.054
0.054
0.054
0.054
0.054
0.054
0.054
0.054
0.054
0.054
0.054
0.054
0.054
0.054
0.054
0.054
0.054
0.050
0.054
0.054
0.054
0.054
0.054
0.054
0.054
0.054
0.054
0.054
0.054
0.038
0.054
0.054
0.054
0.054
0.054
0.054
0.054
0.054
0.054
0.054
0.054
0.054
0.054
0.054
0.058
0.058
0.058
0.058
0.058
0.058
0.058
0.058
0.059
0.057
0.058
0.058
0.058
0.058
0.058
0.057
0.058
0.058
0.058
0.059
0.058
0.058
0.058
0.059
0.057
0.058
0.058
0.057
0.058
0.058
0.058
0.059
0.058
0.058
0.058
0.065
0.065
0.065
0.065
0.065
0.065
0.065
0.065
0.065
0.065
0.065
0.065
0.065
0.060
0.064
0.065
0.061
0.065
0.065
0.065
0.065
0.065
0.065
0.059
0.065
0.065
0.065
0.065
0.065
0.065
0.065
0.065
0.065
0.065
0.065
0.065
0.065
0.065
0.065
0.065
0.060
0.065
0.065
0.065
0.065
0.065
0.061
0.065
0.065
0.062
0.065
0.065
0.064
0.064
0.064
0.063
0.065
0.065
0.065
0.065
0.065
0.065
0.065
0.065
0.065
0.065
0.065
0.065
0.065
0.065
0.064
0.065
0.065
0.065
0.065
0.065
0.065
0.065
0.065
0.065
0.065
0.065
0.065
0.065
0.065
0.065
0.065
0.065
0.065
0.065
0.065
0.065
0.065
0.065
0.064
0.065
0.065
0.060
0.065
0.065
0.065
0.065
0.065
0.065
0.065
0.065
0.054
0.065
0.065
0.065
0.065
0.065
0.065
0.065
0.065
0.065
0.065
0.065
0.065
0.065
0.065
0.065
0.065
0.065
0.059
0.065
0.065
0.065
0.065
0.065
0.065
0.065
0.065
0.065
0.065
0.065
0.065
0.065
0.065
0.065
0.065
0.065
0.065
0.065
0.065
0.065
0.065
0.065
0.065
0.065
0.065
0.061
0.065
0.065
0.065
0.065
0.065
0.064
0.065
0.065
0.065
0.065
0.065
-2.819
0.065
0.065
0.065
0.065
0.065
0.065
0.065
0.065
0.054
0.065
0.065
0.065
0.065
0.065
0.065
0.065
0.065
0.062
0.065
0.065
0.064
0.065
0.065
0.062
0.065
0.065
0.065
0.065
0.065
0.065
0.065
0.065
0.065
0.065
0.065
0.065
0.062
0.065
0.065
0.065
0.065
0.061
0.065
0.065
0.062
0.065
0.065
0.062
0.065
0.065
0.059
0.065
0.065
0.064
0.065
0.065
0.065
0.065
0.065
0.062
0.065
0.065
0.065
0.065
0.065
0.065
0.065
0.065
0.062
0.065
0.065
0.065
0.065
0.065
0.065
0.065
0.065
0.065
0.065
0.065
0.064
0.065
0.065
0.065
0.065
0.065
0.065
0.065
0.065
0.065
0.065
0.065
0.065
0.065
0.065
0.065
0.065
0.065
0.064
0.065
0.065
0.065
0.065
0.065
0.065
0.065
0.065
0.065
0.065
0.065
0.061
0.054
0.065
0.062
0.065
0.065
0.061
0.065
0.065
0.065
0.065
0.065
0.065
0.065
0.065
0.065
0.065
0.065
0.065
0.065
0.065
0.065
0.065
0.065
0.065
0.065
0.065
0.065
0.065
0.065
0.065
0.065
0.065
0.065
0.065
0.065
0.065
0.065
0.065
0.065
0.065
0.065
0.065
0.065
0.065
0.062
0.065
0.065
0.065
0.064
0.065
0.064
0.065
0.065
0.062
0.064
0.065
0.053
0.065
0.065
0.065
0.065
0.065
0.065
0.065
0.065
0.065
0.065
0.065
0.062
0.065
0.065
0.065
0.065
0.065
0.065
0.065
0.065
0.061
0.065
0.065
0.065
0.065
0.065
0.065
0.065
0.065
0.065
0.065
0.065
0.065
0.053
0.065
0.065
0.065
0.065
0.062
0.065
0.065
0.065
0.065
0.065
0.065
0.065
0.065
0.062
0.065
0.065
0.065
0.000
0.000
0.000
0.000
0.000
0.000
0.000
0.000
0.000
-2.494
-2.502
-4.092
-2.977
-2.972
-4.961
0.065
0.065
0.061
0.065
0.065
0.063
0.065
0.065
0.063
0.065
0.065
0.064
0.065
0.065
0.060
0.065
0.065
0.065
0.065
0.065
0.064
0.065
0.065
0.065
0.065
0.065
0.065
0.065
0.065
0.065
0.065
0.065
0.059
0.065
0.065
0.065
0.065
0.065
0.065
0.065
0.065
0.062
0.065
0.065
0.062
0.065
0.065
0.063
0.065
0.065
0.062
0.065
0.065
0.065
0.065
0.065
0.065
0.065
0.065
0.065
0.065
0.065
0.065
0.065
0.065
0.065
0.065
0.065
0.065
