fixedStep chrom=ENSGT00390000017379 start=1 step=1
-0.947
-0.945
-0.947
-0.947
-0.947
-1.171
-0.945
-0.947
-1.078
0.069
0.077
0.073
-0.795
-2.080
-0.795
0.077
0.072
-1.432
0.075
0.072
0.063
0.077
0.077
0.072
0.077
-0.795
-0.795
0.077
0.077
0.077
0.077
0.077
0.074
-0.795
0.077
-2.715
0.072
0.077
0.074
0.063
0.063
0.058
0.063
0.062
-1.871
0.063
0.063
0.060
0.063
0.063
0.060
0.063
0.063
-2.685
0.052
0.063
0.063
0.063
0.063
0.052
0.063
0.063
0.051
0.063
0.052
0.063
0.063
0.052
0.060
-1.154
-1.152
-1.154
0.063
0.063
0.058
0.063
0.063
0.052
0.063
0.058
0.063
0.063
0.063
0.060
0.058
0.063
0.063
0.063
0.063
0.063
0.063
0.063
0.063
-0.081
-0.081
-0.081
0.063
0.063
0.062
0.063
0.063
0.063
0.063
0.063
0.063
0.063
0.063
0.063
0.063
0.063
0.063
0.000
0.000
0.000
0.000
0.000
0.000
0.000
0.000
0.000
0.000
0.000
0.000
0.000
0.000
0.000
0.000
0.000
0.000
0.063
0.063
0.056
0.063
0.063
0.058
0.059
0.063
0.063
0.063
0.063
-2.410
0.063
0.063
0.063
0.063
0.063
0.063
0.063
0.063
0.063
0.063
0.063
0.063
0.063
0.063
0.063
0.063
0.063
0.063
0.063
0.063
0.063
0.063
0.063
0.063
0.063
0.063
-1.896
0.063
0.063
0.063
0.063
0.063
0.060
0.063
0.063
0.063
0.063
0.063
0.060
0.063
0.063
0.051
-0.947
-0.947
-0.947
-0.947
-1.780
-0.947
-0.947
-1.175
-0.947
-0.947
-0.947
-0.947
-0.947
-0.947
-1.178
-0.947
-0.947
-1.174
0.063
0.063
0.063
0.063
0.063
0.058
0.063
0.063
0.063
0.063
0.063
0.063
0.063
0.063
0.063
0.063
0.063
0.063
0.063
0.063
0.063
0.063
0.063
0.063
0.063
0.063
0.063
0.063
0.063
0.063
0.063
0.063
0.063
0.063
0.063
-1.038
0.063
0.063
0.063
0.063
0.063
0.063
0.063
0.063
0.077
0.077
0.078
0.077
0.077
0.077
0.077
0.077
0.077
0.074
0.077
0.077
0.077
0.077
0.077
0.072
0.077
0.077
0.063
0.077
0.077
-2.145
0.074
0.078
0.077
0.077
0.077
0.077
0.077
0.077
0.077
0.077
0.077
0.077
0.077
0.078
0.077
0.077
0.077
0.068
0.077
0.077
0.077
0.077
0.078
0.077
0.077
0.077
0.077
0.060
0.076
0.077
0.077
0.077
0.077
0.078
0.078
0.077
0.077
0.077
0.077
0.077
0.077
0.077
0.077
0.078
0.077
0.077
0.077
0.069
0.077
0.077
0.075
0.077
0.078
0.077
0.077
0.078
0.074
0.077
0.077
0.077
0.077
0.077
0.077
0.075
0.078
0.077
0.077
0.077
0.075
0.077
0.077
0.077
0.077
0.078
0.077
0.077
0.077
0.077
0.074
0.078
0.077
0.077
0.077
0.077
0.077
0.077
0.077
0.077
0.077
0.076
0.077
0.077
0.077
0.077
0.077
0.077
0.077
0.077
0.077
0.077
0.060
0.077
0.077
0.060
0.077
0.077
0.078
0.077
0.077
0.077
0.074
0.077
0.077
0.077
0.077
0.078
0.077
0.077
0.077
0.077
0.077
0.077
0.070
0.077
0.077
0.077
0.077
0.078
0.077
0.077
0.077
0.077
0.077
0.077
0.077
0.077
0.077
0.077
0.077
0.077
0.073
0.077
0.077
0.069
0.077
0.078
0.076
0.077
0.078
0.077
0.077
0.077
0.076
0.077
0.077
0.077
0.078
0.077
0.077
0.077
0.077
0.077
0.077
0.077
0.074
0.077
0.078
0.077
0.078
0.077
0.077
0.077
0.078
0.077
0.078
0.078
0.075
0.077
0.077
0.077
0.077
0.078
0.077
0.077
0.077
0.076
0.077
0.077
0.077
0.077
0.077
0.077
