fixedStep chrom=ENSGT00390000008948 start=1 step=1
0.082
0.082
0.082
0.074
0.082
0.076
0.082
0.076
0.082
0.076
0.082
0.065
0.082
0.082
0.073
0.082
0.082
0.057
0.082
0.082
0.078
0.082
0.082
0.082
0.065
0.082
0.082
0.082
0.082
0.082
0.082
0.082
0.065
0.082
0.082
0.081
0.082
0.082
0.065
0.078
0.082
0.065
0.077
0.082
0.075
0.082
0.082
0.082
0.082
0.082
0.082
0.082
0.082
0.082
0.082
0.078
0.082
0.082
0.082
0.082
0.077
0.082
0.074
0.082
0.082
0.065
0.082
0.082
0.081
0.078
0.082
0.082
0.082
0.082
0.082
0.057
0.082
0.080
0.082
0.082
0.082
0.081
0.082
0.076
0.082
0.082
0.082
0.078
0.082
0.082
0.082
0.082
0.082
0.082
0.082
0.082
0.082
0.082
0.076
0.078
0.082
0.082
0.082
0.082
0.082
0.065
0.082
0.082
0.058
0.082
0.082
0.082
0.078
0.082
0.082
0.082
0.082
0.082
-1.627
0.073
-1.105
-0.944
-0.943
-0.943
-0.944
-1.707
-1.126
-0.944
-0.943
-0.976
-0.945
-0.944
0.081
0.082
0.082
0.078
0.082
0.080
0.082
0.082
0.082
0.078
0.065
0.076
0.082
0.082
-1.278
0.082
0.082
0.079
0.057
0.082
0.082
0.076
0.082
0.073
0.082
0.082
0.082
0.078
0.065
0.057
0.065
0.082
0.082
0.082
0.082
0.076
-0.945
-1.102
-1.289
0.078
0.081
0.082
0.082
0.082
0.082
0.082
-1.510
0.078
0.082
0.082
-3.897
0.078
0.080
0.082
0.080
0.082
0.076
0.082
0.082
0.082
0.082
0.076
0.078
0.082
0.082
0.082
0.080
0.065
0.082
0.076
0.078
0.082
0.078
0.082
0.082
0.082
0.082
0.080
0.082
0.082
0.078
0.082
0.082
0.077
0.074
0.082
0.082
0.082
0.082
0.082
0.082
0.082
0.082
0.082
0.082
0.079
0.082
0.082
0.082
0.082
0.076
0.078
0.076
0.057
0.056
0.082
0.082
0.076
-1.472
0.082
0.082
0.082
0.076
0.082
0.082
0.082
0.082
0.082
0.082
0.082
0.082
0.082
0.082
0.082
0.078
0.076
0.076
0.082
0.078
0.078
0.082
0.057
-1.632
0.080
0.082
0.081
0.081
0.075
0.082
0.082
0.082
0.079
0.082
0.078
0.082
0.082
0.082
0.078
0.082
0.082
0.082
0.082
0.077
0.082
0.082
0.082
0.082
0.082
0.076
0.057
0.079
0.082
0.082
0.082
0.082
-1.435
0.082
0.071
0.082
0.078
0.081
0.082
0.082
0.078
0.082
0.082
0.080
0.082
0.082
0.082
0.078
0.082
0.078
0.082
0.082
0.076
0.078
0.082
0.057
0.082
0.082
0.078
0.082
0.082
0.082
0.082
0.082
0.076
0.082
0.082
0.082
0.076
0.082
0.082
0.082
0.082
0.082
0.082
0.078
0.082
0.082
0.082
0.082
0.082
0.082
0.082
0.078
0.082
0.078
0.078
0.057
0.082
0.082
0.065
0.082
0.077
-2.111
0.082
0.082
0.082
0.082
0.075
0.081
0.079
0.082
0.060
0.082
0.082
0.082
0.082
0.076
0.058
0.082
0.082
-1.482
0.076
0.082
0.082
0.076
0.082
0.082
0.082
0.057
0.082
0.082
0.082
0.082
0.076
0.078
0.082
0.082
0.065
0.082
0.077
0.057
0.082
-1.750
0.080
0.082
0.076
0.082
0.078
0.065
0.082
0.082
0.081
0.082
-1.457
0.073
0.082
0.082
0.082
0.082
0.082
0.078
0.078
0.082
0.082
0.082
0.082
0.082
0.082
0.082
0.078
0.076
0.082
0.082
0.082
0.082
0.082
0.065
0.081
0.074
0.082
0.082
0.082
0.082
0.082
0.082
0.082
0.079
0.080
0.082
0.081
0.082
0.082
0.082
0.082
0.082
0.080
-1.629
0.057
0.082
0.082
0.082
0.078
0.082
0.082
0.082
0.078
0.079
0.082
0.082
0.082
0.076
0.082
-1.593
0.082
0.082
0.082
0.081
0.073
0.082
0.082
0.082
0.082
0.082
0.082
0.082
0.082
0.065
0.082
0.080
0.078
-1.518
0.082
0.082
0.081
0.082
0.082
0.082
0.082
0.082
0.082
0.078
0.082
0.082
0.059
0.076
0.076
0.082
0.082
0.076
0.065
0.080
-2.772
-1.696
-1.696
-2.260
-1.712
-2.191
-1.712
-1.712
-2.149
-1.714
-1.696
-1.714
0.082
0.082
0.065
0.082
0.082
0.082
0.082
-2.102
0.082
0.082
-1.632
0.082
0.082
0.082
0.082
0.082
0.078
0.078
0.082
0.082
0.082
0.082
0.082
0.078
0.082
0.082
0.080
0.082
0.076
0.076
0.077
0.082
0.079
0.082
0.082
0.082
0.073
-2.176
0.082
0.082
0.076
0.078
0.071
0.074
0.071
0.082
0.082
0.082
0.082
0.078
0.064
0.076
0.082
0.082
0.082
0.082
0.082
0.078
0.082
0.082
0.076
0.076
0.078
0.078
0.082
0.082
0.082
0.082
0.082
0.082
0.082
0.076
0.082
0.078
0.082
0.078
0.082
0.065
0.082
0.076
0.056
0.082
0.076
0.082
0.076
0.082
0.082
0.082
0.082
0.076
0.076
0.082
0.082
0.082
0.078
0.082
0.082
0.082
0.080
0.057
0.082
0.082
0.082
0.082
0.082
0.082
0.082
0.082
0.078
0.078
0.082
0.076
0.077
0.082
0.078
0.082
0.082
0.082
0.082
0.082
0.082
0.082
0.082
0.074
0.078
0.082
0.065
0.082
0.082
0.082
0.082
0.080
0.082
0.082
0.082
0.082
0.082
0.082
0.078
0.076
0.073
0.082
0.082
0.082
0.082
0.082
0.082
0.068
0.076
0.082
0.082
0.082
0.082
0.082
0.082
0.082
0.082
0.082
0.082
0.082
0.078
0.065
0.082
0.082
0.082
0.082
0.076
0.075
0.082
0.076
0.078
0.082
0.081
0.057
0.078
0.078
0.082
0.081
0.078
0.082
0.082
0.077
0.082
0.078
0.082
0.065
0.082
0.082
0.082
0.078
0.082
0.078
0.082
0.082
0.065
0.078
0.082
0.082
0.082
0.082
0.082
0.082
0.082
0.082
0.082
0.082
0.078
0.082
0.082
0.082
0.082
0.082
0.082
0.082
0.082
0.076
0.057
0.057
0.078
0.082
0.082
0.078
0.082
0.082
0.082
0.082
0.082
0.079
0.082
0.082
0.082
0.078
0.082
0.082
0.082
0.082
0.082
0.065
0.082
0.082
0.082
0.082
0.082
0.082
0.078
0.076
0.082
0.082
0.082
0.082
0.082
0.082
0.082
0.078
0.076
0.082
0.082
0.082
0.082
0.078
0.082
0.082
0.082
0.082
0.082
0.082
0.082
0.082
0.082
0.060
0.082
0.082
0.057
0.082
0.082
0.076
0.082
0.082
0.082
0.082
0.082
0.082
0.082
0.082
0.082
0.082
0.082
0.082
0.082
0.082
0.065
0.082
0.082
0.082
0.082
0.082
0.065
0.082
0.082
0.082
0.082
0.082
0.082
0.082
0.082
0.082
0.082
0.082
0.082
0.082
0.082
0.057
0.082
0.082
0.082
0.082
0.082
0.082
0.065
0.082
0.078
0.077
-1.424
0.082
0.082
0.082
0.081
0.082
0.082
0.082
0.082
0.082
0.075
0.082
0.082
0.082
0.082
0.082
0.076
0.082
0.065
0.078
0.070
0.082
0.082
0.082
0.065
0.076
0.082
0.065
0.075
0.082
0.057
0.082
0.082
0.082
0.082
0.082
0.082
0.078
0.057
0.065
0.082
0.082
0.082
0.065
0.082
0.082
0.082
0.082
0.078
0.082
0.082
0.082
0.058
0.082
0.081
0.056
0.082
0.082
0.082
0.076
0.082
0.078
0.082
0.082
0.078
0.076
0.082
0.078
0.082
0.082
0.082
0.082
0.082
0.078
0.082
0.082
0.082
0.082
0.082
0.082
0.082
0.082
0.061
0.082
0.082
0.079
0.078
0.082
0.064
0.082
0.082
0.082
0.082
0.082
0.082
0.071
0.082
0.082
0.082
0.082
0.082
0.082
0.057
0.075
0.073
0.082
0.082
0.079
0.082
0.082
0.077
0.082
0.076
0.070
0.081
0.082
0.082
0.076
0.082
0.082
0.079
0.065
0.082
0.082
0.078
0.082
0.082
0.082
0.082
0.082
0.081
0.076
0.082
0.082
0.082
0.082
0.082
0.082
0.082
0.057
0.082
0.082
0.000
0.000
0.000
0.000
