fixedStep chrom=ENSGT00440000033841 start=1 step=1
0.108
0.109
0.108
0.108
0.100
0.108
0.101
-0.533
0.100
0.108
0.109
0.108
0.100
0.108
0.106
0.108
0.108
-0.592
0.100
0.109
-1.126
0.108
0.101
0.101
0.108
0.109
0.100
0.101
0.109
0.101
0.108
0.109
0.100
-0.591
0.108
0.101
0.101
0.109
0.082
0.100
0.108
0.082
0.108
0.101
0.109
-0.551
0.108
0.101
0.101
0.082
0.101
-0.558
-0.551
0.109
0.108
0.108
0.109
0.108
0.108
0.108
0.108
0.108
0.106
0.108
0.108
-1.055
0.108
0.108
0.108
0.108
0.108
-0.591
0.107
-1.119
0.101
0.109
0.108
-0.591
0.108
0.109
0.108
0.108
0.108
-1.118
0.074
-0.558
-1.696
-1.077
0.082
0.107
0.108
0.108
0.108
0.108
0.100
0.108
-2.129
0.101
0.101
-0.599
-0.553
-0.533
0.108
0.101
-1.126
-0.592
0.108
0.108
-1.616
0.109
0.100
-0.553
0.108
0.101
0.109
0.108
0.109
0.108
0.106
0.101
0.108
0.108
0.108
-0.533
-0.553
0.101
0.106
-0.553
-0.591
0.108
0.109
0.101
0.100
-0.558
0.109
0.100
-0.558
0.108
0.108
-2.414
0.109
0.108
0.108
0.084
0.109
0.108
0.100
0.107
0.109
-1.132
-1.111
-0.901
-0.534
0.109
0.108
0.108
0.109
0.107
0.100
0.108
0.100
0.108
0.108
0.108
0.108
-1.282
0.109
0.109
0.108
0.082
0.108
-0.533
-1.028
0.108
0.106
0.108
0.100
0.108
0.108
-1.126
0.108
0.108
0.108
-0.591
0.100
0.100
0.109
-0.551
0.101
0.098
0.109
-1.119
0.108
0.109
0.109
0.108
0.108
-0.533
0.108
0.108
-0.533
0.101
-0.533
-1.286
0.108
-0.592
0.100
0.106
-1.080
-0.553
0.108
0.108
0.099
0.106
0.084
-1.135
0.106
-1.054
-0.553
0.108
0.108
0.101
0.100
0.095
0.108
0.100
0.109
0.108
0.108
0.108
0.108
0.109
0.108
0.101
0.106
0.109
0.108
-1.153
0.101
-1.119
0.108
0.109
0.108
-1.080
0.108
0.077
0.106
-0.553
-0.934
0.108
0.108
0.108
0.108
0.108
0.108
0.108
0.108
0.108
0.109
0.108
0.108
0.108
0.108
0.101
0.108
0.108
0.101
0.101
0.109
0.108
0.108
-0.534
0.108
0.108
0.109
0.108
0.108
-0.591
0.108
0.108
0.101
-1.078
0.108
0.101
0.106
0.088
0.108
0.082
0.101
0.109
0.108
0.108
0.108
-1.023
0.108
0.108
0.101
0.101
0.108
0.109
0.108
0.108
0.109
0.108
0.109
0.108
0.109
0.108
0.108
0.109
0.108
0.101
0.109
0.108
0.108
-0.553
0.109
0.108
-1.641
-1.141
-1.907
-2.252
-2.268
0.000
0.000
0.000
0.000
0.000
0.000
0.000
