fixedStep chrom=ENSGT00390000009781 start=1 step=1
0.057
0.057
0.057
0.057
0.057
-1.114
0.057
0.057
0.057
-1.118
0.057
0.057
0.055
0.057
0.057
0.052
0.057
0.057
0.057
0.057
0.057
0.057
-1.116
0.057
0.057
0.057
0.057
0.057
0.057
0.057
0.057
0.057
0.055
0.057
0.057
0.057
0.057
0.057
0.052
0.057
0.046
0.057
0.057
0.057
0.057
0.057
0.057
0.057
0.057
0.057
0.057
0.052
0.052
0.057
0.057
0.057
0.057
0.057
0.057
0.053
0.057
0.057
0.057
0.057
0.057
0.057
0.051
0.057
0.057
0.057
0.057
0.057
0.057
0.057
0.057
0.057
0.057
0.057
0.057
0.057
0.057
0.057
0.057
0.057
0.057
0.057
0.057
0.057
0.055
0.057
0.057
0.057
0.057
0.057
0.057
0.057
0.057
0.057
0.052
0.057
0.057
0.057
0.057
0.057
0.057
0.057
0.057
0.057
0.057
0.057
0.057
0.057
0.052
0.057
0.055
0.057
0.057
0.054
0.056
0.056
0.052
0.056
0.057
