fixedStep chrom=ENSGT00550000074917 start=1 step=1
0.064
0.064
0.064
0.064
0.064
0.064
0.064
0.064
0.064
0.064
0.064
0.064
0.061
0.064
0.058
0.064
0.064
0.064
0.064
0.064
0.064
0.064
0.064
0.048
0.064
0.064
0.063
0.064
0.064
0.061
0.064
0.064
0.064
0.064
0.064
0.062
0.064
0.064
0.061
0.063
0.064
0.060
0.064
0.063
0.063
0.050
0.064
0.064
0.064
0.048
0.064
0.064
0.064
0.064
0.064
0.064
0.057
-0.467
-0.466
-0.459
0.064
0.064
0.064
0.064
0.064
0.064
0.064
0.064
0.064
0.064
0.064
0.052
0.064
0.064
0.064
0.064
0.063
0.056
0.064
0.064
0.063
0.064
0.064
0.064
0.064
0.064
0.063
0.064
0.064
0.064
0.064
0.064
0.052
0.064
0.064
0.062
0.064
0.064
0.064
0.064
0.064
0.064
0.064
0.064
0.064
0.064
0.064
0.064
0.064
0.064
0.061
0.064
0.064
0.063
0.064
0.064
0.064
0.064
0.064
0.064
0.064
0.064
0.064
0.064
0.064
0.062
0.064
0.064
0.064
0.064
0.064
0.064
0.064
0.064
0.064
0.064
0.064
0.059
0.064
0.064
0.064
0.064
0.064
0.064
0.064
0.060
0.064
0.064
0.064
0.064
0.064
0.064
0.064
0.064
0.064
0.064
0.064
0.064
0.064
0.064
0.064
0.064
0.064
0.064
0.061
0.064
0.064
0.064
0.064
0.064
0.051
0.064
0.064
0.064
0.064
0.064
0.056
0.064
0.064
0.052
0.064
0.064
0.064
0.064
0.064
0.061
0.064
0.064
0.050
0.064
0.064
0.064
0.064
0.064
0.063
0.064
0.064
0.064
0.064
0.064
0.064
0.064
0.064
0.064
0.064
0.064
0.064
0.064
0.064
0.055
0.064
0.064
0.063
0.064
0.064
0.063
0.064
0.064
0.064
0.064
0.064
0.064
0.064
0.064
0.056
0.064
0.064
0.064
0.064
0.064
0.064
-1.464
-1.469
-1.508
0.064
0.064
0.060
0.064
0.064
0.063
0.064
0.064
0.064
0.064
0.064
0.064
0.064
0.064
0.062
0.064
0.064
0.064
0.064
0.064
0.064
0.064
0.064
0.052
0.064
0.064
0.061
0.064
0.064
0.064
0.064
0.064
0.064
0.064
0.064
0.063
0.064
0.064
0.064
0.064
0.064
0.052
0.064
0.064
0.064
0.064
0.064
0.064
0.064
0.064
0.064
0.064
0.064
0.063
0.064
0.064
0.064
0.064
0.064
0.055
0.056
0.056
0.056
0.056
0.056
0.056
0.056
0.056
0.056
0.056
0.056
0.055
0.046
0.056
0.053
0.056
0.054
0.056
0.056
0.056
0.056
0.056
0.056
0.048
0.056
0.056
0.056
0.056
0.064
0.064
0.064
0.064
0.064
0.064
0.064
0.064
0.064
0.064
0.064
0.064
0.064
0.059
0.064
0.064
0.064
0.064
0.064
0.064
0.064
0.064
0.064
0.064
0.064
0.064
0.064
0.064
0.064
0.064
0.064
0.064
0.064
0.064
0.048
0.061
0.064
0.064
0.064
0.064
0.064
0.064
0.064
0.061
0.064
0.064
0.064
0.064
0.064
0.064
0.064
0.064
0.064
0.064
0.064
0.061
0.064
0.064
0.064
0.064
0.064
0.048
0.064
0.064
0.062
0.064
0.064
0.064
0.064
0.064
0.064
0.064
0.064
0.059
0.064
0.064
0.063
0.064
0.064
0.064
0.064
0.064
0.064
0.064
0.064
0.064
0.064
0.064
0.048
0.064
0.064
0.056
-0.914
-0.914
-0.914
-0.914
-0.914
-0.914
0.064
0.064
0.064
0.064
0.064
0.062
0.064
0.061
0.060
0.064
0.064
0.064
0.064
0.064
0.058
0.064
0.064
0.064
0.064
0.064
0.064
0.064
0.064
0.064
0.064
0.064
0.064
0.064
0.064
0.062
0.064
0.064
0.062
0.059
0.064
0.061
0.064
0.064
0.061
0.064
0.064
0.062
0.064
0.064
0.064
0.064
0.064
0.064
0.064
0.064
0.064
0.064
0.064
0.064
0.064
0.064
0.062
0.064
0.064
0.064
0.064
0.064
0.064
0.064
0.064
0.064
0.064
0.064
0.061
0.064
0.064
0.064
0.064
0.064
0.064
0.064
0.064
0.064
0.064
0.064
0.064
0.064
0.064
0.061
0.064
0.064
0.064
0.064
0.064
0.064
0.064
0.064
0.059
0.064
0.064
0.063
0.064
0.064
0.064
0.064
0.064
0.063
0.064
0.064
0.064
0.064
0.064
0.061
0.064
0.064
0.064
0.064
0.064
0.064
0.064
0.064
0.061
0.064
0.064
0.064
0.064
0.064
0.063
0.064
0.064
0.063
0.064
0.064
0.061
0.064
0.064
0.064
0.064
0.064
0.064
0.064
0.064
0.061
0.064
0.064
0.064
0.064
0.064
0.064
0.064
0.064
0.064
0.064
0.064
0.062
0.064
0.064
0.061
0.064
0.064
0.063
0.064
0.064
0.064
0.064
0.064
0.064
0.064
0.064
0.057
0.064
0.064
0.064
0.064
0.064
0.064
0.064
0.064
0.064
0.064
0.064
0.064
0.064
0.064
0.061
0.064
0.064
0.064
0.064
0.064
0.061
0.064
0.064
0.064
0.064
0.064
0.064
0.064
0.064
0.064
0.064
0.064
0.064
0.064
0.064
0.064
0.064
0.064
0.064
0.064
0.064
0.064
0.064
0.064
0.064
0.064
0.064
0.064
0.064
0.064
0.064
0.064
0.064
0.064
0.064
0.064
0.064
0.059
0.064
0.064
0.061
0.064
0.064
0.064
0.064
0.064
0.061
0.064
0.058
0.064
0.064
0.064
0.064
0.062
0.061
0.064
0.064
0.064
0.064
0.064
0.061
0.064
0.064
0.064
0.056
0.064
0.064
0.064
0.064
0.064
0.064
0.064
0.063
0.063
0.058
0.064
0.064
0.064
0.064
0.064
0.056
0.064
0.064
0.064
0.064
0.056
0.064
0.064
0.064
0.064
0.064
0.064
0.064
0.064
0.064
0.064
0.064
0.064
0.064
0.062
0.064
0.064
0.064
0.064
0.064
0.064
0.064
0.064
0.064
0.064
0.064
0.064
0.064
0.064
0.061
0.064
0.064
0.064
0.064
0.064
0.064
0.064
0.064
0.064
0.064
0.064
0.064
0.064
0.064
0.064
0.064
0.064
0.054
0.064
0.064
0.064
0.064
0.064
0.064
0.064
0.064
0.063
0.064
0.064
0.063
0.064
0.064
0.064
0.064
0.064
0.064
0.064
0.064
0.056
0.064
0.064
0.064
0.064
0.064
0.062
0.064
0.064
0.052
0.064
0.064
0.062
0.064
0.064
0.061
-1.250
-1.250
-1.250
0.064
0.064
0.062
0.064
0.061
0.063
0.064
0.064
0.064
0.061
0.063
0.064
0.064
0.064
0.064
0.064
0.064
0.063
0.064
0.064
0.064
0.064
0.064
0.064
0.064
0.064
0.064
0.064
0.064
0.064
0.064
0.064
0.064
0.056
0.056
0.056
0.056
0.056
0.056
0.056
0.056
0.056
0.042
0.056
0.056
0.056
0.056
0.056
0.056
-2.069
0.056
0.056
0.056
0.052
0.056
0.056
0.056
0.056
0.056
0.056
0.054
0.056
0.056
0.054
0.056
0.056
0.056
0.056
0.056
0.056
0.056
0.040
0.056
0.056
0.062
0.064
0.064
0.059
0.064
0.064
0.064
0.064
0.064
0.064
0.064
0.061
0.063
0.064
0.064
0.062
0.064
0.048
0.064
0.064
0.062
0.064
0.061
0.064
0.061
0.064
0.064
0.064
0.061
0.064
0.064
0.064
0.064
0.064
0.064
0.064
0.055
0.064
0.064
0.064
0.064
0.061
0.048
0.064
0.064
0.064
0.064
0.064
0.063
0.061
0.052
0.062
0.064
0.064
0.064
0.064
0.064
0.064
0.064
0.064
0.064
0.064
0.064
0.052
0.064
0.064
0.064
0.064
0.064
0.062
0.064
0.064
0.061
0.063
0.064
0.047
0.064
0.064
0.058
0.064
0.062
0.061
0.048
0.064
0.064
0.060
0.064
0.063
0.064
0.064
0.062
0.064
0.064
0.064
0.064
0.064
0.064
0.061
0.064
0.061
0.064
0.064
0.064
0.064
0.064
0.062
0.064
0.064
0.062
0.063
0.064
0.062
-0.810
-0.936
-0.467
0.063
0.064
0.058
0.062
0.064
0.064
0.064
0.064
0.064
0.064
0.064
0.064
0.064
0.064
0.064
0.064
0.064
0.064
0.064
0.064
0.061
0.064
0.064
0.061
0.064
0.064
0.064
0.064
0.064
0.064
0.064
0.064
0.064
0.064
0.064
0.064
0.064
0.064
0.064
0.064
0.064
0.063
0.064
0.064
0.064
0.064
0.060
0.064
0.064
0.064
0.063
0.064
0.064
0.061
0.064
0.064
0.064
0.063
0.064
0.064
0.064
0.064
0.061
0.064
0.064
0.064
0.064
0.064
0.064
0.064
0.064
0.062
0.064
0.064
0.062
0.064
0.064
0.064
0.064
0.064
0.061
0.063
0.064
0.046
0.064
0.064
0.064
0.059
0.064
0.058
0.064
0.064
0.056
0.064
0.064
0.061
0.064
0.064
0.064
0.064
0.064
0.064
0.064
0.064
0.064
0.064
0.064
0.061
0.061
0.064
0.048
0.064
0.064
0.064
0.064
0.064
0.062
0.064
0.064
0.063
0.064
0.064
0.064
0.058
0.064
0.048
0.064
0.064
0.064
0.064
0.064
0.062
0.064
0.064
0.064
