fixedStep chrom=ENSGT00390000006832 start=1 step=1
0.111
0.111
0.110
0.110
0.111
0.111
0.110
0.110
0.111
0.110
0.110
0.111
0.111
0.111
0.102
-1.531
0.106
0.107
0.110
0.107
0.111
0.086
0.107
0.111
0.105
0.106
0.110
0.110
0.099
0.110
0.110
0.111
0.105
-2.476
0.111
0.100
0.110
0.111
0.111
0.111
0.111
0.100
0.111
0.111
0.107
0.093
0.111
0.110
0.107
0.111
0.100
0.110
0.111
0.111
0.110
0.111
0.111
0.111
0.111
0.110
0.106
0.106
0.111
0.099
0.099
0.111
0.110
0.110
0.110
0.093
0.105
0.107
0.111
0.111
0.111
0.110
0.110
0.092
0.109
0.087
0.111
0.111
0.107
0.105
0.111
0.111
0.111
0.110
0.111
0.110
0.111
0.111
0.087
0.087
0.087
0.105
0.110
0.091
0.110
0.087
0.111
0.111
0.110
0.111
0.110
0.110
0.111
0.111
0.106
0.111
0.085
0.085
0.111
0.110
0.110
0.111
0.091
0.111
0.106
0.111
0.106
0.110
0.111
0.111
0.111
0.111
0.111
0.110
0.110
0.085
0.111
0.111
0.111
0.083
0.084
0.100
0.110
0.111
0.110
0.106
0.100
0.106
0.111
0.111
0.111
0.111
-1.551
0.111
0.105
0.110
0.094
0.110
0.106
0.111
0.111
0.105
0.111
0.111
0.110
0.091
0.111
0.110
0.110
0.111
0.105
0.106
-1.649
0.108
0.111
0.111
0.102
0.099
0.111
0.111
0.087
0.105
0.091
0.110
0.110
0.108
0.085
0.111
0.102
0.110
0.111
0.111
0.094
0.091
0.111
0.105
0.105
0.107
0.094
0.111
0.105
0.105
0.096
0.111
0.107
0.111
0.111
0.111
0.110
0.110
-0.776
-0.776
-0.774
-0.776
-0.774
-0.777
-0.860
-0.776
-0.774
-1.283
-0.776
-0.776
-0.776
-0.776
-0.859
-0.776
-0.777
-0.856
0.104
0.111
0.105
0.111
0.111
0.105
0.111
0.105
0.111
0.081
0.085
0.110
0.096
0.096
0.069
-1.502
0.097
0.097
0.097
0.097
0.083
0.097
0.097
0.096
0.097
0.069
0.092
0.091
0.089
0.092
0.097
0.097
0.091
0.097
0.096
0.092
0.097
0.097
0.096
0.092
0.092
0.077
0.097
0.096
0.097
0.096
0.097
-1.418
0.092
0.077
0.092
0.096
0.095
0.097
0.097
0.097
0.097
0.090
0.069
0.077
0.096
0.097
-1.973
0.096
0.092
0.096
0.097
0.091
0.091
-1.472
0.092
0.091
0.097
0.069
0.096
0.096
0.097
0.096
0.097
0.091
0.092
0.089
0.097
0.097
0.096
0.096
0.091
0.097
0.093
0.092
0.097
0.097
0.097
0.097
0.097
0.097
0.090
0.083
0.097
0.097
0.097
0.091
0.077
0.096
-2.013
0.092
0.097
0.074
0.074
0.074
0.088
0.074
0.091
0.074
0.091
0.097
0.075
0.074
0.091
0.097
0.097
0.097
0.091
0.097
0.097
0.092
0.096
0.093
-1.751
0.092
0.097
0.097
0.096
0.091
0.092
0.093
0.092
0.092
0.090
0.097
0.092
0.096
0.097
0.091
0.084
0.097
0.096
0.097
0.092
0.097
0.093
0.096
0.097
0.097
0.097
0.092
0.096
0.097
0.097
0.096
0.091
0.096
0.091
0.097
0.097
0.097
0.097
0.097
0.096
0.084
0.092
0.097
0.097
0.096
0.096
0.097
0.096
0.097
0.097
0.096
0.096
0.097
0.096
0.091
0.097
0.091
0.097
0.097
-1.872
0.097
0.091
0.097
0.097
0.096
0.097
0.097
0.097
0.096
0.111
0.111
0.110
0.087
0.102
0.100
0.078
0.079
0.106
0.106
0.111
0.111
0.111
0.081
0.103
0.100
0.110
0.110
0.111
0.110
0.111
0.108
0.111
0.110
0.085
0.105
0.103
0.110
0.111
0.111
0.111
0.111
0.110
0.110
0.111
0.110
0.110
0.111
0.086
0.111
0.111
0.110
0.100
0.106
0.105
0.107
0.111
0.111
0.111
0.111
0.111
0.111
0.110
0.110
0.111
0.110
0.106
0.111
0.111
0.085
0.111
0.100
0.110
0.110
0.111
0.101
0.102
0.111
0.107
0.087
0.111
0.110
0.094
0.111
0.091
-1.671
0.111
0.111
0.106
0.111
0.105
-3.014
0.111
0.110
0.087
0.111
0.110
0.091
0.105
0.105
0.111
0.111
0.078
0.110
0.111
0.101
0.094
0.110
0.108
0.108
0.108
0.103
0.108
0.107
0.111
0.111
0.110
0.111
0.109
0.111
0.105
0.111
0.110
0.110
0.105
0.111
0.110
0.111
0.110
0.110
0.085
0.111
0.110
0.100
0.106
0.111
0.111
0.111
0.087
