fixedStep chrom=ENSGT00390000015579 start=1 step=1
0.000
0.000
0.000
0.000
0.000
0.000
0.000
0.000
0.000
0.000
0.000
0.000
0.000
0.000
0.000
0.000
0.000
0.000
0.000
0.000
0.000
0.000
0.000
0.000
0.000
0.000
0.000
0.000
0.000
0.000
0.000
0.000
0.000
0.000
0.000
0.000
0.000
0.000
0.000
0.000
0.000
0.000
0.000
0.000
0.000
0.000
0.000
0.000
0.000
0.000
0.000
0.000
0.000
0.000
0.000
0.000
0.000
0.000
0.000
0.000
0.000
0.000
0.000
0.000
0.000
0.000
0.000
0.000
0.000
0.000
0.000
0.000
0.000
0.000
0.000
0.000
0.000
0.000
0.000
0.000
0.000
0.000
0.000
0.000
0.000
0.000
0.000
0.000
0.000
0.000
0.000
0.000
0.000
0.000
0.000
0.000
0.000
0.000
0.000
0.000
0.000
0.000
0.000
0.000
0.000
0.000
0.000
0.000
0.000
0.000
0.000
0.000
0.000
0.000
0.000
0.000
0.000
0.000
0.000
0.000
0.000
0.000
0.000
0.000
0.000
0.000
0.000
0.000
0.000
0.000
0.000
0.000
0.000
0.000
0.000
0.000
0.000
0.000
0.000
0.000
0.000
0.000
0.000
0.000
0.080
0.080
0.080
0.080
0.080
0.074
0.079
0.075
0.066
0.080
0.080
0.080
0.080
0.080
0.080
0.080
0.077
0.080
0.065
0.080
0.080
0.080
0.080
0.076
0.080
0.076
0.080
0.080
0.080
0.077
0.080
0.080
0.065
0.077
0.080
0.080
0.080
0.080
0.080
0.076
0.076
0.075
0.074
0.073
0.078
0.080
0.065
0.080
0.080
0.080
0.075
0.062
0.080
0.080
-1.328
-1.328
-1.328
-2.131
-1.321
-2.136
-1.442
-1.327
-2.103
0.077
0.072
0.080
0.072
0.078
0.062
0.078
0.076
0.077
0.080
0.080
0.080
0.080
0.080
0.077
0.080
0.080
0.080
0.058
0.080
0.080
0.080
0.080
0.080
0.080
0.080
0.080
0.080
0.080
0.075
0.080
0.080
0.080
0.080
0.080
0.076
0.080
0.080
0.080
0.080
0.080
0.073
0.080
0.080
0.080
0.080
0.080
0.076
0.080
0.080
0.080
0.080
0.080
0.080
0.080
0.080
0.080
0.080
0.080
0.077
0.080
0.074
0.076
0.080
0.080
0.080
0.080
0.080
0.077
0.080
0.080
0.075
0.080
0.080
0.070
0.080
0.080
0.076
0.080
0.077
0.068
0.080
0.080
0.080
0.080
0.080
0.080
0.080
0.080
0.077
0.080
0.080
0.080
0.080
0.080
0.076
0.080
0.080
0.080
0.080
0.080
0.080
0.080
0.080
0.080
0.077
0.080
0.077
0.080
0.080
0.078
0.080
0.080
0.080
0.080
0.077
0.080
0.080
0.080
0.078
0.060
0.080
0.080
0.080
0.080
0.080
0.080
0.080
0.077
0.080
0.080
0.065
0.078
0.080
0.080
0.080
0.080
0.080
0.080
0.080
0.078
0.080
0.080
0.080
0.080
0.080
0.080
0.080
0.080
0.080
0.077
0.080
0.080
0.080
0.080
0.076
0.080
0.080
0.080
0.080
0.080
0.080
0.080
0.080
0.079
0.080
0.080
0.080
0.080
0.080
0.067
0.080
0.080
0.080
0.080
0.080
0.077
0.080
0.080
0.080
0.080
0.080
0.079
0.080
0.080
0.080
0.080
0.080
0.080
0.080
0.080
0.077
0.080
0.080
0.080
0.080
0.080
0.077
0.080
0.080
0.080
0.077
0.080
0.062
0.080
0.080
0.079
0.080
0.080
0.080
0.080
0.080
0.080
0.080
0.080
0.080
0.080
0.080
0.080
0.080
0.080
0.076
0.080
0.080
0.076
0.080
0.080
0.075
0.080
0.080
0.077
0.080
0.080
0.080
0.080
0.080
0.080
0.080
0.080
0.080
0.080
0.080
0.068
0.080
0.080
0.080
0.080
0.080
0.080
0.080
0.078
0.062
0.080
0.080
0.080
0.080
0.080
0.080
0.080
0.080
0.077
0.080
0.080
0.080
0.080
0.077
0.076
0.072
0.074
0.079
0.080
0.080
0.080
0.080
0.080
0.080
0.080
0.080
0.076
0.080
0.080
0.080
0.080
0.080
0.080
0.076
0.076
0.080
0.080
0.077
0.080
0.080
0.080
0.080
0.080
0.080
0.080
0.078
0.080
0.080
0.080
0.080
0.076
0.080
0.080
0.080
0.080
0.080
0.080
0.080
0.080
0.076
0.080
0.080
0.080
0.080
0.080
0.080
0.078
0.077
0.075
0.077
0.080
0.080
0.080
0.080
0.080
0.080
0.080
0.079
0.080
0.080
0.080
0.080
0.080
0.080
0.080
0.080
0.076
0.070
0.080
0.080
0.080
0.080
0.080
0.077
0.080
0.076
0.076
0.080
0.062
0.080
0.080
0.080
0.080
0.080
0.080
0.080
0.080
0.080
0.080
0.080
0.080
0.080
0.080
0.079
0.079
0.080
0.080
0.080
0.080
0.080
0.080
0.080
0.077
0.077
0.080
0.080
0.080
0.080
0.077
0.077
0.080
0.070
0.080
0.077
0.080
0.080
0.073
0.080
0.080
0.080
0.075
0.080
0.080
0.080
0.080
0.074
0.080
0.080
0.080
0.080
0.080
0.080
0.078
0.080
0.074
0.076
0.080
0.080
0.080
0.080
0.080
0.080
0.080
0.080
0.079
0.080
0.080
0.080
0.080
0.080
0.073
0.079
0.077
0.077
0.080
0.080
0.069
0.080
0.080
0.078
0.080
0.080
0.080
0.080
0.080
0.077
0.080
0.080
0.080
0.080
0.080
0.080
0.080
0.076
0.069
0.077
0.080
0.077
0.079
0.080
0.080
0.080
0.080
0.080
0.080
0.080
0.076
0.064
0.080
0.076
0.075
0.080
0.080
0.080
0.080
0.073
0.080
0.080
0.058
0.080
0.080
0.076
0.080
0.070
0.076
0.077
0.080
0.080
0.080
0.065
0.075
0.077
0.080
0.080
0.080
0.080
0.080
0.077
0.080
0.080
0.080
0.080
0.080
0.080
0.072
0.070
0.080
0.080
0.080
0.080
0.080
0.079
0.080
0.080
0.080
0.080
0.080
0.080
0.080
0.080
0.068
0.080
0.080
0.080
0.080
0.080
0.080
0.080
0.080
0.080
0.080
0.078
0.080
0.077
0.065
0.080
0.077
0.080
0.068
0.068
0.080
0.077
0.080
0.080
0.080
0.080
0.080
0.080
0.080
0.080
0.080
0.080
0.080
0.080
0.080
0.077
0.080
0.080
0.080
0.076
0.080
0.080
0.076
0.080
0.080
0.080
