fixedStep chrom=ENSGT00390000000410 start=1 step=1
0.000
0.000
0.000
0.000
0.000
0.000
0.000
0.000
0.000
0.079
0.079
0.079
0.076
0.079
0.075
0.079
0.079
0.079
0.079
0.076
0.057
0.079
0.072
0.079
0.079
0.079
0.079
0.078
0.079
0.079
0.076
0.075
0.076
0.079
0.076
0.076
0.079
0.079
0.079
0.079
0.067
0.079
0.074
0.079
0.076
0.079
0.079
0.079
0.079
0.079
0.079
0.079
0.079
0.079
0.079
0.079
0.079
0.079
0.079
0.075
0.079
0.079
0.079
0.079
0.079
0.079
0.079
0.079
0.079
0.079
0.079
0.079
0.079
0.079
0.078
0.072
0.074
0.055
0.079
0.076
0.076
0.079
0.079
0.079
0.079
0.079
0.079
0.079
0.079
0.074
-0.540
-0.488
-0.488
0.075
0.076
0.076
0.079
0.055
0.079
0.079
0.074
0.079
0.061
-1.538
0.079
0.079
0.079
0.067
0.079
0.079
0.079
0.079
0.079
0.079
0.060
0.079
0.079
0.079
0.079
0.075
0.079
0.079
0.076
0.079
0.079
0.065
0.079
0.079
0.079
0.079
0.073
0.079
0.079
0.079
0.066
0.075
0.079
0.076
0.079
0.079
0.079
0.079
0.079
0.074
0.062
0.079
0.079
0.079
0.079
0.074
0.079
0.079
0.079
0.079
0.079
0.079
0.079
0.079
0.079
0.079
0.074
0.076
0.079
0.079
0.065
0.079
0.079
0.079
0.079
0.079
0.079
0.079
0.079
0.079
0.079
0.079
0.074
0.079
0.079
0.079
0.079
0.079
0.079
0.079
0.079
0.079
0.074
0.079
0.079
0.079
0.079
0.079
0.079
0.079
0.065
0.079
0.065
0.069
0.066
0.076
0.075
0.076
0.078
0.079
0.076
-1.527
0.074
0.076
0.066
0.079
0.079
0.079
0.079
0.079
0.076
0.065
0.079
0.079
0.071
0.079
0.079
0.079
0.079
0.079
0.079
0.079
0.079
0.078
0.079
0.079
0.074
0.079
0.079
0.079
0.079
0.079
0.079
0.079
0.079
0.079
0.079
0.076
0.079
0.079
0.079
0.079
0.065
0.076
0.076
0.079
0.079
0.076
0.079
0.079
0.078
0.079
0.079
0.079
0.079
0.079
0.079
0.079
0.079
0.079
0.079
0.079
0.079
0.076
0.079
0.079
0.079
0.079
0.076
0.079
0.075
0.078
0.079
0.074
0.079
0.079
0.079
0.079
0.076
0.071
0.079
0.076
0.079
0.079
0.079
0.079
0.076
0.079
0.079
0.079
0.066
0.079
0.062
0.079
0.079
0.079
0.079
0.079
0.079
0.079
0.079
0.079
0.079
0.079
0.079
0.078
0.079
0.079
0.076
0.079
0.076
0.079
0.079
0.079
-0.981
-0.979
-0.981
0.067
0.079
0.079
0.079
0.074
0.079
0.079
-1.558
0.079
0.055
0.079
0.055
0.073
0.074
0.055
0.079
0.079
0.079
0.055
0.055
0.055
0.055
0.055
0.066
0.055
-1.506
-1.514
0.055
0.079
0.061
0.000
0.000
0.000
0.000
0.000
0.000
0.000
0.000
0.000
0.000
0.000
0.000
0.068
-0.892
-1.021
-0.895
0.067
0.073
0.068
-1.663
0.073
0.073
0.067
0.073
0.073
0.068
0.068
0.073
0.073
0.073
0.073
0.073
0.073
0.073
0.073
0.068
0.073
0.073
0.073
0.073
-0.892
0.068
0.073
0.073
0.073
0.073
0.073
0.073
0.068
0.073
0.073
-0.102
-0.102
-0.102
-0.102
-0.102
-0.102
0.076
0.079
0.067
0.079
0.066
-1.506
0.079
0.076
0.079
0.079
0.071
0.055
0.071
0.074
0.079
0.079
0.079
0.076
0.067
0.075
0.079
0.079
0.079
0.076
0.067
0.076
0.076
0.077
0.076
-1.493
0.055
0.079
0.079
0.057
0.079
0.079
-1.240
-1.467
-1.241
-1.332
-1.363
-1.240
-1.246
-2.485
-1.457
-1.363
-3.186
-1.363
-1.241
-1.240
-1.241
-1.363
-1.240
-1.335
-1.509
-1.236
-1.236
0.067
0.074
-2.200
0.074
0.078
0.079
0.076
0.074
0.071
0.078
0.079
0.076
0.076
0.079
0.076
0.079
0.078
0.065
-3.262
0.079
0.079
0.079
-1.977
0.079
0.079
0.076
0.079
0.079
0.075
0.079
0.079
0.079
0.079
0.079
0.076
0.079
0.079
0.079
0.065
0.079
0.079
0.079
0.079
0.079
0.063
-3.011
0.076
0.067
0.078
0.079
0.055
0.074
0.079
0.079
0.067
0.071
0.079
0.079
0.079
0.079
0.079
0.079
0.079
0.079
0.076
0.076
0.079
0.073
0.079
-1.483
-1.240
-1.363
