fixedStep chrom=ENSGT00390000008939 start=1 step=1
0.100
0.100
0.100
0.100
0.100
0.100
0.100
0.100
0.095
0.082
0.100
0.100
0.100
0.096
0.100
0.094
0.094
0.100
0.095
0.100
0.100
0.083
0.082
0.081
0.096
0.100
0.100
0.100
0.079
0.100
0.100
0.100
0.100
0.074
0.082
0.100
0.100
0.100
0.086
0.096
0.100
0.100
0.100
0.100
0.100
0.098
0.100
0.095
0.100
0.100
0.100
0.100
0.100
0.100
0.100
0.096
0.100
0.100
0.099
0.096
0.100
0.100
0.083
0.100
0.100
0.098
0.100
0.100
0.100
0.096
0.100
0.096
0.100
0.100
0.100
0.100
0.096
0.100
0.100
0.100
0.100
0.100
0.100
0.100
0.100
0.100
0.100
0.100
0.100
0.080
0.100
0.100
0.100
0.100
0.100
0.100
0.100
0.100
0.100
0.100
0.100
0.100
0.100
0.100
0.100
0.100
0.100
0.100
0.100
0.100
0.100
0.100
0.100
0.100
0.100
0.100
0.100
0.100
0.100
0.100
0.100
0.100
0.100
0.100
0.100
0.077
0.100
0.100
0.098
0.100
0.100
0.100
0.100
0.100
0.081
0.100
0.100
0.093
0.100
0.100
0.100
0.100
0.100
0.081
0.079
0.100
0.095
0.100
0.100
0.079
0.100
0.100
0.100
0.100
0.100
0.100
0.100
0.100
0.100
0.100
0.100
0.096
0.094
0.100
0.100
0.093
0.100
0.095
0.100
0.100
0.100
0.100
0.081
0.100
0.100
0.100
0.100
0.100
0.100
0.100
0.100
0.079
0.092
0.100
0.100
0.100
0.100
0.100
-1.845
0.097
0.100
0.100
0.100
0.100
0.095
0.100
0.100
0.100
0.100
0.100
0.100
0.098
0.100
0.100
0.100
0.100
0.096
0.095
0.100
0.100
0.080
0.100
0.100
0.100
0.100
0.095
0.100
0.095
0.100
0.100
0.100
0.095
0.100
0.100
0.087
0.087
0.097
-1.757
0.097
0.097
0.076
-1.691
0.076
0.079
0.052
0.052
0.052
-0.234
-0.237
-0.252
-0.144
-0.144
-0.243
0.092
0.095
0.097
-1.763
-2.697
-1.728
0.095
0.082
0.100
0.093
0.097
0.100
0.076
0.097
0.100
0.100
0.100
0.100
0.080
0.100
0.079
0.098
0.100
0.100
0.100
0.095
0.100
0.081
0.100
0.100
0.100
0.100
0.096
0.100
0.100
0.096
0.100
0.100
0.100
0.100
0.100
0.100
0.100
0.100
0.100
0.098
0.100
0.096
0.099
0.093
0.079
0.100
0.100
0.100
0.100
0.100
0.100
0.100
0.100
0.100
0.100
0.095
0.075
-1.165
0.080
0.091
0.100
0.100
0.094
0.096
0.100
0.092
0.100
0.100
0.100
0.100
0.100
0.100
0.100
0.100
0.095
0.100
0.100
0.081
0.100
0.100
0.092
-1.822
0.100
0.100
0.100
0.100
0.099
-1.167
0.100
0.095
0.100
0.100
0.100
0.100
0.100
0.100
0.100
0.100
0.100
0.100
0.095
0.079
0.080
0.100
0.092
0.090
0.096
0.095
0.100
0.100
0.100
0.100
0.095
0.074
0.100
0.100
0.081
0.100
0.100
0.096
0.100
0.100
0.100
0.100
0.100
0.096
0.083
0.100
0.079
0.095
0.095
0.096
0.096
0.095
0.096
0.095
-1.160
0.100
0.095
0.079
0.095
0.100
0.100
0.098
0.095
0.100
0.100
0.100
0.100
0.100
0.100
0.100
0.100
0.095
0.100
0.100
-1.766
0.094
0.096
0.079
0.095
0.100
0.100
0.100
0.100
0.100
0.100
0.100
0.100
0.097
0.075
0.100
0.083
0.074
0.100
0.100
-1.161
0.100
0.100
0.092
-0.545
-0.808
-0.754
0.083
0.083
-2.103
0.100
0.083
-1.830
0.083
0.092
0.077
0.083
0.096
-1.825
0.080
0.080
-1.162
-1.616
-2.646
-0.986
0.000
0.000
0.000
0.000
0.000
0.000
0.000
0.000
0.000
