fixedStep chrom=ENSGT00390000016718 start=1 step=1
0.067
0.067
0.067
0.067
0.067
0.067
0.067
0.067
0.067
0.067
0.067
0.067
0.067
0.064
0.053
0.053
0.067
0.067
0.064
0.067
0.064
0.067
0.067
0.065
0.067
0.067
0.067
0.067
0.067
0.067
0.067
0.067
0.067
0.067
0.067
0.067
0.067
0.067
0.067
0.067
0.067
-2.408
0.067
0.067
0.067
0.067
0.067
0.050
0.064
0.064
0.067
0.067
0.065
0.049
0.065
0.067
0.067
0.067
0.067
0.067
0.067
0.067
0.067
0.067
0.067
0.063
0.059
0.053
0.067
0.067
0.067
0.067
0.063
0.058
0.067
0.064
0.064
0.067
0.067
0.067
0.067
0.067
0.067
0.064
0.067
0.067
0.067
0.067
0.067
0.065
0.067
0.067
0.067
0.067
0.067
0.067
0.067
0.067
0.067
0.067
0.067
0.067
0.067
0.067
0.064
0.067
0.067
0.067
0.065
0.064
0.067
0.067
0.065
0.065
0.067
0.067
0.067
0.067
0.067
0.067
0.061
0.067
0.067
0.067
0.067
0.064
0.067
0.067
0.067
0.067
0.067
0.064
0.064
0.067
0.067
0.067
0.067
0.058
0.067
0.067
0.067
0.067
0.067
0.065
0.051
0.067
0.064
0.062
0.047
0.067
0.067
0.067
0.067
0.055
0.067
0.060
0.065
0.067
0.067
0.067
0.067
0.067
0.067
0.067
-3.299
0.067
0.058
0.067
0.067
0.067
0.067
0.067
0.058
0.062
0.067
0.067
0.064
0.067
0.067
0.065
0.058
0.067
0.067
0.067
0.067
0.067
0.067
0.067
0.067
0.067
0.067
0.067
0.067
0.067
0.067
0.067
0.067
0.067
0.067
0.067
0.067
0.067
0.066
0.067
0.067
0.067
0.067
0.067
0.067
0.053
0.061
0.067
0.064
0.067
0.067
0.067
0.067
0.067
0.067
0.067
0.067
0.067
0.067
0.067
0.067
0.067
0.067
0.065
0.067
0.067
0.067
0.067
0.067
0.064
0.064
0.067
0.067
0.067
0.067
0.064
-2.080
0.067
0.067
0.067
0.067
-2.403
0.067
0.067
0.065
0.067
0.067
0.067
0.067
0.067
0.062
0.067
0.064
0.053
0.067
0.065
0.067
0.067
0.067
0.067
0.067
0.067
0.064
0.067
0.067
0.051
0.067
0.063
0.059
0.067
0.067
0.067
0.067
0.067
0.053
0.067
0.067
0.064
0.067
0.067
0.067
0.067
0.067
0.067
0.067
0.067
0.067
0.064
0.067
0.067
0.067
0.067
0.065
0.067
0.067
0.067
0.067
0.067
0.064
0.067
0.067
0.064
0.064
0.067
0.064
0.067
0.067
0.064
0.067
0.067
0.067
0.067
0.067
0.067
0.051
0.067
0.067
0.067
0.061
0.047
0.067
0.067
0.056
0.067
0.067
0.067
-2.326
0.058
0.067
0.067
0.067
0.067
0.067
0.064
0.067
0.067
0.067
0.066
0.064
0.067
0.067
0.067
0.067
0.051
0.067
0.067
0.067
0.067
0.067
0.065
0.067
0.067
0.067
0.067
0.067
0.067
0.067
0.067
0.067
0.067
0.065
0.061
0.067
0.067
0.067
0.067
0.067
0.065
0.067
0.067
0.067
0.067
0.067
0.067
0.067
0.067
0.067
0.067
0.067
0.067
0.067
0.067
0.067
0.067
0.063
0.067
0.067
0.067
-2.066
0.067
0.067
0.067
0.067
0.067
0.067
0.067
0.067
0.067
0.067
0.067
0.064
0.067
0.067
0.067
0.064
0.067
0.067
0.067
0.067
0.067
0.067
0.064
0.067
0.067
0.067
0.067
0.067
0.067
0.067
0.067
0.067
0.064
0.067
0.067
0.067
0.067
0.067
0.067
0.067
0.067
0.050
0.064
0.064
0.051
-1.788
0.067
0.055
0.067
0.067
0.065
0.067
0.058
0.067
0.067
0.067
0.064
0.067
0.067
0.064
0.067
0.067
0.066
0.067
0.067
0.067
0.067
0.067
0.060
0.067
0.067
0.067
0.067
0.067
0.051
0.067
0.067
0.067
0.067
0.067
0.061
0.067
0.067
0.067
0.067
0.067
0.067
0.067
0.067
0.067
0.066
0.067
0.067
0.067
0.067
0.064
0.064
0.067
0.053
0.067
0.067
0.067
0.067
0.067
0.067
0.067
0.067
0.067
0.064
0.067
0.067
0.067
0.067
0.067
0.067
0.067
0.067
0.067
0.067
0.067
0.067
0.067
0.067
0.067
0.067
0.067
0.067
0.067
0.067
0.067
0.067
0.050
0.065
0.067
0.055
0.067
0.067
0.064
0.067
0.067
0.051
0.067
0.067
0.067
0.067
0.067
0.067
0.067
0.067
0.067
0.067
0.067
0.067
0.067
0.055
-3.149
0.064
0.067
0.065
0.067
0.064
0.064
0.067
0.067
0.067
0.058
0.064
0.067
0.064
0.064
-2.624
0.067
0.067
0.067
0.066
0.067
0.051
0.067
0.067
0.066
0.067
0.067
0.053
0.067
0.067
0.063
0.067
0.067
0.067
0.067
0.067
0.067
0.067
0.067
0.067
0.064
0.064
0.064
0.067
0.067
0.067
0.067
0.067
-3.464
0.067
0.067
0.067
0.067
0.067
0.067
0.067
0.067
0.064
0.067
0.067
-3.779
0.067
0.067
0.067
0.067
0.067
0.067
0.067
0.067
0.067
0.067
0.067
0.067
0.067
0.067
0.067
0.067
0.067
-1.820
0.067
0.067
0.067
0.067
0.067
0.065
0.067
0.067
0.064
0.067
0.067
0.052
0.067
0.067
0.067
0.067
0.067
0.067
0.067
0.067
0.067
0.067
0.067
0.067
0.067
0.067
0.067
0.067
0.067
0.066
0.067
0.067
0.067
0.067
0.067
0.067
0.067
0.067
0.067
0.067
0.067
0.064
0.067
0.067
0.064
0.067
0.051
0.067
0.067
0.067
0.067
0.067
0.067
0.064
0.067
0.067
0.064
0.067
0.067
0.066
0.067
0.067
0.067
0.067
0.067
0.067
0.058
0.065
0.055
0.067
0.067
0.050
0.067
0.067
0.067
0.067
0.067
0.061
0.067
0.055
0.067
0.067
0.067
0.067
0.067
0.067
0.067
0.067
0.067
0.067
0.067
0.055
0.067
0.064
0.064
0.065
0.067
0.067
0.053
0.067
0.064
0.067
0.067
0.067
0.067
0.067
0.067
0.067
0.067
0.067
-1.780
-1.833
0.067
0.067
0.067
0.065
0.067
0.067
0.056
0.067
0.067
0.067
0.067
0.067
0.067
0.055
0.067
0.067
0.067
0.067
0.067
0.062
0.067
0.067
0.067
0.067
0.067
0.067
0.067
0.067
0.067
0.067
0.067
0.067
0.067
0.067
0.067
0.054
0.064
0.064
0.058
0.055
0.064
0.055
0.064
0.053
0.067
0.067
0.064
0.067
0.067
0.051
0.067
0.066
0.062
0.067
0.067
0.067
0.067
0.067
0.067
0.067
0.067
-1.794
0.064
0.067
0.067
0.067
0.067
0.051
0.064
0.067
0.067
0.062
0.067
0.064
0.067
0.064
0.067
0.067
0.067
0.067
0.067
0.067
0.067
0.064
0.067
0.067
0.067
0.067
0.067
0.067
0.067
0.067
0.067
0.067
0.065
0.067
0.067
0.064
0.067
0.067
-2.359
0.067
0.067
0.067
0.067
0.067
0.067
0.067
0.067
0.064
0.067
0.067
0.067
0.067
0.067
0.067
0.067
0.067
0.066
0.067
0.067
0.067
0.067
0.067
0.067
0.067
0.067
0.067
0.067
0.067
0.067
0.067
0.067
0.066
0.067
0.067
0.067
0.067
0.067
0.067
0.067
0.067
0.067
0.067
0.067
0.065
0.067
0.067
0.065
0.067
0.067
0.057
0.067
0.067
0.067
0.067
0.067
0.051
0.067
0.067
0.067
0.053
0.064
0.064
0.067
0.067
0.067
0.067
0.067
0.067
0.067
0.067
0.051
0.067
0.065
0.067
0.067
0.067
0.067
0.067
0.067
0.067
0.067
0.067
0.067
0.067
0.067
0.067
0.053
0.067
0.064
0.067
0.067
0.055
0.067
0.067
0.067
0.067
0.067
0.058
0.067
0.067
0.067
0.067
0.067
0.064
0.067
0.067
0.067
0.067
0.067
0.067
0.067
0.067
0.067
0.062
0.067
0.067
0.067
0.067
0.067
0.067
0.067
0.067
0.067
0.067
0.065
0.067
0.067
0.067
0.067
0.067
0.063
0.055
0.067
0.067
0.067
0.067
0.067
0.067
0.067
0.061
0.067
0.067
0.067
0.067
0.067
0.063
0.067
0.067
0.067
0.067
0.067
0.067
0.067
0.067
0.067
0.067
0.067
0.067
0.067
0.067
0.067
0.067
0.067
0.064
0.067
0.067
0.058
0.067
0.067
0.064
0.067
0.067
0.067
0.067
0.067
0.067
0.067
0.067
-1.808
0.067
0.067
0.067
0.067
0.067
0.064
0.067
0.067
0.051
0.064
0.067
0.067
0.067
0.067
0.067
0.067
0.067
0.067
0.067
0.067
0.066
0.064
0.067
0.064
0.067
0.067
0.064
0.067
0.067
0.067
0.067
0.067
0.067
0.067
0.067
0.067
0.067
0.053
0.064
0.067
0.067
0.054
0.067
0.067
0.067
0.067
0.067
0.067
0.067
0.067
0.067
0.067
0.067
0.067
0.064
0.067
0.067
0.067
0.067
0.067
0.064
0.067
-1.769
0.067
0.051
0.067
0.067
0.064
0.067
0.067
0.067
0.067
0.067
0.067
0.067
0.067
0.067
0.051
0.064
0.067
0.067
0.067
0.067
0.064
0.067
0.067
0.067
0.067
0.067
0.067
0.067
0.067
0.067
0.067
0.067
0.055
0.067
0.067
0.067
0.067
0.067
0.055
0.067
0.067
0.067
0.067
0.067
0.053
0.064
0.067
0.067
0.067
0.067
0.067
0.067
0.067
0.067
0.067
0.067
0.067
0.051
0.067
0.067
0.067
0.051
0.067
0.066
0.067
0.067
0.064
0.067
0.067
0.067
0.067
0.065
