fixedStep chrom=ENSGT00390000009312 start=1 step=1
0.000
0.000
0.000
0.000
0.000
0.000
0.000
0.000
0.000
0.000
0.000
0.000
0.072
0.072
0.072
0.072
0.072
0.072
0.072
0.072
0.072
0.072
0.072
0.064
0.072
0.072
0.072
0.072
0.072
0.071
0.068
0.072
-0.892
0.072
0.072
0.072
0.070
0.072
0.072
0.072
0.072
0.072
0.072
0.072
0.072
0.072
0.072
-4.354
0.072
0.072
0.072
0.072
0.072
0.072
0.072
0.071
0.067
0.072
0.072
0.063
0.072
0.072
0.072
0.072
0.072
0.070
0.072
0.072
0.071
0.072
0.072
0.071
0.072
0.072
0.072
0.072
0.072
0.072
0.072
0.072
0.072
0.072
0.072
0.072
0.072
0.072
0.072
0.062
0.072
0.071
0.072
0.072
0.062
0.072
0.072
0.072
0.064
0.064
-0.878
0.072
0.072
0.071
0.064
-0.878
-0.889
0.072
0.072
-1.610
0.064
-0.889
0.062
0.072
-0.889
0.072
0.072
-0.891
-0.891
-0.889
0.064
0.064
-1.608
-0.878
-0.889
0.062
-0.892
-0.889
0.071
0.072
0.063
-0.889
-0.889
0.072
-0.892
-0.889
-0.878
0.072
0.072
0.064
0.072
0.072
0.072
-0.889
-0.889
0.072
0.072
0.064
0.066
0.071
0.072
0.072
0.064
0.072
0.064
0.072
0.064
-0.878
0.072
0.064
-0.878
-0.889
0.072
0.072
-0.889
0.064
0.064
-0.892
0.072
-0.878
0.072
0.072
-0.878
-0.892
0.072
-0.889
-0.889
0.072
-0.892
-1.896
-1.535
-2.942
-0.243
-0.243
-0.243
-0.243
-0.243
-0.243
0.071
0.072
0.072
0.063
0.072
0.072
-0.891
0.072
0.072
0.072
0.072
0.072
0.072
0.066
-2.164
0.072
0.072
0.072
0.072
0.072
0.072
0.072
0.072
0.070
0.063
0.071
0.072
0.072
0.072
0.072
0.072
0.072
0.068
0.072
0.072
0.072
0.072
0.072
0.062
0.072
0.072
0.072
0.072
0.072
0.072
0.072
0.072
0.072
0.072
0.072
0.072
0.072
0.072
0.072
0.072
0.072
0.071
0.072
0.072
0.072
0.072
0.072
0.072
-1.534
-1.534
-1.534
0.072
0.072
0.072
0.072
0.072
0.072
0.072
0.072
0.072
0.072
0.072
0.071
0.071
0.072
0.072
0.072
0.072
0.071
0.072
0.071
0.072
0.072
0.072
0.069
0.072
0.072
0.072
0.072
0.072
0.072
-1.888
-1.526
-1.534
0.072
0.072
0.061
0.072
0.072
0.072
0.067
0.068
0.063
0.071
0.072
0.068
0.072
0.072
0.070
0.072
0.072
0.072
0.072
0.072
0.072
0.072
0.072
0.072
0.072
0.072
0.072
0.072
0.072
0.069
0.072
0.072
0.064
0.072
0.072
0.072
0.072
0.072
0.072
0.072
0.072
0.072
0.072
0.072
0.071
0.072
0.072
0.070
0.072
0.072
0.072
0.072
0.072
0.072
0.072
0.072
0.072
0.072
0.072
0.070
0.072
0.072
0.072
0.072
0.072
0.070
0.064
0.072
0.072
0.072
0.072
0.072
0.072
0.072
0.072
0.072
0.072
0.072
0.072
0.072
0.072
0.072
0.064
0.072
0.072
0.072
0.072
0.072
0.072
0.072
0.072
0.072
0.072
0.072
0.072
0.072
0.072
0.072
0.072
0.072
0.072
0.072
0.072
0.072
0.071
0.072
0.072
0.072
0.072
0.072
0.072
0.072
0.072
0.072
0.072
0.072
0.062
0.072
0.070
0.072
-1.348
-1.343
-1.343
0.072
0.072
0.072
0.072
0.072
0.072
0.072
0.072
0.072
0.072
0.072
-0.878
0.072
0.072
0.072
0.072
0.072
0.064
0.064
0.072
0.072
0.072
0.072
0.072
-1.343
-1.349
-1.510
0.072
0.072
0.072
0.072
0.072
0.071
0.072
0.072
0.071
0.072
0.072
0.072
0.072
0.072
0.072
0.072
0.072
0.072
0.072
0.072
0.070
0.072
0.072
0.072
0.072
0.072
0.071
0.072
0.072
0.072
0.072
0.072
0.072
0.072
0.072
0.072
0.072
0.072
0.072
0.072
0.072
0.072
0.072
0.072
0.072
0.072
0.072
0.072
0.072
0.072
0.072
0.072
0.072
0.064
0.072
0.072
0.072
0.072
0.072
0.072
0.072
0.072
0.072
0.070
0.072
0.072
0.072
0.072
0.072
0.072
0.072
0.072
0.072
0.072
0.072
0.072
0.072
0.064
0.072
0.072
0.064
0.072
0.072
0.072
0.072
0.072
0.072
0.072
0.072
0.070
0.072
0.072
0.072
0.072
0.072
0.072
0.072
0.072
0.072
0.072
0.072
0.072
0.072
0.072
0.072
0.072
0.072
0.072
0.072
0.072
0.072
0.072
0.072
0.072
0.072
0.072
0.072
0.072
0.072
0.072
0.072
0.072
0.072
0.064
-0.891
0.070
0.064
0.072
0.072
0.068
0.072
0.058
0.064
0.072
0.069
