fixedStep chrom=ENSGT00390000018676 start=1 step=1
0.084
0.084
0.084
0.084
0.084
0.084
0.084
0.084
0.084
0.078
0.084
0.084
0.084
0.084
0.078
0.084
0.082
0.084
0.084
-2.829
0.084
0.084
0.070
0.084
0.084
0.084
-0.737
0.084
-0.718
0.084
0.080
0.084
0.081
0.084
0.084
0.084
0.084
-0.737
-0.737
0.084
0.072
0.084
0.080
0.080
0.084
0.084
0.084
0.084
0.084
0.080
0.084
0.084
0.084
0.080
0.084
-0.737
0.084
0.080
0.077
-0.718
-0.739
-0.718
0.084
0.084
0.084
0.081
0.084
0.084
0.077
0.084
0.084
0.080
0.084
0.084
-0.737
0.084
0.084
0.084
0.078
0.081
0.084
0.084
-1.403
0.080
0.084
0.084
0.084
0.084
0.084
0.084
0.084
0.084
0.084
-0.737
0.084
0.084
0.084
0.084
0.084
0.084
0.084
0.080
0.084
0.084
0.084
0.084
0.084
0.078
-1.579
0.084
0.084
0.084
0.084
0.084
0.084
0.084
0.081
0.084
0.084
0.084
0.084
0.084
0.084
0.084
0.084
0.084
0.080
0.084
0.084
0.080
0.084
0.081
0.084
0.084
0.084
0.084
0.084
0.084
0.084
0.084
0.084
0.084
0.084
0.084
0.084
0.084
0.084
0.084
0.084
0.084
0.084
0.084
0.084
0.070
0.071
-1.237
0.076
0.084
0.084
0.080
0.084
0.081
0.084
0.083
0.080
0.084
0.084
0.084
0.084
0.084
0.082
-0.718
-1.346
0.080
0.078
0.084
0.084
0.083
0.084
0.078
0.084
0.084
0.084
0.080
0.084
0.080
0.081
-1.407
0.084
-0.737
0.084
0.084
0.084
0.084
0.080
0.084
-0.739
0.084
0.083
0.084
0.084
0.084
0.084
0.083
0.083
0.084
0.084
0.084
0.084
0.081
0.078
0.084
0.078
0.084
0.084
0.084
0.084
0.080
0.084
0.084
0.084
0.084
0.084
0.084
0.084
0.083
0.084
0.073
0.084
0.084
0.067
0.084
0.084
0.084
0.084
0.084
0.084
0.084
-0.718
0.084
0.080
0.084
0.083
0.084
0.081
0.084
0.078
0.084
0.081
-1.174
0.076
-1.237
0.084
0.084
0.084
0.084
0.080
0.081
0.084
0.080
0.080
0.084
0.084
0.084
0.084
0.084
0.084
0.084
0.084
0.084
0.084
0.084
0.084
0.084
0.084
0.084
-0.870
-0.954
-0.869
-0.870
-0.870
-1.508
-0.956
-1.539
-1.531
-1.532
-0.869
-0.870
-2.086
-2.086
-2.086
-2.092
-2.092
-2.091
