fixedStep chrom=ENSGT00390000015663 start=1 step=1
0.074
0.074
-0.766
0.081
-0.765
-0.766
-0.766
0.081
0.080
-0.750
0.073
-1.378
-1.366
-1.360
-1.382
0.081
-0.750
0.074
0.079
0.081
-1.010
0.081
-0.765
0.081
0.065
-0.750
0.081
-1.268
0.081
-1.865
0.081
0.074
0.074
0.081
0.080
-0.766
0.069
-0.750
-0.765
-0.130
-0.130
-0.130
-0.130
-0.130
-0.130
0.076
-1.485
0.074
-0.765
0.081
-0.766
0.078
0.081
0.081
-0.199
-0.197
-0.197
-0.529
-0.742
-0.525
0.081
0.081
0.081
-0.750
0.081
0.081
0.081
0.081
0.081
0.081
0.081
0.072
0.081
0.081
0.081
0.081
0.081
0.081
0.081
0.081
0.081
0.081
0.081
0.081
0.081
0.081
0.081
0.080
0.078
0.081
0.080
0.081
0.081
0.081
0.081
0.079
0.081
0.081
0.081
0.081
0.081
0.081
0.081
0.081
0.081
0.081
0.081
0.079
0.081
0.081
0.081
0.081
0.076
0.081
0.081
0.081
-1.380
0.081
0.081
0.081
0.081
0.081
0.081
0.081
0.081
0.081
0.081
0.081
0.079
0.081
0.081
0.081
0.081
0.081
0.081
0.081
0.081
0.081
0.081
0.081
0.081
0.081
0.081
0.081
0.081
0.081
0.081
0.081
0.081
0.079
0.081
0.081
0.081
0.081
0.081
0.074
0.071
0.081
0.081
0.081
0.081
0.079
0.081
0.081
-0.763
0.081
0.081
0.072
0.079
0.081
0.080
0.081
0.081
0.081
-0.750
0.081
0.074
0.081
0.081
0.081
0.071
0.081
0.081
0.081
0.081
0.081
0.081
0.081
0.074
0.081
0.081
0.071
0.079
0.081
0.072
0.074
0.081
0.081
0.081
0.081
0.081
0.081
0.081
0.081
0.069
0.074
0.081
-0.765
0.081
0.074
0.081
0.081
0.081
0.081
0.081
0.075
0.081
0.081
0.079
0.081
0.081
0.079
0.081
0.081
0.081
0.081
0.079
0.081
0.081
0.081
0.081
0.081
0.081
0.081
0.081
0.081
0.074
0.081
0.081
0.081
0.079
0.081
0.080
0.081
0.081
0.071
0.081
0.081
0.081
0.081
0.081
0.081
0.081
0.081
0.081
0.081
0.081
0.081
0.081
0.081
0.073
0.081
0.081
0.081
0.081
0.081
0.081
0.081
0.081
0.081
0.081
0.081
0.081
0.081
0.081
0.079
0.081
0.081
0.072
0.081
0.081
0.081
0.081
0.081
0.079
0.081
0.081
0.081
0.081
0.081
0.079
0.081
0.081
0.081
0.081
0.081
0.081
0.081
0.081
0.066
0.081
0.081
0.081
0.081
0.081
0.081
0.081
0.081
0.062
0.081
0.081
0.081
0.081
0.081
0.081
0.081
0.081
0.081
0.081
0.081
0.081
0.081
0.081
0.081
0.081
0.081
0.069
0.081
0.081
0.081
0.081
0.081
0.072
0.081
0.081
0.077
0.081
0.081
0.081
0.081
0.081
0.081
0.081
0.081
0.072
0.081
0.081
0.072
0.081
0.081
0.081
0.081
0.081
-2.907
0.081
0.081
0.081
0.081
0.081
0.080
0.081
0.081
0.079
0.081
0.081
0.078
0.081
0.081
0.081
0.081
0.081
0.081
0.081
0.081
0.081
0.080
0.081
0.071
0.081
0.081
0.081
-0.765
0.081
0.081
0.081
0.081
-1.882
0.081
0.081
0.079
0.081
0.081
0.081
