fixedStep chrom=ENSGT00390000011412 start=1 step=1
0.071
0.071
0.071
0.071
0.071
0.071
0.071
0.071
0.067
0.071
0.071
0.067
0.071
0.071
0.071
0.071
0.071
0.071
0.071
0.071
0.071
0.071
0.071
0.067
0.071
0.071
0.071
0.071
0.071
0.068
0.071
0.071
0.068
0.071
0.071
0.071
0.071
0.071
0.067
0.071
0.071
0.071
0.071
0.071
0.069
0.071
0.071
0.069
0.071
0.071
0.063
0.071
0.071
0.071
0.071
0.071
0.051
0.071
0.071
0.071
0.071
0.071
0.071
0.071
0.071
0.071
0.071
0.071
0.068
0.071
0.071
0.071
0.071
0.071
0.071
0.071
0.071
0.071
0.071
0.071
0.071
0.071
0.071
0.071
0.071
0.071
0.071
0.071
0.071
0.071
0.071
0.071
0.071
0.071
0.071
0.058
0.071
0.071
0.070
0.071
0.071
0.068
0.071
0.071
0.071
0.071
0.071
0.071
0.071
0.071
0.070
0.071
0.071
0.071
0.071
0.071
0.071
0.071
0.071
0.071
0.071
0.071
0.071
0.071
0.071
0.071
0.070
0.071
0.060
0.071
0.071
0.067
0.071
0.071
0.071
0.071
0.071
0.069
0.068
0.071
0.070
0.071
0.071
0.068
0.071
0.068
0.068
0.071
0.071
0.071
0.071
0.071
-1.627
0.071
0.071
0.069
0.071
0.071
0.071
0.067
0.067
0.068
0.071
0.071
0.071
0.071
0.071
0.071
0.071
0.071
0.068
0.071
0.071
0.066
0.064
0.071
0.071
0.071
0.071
-1.771
0.071
0.071
0.067
0.069
0.065
0.065
0.071
0.071
0.071
0.071
0.071
0.069
0.071
0.071
0.062
0.069
0.070
0.066
0.071
0.071
0.071
0.071
0.071
0.071
0.071
0.071
0.071
0.071
0.071
0.068
0.071
0.071
0.071
0.071
0.071
0.071
0.071
0.071
0.067
0.071
0.071
0.071
0.071
0.071
0.069
0.071
0.071
0.069
0.071
0.071
0.071
0.071
0.071
0.071
0.071
0.071
0.071
0.071
0.071
0.068
0.071
0.071
0.071
0.071
0.071
0.068
0.071
0.071
0.071
0.071
0.071
0.070
0.071
0.071
0.060
0.069
0.071
0.071
0.071
0.071
0.071
0.053
0.067
0.060
0.071
0.071
0.060
0.071
0.071
0.071
0.071
0.069
0.071
0.071
0.071
0.071
0.071
0.071
0.071
0.071
0.071
0.066
0.071
0.071
0.071
0.071
0.071
0.071
0.071
0.071
0.071
0.071
0.068
0.069
0.071
0.071
0.071
0.071
0.070
0.071
0.071
0.071
0.071
0.071
0.071
0.071
0.071
0.071
0.071
0.071
0.071
0.071
0.071
0.071
0.071
0.071
0.066
0.071
0.071
0.071
0.071
0.071
0.071
0.071
0.071
0.071
0.071
0.071
0.071
0.070
0.071
0.071
0.071
0.071
0.071
0.067
0.071
0.071
0.071
0.071
0.071
0.071
0.071
0.071
0.071
0.071
0.071
0.071
0.071
0.071
0.071
0.071
0.071
0.071
0.071
0.071
0.069
0.071
0.071
0.069
0.071
0.071
0.071
0.071
0.071
0.071
0.069
0.071
0.071
0.071
0.071
0.068
0.071
0.071
0.069
0.071
0.071
0.071
0.071
0.071
0.071
0.069
0.071
0.071
0.071
0.071
0.069
0.071
0.071
0.068
0.071
0.071
0.071
0.069
0.071
0.071
0.071
0.071
0.071
0.071
0.071
0.066
0.071
0.071
0.065
0.071
0.071
0.068
0.071
0.071
0.052
0.071
0.071
0.071
0.066
0.071
0.067
0.071
0.071
0.071
0.071
0.071
0.069
0.070
0.071
0.071
0.071
0.071
0.067
0.071
0.071
0.071
0.071
0.071
0.071
0.071
0.071
0.068
0.071
0.071
0.071
0.066
0.071
0.058
0.071
0.071
0.071
0.071
0.071
0.067
0.071
0.071
0.071
0.071
0.071
0.071
0.071
0.071
0.071
0.071
0.071
0.071
0.071
0.071
0.071
0.071
0.071
0.071
0.071
0.071
0.071
0.071
0.068
-1.592
0.071
0.071
0.071
0.071
0.071
0.071
0.071
0.053
0.067
0.071
0.071
0.071
0.071
0.071
0.071
0.071
0.071
0.071
0.071
0.071
0.071
0.071
0.071
0.071
0.071
0.071
0.071
0.068
0.071
0.071
0.071
0.071
0.067
0.069
0.071
0.071
0.071
0.071
0.071
0.071
0.071
0.069
0.069
0.071
0.071
0.071
0.071
0.067
0.071
0.071
0.071
0.071
0.071
0.071
0.071
0.068
0.071
0.071
0.071
0.071
0.071
0.071
0.071
0.068
0.071
0.071
0.071
0.071
0.071
0.058
0.071
0.071
0.071
0.071
0.071
0.071
0.071
0.071
0.071
0.071
0.071
0.071
0.071
0.071
0.071
0.071
0.071
0.071
0.057
0.071
0.071
0.071
0.071
0.071
0.060
0.070
0.067
0.071
0.071
0.071
0.071
0.071
0.071
0.071
0.071
0.071
0.071
0.071
0.071
0.071
0.071
0.071
0.071
0.071
0.068
0.062
0.069
0.071
0.071
0.071
0.071
0.071
0.071
0.071
0.071
0.071
0.071
0.071
0.066
0.071
0.071
0.070
0.071
0.054
0.071
0.071
0.071
0.071
0.071
0.071
0.071
0.071
0.071
0.071
0.071
0.071
0.071
0.071
0.071
0.071
0.071
0.071
0.071
0.071
0.071
0.071
0.071
0.071
0.070
0.071
0.071
0.053
0.071
0.071
0.071
0.058
0.071
0.070
0.066
0.071
0.071
0.071
0.071
0.065
0.067
0.067
0.071
0.071
0.071
0.067
0.071
0.071
0.071
0.071
0.071
0.071
0.071
0.069
0.069
0.071
0.071
0.071
0.071
0.071
0.071
0.071
0.071
0.071
0.071
0.071
0.071
0.071
0.071
0.067
0.071
0.071
0.067
0.071
0.071
0.071
0.071
0.071
0.071
0.071
0.071
0.068
0.071
0.071
0.071
0.071
0.071
0.057
0.071
0.071
0.071
0.071
0.071
0.071
0.071
0.067
0.071
0.071
0.071
0.067
0.069
0.064
0.071
0.071
0.071
0.066
0.071
0.071
0.071
0.071
0.071
0.068
0.071
0.071
0.071
0.071
0.071
0.071
0.071
0.071
0.068
0.071
0.067
0.071
0.071
0.060
0.071
0.071
0.071
0.071
0.069
0.070
-2.105
0.071
0.071
0.071
0.071
0.071
0.071
0.071
0.071
0.071
0.071
0.071
0.071
0.071
0.071
0.071
0.071
0.071
0.071
0.071
0.071
0.071
0.071
0.067
0.065
0.067
0.071
0.067
0.071
0.071
0.071
0.071
0.071
0.071
0.071
0.069
0.071
0.071
0.071
0.052
0.071
0.071
0.050
0.071
0.071
0.052
0.071
0.071
-1.609
0.071
0.071
0.071
0.071
0.071
0.069
0.071
0.071
0.069
0.071
0.071
0.071
0.071
0.064
0.069
0.069
0.071
0.068
0.071
0.071
-1.592
0.071
0.071
0.071
0.071
0.071
0.070
0.071
0.070
-2.177
0.070
0.071
-1.663
0.071
0.071
0.071
0.069
0.071
0.057
0.066
0.071
0.066
0.071
0.067
0.071
0.071
0.071
0.053
0.071
0.071
0.066
0.071
0.071
0.069
0.057
0.071
0.053
0.071
0.071
0.071
0.071
0.071
0.071
0.071
0.071
0.067
0.071
0.071
0.068
-1.592
0.071
0.071
0.071
0.071
0.071
0.067
0.071
0.065
0.068
0.071
0.060
0.071
0.071
0.071
0.071
0.071
0.068
0.070
0.071
0.071
0.071
0.071
0.071
0.071
0.071
0.071
0.053
0.071
0.071
0.058
0.071
0.054
0.071
0.071
0.069
0.071
0.071
0.071
0.069
0.071
0.067
0.071
0.071
0.070
0.071
0.071
0.071
0.071
0.071
0.071
0.068
0.071
0.071
0.053
0.071
0.071
0.071
0.071
0.071
0.071
0.067
0.071
0.071
0.071
0.071
0.071
0.071
0.071
0.071
0.071
0.071
0.071
0.070
0.071
0.071
0.071
0.071
0.071
0.068
0.067
-1.775
0.071
0.071
0.071
0.071
0.068
0.071
0.071
0.071
0.071
0.071
0.069
0.071
0.053
0.071
0.071
0.067
0.071
0.071
0.071
0.071
0.071
0.071
0.071
0.071
0.071
0.071
0.071
0.071
0.071
0.053
0.071
0.071
0.071
0.068
0.070
0.071
0.071
0.071
0.071
0.071
0.071
0.060
0.071
0.071
0.071
0.071
0.071
0.071
0.071
0.066
0.071
0.058
0.071
0.071
0.071
0.071
0.065
0.071
0.071
0.071
0.071
0.071
0.071
0.071
0.067
0.071
0.071
0.071
0.071
0.071
0.065
0.071
0.071
0.071
0.069
0.071
0.069
0.071
0.071
0.071
0.071
0.071
0.071
0.071
0.071
0.071
0.071
0.071
0.071
0.071
0.071
0.058
0.071
0.071
0.060
0.071
0.071
0.071
0.067
0.071
0.065
0.071
0.071
0.069
0.071
0.067
0.071
0.071
0.071
-3.164
0.071
0.071
0.071
0.071
0.069
0.071
0.071
0.071
0.071
0.071
0.071
0.060
0.068
0.071
-1.663
0.070
0.071
0.071
0.071
0.071
0.071
0.071
0.071
0.071
0.068
0.071
0.071
0.071
0.071
0.070
0.071
0.071
0.067
0.071
0.071
0.053
0.071
0.071
0.071
0.071
0.071
0.062
0.071
0.071
0.071
0.071
0.071
0.067
0.071
0.071
0.071
0.071
0.071
0.053
0.070
0.071
0.067
0.071
0.071
0.068
0.071
0.071
0.067
0.069
0.071
0.071
0.071
0.071
0.071
0.071
0.071
0.071
0.071
0.071
0.071
0.067
0.071
0.071
0.068
0.071
0.071
0.071
0.071
0.068
0.067
0.071
0.071
0.071
0.071
0.071
0.071
0.071
0.071
0.071
0.071
0.071
0.071
0.071
0.071
0.071
0.071
0.071
0.071
0.068
0.071
0.071
0.071
0.067
0.067
0.071
0.065
0.071
0.071
0.057
0.071
0.071
0.071
0.071
0.071
0.069
0.071
0.071
0.071
0.053
0.071
0.052
0.071
0.071
0.067
0.071
0.071
0.068
0.071
0.071
0.067
0.071
0.071
0.071
0.071
0.071
0.068
0.071
0.071
0.071
0.071
0.071
0.069
0.071
0.071
0.071
0.071
0.071
0.071
0.071
0.071
0.071
0.071
0.071
0.071
0.071
0.071
0.067
0.071
0.071
0.071
0.071
0.071
0.071
0.071
0.071
-1.601
0.071
0.071
0.053
0.066
0.068
0.071
0.071
0.071
0.071
0.071
0.071
0.071
0.071
0.071
0.071
0.071
0.071
0.071
0.071
0.071
0.071
0.071
0.071
0.071
0.071
0.071
0.071
0.071
0.071
0.067
0.071
0.071
0.065
0.066
0.071
0.071
0.071
0.071
0.065
0.071
0.071
0.071
0.071
0.071
0.069
0.071
0.071
0.071
0.071
0.071
0.071
0.071
0.071
0.071
0.071
0.071
0.071
0.071
0.071
0.071
0.071
0.071
0.071
0.071
0.071
0.071
0.071
0.071
0.071
0.069
0.071
0.071
0.071
0.071
0.060
0.071
0.071
0.069
0.071
0.071
0.066
0.071
0.071
0.060
0.071
0.071
0.071
0.071
0.068
0.070
0.071
0.071
0.068
0.069
0.071
0.068
0.071
0.071
0.071
0.071
0.071
0.071
0.071
0.071
0.068
0.071
0.071
0.071
0.071
0.071
0.067
0.071
0.071
0.071
0.071
0.071
0.071
0.071
0.071
0.071
0.071
0.071
0.069
0.071
0.071
0.071
0.071
0.071
0.067
0.071
0.071
0.066
0.071
0.071
0.071
0.071
0.071
0.067
0.071
0.071
0.071
0.071
0.071
0.071
0.071
0.071
0.071
0.071
0.071
0.066
0.067
0.071
0.071
0.071
0.071
0.071
0.071
0.071
0.071
0.071
0.071
0.064
0.071
0.071
0.069
0.071
0.071
0.071
0.067
0.071
0.071
0.071
0.070
0.071
0.071
0.071
0.069
0.071
0.071
0.068
0.071
0.071
0.071
0.071
0.071
0.070
0.071
0.069
0.070
0.071
0.059
0.070
0.071
0.071
0.071
0.071
0.071
0.071
0.071
0.071
0.071
0.071
0.071
0.071
0.071
0.071
0.069
0.071
0.071
0.071
0.071
0.071
0.071
0.071
0.071
0.071
0.071
0.071
0.069
0.071
0.071
0.071
0.071
0.071
0.071
0.071
0.071
0.071
0.071
0.071
0.071
0.071
0.071
0.071
0.069
0.071
0.069
0.071
0.071
-2.184
0.069
0.069
0.058
0.071
0.071
0.071
0.071
0.071
0.071
0.071
0.071
0.069
0.071
0.071
0.071
0.071
0.071
0.071
0.071
0.071
0.071
0.071
0.071
0.053
0.071
0.071
0.071
0.071
0.071
0.071
0.071
0.071
0.068
0.071
0.066
0.068
0.065
0.071
0.071
0.071
0.071
0.071
0.071
0.071
0.068
0.071
0.071
0.066
0.071
0.071
0.071
0.071
0.069
0.069
0.071
0.071
0.067
0.069
0.071
0.071
0.071
0.071
0.071
0.071
0.071
0.069
0.071
0.071
0.071
0.071
0.071
0.065
0.071
0.071
0.069
0.066
0.071
0.071
0.071
0.071
0.071
0.069
0.071
0.071
0.071
0.071
0.058
0.071
0.071
0.071
0.071
0.071
0.071
0.071
0.071
0.071
0.071
0.071
0.069
0.071
0.071
0.071
0.071
0.071
0.071
0.071
0.071
0.071
0.060
0.071
0.071
0.071
0.071
0.071
0.071
0.071
0.070
0.071
0.071
0.071
0.071
0.071
0.071
0.071
0.071
0.071
0.071
0.071
0.070
0.071
0.071
0.070
0.071
0.067
0.071
0.058
0.071
0.071
0.069
0.071
0.069
0.071
0.071
0.071
0.071
0.071
0.067
0.071
0.071
0.071
0.071
0.071
0.065
0.071
0.071
0.071
0.071
0.071
0.070
0.071
0.071
0.067
0.068
0.071
0.060
0.071
0.071
0.071
0.071
0.071
0.071
0.071
0.071
0.071
0.069
0.071
0.068
0.071
0.071
0.071
-1.659
-1.659
-1.668
0.071
0.071
0.069
0.071
0.068
0.071
0.071
0.071
0.071
0.071
0.071
0.071
0.058
0.071
0.061
0.071
0.071
0.071
0.071
0.071
0.071
0.071
0.071
0.052
0.071
0.071
-1.766
0.071
0.071
0.070
0.071
0.071
0.071
0.071
0.071
0.060
0.071
0.071
0.071
0.071
0.071
0.059
0.071
0.071
0.071
0.071
0.071
0.071
0.071
0.071
0.071
0.071
0.071
0.068
0.071
0.071
0.052
0.071
0.071
0.062
0.063
0.071
0.071
0.071
0.071
0.069
-1.668
-1.659
-1.671
0.071
0.071
0.071
0.071
0.071
0.066
0.071
0.071
0.067
0.071
0.071
0.071
0.071
0.071
0.068
0.066
0.071
0.071
0.053
0.071
0.069
0.071
0.071
0.071
0.060
0.071
0.071
0.071
0.071
0.071
0.071
0.071
0.071
0.070
0.071
0.071
0.071
0.071
0.067
0.071
0.071
0.071
0.071
0.071
0.068
0.069
0.069
0.067
0.071
0.071
0.069
0.068
0.057
0.067
0.070
0.070
0.071
0.071
0.071
0.071
0.071
0.071
0.069
0.069
0.071
0.069
0.071
0.071
0.067
0.071
0.071
-2.409
0.071
0.071
0.058
0.067
0.071
0.071
0.071
0.071
0.071
0.071
0.071
0.069
0.071
0.071
0.071
0.071
0.071
0.063
0.071
0.071
0.071
0.071
0.071
0.071
0.071
0.071
0.067
0.071
0.071
0.071
0.071
0.071
0.071
0.071
0.071
0.053
0.071
0.071
0.067
0.071
0.071
0.071
0.067
0.066
0.071
0.071
0.053
0.071
0.071
0.071
0.071
0.071
0.071
0.052
0.071
0.071
0.067
0.071
0.071
0.068
0.071
0.071
0.071
0.071
0.071
0.070
0.071
0.071
0.067
0.071
0.071
0.071
0.071
0.071
0.071
0.071
0.071
0.053
0.053
0.071
0.058
0.071
0.071
0.071
0.067
0.061
-1.725
0.058
0.071
0.071
0.071
0.066
0.067
0.071
0.071
0.069
0.071
0.071
0.054
0.071
0.071
0.069
0.071
0.071
-1.643
0.071
0.071
0.068
0.071
0.071
0.071
0.071
0.071
0.054
0.071
0.071
0.071
0.071
0.071
0.069
0.071
0.071
0.060
0.071
0.071
0.071
0.071
0.071
-2.273
0.071
0.071
0.069
0.071
0.071
0.067
0.071
0.071
0.071
0.071
0.071
0.067
0.071
0.071
0.067
0.071
0.071
0.071
0.071
0.071
0.069
0.071
0.071
0.069
0.071
0.071
0.071
0.068
0.071
-3.170
0.071
0.071
0.071
0.070
0.071
0.071
0.058
0.071
0.065
0.071
0.071
0.071
0.067
0.071
0.071
0.067
0.071
0.067
0.071
0.071
0.071
0.053
0.071
0.069
0.071
0.060
-2.439
0.067
0.066
0.069
0.071
0.071
0.053
0.071
0.071
0.068
0.071
0.071
0.052
0.071
0.071
0.071
0.071
0.071
0.071
0.071
0.071
0.071
0.071
0.071
0.070
0.071
0.071
0.071
0.071
0.071
0.071
0.071
0.071
0.071
0.071
0.071
0.071
0.071
0.071
0.068
0.071
0.071
0.071
0.071
0.071
0.070
0.071
0.071
0.071
0.071
0.067
0.071
0.071
0.071
0.071
0.071
0.071
0.071
0.071
0.071
0.071
0.071
0.071
0.070
0.071
0.071
0.070
0.071
0.071
0.067
-1.136
-1.136
-1.136
0.071
0.071
0.071
0.071
0.071
0.071
0.071
0.071
0.071
0.071
0.071
0.071
0.071
0.071
0.067
0.067
0.071
0.071
0.071
0.071
0.071
0.071
0.053
0.071
0.071
0.071
0.065
0.071
0.071
0.071
0.071
0.071
0.071
0.071
0.071
0.071
0.071
0.071
0.069
0.062
0.062
0.058
0.062
0.062
0.046
0.062
0.062
0.062
0.062
0.062
0.062
0.062
0.062
0.062
0.062
0.062
0.058
0.062
0.062
0.062
0.062
0.062
0.062
0.062
0.062
0.062
0.062
0.062
0.062
0.062
0.062
0.061
0.062
0.062
0.062
0.062
0.062
0.062
0.062
0.062
0.056
0.062
0.062
0.062
0.062
0.062
0.060
0.062
0.062
0.062
0.062
0.062
0.062
0.062
0.062
0.062
0.062
0.062
0.062
0.062
0.062
0.062
0.062
0.062
0.062
0.058
0.062
0.061
0.062
0.062
0.062
0.062
0.062
0.055
0.062
0.062
-0.995
0.062
0.062
0.062
0.062
0.062
0.046
0.062
0.062
0.062
0.062
0.062
0.058
0.059
0.062
0.062
0.062
0.055
0.062
0.062
0.062
0.062
0.062
0.062
0.062
0.062
0.062
0.062
0.062
0.062
0.058
0.062
0.062
0.062
0.058
0.062
0.062
0.062
0.062
0.062
0.055
0.062
0.062
0.062
0.062
0.062
0.062
0.062
0.062
0.062
0.062
0.060
0.062
0.062
0.062
0.062
0.062
0.062
0.071
0.071
0.070
0.071
0.071
0.071
0.071
0.071
0.071
0.071
0.071
0.069
0.071
0.071
0.071
0.071
0.071
0.071
0.071
0.071
0.071
0.053
0.071
0.067
0.071
0.071
0.070
0.071
0.071
0.066
0.071
0.071
0.067
0.071
0.071
0.053
0.071
0.071
0.071
0.071
0.071
0.071
0.071
0.071
0.066
0.071
0.071
0.071
0.071
0.071
0.069
0.071
0.071
0.071
0.053
0.071
0.071
0.071
0.071
0.071
0.071
0.071
0.071
0.071
0.071
0.067
0.053
0.071
-2.409
0.071
0.071
0.069
0.071
0.071
0.071
0.071
0.071
0.071
0.071
0.071
0.071
0.071
0.071
0.065
0.071
0.071
0.070
0.069
0.071
0.071
0.071
0.071
0.071
0.071
0.071
0.071
0.071
0.071
0.071
0.071
0.071
0.071
0.071
0.071
0.071
0.071
0.071
0.067
0.071
0.071
0.071
0.071
0.071
0.071
0.071
0.071
0.071
0.071
0.071
0.071
0.071
0.071
0.071
0.066
0.071
0.058
0.071
0.071
0.071
0.071
0.071
-2.605
0.071
0.069
0.071
0.071
0.071
0.067
0.071
0.071
0.071
0.071
0.071
0.067
0.070
0.069
0.071
0.071
0.071
0.071
0.067
0.071
0.071
0.071
0.071
0.069
0.071
0.071
0.071
0.071
0.071
0.071
0.071
0.071
0.053
0.071
0.071
0.069
0.071
0.071
0.070
0.071
0.071
0.071
0.071
0.071
0.071
0.071
0.071
0.070
0.071
0.071
0.069
0.071
0.071
0.071
0.071
0.071
0.067
0.067
0.068
0.071
0.071
0.071
-1.643
0.070
0.071
-1.651
0.071
0.071
0.069
0.071
0.071
0.067
0.071
0.071
0.069
0.071
0.071
0.069
0.071
0.071
0.071
0.071
0.071
0.071
0.071
0.071
0.071
0.071
0.071
0.069
0.071
0.071
0.071
0.071
0.071
0.071
0.071
0.071
-1.790
0.071
0.071
0.070
0.071
0.071
0.071
0.071
0.071
0.065
0.071
0.071
0.053
0.071
0.071
0.071
0.071
0.071
0.071
0.071
0.071
0.069
0.071
0.071
0.071
0.067
0.071
0.070
0.067
0.071
0.069
0.071
0.071
0.071
0.071
0.071
0.071
0.071
0.071
0.068
0.071
0.071
0.071
0.071
0.071
0.071
0.071
0.067
0.071
0.071
0.071
-1.652
0.071
-2.184
-2.366
0.071
0.071
0.067
0.071
0.071
0.069
0.071
0.058
0.071
0.071
0.071
0.071
0.071
0.071
0.071
0.067
0.071
0.052
0.071
0.071
0.071
0.071
0.066
0.071
0.071
0.071
0.069
0.071
0.071
0.066
0.071
0.071
0.071
0.071
0.071
0.071
0.071
0.071
0.071
0.071
0.071
0.068
0.071
0.071
0.071
0.071
0.071
0.070
0.071
0.068
0.071
0.071
0.071
0.071
0.071
0.071
0.069
0.071
0.071
0.071
0.071
0.071
0.067
0.060
0.054
0.071
0.071
0.070
0.068
0.071
0.071
0.071
0.071
0.071
0.070
0.071
0.071
0.069
0.066
0.069
0.060
0.068
0.058
0.069
0.066
0.071
0.071
-3.040
0.071
0.060
0.071
0.071
0.060
0.071
0.071
0.067
0.071
0.071
0.071
0.071
0.071
0.060
0.071
0.071
0.067
0.071
0.071
0.071
0.071
0.071
0.067
0.071
0.071
0.071
0.071
0.071
0.071
0.071
0.071
0.071
0.071
0.071
0.062
0.071
0.071
0.051
0.071
0.071
0.071
0.071
0.071
0.071
0.071
0.071
0.068
0.071
0.071
0.071
0.071
0.071
0.071
0.071
0.071
0.069
0.071
0.071
0.068
0.071
0.071
0.071
0.071
0.071
0.068
0.071
0.071
-3.125
0.071
0.071
-2.801
0.071
0.071
0.065
-1.610
0.071
0.053
0.071
0.071
0.071
0.068
0.071
0.066
0.071
0.071
0.071
0.071
0.071
0.071
0.071
0.071
0.067
