fixedStep chrom=ENSGT00390000005700 start=1 step=1
0.076
0.082
0.081
0.081
0.081
0.075
0.056
0.062
0.080
0.056
0.080
0.076
0.056
-1.974
-1.995
-1.999
0.056
0.056
-1.341
0.056
0.056
0.082
0.077
0.076
-1.976
0.077
0.078
0.075
-1.953
0.076
-1.995
-1.368
-1.352
0.062
0.056
0.062
0.077
0.076
-1.981
0.081
0.080
0.071
0.056
-1.234
0.072
0.081
0.071
-1.973
-1.358
0.082
0.076
-1.991
0.056
0.070
0.081
0.076
0.071
-0.950
-0.952
-0.952
0.081
0.081
-2.814
0.056
-2.062
0.056
0.081
-1.999
0.081
0.056
0.076
0.056
0.081
0.082
-2.058
0.076
0.077
-2.055
0.076
0.056
-1.327
0.067
0.081
0.077
0.082
0.076
0.076
-1.332
0.063
0.078
0.081
0.081
0.081
0.081
-1.481
0.060
0.067
0.080
0.081
0.074
0.081
0.062
0.067
0.081
0.082
0.078
0.081
0.081
0.081
0.077
0.081
0.081
0.079
0.079
0.082
0.081
0.076
0.082
0.081
0.081
0.082
0.081
0.081
0.081
0.081
0.067
0.079
0.081
0.077
0.081
0.081
0.081
0.081
0.081
-2.785
0.081
0.081
0.079
0.081
0.081
0.077
0.081
0.081
0.078
0.081
0.081
0.081
0.081
0.082
0.081
0.081
0.081
0.081
0.081
0.082
0.081
0.081
0.081
0.080
0.081
0.081
0.079
0.081
0.081
0.081
0.082
0.081
0.077
0.081
0.082
0.077
0.081
0.081
0.081
0.081
0.081
0.081
0.081
0.082
0.082
0.080
0.082
0.081
0.081
0.081
0.081
0.081
0.082
0.081
0.081
0.081
0.081
0.081
0.081
0.077
0.081
0.081
0.081
0.082
0.081
0.081
0.081
0.081
0.081
0.082
0.082
0.077
0.081
0.082
0.081
0.081
0.081
0.081
0.081
0.082
0.081
0.081
0.081
0.078
0.081
0.082
0.081
0.081
0.081
0.081
-1.123
-1.123
-1.122
0.081
0.081
0.082
0.081
0.081
0.081
0.082
0.081
0.081
0.082
0.081
0.081
0.081
0.081
0.062
0.082
0.082
0.081
0.081
0.081
0.081
0.082
0.081
0.081
0.081
0.081
0.081
0.082
0.082
0.082
0.082
0.081
0.077
0.081
0.082
0.081
0.081
0.081
0.082
0.081
0.081
0.081
0.081
0.082
0.082
0.081
0.082
0.081
0.062
0.081
0.077
0.081
0.081
0.060
0.081
0.081
0.081
0.081
0.081
0.081
0.081
0.081
0.077
0.000
0.000
0.000
0.000
0.000
0.000
0.000
0.000
0.000
0.000
0.000
0.000
0.000
0.000
0.000
0.000
0.000
0.000
0.067
0.067
0.079
0.067
0.067
0.067
0.081
0.081
0.081
0.067
0.078
0.081
0.081
0.081
0.082
0.081
0.081
0.081
0.081
0.081
0.081
0.081
0.081
0.081
0.081
0.082
0.081
0.081
0.082
0.081
0.081
0.082
0.082
0.081
0.081
0.081
0.082
0.081
0.082
0.081
0.081
0.082
0.081
0.081
0.081
0.082
0.082
0.081
0.081
0.081
0.076
0.082
0.082
0.081
0.081
0.082
0.062
0.081
0.081
0.081
0.081
0.081
0.076
0.081
0.081
0.081
0.081
0.081
0.062
0.081
0.082
0.081
0.081
0.081
0.081
0.082
0.082
0.081
0.081
0.081
0.081
0.081
0.081
0.081
0.081
0.081
0.081
0.081
0.082
0.081
0.081
0.082
0.081
0.081
0.081
0.081
0.081
0.081
0.081
0.082
0.081
0.081
0.082
0.082
0.082
0.081
0.081
0.081
0.081
0.082
0.077
0.082
0.082
0.081
0.081
0.081
0.081
0.081
0.081
0.082
0.081
0.081
0.082
0.081
0.081
0.080
0.081
0.081
0.081
0.072
0.081
0.077
0.081
0.081
0.077
0.081
0.081
0.081
0.082
0.081
0.081
0.082
0.081
0.081
0.082
0.081
0.082
0.081
0.081
0.076
0.082
0.081
0.079
0.082
0.081
0.071
0.082
0.082
0.081
0.082
0.081
0.082
0.081
0.082
0.076
0.081
0.081
0.081
0.081
0.082
0.082
