fixedStep chrom=ENSGT00390000006968 start=1 step=1
0.053
0.053
0.053
0.053
0.053
0.053
0.053
0.053
0.053
0.053
0.053
0.053
0.053
0.053
0.053
0.053
0.053
0.053
0.053
0.053
0.053
0.053
0.053
0.053
0.053
0.053
0.053
0.053
0.053
0.053
0.053
0.053
0.053
0.053
0.053
0.053
0.053
-1.160
0.053
0.053
0.053
0.053
0.053
0.053
0.053
0.048
-1.170
0.053
0.053
0.048
0.053
0.053
0.053
0.053
0.053
0.053
0.053
0.053
0.053
0.053
0.053
0.053
0.053
0.053
0.053
0.053
0.053
0.053
0.053
0.053
0.053
0.053
0.053
0.053
0.053
0.053
0.053
0.053
0.053
-1.170
0.051
0.053
0.053
0.053
0.053
0.053
0.051
0.053
0.053
0.053
0.053
0.053
0.052
0.053
0.053
0.048
-1.185
-1.185
-1.185
-1.185
-1.185
-1.185
0.048
0.053
0.053
-1.156
-1.160
-1.160
-1.160
0.053
0.048
0.048
-1.160
0.053
-1.160
-1.160
0.053
0.053
0.053
0.048
0.053
-1.157
0.053
0.053
-1.164
0.053
-1.160
0.048
0.051
0.053
-1.157
0.053
-1.157
0.053
0.053
-1.157
0.048
0.048
0.053
-1.156
0.052
0.053
0.053
0.053
0.053
0.053
0.053
0.053
0.053
0.053
0.053
0.053
0.053
0.053
0.053
0.053
0.048
-1.160
0.048
-1.157
0.053
-1.832
-1.157
0.053
-1.160
0.053
0.053
0.053
0.053
0.053
0.053
0.053
0.053
0.053
0.053
0.053
0.053
0.053
0.053
0.053
0.053
0.053
0.053
0.053
0.053
0.047
0.053
0.053
0.053
0.053
0.053
0.053
0.051
0.053
0.053
0.053
0.053
0.053
0.053
-1.156
0.053
0.053
0.053
0.053
0.053
0.053
0.052
0.052
0.053
0.053
0.053
0.053
0.053
0.053
0.053
0.053
0.053
0.053
0.053
0.053
0.053
0.053
0.053
0.053
0.053
0.053
0.053
0.052
0.053
0.053
0.053
0.053
0.053
0.048
0.053
0.053
0.053
0.053
0.053
0.053
0.053
0.053
0.053
0.053
0.053
0.053
0.053
0.053
0.053
0.051
0.053
0.049
0.047
0.053
0.053
0.053
0.043
0.053
0.053
0.053
0.053
0.053
0.053
0.053
0.053
0.053
0.053
0.053
0.053
0.053
0.053
0.053
0.041
0.053
0.053
0.053
0.053
0.053
0.053
0.053
0.053
0.053
0.053
0.053
0.041
0.053
0.053
0.053
0.053
0.053
0.053
0.053
0.053
0.053
0.053
0.053
0.043
0.053
0.053
0.053
0.053
0.053
0.053
0.053
0.053
0.053
0.053
0.053
0.053
0.053
0.053
0.053
0.053
0.053
0.053
0.052
0.053
0.053
0.053
0.053
0.053
0.053
0.053
0.053
0.053
0.053
0.053
0.053
0.053
0.053
0.053
0.053
0.053
0.053
0.053
0.048
0.053
0.053
0.053
0.053
0.053
0.053
0.053
0.053
0.053
0.053
0.053
0.053
0.053
0.053
0.053
0.053
0.053
0.052
0.053
0.053
0.053
0.053
0.053
0.053
0.053
0.053
0.053
0.053
0.053
0.051
0.053
0.053
-1.160
0.053
0.053
0.053
0.053
0.053
0.048
0.053
0.053
0.053
0.053
0.053
0.053
0.053
0.053
0.053
0.053
0.053
0.053
0.053
0.053
0.053
0.053
0.053
0.053
0.053
0.053
0.051
0.053
0.053
0.053
0.053
0.053
0.053
0.053
0.053
0.051
0.053
0.053
0.046
0.053
0.053
0.052
0.053
0.053
0.053
0.053
0.053
0.053
0.053
0.053
0.053
0.053
0.053
0.053
0.053
0.053
0.053
0.053
0.053
0.053
0.053
0.053
0.053
0.053
0.053
0.043
0.053
0.053
0.053
0.053
0.053
0.053
0.053
0.053
0.053
0.053
0.053
0.053
0.053
0.053
0.053
0.053
0.053
0.053
0.053
0.053
0.053
0.053
0.053
0.053
0.053
0.053
0.053
0.053
0.053
0.053
0.053
0.053
0.048
0.053
0.053
0.053
0.052
0.053
0.053
0.053
0.053
0.050
0.053
0.053
0.053
0.053
0.053
0.043
0.053
0.053
0.053
0.053
0.053
0.053
0.053
0.051
0.053
0.053
0.053
0.053
0.053
0.053
0.053
0.053
0.053
0.053
0.053
0.053
0.053
0.053
0.053
0.053
0.053
0.053
0.048
0.053
0.053
0.053
0.053
0.051
0.053
0.053
0.053
0.051
0.053
0.053
0.053
0.053
0.053
-1.156
0.053
0.053
0.053
0.053
0.053
0.053
-1.170
0.053
0.051
0.053
0.053
0.047
0.053
0.053
0.053
0.053
0.053
0.053
0.053
0.053
0.052
0.053
0.053
0.043
0.048
0.053
0.053
0.053
0.053
0.053
0.051
0.053
-1.157
0.053
0.053
0.053
0.053
0.051
0.053
0.053
0.053
0.053
0.053
0.053
0.053
0.053
0.053
0.053
0.053
0.053
0.053
0.053
0.053
0.053
0.053
0.053
0.053
0.053
0.053
0.053
0.053
0.053
0.053
0.053
0.053
0.053
0.053
0.053
0.053
0.053
0.053
-2.012
0.053
0.053
0.048
0.053
0.053
0.048
0.053
0.053
0.052
0.053
0.053
0.053
0.053
0.053
0.053
0.053
0.053
0.053
0.053
0.053
0.053
0.052
0.053
0.053
0.053
0.053
0.053
0.053
0.053
0.053
0.053
0.053
0.053
0.053
0.053
0.053
0.053
0.053
0.053
0.051
0.053
0.053
0.053
0.053
0.053
0.053
0.053
0.053
0.053
0.053
0.053
0.053
0.053
0.053
0.053
0.053
0.053
0.053
0.053
0.051
0.053
0.053
0.053
0.053
0.053
0.053
0.053
0.053
0.053
0.053
0.053
0.053
0.052
0.053
0.053
0.053
0.053
0.053
0.053
0.053
0.053
0.053
0.053
0.053
0.053
0.053
0.053
0.053
0.053
0.053
0.053
0.053
0.053
0.053
0.053
0.053
0.053
0.053
0.053
0.053
0.053
0.053
0.053
0.053
0.053
0.053
0.053
0.053
0.053
0.053
0.043
0.053
0.053
0.050
0.053
0.053
0.052
0.053
0.053
0.051
0.051
0.053
0.053
0.053
0.053
0.049
0.053
0.053
0.053
0.053
0.053
0.053
0.053
0.053
0.053
0.053
0.053
0.053
0.053
0.053
0.053
0.053
0.053
0.053
0.053
0.053
0.053
0.053
0.053
0.053
0.053
0.053
0.053
0.053
0.053
-2.044
0.053
0.053
0.053
0.053
0.053
0.053
0.053
0.053
0.052
0.053
0.053
-1.169
0.053
0.053
0.043
0.053
0.053
0.053
