fixedStep chrom=ENSGT00510000049284 start=1 step=1
0.000
0.000
0.000
0.000
0.000
0.000
0.000
0.000
0.000
0.000
0.000
0.000
0.000
0.000
0.000
0.000
0.000
0.000
0.000
0.000
0.000
0.000
0.000
0.000
0.000
0.000
0.000
0.000
0.000
0.000
0.000
0.000
0.000
0.000
0.000
0.000
0.000
0.000
0.000
0.000
0.000
0.000
0.000
0.000
0.000
0.000
0.000
0.000
0.000
0.000
0.000
0.000
0.000
0.000
0.000
0.000
0.000
0.000
0.000
0.000
0.000
0.000
0.000
0.000
0.000
0.000
0.000
0.000
0.000
0.000
0.000
0.000
0.000
0.000
0.000
0.000
0.000
0.000
0.000
0.000
0.000
0.000
0.000
0.000
0.000
0.000
0.000
0.000
0.000
0.000
0.000
0.000
0.000
0.000
0.000
0.000
0.000
0.000
0.000
0.000
0.000
0.000
0.000
0.000
0.000
0.000
0.000
0.000
0.000
0.000
0.000
0.000
0.000
0.000
0.081
0.081
0.081
0.076
0.080
0.081
0.081
0.081
0.081
0.081
0.078
0.080
0.081
0.081
0.076
0.081
0.064
0.081
0.077
0.081
0.080
0.081
0.081
0.076
0.081
0.081
0.081
0.081
0.081
0.081
0.080
0.081
0.066
0.081
0.081
0.081
0.081
0.081
0.081
0.081
0.081
0.081
0.080
0.081
0.076
0.081
0.081
0.078
0.076
0.078
0.081
0.081
0.081
0.068
0.081
0.081
0.081
0.078
0.081
0.081
0.077
0.081
0.077
0.081
0.081
0.081
0.081
0.080
0.080
0.081
0.081
0.081
0.081
0.081
0.064
-1.523
0.078
0.076
0.081
0.080
0.081
0.081
0.081
-1.534
0.081
0.064
0.081
0.000
0.000
0.000
0.000
0.000
0.000
0.000
0.000
0.000
0.000
0.000
0.000
0.081
0.078
0.081
0.080
0.081
0.077
0.077
0.081
0.081
0.080
0.081
0.081
0.081
0.081
0.081
0.081
0.081
0.081
0.081
0.081
0.081
0.081
0.081
0.081
0.081
0.081
0.080
0.081
0.081
0.070
0.081
0.081
0.081
0.081
0.077
0.081
0.081
0.081
0.079
0.064
0.056
0.080
0.059
0.076
0.078
0.081
0.077
0.081
0.081
0.070
0.068
0.081
0.081
0.081
0.081
0.081
0.081
0.081
0.081
0.081
0.081
0.081
0.078
0.081
0.081
0.059
0.081
0.081
0.058
0.080
0.081
0.063
0.081
0.081
0.081
0.081
0.081
0.081
0.081
0.081
0.077
0.081
0.081
0.081
0.081
0.081
0.073
0.081
0.081
0.058
0.081
0.081
0.081
0.081
0.080
0.081
0.081
0.081
0.077
0.081
0.081
-2.877
0.081
0.081
0.081
0.081
0.081
0.076
0.077
0.070
0.069
0.000
0.000
0.000
0.000
0.000
0.000
0.000
0.000
0.000
0.000
0.000
0.000
0.000
0.000
0.000
-1.188
-1.188
-1.224
-1.843
-1.188
-1.188
-1.878
-1.188
-1.188
-2.641
-1.188
-1.408
-1.183
-1.682
-1.188
0.076
0.080
0.078
0.078
-2.134
0.076
0.077
0.070
0.081
0.081
0.078
-1.534
0.074
0.081
0.081
0.081
0.081
0.063
0.081
0.081
0.068
0.064
0.081
0.081
0.081
0.077
0.076
0.081
0.081
0.078
0.081
0.081
0.068
0.081
0.081
0.076
0.081
0.081
0.080
0.081
0.081
0.081
0.080
0.081
-1.509
0.081
0.081
0.081
0.081
0.081
0.081
0.081
0.081
0.076
0.081
0.081
0.081
0.081
0.081
0.081
0.081
0.081
0.081
0.081
0.081
0.078
0.081
0.081
0.081
0.076
0.081
0.075
0.081
0.081
0.081
0.081
0.081
0.081
0.081
0.081
0.081
0.081
0.081
0.059
0.064
0.081
0.077
0.081
0.081
0.081
0.081
0.081
0.081
0.070
0.081
0.077
0.081
0.081
0.081
0.081
0.081
0.081
0.081
0.081
0.078
0.081
0.081
0.081
0.081
0.081
0.080
0.070
0.076
0.081
0.081
0.081
0.081
0.081
0.081
0.081
0.081
0.081
0.077
0.081
0.081
0.076
0.081
0.081
0.081
0.081
0.081
0.081
0.081
0.081
0.081
0.081
0.081
0.081
0.081
0.081
0.064
0.081
0.081
0.081
0.081
0.081
0.081
0.081
0.081
0.081
0.081
0.081
0.081
0.081
0.081
0.081
0.081
0.081
0.081
