fixedStep chrom=ENSGT00390000011190 start=1 step=1
0.069
0.058
0.069
0.069
0.069
0.069
0.069
0.069
0.069
0.069
0.056
0.069
0.063
0.069
0.066
0.068
0.069
0.069
0.069
0.069
0.056
0.067
0.069
0.069
0.067
0.069
0.066
0.069
0.069
0.066
0.069
0.069
0.069
0.069
0.069
0.069
0.069
0.069
0.069
0.069
0.069
0.069
0.069
0.069
0.069
0.069
0.069
0.067
0.069
0.064
0.069
0.069
0.069
0.069
0.069
0.069
0.069
0.069
0.069
0.069
0.066
0.069
0.069
0.068
0.069
0.066
0.069
0.069
0.069
0.069
0.069
0.067
0.069
0.069
0.065
0.069
0.069
0.067
0.069
0.069
0.069
0.069
0.069
0.069
0.069
0.069
0.069
0.069
0.069
0.068
0.069
0.069
0.066
0.069
0.069
0.069
0.069
0.069
0.069
0.069
0.069
0.058
0.069
0.066
0.069
0.069
0.069
0.066
0.069
0.069
0.069
0.069
0.069
0.069
0.067
0.069
0.069
0.069
0.069
0.066
0.069
0.069
0.069
0.069
0.069
0.069
0.069
0.069
0.069
0.069
0.069
0.069
0.069
0.069
0.069
0.069
0.066
0.069
0.069
0.069
0.069
0.069
0.058
0.069
0.069
0.069
0.066
0.069
0.066
0.069
0.069
0.069
0.069
0.069
0.069
0.069
0.069
0.069
0.067
0.069
0.069
0.069
0.069
0.069
0.069
0.069
0.069
0.068
0.069
0.069
0.068
0.069
0.069
0.067
0.069
0.069
0.058
0.069
0.069
0.065
-1.519
-1.281
-1.281
0.056
0.069
0.069
0.069
0.069
0.069
0.069
0.069
0.067
0.069
0.069
0.069
0.069
0.069
0.058
0.067
0.066
0.069
0.069
0.069
0.067
0.069
0.068
0.069
0.069
0.069
0.066
0.067
0.069
0.069
0.069
0.069
0.069
0.069
0.069
0.069
0.069
0.069
0.069
0.069
0.069
0.066
0.069
0.069
0.066
0.069
0.069
0.069
0.069
0.066
0.069
0.069
0.066
0.069
0.069
0.069
0.069
0.069
0.069
0.066
0.069
0.069
0.069
0.069
0.058
0.068
0.069
0.069
0.069
0.069
0.069
0.061
0.067
0.069
0.069
0.066
0.069
0.069
0.069
0.069
0.069
0.069
0.069
0.066
0.069
0.066
0.068
0.069
0.069
0.069
0.069
0.069
0.068
0.066
0.063
0.064
0.069
0.069
0.069
0.069
0.069
0.066
0.069
0.069
0.069
0.069
0.069
0.069
0.069
0.069
0.066
0.066
0.069
0.069
0.069
0.069
0.069
0.066
0.069
0.069
0.069
0.069
0.057
0.069
0.069
0.067
0.069
0.069
0.069
0.069
0.069
0.069
0.069
0.069
-2.636
0.069
0.058
0.069
0.066
0.069
0.069
0.069
0.069
0.066
0.069
0.069
0.069
0.069
0.069
0.064
0.056
0.069
0.067
0.069
0.069
0.069
0.069
0.069
0.069
0.069
0.069
0.064
0.069
0.069
0.069
0.069
0.069
0.066
0.058
0.069
0.068
