fixedStep chrom=ENSGT00390000004574 start=1 step=1
-0.001
-0.001
-0.716
-0.005
-0.716
-0.599
-0.716
-0.716
-0.005
0.048
0.047
0.048
0.048
0.048
0.048
0.048
0.045
0.048
0.048
0.048
-1.333
0.048
0.048
0.048
0.042
0.048
0.048
0.045
-2.165
0.037
-1.344
0.042
0.037
0.048
0.042
0.048
0.048
0.047
0.045
0.042
0.048
0.047
0.042
0.048
0.048
0.042
0.048
0.048
0.042
0.045
0.048
0.048
0.048
0.048
0.048
0.048
0.048
0.037
-1.343
0.047
-1.343
0.042
0.048
0.048
0.048
-1.345
-1.345
0.048
0.048
0.045
0.048
0.048
0.048
0.048
0.045
0.048
0.048
0.047
0.048
0.048
0.048
0.048
0.048
0.042
0.048
0.048
0.048
0.048
0.047
0.048
0.048
0.048
0.048
0.048
0.048
0.048
0.048
0.048
0.045
-1.326
0.042
0.048
0.048
0.042
0.048
0.048
0.048
0.048
0.048
0.048
0.048
0.048
0.042
0.048
0.042
0.048
0.048
0.048
0.048
0.048
0.048
0.048
0.042
0.048
0.048
0.048
0.048
0.048
0.048
0.048
0.048
0.042
0.048
0.048
0.043
0.048
0.048
0.048
0.048
0.048
0.048
0.048
0.048
0.048
0.048
0.048
0.048
0.048
0.048
0.048
0.048
0.048
0.048
0.048
0.048
0.042
0.048
0.048
-1.326
0.048
0.048
0.048
0.048
0.048
0.048
0.048
0.048
0.048
0.048
0.048
0.048
0.048
0.048
0.045
0.048
0.048
0.048
0.048
0.048
0.048
0.048
0.048
0.048
0.048
0.048
0.048
0.048
0.048
0.048
0.048
0.042
0.048
0.048
0.048
0.048
0.048
0.048
0.048
0.048
0.048
0.048
-0.743
-0.743
-0.743
0.048
0.048
0.048
0.048
0.048
0.048
0.048
0.048
0.048
0.048
0.048
0.042
0.048
0.048
0.042
0.048
0.048
0.048
0.048
0.048
0.048
0.048
0.048
0.048
0.048
0.048
0.048
0.048
0.048
0.048
0.048
0.048
0.048
0.048
0.048
0.048
0.048
0.048
0.048
0.048
0.048
0.048
0.048
0.048
0.048
-1.324
0.048
0.042
0.048
0.048
0.048
0.048
0.048
0.048
0.048
0.048
0.048
0.048
0.048
0.048
0.048
0.048
0.048
0.048
0.048
0.048
0.048
0.048
0.042
0.048
0.048
0.048
0.048
0.048
0.037
0.048
0.048
0.048
0.042
0.043
0.043
0.045
0.048
0.048
0.048
0.048
0.048
0.048
0.048
0.048
0.048
0.048
0.048
0.048
0.048
0.048
0.048
0.048
0.048
0.048
0.048
0.048
0.048
0.048
0.048
0.048
0.048
0.045
-1.343
0.048
0.048
0.048
0.042
0.048
0.048
0.048
0.048
0.048
0.048
0.042
0.048
0.048
0.048
0.048
0.048
0.042
0.048
0.048
0.042
0.048
0.048
0.048
0.048
0.048
0.048
0.048
0.048
0.048
0.048
0.048
0.048
0.048
0.048
0.048
0.048
0.048
0.042
-1.333
0.042
-2.294
0.048
0.048
0.048
0.048
0.048
0.048
0.048
0.048
0.048
0.048
0.048
0.048
0.048
0.048
0.045
0.048
0.048
0.048
0.048
0.048
0.048
0.048
0.048
0.048
0.048
0.048
0.048
0.048
0.048
-1.333
