fixedStep chrom=ENSGT00390000016247 start=1 step=1
0.069
0.069
0.069
0.067
0.069
0.069
0.069
0.069
0.069
0.069
0.069
0.065
0.069
0.069
0.069
0.069
0.069
0.067
0.069
0.069
0.069
0.069
0.069
-1.816
0.069
0.069
0.069
0.069
0.067
0.065
0.069
0.069
0.067
0.069
0.069
0.060
0.069
0.069
0.069
0.069
0.069
0.064
0.065
0.069
0.067
0.069
0.069
0.064
0.069
0.069
0.069
0.069
0.069
0.069
0.069
0.069
0.069
0.069
0.069
0.069
0.066
0.069
0.066
0.069
0.069
0.069
0.069
0.069
0.069
0.069
0.069
0.069
0.069
0.069
0.068
0.069
0.069
0.069
0.069
0.069
0.069
0.069
0.069
0.064
0.065
0.069
0.065
0.069
0.069
0.069
0.069
0.069
0.068
0.069
0.069
0.069
0.069
0.069
0.069
0.066
0.069
0.064
0.064
0.064
0.066
0.069
0.067
0.052
0.069
0.069
0.069
0.069
0.069
0.069
0.069
0.069
0.065
0.064
0.069
0.069
0.069
0.069
0.069
0.069
0.069
0.066
-1.798
0.069
0.069
0.066
0.069
0.069
0.065
0.069
0.063
0.069
0.069
0.069
0.069
0.069
0.069
0.055
0.069
0.069
0.069
0.069
0.069
0.060
0.069
0.069
0.069
0.069
0.049
0.069
0.069
0.049
0.069
0.069
0.065
0.069
0.069
0.066
0.069
0.069
0.069
0.069
0.069
0.069
0.069
0.069
0.064
0.069
0.069
-1.758
0.069
0.069
0.069
0.069
0.069
0.069
0.065
0.067
0.069
0.069
0.069
0.069
0.069
0.069
0.069
0.069
0.069
0.069
0.069
0.069
0.069
0.069
0.069
0.069
0.069
0.069
0.049
0.069
0.065
-1.799
0.069
0.069
0.069
0.069
0.069
0.069
0.069
0.069
0.069
0.069
0.069
0.068
0.069
0.069
0.069
0.069
0.069
0.069
0.069
0.052
0.069
0.069
0.069
0.069
0.069
0.069
0.069
0.069
0.069
0.068
0.069
0.069
0.069
0.069
0.069
0.069
0.069
0.069
0.065
0.069
0.069
0.069
0.069
0.069
0.069
0.069
0.069
0.069
0.069
0.069
0.069
0.069
0.069
0.069
0.069
0.069
0.065
0.069
0.049
0.065
0.069
0.069
0.065
0.065
0.069
0.069
0.069
0.069
0.069
0.069
0.069
0.069
0.069
0.069
0.069
0.069
0.069
0.069
0.069
0.069
0.069
0.069
0.069
0.069
0.069
0.069
0.069
0.069
0.069
0.065
0.065
0.069
0.069
0.063
0.066
0.065
0.069
0.069
0.069
0.068
0.069
0.065
0.063
0.069
0.065
0.064
0.069
0.063
0.055
0.069
0.069
0.069
0.069
0.056
0.069
0.069
0.069
0.069
0.069
0.068
0.069
0.069
0.069
0.069
0.069
0.069
0.069
0.069
0.069
0.069
0.069
0.069
0.069
0.068
-1.816
0.069
0.069
0.069
-1.148
-1.149
-1.150
