fixedStep chrom=ENSGT00390000018086 start=1 step=1
0.094
0.094
0.094
0.094
0.083
0.094
0.094
0.069
0.074
0.094
0.085
0.089
0.092
0.094
0.094
0.092
0.094
0.094
0.089
0.094
0.094
0.094
0.094
0.094
0.094
0.094
0.094
0.094
0.094
0.083
0.094
0.094
0.094
0.094
0.094
0.094
0.085
0.094
0.094
0.094
0.094
0.094
0.094
0.092
0.092
0.094
0.094
0.094
0.094
0.094
0.094
0.094
0.094
0.091
0.094
0.094
0.092
0.094
0.094
0.094
0.094
0.094
0.093
0.094
0.094
0.092
0.094
0.094
-2.350
0.094
0.094
0.094
0.094
0.094
0.093
0.094
0.094
0.094
0.092
0.094
0.094
0.094
0.094
0.090
0.094
0.094
0.094
0.094
0.094
0.074
0.094
0.094
0.094
0.094
0.094
0.094
0.094
0.094
0.089
0.094
0.094
0.094
0.092
0.094
0.094
0.087
0.077
0.090
0.094
0.094
0.090
0.094
0.094
0.094
0.094
0.093
0.081
0.094
0.086
0.094
0.094
0.094
0.094
0.081
0.080
0.083
0.079
0.094
0.094
0.094
0.089
0.094
0.092
0.094
0.094
0.094
0.094
0.094
0.094
0.094
0.094
0.094
0.081
0.092
0.094
0.094
0.094
0.089
0.094
0.094
0.090
0.093
0.094
0.094
0.094
0.092
0.094
0.094
0.093
0.092
0.094
0.084
0.093
0.094
0.080
0.088
0.092
0.094
0.094
0.094
0.094
0.094
0.094
0.094
0.094
0.094
0.094
0.091
0.094
0.085
0.094
0.094
0.094
0.094
0.094
0.091
0.087
0.080
0.091
