fixedStep chrom=ENSGT00530000064220 start=1 step=1
0.073
0.073
0.073
0.073
0.073
0.054
0.073
0.073
0.073
0.073
0.073
0.073
0.073
0.073
0.073
0.073
0.073
0.073
0.073
0.073
0.073
0.073
0.073
0.073
0.073
0.066
0.073
0.073
0.073
0.073
0.073
0.073
0.068
0.073
0.073
0.071
0.073
0.073
0.071
0.073
0.073
0.073
0.058
0.072
0.070
0.067
0.073
0.073
0.073
0.073
0.073
0.073
0.073
0.073
0.073
0.073
0.073
0.073
0.069
0.073
0.071
0.073
0.073
0.073
0.073
0.073
0.073
0.073
0.073
0.073
0.073
0.073
0.073
0.073
0.072
0.073
0.073
0.071
0.073
0.073
0.073
0.073
0.073
0.073
0.073
0.073
0.073
0.073
0.073
0.073
0.073
0.073
0.072
0.073
0.073
0.072
0.073
0.073
0.062
0.073
0.073
0.073
0.059
0.073
0.070
0.073
0.073
0.067
0.073
0.073
0.073
0.073
0.073
0.073
0.073
0.073
0.073
0.073
0.073
0.073
0.073
0.073
0.073
0.073
0.073
0.073
0.073
0.073
0.073
0.073
0.073
0.073
0.073
0.073
0.072
0.073
0.073
0.073
0.073
0.073
0.073
0.058
0.072
0.073
0.073
0.073
0.073
0.073
0.073
0.070
0.073
0.073
0.073
0.073
0.073
0.073
0.073
0.073
0.073
0.073
0.073
0.073
0.073
0.073
0.072
0.073
0.073
0.070
0.073
0.073
0.072
0.053
0.073
0.073
0.073
0.073
0.059
0.073
0.069
0.070
0.073
0.073
0.073
0.073
0.073
0.073
0.073
0.073
0.073
0.073
0.073
0.072
0.073
0.073
0.073
0.073
0.073
0.072
0.073
0.073
0.073
0.073
0.073
0.072
0.073
0.073
0.072
0.073
0.073
0.073
0.073
0.073
0.073
0.073
0.073
0.073
0.073
0.073
0.070
0.073
0.073
0.073
0.058
0.070
0.073
0.073
0.073
0.073
0.073
0.073
0.073
0.073
0.070
0.073
0.073
0.073
0.073
0.073
0.073
0.073
0.073
0.073
0.062
0.070
0.073
0.073
0.073
0.058
0.073
0.073
0.073
0.070
0.073
0.073
0.072
0.072
0.073
0.073
0.073
0.073
0.069
0.073
0.059
0.073
0.073
0.073
0.073
0.073
0.073
0.073
0.073
0.073
0.073
0.073
0.073
0.073
0.073
0.073
0.069
0.073
0.070
0.073
0.073
0.073
0.073
0.073
0.073
0.073
0.073
0.073
0.072
0.073
0.073
0.071
0.070
0.070
0.073
0.073
0.073
0.073
0.071
0.073
0.065
-1.566
0.073
0.062
0.073
0.073
0.073
0.073
0.067
0.073
0.073
0.073
0.071
0.073
0.073
0.073
0.073
0.073
0.073
0.073
0.073
0.073
0.073
0.070
0.070
0.073
0.073
0.071
0.073
0.073
0.070
0.073
0.072
0.058
0.073
0.073
0.073
0.073
0.072
0.066
0.066
0.066
0.066
0.066
0.066
0.066
0.000
0.000
0.000
0.000
0.000
0.000
0.066
0.062
0.063
0.066
0.066
0.066
0.066
0.066
0.066
0.066
0.066
0.066
0.066
0.065
0.063
0.066
0.066
0.066
-1.226
-1.217
-1.216
0.066
0.066
0.066
0.066
0.066
0.066
0.066
0.066
0.066
0.066
0.066
0.066
0.058
0.066
-1.861
0.066
0.066
0.062
0.066
0.066
0.063
0.062
0.049
0.065
-1.842
-1.842
-2.018
-1.170
-1.838
-1.217
-2.512
-1.968
-1.375
-1.308
-1.193
-1.985
-0.158
-0.158
-0.158
0.063
0.066
0.066
0.066
0.065
0.054
0.062
0.049
0.065
0.053
0.066
0.066
0.063
0.066
0.066
0.066
0.066
0.053
0.062
0.061
0.066
0.066
0.066
0.066
0.066
0.066
0.066
0.066
0.062
0.065
0.066
0.066
0.063
0.066
0.066
0.066
0.053
0.066
0.066
0.066
0.066
0.066
0.066
0.063
0.055
0.066
0.066
0.066
0.063
0.066
0.066
0.066
0.065
0.066
0.063
0.066
0.066
0.066
0.066
0.066
0.066
0.066
-1.798
0.066
0.066
0.066
0.066
0.066
0.066
0.063
0.066
0.063
0.066
0.066
0.062
0.066
0.066
0.066
0.053
0.066
0.066
0.066
0.066
0.066
0.066
0.066
0.066
0.066
0.066
0.066
0.066
0.066
0.062
0.066
0.066
0.066
0.066
0.066
0.066
0.053
0.066
0.066
0.066
0.066
0.066
0.066
0.066
0.059
0.066
0.066
-1.857
0.066
0.066
0.066
0.066
0.066
0.063
0.066
0.066
0.063
0.066
0.066
0.063
0.066
0.066
0.065
0.066
0.066
0.066
0.066
0.066
0.066
0.066
0.066
0.049
0.066
0.066
0.066
0.000
0.000
0.000
0.066
0.066
0.065
0.066
0.066
0.066
0.066
0.066
0.066
0.066
0.066
0.066
0.066
0.066
0.066
0.066
0.066
0.066
0.066
0.066
0.066
0.066
0.066
0.049
0.066
0.066
0.066
0.066
0.066
0.065
0.063
0.063
0.066
0.066
0.066
0.064
0.066
0.066
-1.819
0.066
0.066
0.066
0.066
0.066
0.066
0.066
0.066
0.066
0.066
0.066
0.064
0.066
0.066
0.066
0.066
0.053
0.066
0.061
0.066
0.066
0.066
0.066
0.066
0.066
0.066
0.066
0.066
0.066
0.049
0.066
0.066
0.066
0.066
0.066
0.051
0.066
0.066
0.066
0.066
0.066
0.066
0.066
0.066
0.066
0.066
0.066
0.066
0.066
0.065
0.059
0.063
0.066
0.066
0.066
0.066
0.062
0.066
0.066
0.066
0.066
0.066
0.066
0.066
0.066
0.066
0.066
0.066
0.066
0.066
0.066
0.066
0.066
0.066
0.066
0.066
0.066
0.066
-1.011
0.066
0.066
0.066
0.066
0.066
0.066
0.066
0.066
0.066
0.066
0.066
0.066
0.066
0.066
0.066
0.066
0.066
0.066
0.066
0.066
0.066
0.066
0.066
0.066
0.066
0.066
0.066
0.066
0.065
0.066
0.066
0.065
0.055
0.055
0.066
0.066
0.066
0.063
0.066
0.066
0.066
0.066
0.066
0.066
0.066
0.066
0.066
0.066
0.066
0.066
0.066
0.066
0.066
0.066
0.066
0.066
0.066
0.066
0.066
0.066
0.066
0.066
0.066
0.066
0.065
0.066
0.062
0.065
0.055
0.062
0.049
0.066
0.066
0.066
0.000
0.000
0.000
0.061
0.066
0.061
0.066
0.066
0.059
0.066
0.066
0.065
0.066
0.066
0.066
0.066
0.066
0.066
0.066
0.066
0.066
0.065
0.066
0.066
0.066
0.066
0.065
0.066
0.066
0.066
0.066
0.066
0.066
0.066
0.066
0.066
0.066
0.066
0.066
0.066
0.066
0.066
0.066
0.066
0.066
0.066
0.066
0.066
0.066
0.066
0.055
0.066
0.066
0.066
0.066
0.066
0.066
0.066
0.066
0.059
0.062
0.066
0.066
0.066
0.066
0.066
0.066
0.066
0.066
0.066
0.066
0.065
0.066
0.066
0.065
0.066
0.066
0.066
0.063
0.066
0.066
0.066
0.066
0.066
0.066
0.066
0.063
0.066
0.066
0.066
0.066
0.066
0.066
0.063
0.066
0.066
0.066
0.066
0.063
0.066
0.066
0.066
0.066
0.066
0.066
0.066
0.066
0.066
0.066
0.066
0.066
0.055
0.064
0.063
0.066
0.066
0.066
0.066
0.066
0.062
0.066
0.066
0.066
0.066
0.066
0.066
0.066
0.066
0.066
0.066
0.066
0.066
0.066
0.066
0.059
0.066
0.066
0.066
0.066
0.066
0.066
0.063
0.066
0.066
0.066
0.066
0.065
0.066
0.066
0.063
0.066
0.066
0.065
0.066
0.066
0.066
0.066
0.066
0.066
0.066
0.066
0.066
0.066
0.066
0.063
0.066
0.066
0.066
0.066
0.066
0.066
0.066
0.066
0.066
0.064
0.066
0.066
0.063
0.065
0.062
0.066
0.066
0.066
0.066
0.066
0.063
0.066
0.066
0.063
0.062
0.066
0.066
0.066
0.066
0.049
0.066
0.066
0.066
0.049
0.066
0.066
0.066
0.066
0.066
0.066
0.066
0.066
0.066
0.066
0.066
-2.581
0.066
0.049
0.049
0.066
0.062
0.066
0.066
0.053
0.066
0.066
0.066
0.066
0.062
0.063
0.066
0.066
0.066
0.066
0.066
0.066
0.066
0.066
0.066
0.066
0.066
0.066
0.065
0.066
0.065
0.066
0.062
0.066
0.066
0.066
0.066
0.066
0.066
0.053
0.066
0.066
0.048
0.066
0.066
0.066
0.066
0.066
0.066
0.066
0.066
0.066
0.066
0.066
0.066
0.066
0.066
0.066
0.066
0.066
0.066
0.066
0.066
0.063
0.062
0.066
0.062
0.066
0.066
0.066
0.066
0.066
0.066
0.066
0.066
0.066
0.066
0.066
0.066
0.066
0.066
0.063
0.066
0.066
0.066
0.066
0.066
0.065
0.066
0.059
0.066
0.066
0.066
0.066
0.066
0.066
0.066
0.066
0.066
0.049
0.066
0.066
0.049
0.066
0.066
0.066
0.066
0.066
0.066
0.066
0.066
0.066
0.066
0.066
0.066
0.066
0.066
0.066
0.066
0.066
0.066
0.062
0.066
0.059
0.066
0.066
0.066
0.066
0.066
0.066
0.066
0.066
0.066
0.066
0.066
0.066
0.066
0.066
0.062
0.066
0.066
0.066
0.066
0.062
0.066
0.066
0.063
0.066
0.066
0.066
0.065
0.066
0.066
0.066
0.066
0.066
0.066
0.066
0.066
0.066
0.066
0.066
0.066
0.066
0.066
0.066
0.066
0.066
0.049
0.049
0.063
0.063
0.066
0.066
0.066
0.066
0.066
0.062
0.066
0.064
0.063
0.066
0.066
0.066
0.066
0.066
0.066
0.049
0.066
0.066
0.066
0.066
0.066
0.066
0.066
0.066
0.066
0.066
0.061
0.048
0.066
0.066
0.066
0.066
0.066
0.066
0.066
0.062
0.066
0.066
0.066
0.066
0.062
0.066
0.066
0.066
0.049
0.066
0.066
0.066
0.066
0.066
0.066
0.066
0.066
0.066
0.066
0.066
0.063
0.066
0.066
0.066
0.066
0.066
0.063
0.063
0.063
0.066
0.066
0.066
0.066
0.066
0.064
0.066
0.066
0.066
0.066
0.066
0.066
0.066
0.062
0.066
0.066
0.066
0.066
0.066
0.066
0.066
0.062
0.066
0.066
0.062
0.066
0.066
0.062
0.065
0.066
0.066
0.066
0.066
0.066
0.066
0.066
0.066
0.066
0.066
0.066
0.053
0.066
0.066
0.066
0.066
0.063
0.066
0.066
0.066
0.066
0.066
0.066
0.066
0.066
0.066
0.066
0.066
0.066
0.066
0.066
0.066
-1.798
0.066
-1.791
0.062
0.066
0.063
0.066
0.066
0.066
0.049
0.066
0.063
0.055
0.066
0.066
0.066
0.066
0.063
0.066
0.066
0.064
0.066
0.066
0.061
0.066
0.066
0.066
0.066
0.066
0.066
0.066
0.066
0.066
0.066
0.066
0.066
0.066
0.066
0.066
0.049
0.066
0.062
0.066
0.066
0.066
0.066
0.066
0.065
0.063
0.066
0.066
0.066
0.066
0.062
0.066
0.066
0.066
0.073
0.073
0.073
0.073
0.073
0.073
0.073
0.073
0.073
0.073
0.073
0.071
0.073
0.073
0.073
0.073
0.073
0.073
0.073
0.073
0.070
0.073
0.073
0.073
0.073
0.073
0.059
0.073
0.073
0.070
0.073
0.073
0.073
0.073
0.073
0.073
0.073
0.073
0.065
0.073
0.073
0.073
0.073
0.073
0.073
0.073
0.073
0.072
0.073
0.073
0.057
0.073
0.073
-1.596
0.073
0.073
0.073
0.073
0.073
0.073
0.073
0.073
0.069
0.073
0.073
0.073
0.073
0.073
-2.595
0.073
0.073
0.073
0.073
0.073
0.070
0.073
0.059
0.073
0.073
-3.426
0.070
0.073
0.073
0.070
0.073
0.073
0.073
0.073
0.073
0.073
0.073
0.073
0.073
0.073
0.073
0.073
0.073
0.073
-1.727
0.073
0.073
0.073
0.073
0.073
0.073
0.073
0.073
0.073
0.051
0.073
0.067
0.073
0.073
0.073
0.073
0.073
0.072
0.070
0.073
-2.218
0.062
0.073
0.070
0.059
0.054
0.073
0.073
0.073
0.070
0.073
0.073
0.073
0.073
0.073
0.073
0.073
0.073
0.073
0.073
0.073
0.071
0.073
0.072
0.055
0.073
0.073
0.073
0.073
0.073
0.055
0.073
0.073
0.070
0.073
0.070
0.072
0.073
0.073
0.073
0.073
0.073
0.073
0.073
0.073
0.059
0.073
0.073
0.073
0.073
0.073
0.073
0.073
0.073
0.070
0.073
0.073
0.073
0.073
0.073
0.068
0.073
0.073
0.057
0.072
0.073
0.073
0.073
0.073
0.073
0.073
0.073
0.070
0.073
0.070
0.068
0.059
0.058
0.071
0.073
0.073
0.073
0.073
0.073
0.070
0.073
0.073
0.073
0.073
0.073
0.073
0.073
0.073
0.070
0.073
0.073
0.073
0.073
0.073
0.072
0.073
0.073
0.073
0.071
0.073
0.073
0.073
0.073
0.072
0.073
0.073
0.073
0.069
0.073
0.070
0.073
0.073
0.073
0.073
0.073
0.070
0.073
0.073
0.073
0.073
0.072
0.073
0.073
0.073
0.073
0.073
0.073
0.073
0.068
0.073
0.071
0.062
0.073
0.073
0.073
0.073
0.073
0.073
0.073
0.071
0.073
0.073
0.073
0.073
0.073
0.073
0.073
0.073
0.073
0.073
0.073
0.073
0.073
0.073
0.073
0.073
0.073
0.073
0.073
0.073
0.069
0.073
0.073
0.073
0.073
0.073
0.073
0.073
0.070
0.073
0.073
0.073
0.071
0.058
0.073
0.067
0.073
0.073
0.072
0.073
0.073
0.073
0.073
0.073
0.073
0.073
0.073
0.073
0.073
0.073
0.073
0.073
0.073
0.073
0.070
0.073
0.070
0.070
0.073
0.073
0.073
0.073
0.073
0.062
0.073
0.073
0.073
0.072
0.073
0.073
-2.140
0.072
-1.234
-1.771
-1.815
0.070
0.072
0.066
0.073
0.073
0.073
0.073
0.073
0.073
0.073
0.073
0.073
0.073
0.073
0.073
0.072
0.073
0.073
0.070
0.073
0.073
0.073
0.073
0.073
0.073
0.073
0.073
0.073
-1.584
0.070
0.059
0.070
0.071
0.059
0.073
0.073
0.073
0.071
0.073
0.059
0.073
0.073
0.073
0.073
0.070
0.073
0.073
0.073
0.067
0.073
0.073
0.055
0.073
0.061
0.073
0.073
0.068
0.073
0.073
0.072
0.059
0.073
0.073
0.059
0.073
0.073
0.073
0.073
0.073
0.073
0.073
0.071
0.073
0.073
0.073
0.070
0.073
0.062
0.073
0.073
0.073
0.073
0.073
0.073
0.073
0.073
0.073
0.073
0.073
0.073
0.070
0.070
0.070
0.073
0.073
0.066
0.059
0.071
0.059
0.067
0.070
0.068
0.073
0.073
0.072
0.070
0.058
0.072
0.073
0.073
0.073
0.072
0.073
0.073
0.073
0.072
0.073
0.073
0.073
0.072
0.073
0.073
0.073
0.073
0.073
0.073
0.073
0.073
0.073
0.073
0.073
0.073
0.073
0.073
0.071
0.073
0.073
0.073
0.073
0.073
0.073
0.073
0.073
0.073
0.073
0.073
0.073
0.073
0.072
0.059
0.073
0.073
0.073
0.073
0.073
0.073
0.073
0.072
0.068
0.070
0.073
0.073
0.073
0.062
0.072
0.073
0.073
0.073
0.073
0.072
0.073
0.073
0.073
0.073
0.073
0.073
0.071
0.073
0.073
0.071
0.073
0.073
0.072
0.073
0.073
0.073
0.070
0.073
0.073
0.073
0.073
0.073
0.073
0.073
0.070
0.073
0.073
0.073
0.073
0.073
0.073
0.073
0.073
0.073
0.073
0.073
0.073
0.073
0.073
0.072
0.073
0.073
0.062
0.073
0.073
0.073
0.073
0.073
0.068
0.073
0.073
0.073
0.073
0.073
0.073
0.073
0.073
0.073
0.073
0.073
0.073
0.073
0.073
0.073
0.073
0.073
0.073
0.073
0.073
0.072
0.073
0.073
0.073
0.073
0.073
0.073
0.073
0.073
0.073
0.073
0.073
0.069
0.073
0.073
0.073
0.073
0.073
0.073
0.073
0.073
0.073
0.073
0.073
0.073
0.073
0.073
0.073
0.070
0.073
0.073
0.073
0.073
0.070
0.073
0.073
0.073
0.073
0.073
0.070
0.073
0.073
0.073
0.070
0.073
0.073
0.073
0.059
0.073
0.073
0.073
0.073
0.062
0.073
0.071
0.070
0.073
0.059
0.073
0.073
0.073
0.073
0.073
0.073
0.073
0.073
0.072
0.073
0.073
0.072
0.073
0.070
0.073
0.073
0.072
0.072
0.073
0.073
0.073
0.073
0.073
0.073
0.073
0.073
0.073
0.073
0.073
0.073
0.073
0.073
0.073
0.073
0.073
0.070
0.073
0.071
0.073
0.073
0.073
0.073
0.073
0.073
0.073
0.073
0.073
0.073
0.073
0.073
0.073
0.073
0.073
0.073
0.073
0.073
0.073
0.070
0.073
0.073
0.073
0.073
0.073
0.073
0.073
0.071
0.073
0.073
0.071
0.073
0.073
0.073
0.071
0.073
0.073
0.073
0.073
0.073
0.073
0.073
0.073
0.073
0.073
0.073
0.073
0.073
0.066
0.073
0.073
0.072
0.073
0.073
0.073
0.066
0.073
0.073
0.073
0.073
0.073
0.073
0.073
0.073
0.073
0.073
0.073
0.073
0.073
0.073
0.073
0.073
0.073
0.073
0.073
0.073
0.073
0.073
0.072
0.073
0.073
0.059
0.073
0.073
0.073
0.073
0.073
0.070
0.073
0.073
0.073
0.073
0.073
0.073
0.073
0.073
0.073
0.073
0.073
0.073
0.073
0.073
0.073
0.073
0.073
0.068
0.070
0.073
0.071
0.073
0.073
0.073
0.073
0.073
0.073
0.073
0.073
0.073
0.073
0.073
0.073
0.073
0.073
0.073
0.073
0.073
0.073
0.073
0.073
0.068
0.073
0.073
0.072
0.073
0.072
0.073
0.073
0.073
0.073
0.073
0.073
0.073
0.073
0.073
0.073
0.073
0.073
0.073
0.073
0.073
0.073
0.073
0.073
0.073
0.073
0.073
0.073
0.073
0.073
0.073
0.073
0.073
0.073
0.073
0.073
0.070
0.073
0.073
0.073
0.073
0.073
0.072
0.073
0.073
0.073
0.073
0.073
0.073
0.068
0.073
0.073
0.073
0.073
0.073
0.073
0.073
0.073
0.073
0.073
0.073
0.073
0.073
0.073
0.073
0.073
0.073
0.073
0.073
0.073
