fixedStep chrom=ENSGT00390000006167 start=1 step=1
0.073
0.074
0.073
0.073
0.074
0.073
0.073
0.073
0.073
0.073
0.073
0.073
0.073
0.073
0.073
0.073
0.073
0.073
0.074
0.073
0.071
0.073
0.074
0.073
0.074
0.069
0.073
0.073
0.073
0.073
0.073
0.073
0.073
0.074
0.074
0.073
0.071
0.074
0.073
0.073
0.073
0.067
0.073
0.073
0.073
0.051
0.074
0.073
0.074
0.074
0.073
0.073
0.073
0.069
0.074
0.073
0.073
0.073
0.073
0.073
0.073
0.074
0.073
0.073
0.073
0.070
0.073
0.073
-2.083
0.073
0.073
-2.103
0.073
0.073
0.073
0.073
0.073
0.056
0.073
0.073
0.060
0.073
0.074
0.070
0.073
0.074
0.072
0.074
0.074
0.072
0.067
0.074
0.069
0.074
0.074
0.073
0.074
0.073
0.061
0.073
0.073
0.074
0.073
0.073
0.073
0.073
0.073
0.073
0.073
0.073
0.073
0.073
0.073
0.073
0.073
0.074
0.061
0.074
0.074
0.073
0.073
0.073
0.071
0.073
0.073
0.071
0.073
0.073
0.068
0.073
0.074
0.074
0.073
0.073
0.073
0.074
0.074
0.074
0.073
0.073
0.074
0.073
0.073
0.069
0.073
0.073
0.073
0.073
0.074
0.070
0.073
0.074
0.073
0.072
0.074
0.067
0.073
0.073
0.073
0.073
0.073
0.074
0.074
0.073
0.073
0.074
0.073
0.070
0.074
0.073
0.073
0.074
0.073
0.069
0.073
0.074
0.073
0.073
0.074
0.073
0.073
0.073
0.073
0.073
0.073
0.060
0.073
0.073
0.068
0.073
0.074
0.070
0.073
0.073
0.073
0.073
0.074
0.073
0.073
0.073
0.073
0.073
0.070
0.070
0.074
0.073
0.072
0.074
0.073
-2.970
0.073
0.073
0.072
0.073
0.073
0.073
0.074
0.074
0.072
0.073
0.073
0.052
0.073
0.073
0.073
0.074
0.074
0.074
0.073
0.073
0.073
0.074
0.074
0.073
0.074
0.074
0.065
0.073
0.073
0.059
0.073
0.074
0.060
0.073
0.073
0.069
0.073
0.074
0.074
0.073
0.073
0.073
0.074
0.074
0.073
0.073
0.073
0.073
0.073
0.074
0.071
0.073
0.073
0.073
0.073
0.073
0.066
0.073
0.073
0.069
0.074
0.074
0.069
0.073
0.074
0.073
0.074
0.073
0.073
0.067
0.074
0.073
0.073
0.073
0.067
0.073
0.073
0.073
0.073
0.074
0.073
0.073
0.074
0.073
0.073
0.074
0.073
0.070
0.073
0.055
0.070
0.073
0.073
0.073
0.074
0.073
0.073
0.073
0.074
0.073
0.073
0.069
0.073
0.073
0.060
0.073
0.073
0.073
0.073
0.073
0.073
0.073
0.073
0.073
0.073
0.073
0.073
0.073
0.070
0.071
0.073
0.073
0.060
0.073
0.074
0.073
0.073
0.073
-3.509
0.071
0.074
0.073
0.073
0.070
0.073
0.072
0.074
0.066
0.073
0.072
0.073
0.064
0.073
0.074
0.071
0.073
0.070
0.074
0.074
0.073
0.061
0.074
0.073
-1.215
-1.215
-3.441
0.073
0.073
0.073
0.073
0.073
0.073
0.074
0.073
0.068
0.073
0.073
0.074
0.073
0.073
0.057
0.073
0.073
0.073
0.073
0.073
0.070
0.073
0.073
0.069
0.072
0.073
0.073
0.073
0.074
0.061
0.073
0.074
0.073
0.071
0.074
0.055
0.070
0.073
0.071
0.073
0.073
0.073
0.073
0.073
0.074
0.073
0.073
0.073
0.073
0.074
0.074
0.074
0.073
0.073
0.073
0.074
0.073
0.073
0.073
0.073
0.073
0.074
0.073
-0.133
-0.133
-0.133
-0.133
-0.133
-0.133
-3.568
-3.698
-4.240
-3.693
-3.698
-3.693
-3.698
-4.267
-4.890
-3.698
-3.698
-4.714
-4.822
-4.596
-5.962
-3.565
-4.108
-4.108
-5.962
-5.407
-4.138
-2.099
0.067
0.072
0.072
0.067
0.067
0.067
0.073
0.074
0.073
0.073
0.072
0.073
0.073
0.069
0.073
0.073
0.069
0.073
0.073
0.073
0.073
0.073
-3.231
0.074
0.073
0.074
0.073
0.073
0.072
0.073
0.072
0.072
0.073
0.073
0.073
0.073
0.073
0.072
0.073
0.067
0.073
0.072
0.073
0.071
0.060
0.073
0.072
0.068
0.073
0.069
0.073
0.073
0.070
0.073
0.074
0.074
0.055
0.073
0.068
0.073
0.073
0.073
0.069
0.073
0.067
0.073
0.070
0.054
-1.848
-1.114
-1.559
0.000
0.000
0.000
0.000
0.000
0.000
0.000
0.000
0.000
0.067
0.072
0.058
0.069
0.073
0.066
0.073
0.067
0.073
0.073
0.073
0.069
0.074
0.073
0.069
0.073
0.073
0.069
0.073
0.073
0.073
0.073
0.069
0.073
0.073
0.072
0.073
0.071
0.070
0.072
0.073
0.073
0.073
0.073
0.073
0.061
0.070
0.073
-2.344
0.070
0.055
0.055
0.069
0.073
0.073
0.060
0.073
0.073
0.074
0.073
0.073
0.073
0.073
0.070
0.073
0.073
0.073
0.073
0.074
0.070
0.073
0.070
0.071
0.073
0.074
0.073
0.073
0.074
0.073
0.073
0.074
0.073
0.069
0.074
0.073
0.073
0.073
0.073
0.073
0.074
0.073
0.073
0.073
0.067
0.068
0.074
0.055
0.073
0.073
0.073
0.073
0.073
0.073
0.072
0.074
0.074
0.073
0.073
0.073
0.073
0.073
0.073
0.073
0.073
0.071
0.073
0.074
0.072
0.073
0.073
0.074
0.073
0.074
0.069
0.073
0.073
0.055
0.073
0.074
0.069
0.073
0.073
0.069
0.074
0.074
0.073
0.073
0.073
0.073
0.073
0.073
0.074
0.072
0.074
0.070
0.073
0.073
0.071
0.073
0.070
0.073
0.073
0.073
0.073
0.073
0.073
0.073
0.074
0.073
0.069
0.073
0.073
-1.530
0.073
0.073
0.073
0.074
0.074
0.072
0.073
0.073
0.073
0.073
0.073
0.072
0.073
0.073
0.073
0.073
0.073
0.073
0.073
0.073
0.072
0.068
0.074
0.073
0.073
0.073
0.073
0.073
0.074
0.074
0.073
0.073
0.073
0.073
0.074
0.068
0.073
0.073
0.067
0.073
0.074
0.073
0.073
0.073
0.073
0.073
0.073
0.074
0.074
0.074
0.072
0.073
0.073
0.068
0.073
0.073
0.073
0.073
0.073
0.073
0.073
0.074
0.073
0.073
0.073
0.055
0.073
0.074
0.073
0.073
0.073
0.066
0.073
0.074
0.072
0.073
0.073
0.073
0.074
0.074
0.073
0.073
0.073
0.069
0.073
0.073
0.073
0.073
0.073
-3.119
0.073
0.073
0.073
0.074
0.074
0.073
0.074
0.073
0.073
0.073
0.073
0.073
0.074
0.073
0.073
0.073
0.073
0.073
0.073
0.073
0.072
0.074
0.074
0.073
0.074
0.073
0.073
0.074
0.073
0.073
0.073
0.073
0.073
0.073
0.073
0.073
0.073
0.074
0.070
0.073
0.073
0.066
0.073
0.073
0.073
0.073
0.074
0.073
0.073
0.074
0.072
0.073
0.073
0.073
0.073
0.073
0.073
0.073
0.074
0.060
0.073
0.073
0.058
0.073
0.073
0.073
0.073
0.074
0.073
0.074
0.074
0.072
0.073
0.073
0.074
0.073
0.073
0.073
0.074
0.074
0.074
0.073
0.073
0.062
0.073
0.074
0.073
0.073
0.074
0.073
0.073
0.074
0.073
0.073
0.073
0.069
0.073
0.073
0.073
0.073
0.073
0.073
0.073
0.074
0.073
0.073
0.074
0.073
0.073
0.073
0.073
0.074
0.073
0.070
0.073
0.073
-2.169
0.073
0.074
0.073
0.073
0.073
0.073
0.074
0.074
0.071
0.073
0.073
0.061
0.073
0.073
0.072
0.073
0.073
0.067
0.073
0.073
0.073
0.073
0.074
0.073
0.073
0.074
0.073
0.074
0.073
0.070
0.073
0.074
0.073
0.073
0.074
0.073
0.073
0.074
0.073
0.073
0.073
0.067
0.073
0.073
0.073
0.073
0.074
0.073
0.073
0.074
0.073
0.073
0.073
0.052
0.073
0.073
0.073
0.073
0.073
0.061
0.073
0.073
0.073
0.073
0.074
0.073
0.073
0.073
0.069
0.073
0.073
0.071
0.073
0.073
0.071
0.073
0.073
0.073
0.073
0.073
0.071
0.073
0.074
0.072
0.073
0.073
0.072
0.074
0.073
0.073
0.074
0.073
0.073
0.073
0.073
0.073
0.074
0.073
0.073
0.073
0.074
0.070
0.073
0.074
0.073
0.073
0.073
0.061
0.074
0.074
0.066
0.073
0.074
0.072
0.073
0.074
0.073
0.073
0.074
0.073
0.073
0.074
0.073
0.074
0.073
0.073
0.073
0.074
0.073
0.073
0.073
0.073
0.073
0.074
0.070
0.073
0.073
0.073
0.073
0.074
0.073
0.073
0.073
0.073
