fixedStep chrom=ENSGT00440000033870 start=1 step=1
0.079
0.080
0.079
0.080
0.079
-0.813
0.079
0.079
0.079
0.079
0.079
-0.813
0.079
0.079
0.079
0.076
0.080
0.080
0.079
0.079
0.080
0.079
0.079
0.080
0.079
0.068
0.079
0.079
0.079
0.078
0.079
0.080
0.077
-0.813
0.079
-0.813
0.079
0.080
0.071
0.079
0.079
0.079
0.071
0.080
0.071
0.079
0.079
0.079
0.077
0.079
0.080
0.079
0.079
0.071
0.080
0.080
0.080
0.079
0.080
0.071
0.079
0.079
0.080
0.079
0.079
0.080
0.079
0.079
0.079
0.079
0.077
0.079
0.071
0.079
0.071
0.079
0.080
0.079
0.079
0.079
0.072
0.079
-1.504
0.077
0.071
0.080
0.079
0.079
0.079
0.079
-0.158
-0.158
-0.158
0.079
0.079
0.079
0.080
0.079
0.079
0.080
0.079
0.079
0.077
0.079
0.078
-0.813
0.079
0.080
0.079
0.071
0.079
0.079
0.079
0.080
0.079
0.079
0.079
0.080
0.080
0.080
0.079
0.075
0.079
0.079
0.079
0.079
0.079
0.079
0.079
0.080
0.080
0.080
0.080
0.080
0.071
-0.813
0.079
0.071
0.079
0.080
0.071
0.079
0.079
0.078
0.079
0.079
-1.908
-0.813
0.079
0.071
0.071
0.079
0.079
0.079
0.078
0.078
0.079
0.079
0.079
0.080
0.079
0.079
0.078
0.078
0.080
0.079
0.080
0.079
0.071
0.079
0.079
0.079
0.079
0.071
-2.975
0.079
0.071
0.071
0.079
-1.492
0.079
0.071
0.079
0.079
0.079
0.079
0.079
-1.518
0.079
0.079
0.080
0.069
0.071
0.077
0.077
0.077
0.079
0.067
-1.585
0.071
-1.550
0.079
0.079
0.071
0.079
0.079
0.078
0.071
0.079
-0.801
-0.801
0.079
0.072
0.079
0.078
0.071
0.080
0.079
0.080
0.079
0.076
0.080
0.079
0.079
0.071
0.079
0.071
0.079
0.079
0.079
0.069
0.079
0.079
0.079
0.079
0.079
0.079
0.080
0.077
0.079
0.080
0.080
0.071
0.077
0.079
0.079
0.079
0.079
0.079
0.079
0.079
0.080
0.079
0.079
0.071
0.077
0.079
0.071
0.080
0.079
0.080
0.079
-0.813
0.071
0.079
0.079
0.079
0.076
0.079
0.079
0.079
0.079
0.079
0.071
0.080
-0.816
0.079
0.079
0.079
0.079
0.079
-0.801
0.079
0.080
0.077
0.058
0.080
0.071
0.079
0.080
0.071
0.079
0.079
0.075
-1.710
-1.710
-1.709
0.079
0.079
0.071
0.079
0.079
0.068
0.079
0.079
0.079
0.080
0.080
0.079
0.079
0.079
0.071
0.079
0.071
0.071
0.079
0.077
0.071
0.077
0.079
0.068
0.079
0.079
0.079
0.079
0.079
0.071
0.079
0.079
-0.812
0.078
0.080
0.080
0.079
0.080
-1.818
0.080
0.079
0.080
0.071
0.079
0.080
0.080
0.080
0.080
0.079
0.079
0.079
0.079
0.079
0.079
0.079
0.080
-0.814
0.072
0.079
0.071
0.079
0.080
0.079
0.079
0.079
0.076
0.079
0.079
0.079
0.079
0.071
0.077
0.080
0.071
0.080
0.078
0.079
0.075
0.080
0.079
0.077
-0.813
0.079
0.079
0.079
0.079
0.071
0.079
0.079
0.079
0.079
0.080
0.072
0.079
0.079
0.071
0.079
0.079
0.079
0.079
0.080
-2.060
0.079
0.079
0.079
0.079
-1.504
0.079
0.071
0.079
0.079
-1.432
0.079
0.080
0.080
0.079
0.072
0.079
0.077
0.069
0.080
0.080
0.079
0.077
0.079
0.071
0.058
0.079
0.069
0.076
0.079
0.072
0.063
0.079
0.076
0.079
0.080
-1.492
0.080
0.079
0.080
0.079
0.079
0.071
0.078
0.079
0.078
0.079
0.079
0.077
0.080
0.079
0.071
0.075
0.079
0.079
0.079
0.079
0.077
0.079
0.080
0.071
0.079
0.079
0.069
0.079
0.079
-2.052
0.069
0.080
0.079
0.079
0.079
0.079
0.079
0.080
0.079
0.080
0.079
0.056
0.057
0.057
0.057
0.052
0.045
0.057
0.057
0.057
0.054
0.057
0.057
0.057
0.057
0.057
0.057
0.057
0.057
0.055
0.057
0.057
0.045
0.057
0.057
0.057
0.057
0.057
0.056
0.057
0.057
0.056
0.057
0.057
0.057
0.057
0.057
0.054
0.057
0.057
0.057
0.057
0.057
0.057
0.057
0.057
0.057
0.057
0.057
0.040
0.057
0.057
0.057
0.057
0.057
0.057
0.057
0.057
0.057
0.057
0.057
0.056
0.057
0.057
0.057
0.057
0.057
0.057
0.057
0.057
0.057
0.057
0.057
0.057
0.057
0.057
0.057
0.057
0.057
0.040
0.052
0.045
0.057
0.057
0.057
0.055
0.053
0.057
0.057
0.057
0.057
0.057
0.057
0.057
0.057
0.057
0.057
0.057
0.057
0.057
0.057
0.057
0.057
0.054
0.057
0.057
0.057
0.057
0.057
0.057
0.057
0.057
0.057
0.057
0.057
0.056
0.057
0.057
0.057
0.057
0.057
0.057
0.057
0.057
0.057
0.057
0.057
0.057
0.057
0.057
0.057
0.057
0.057
0.057
0.057
0.057
0.057
0.057
0.057
0.057
0.057
0.057
0.054
0.057
0.057
0.056
0.057
0.057
0.057
0.057
0.057
0.057
0.057
0.057
0.057
0.057
0.057
0.057
0.057
0.057
0.057
0.057
0.057
0.053
0.057
0.057
0.057
0.057
0.057
0.040
0.057
0.057
0.057
0.057
0.057
0.057
0.057
0.057
0.057
0.057
0.057
0.057
0.057
0.057
0.057
0.057
0.057
0.057
0.057
0.057
0.057
0.057
0.054
0.057
0.057
0.055
0.056
0.057
0.054
-2.074
0.057
0.057
0.057
0.057
0.057
0.057
0.057
0.057
0.057
0.057
0.057
0.053
0.053
0.057
0.055
0.057
0.057
0.057
0.057
0.057
0.057
0.057
0.057
0.057
0.054
0.054
0.057
0.057
0.057
0.057
0.057
0.057
0.057
0.057
0.057
0.057
-1.313
-1.313
-1.311
0.040
0.057
-2.044
0.057
0.057
0.057
0.057
0.057
0.054
0.057
0.057
0.057
0.057
0.057
0.057
0.057
0.057
0.057
0.057
0.057
0.053
0.057
0.057
0.057
0.057
0.057
0.057
0.057
0.057
0.057
0.080
0.079
0.071
0.079
0.079
0.071
0.080
0.079
0.077
0.079
0.079
0.071
0.079
0.079
0.079
0.079
0.079
0.077
0.079
0.079
0.058
0.080
0.079
0.079
0.080
0.080
0.080
-0.813
0.079
0.079
0.079
0.079
0.077
0.079
0.079
0.077
0.079
0.079
0.079
0.079
0.080
-0.813
0.079
0.079
0.079
0.079
0.080
0.079
0.080
0.079
0.079
-0.158
-0.213
-0.158
0.071
0.079
0.077
0.080
0.078
0.075
0.068
0.080
0.071
0.079
0.079
0.079
0.079
0.079
0.079
0.079
0.079
-0.801
0.080
0.079
0.080
0.079
0.079
-0.801
0.079
0.079
0.079
0.080
0.079
0.076
0.079
0.079
0.080
0.079
0.079
0.071
0.079
0.079
0.079
0.079
0.079
0.079
0.079
-0.814
0.080
0.079
0.079
0.077
0.079
0.080
0.069
0.079
0.079
0.079
0.079
0.079
0.071
0.079
0.079
0.077
0.079
0.080
0.080
0.079
0.079
0.079
0.079
0.080
-0.813
0.079
0.079
0.058
0.079
0.079
0.058
0.079
0.079
0.079
0.079
0.079
-1.243
0.079
0.077
0.069
0.079
0.079
0.079
0.079
0.079
0.077
0.079
0.079
0.080
0.078
0.079
0.069
-0.813
0.079
0.079
0.079
0.079
0.077
0.080
0.079
0.079
0.080
0.079
0.079
0.079
0.079
0.079
0.079
0.079
0.071
0.079
0.080
-2.442
0.079
0.079
0.075
0.080
0.079
0.058
0.079
0.079
0.079
0.079
0.079
0.077
0.080
0.079
0.069
0.079
0.079
0.071
0.079
0.079
0.071
0.079
0.079
0.077
0.079
0.079
0.079
-0.813
0.079
0.079
0.079
0.079
0.071
0.079
0.079
0.075
0.079
0.079
0.071
0.079
0.080
0.069
0.079
0.079
0.079
0.079
0.079
0.067
0.079
0.079
0.077
0.079
0.079
0.079
0.079
0.079
0.080
0.058
0.080
0.076
0.080
0.079
-1.818
0.079
0.071
0.078
0.079
0.079
0.080
0.079
0.071
0.079
0.080
0.079
0.071
0.079
0.079
0.079
0.079
0.079
0.079
0.079
0.079
0.078
0.079
0.079
0.071
0.079
0.079
0.076
0.079
0.079
0.071
0.079
0.079
0.079
0.079
0.080
0.071
0.079
0.079
0.068
-0.801
0.079
0.080
0.080
0.079
0.079
0.079
0.080
0.079
0.079
0.079
0.069
0.079
0.079
0.079
0.079
0.080
0.079
0.079
0.080
0.079
0.079
0.079
0.079
0.079
0.079
0.072
0.079
0.079
0.068
0.079
0.079
0.079
0.079
0.079
0.079
0.080
0.080
0.080
0.079
0.079
0.077
0.079
0.079
0.071
0.079
0.079
0.071
0.079
0.079
0.079
0.079
0.079
0.079
0.080
0.079
0.077
0.079
0.080
-0.814
0.079
0.079
0.079
0.079
0.079
0.079
0.079
0.079
0.079
0.079
0.079
0.070
0.079
0.080
0.079
0.079
0.079
0.079
0.079
0.079
0.079
0.079
0.079
0.079
0.079
0.077
0.079
0.079
0.079
0.079
0.079
0.079
0.071
0.079
0.079
0.077
0.068
0.079
0.080
0.079
0.079
0.079
0.079
0.079
0.069
0.079
0.079
0.079
0.079
0.071
0.071
0.079
0.079
0.080
0.080
0.079
0.079
0.079
0.080
0.077
0.079
0.080
0.079
0.079
0.079
0.079
0.079
0.080
0.080
0.079
0.080
0.080
0.079
0.079
0.078
0.079
0.079
0.080
0.079
0.079
0.079
0.079
0.079
0.079
0.079
0.079
0.079
0.079
0.080
0.071
0.079
0.079
0.071
0.080
0.079
0.071
0.079
0.079
0.078
0.079
0.079
0.071
0.080
0.079
0.080
0.080
0.079
0.077
0.079
0.080
0.079
0.079
0.080
0.079
0.079
0.079
0.080
0.079
0.079
0.079
0.071
0.079
0.071
0.079
0.079
0.078
0.079
0.079
0.071
0.080
0.079
0.079
0.079
0.080
0.079
0.079
0.079
0.079
0.079
0.079
0.079
0.080
0.079
0.071
0.079
0.079
0.079
0.079
0.079
0.071
0.080
0.080
0.080
0.080
0.080
0.080
-0.813
0.079
0.079
0.079
0.079
0.079
0.079
0.079
0.079
0.079
0.079
0.071
0.079
0.079
0.071
0.079
0.079
0.079
0.079
0.078
0.080
0.079
0.079
0.079
0.078
0.079
0.078
0.062
0.079
0.079
0.079
-0.813
0.079
0.079
0.071
0.079
0.079
0.079
0.079
0.074
0.079
0.071
0.080
0.071
0.077
0.079
0.079
0.080
0.079
0.079
0.080
0.079
0.079
0.079
0.080
0.079
-0.814
0.075
0.079
0.079
0.069
0.071
-1.142
0.078
0.077
0.077
0.080
0.079
-0.813
0.079
0.079
0.071
0.079
0.079
0.077
0.079
0.079
0.078
0.079
0.079
0.079
0.079
0.077
0.079
0.079
0.079
0.079
0.080
0.079
0.079
0.079
0.079
0.079
0.077
0.079
0.079
0.079
0.079
0.076
0.079
0.071
-0.816
0.079
0.079
0.071
0.075
0.073
0.077
0.079
0.079
-2.925
0.079
-0.816
0.079
0.079
0.079
0.078
0.079
0.080
0.079
0.079
0.079
0.079
0.079
0.079
0.080
0.079
0.079
0.077
0.079
0.079
0.077
0.080
0.077
0.071
0.068
0.079
0.079
0.080
0.079
0.069
0.079
0.080
0.079
0.079
0.080
0.080
0.080
0.079
0.080
0.079
0.079
0.080
