fixedStep chrom=ENSGT00750000117764 start=1 step=1
0.000
0.000
0.000
0.000
0.000
0.000
0.000
0.000
0.000
-1.500
-1.493
-1.502
-1.493
-1.501
-2.335
0.073
0.073
0.073
0.063
0.064
0.058
0.073
0.071
0.071
0.073
0.068
0.069
0.064
0.069
0.073
0.071
0.071
0.073
0.073
0.073
0.073
0.073
0.073
0.073
0.073
0.073
0.073
0.073
0.073
0.073
0.072
0.071
0.073
0.073
0.071
0.071
0.073
0.073
0.059
-1.543
-1.352
-1.744
-1.352
-1.317
-1.352
0.071
0.064
0.063
0.069
0.073
0.063
-1.330
-1.330
-1.574
-1.330
-1.330
-1.513
0.073
0.064
0.073
0.073
0.073
0.073
0.072
0.071
0.073
0.073
0.073
0.073
0.073
0.073
0.071
0.073
0.073
0.073
0.066
0.073
0.069
0.073
0.073
0.073
0.073
0.073
0.071
0.073
0.064
0.073
0.073
0.073
0.071
0.073
0.073
0.073
0.073
0.073
0.073
0.071
0.073
0.073
0.073
0.071
0.072
0.073
0.073
0.073
0.073
0.073
0.073
0.073
0.073
0.073
0.073
0.073
0.071
0.069
0.073
0.073
0.073
0.073
0.073
0.071
0.064
0.073
0.073
0.073
0.072
0.073
0.073
0.073
0.073
0.073
0.073
0.073
0.073
0.073
0.073
0.073
0.073
0.073
0.073
0.072
0.073
0.073
0.073
0.073
0.073
0.070
0.073
0.073
0.073
0.073
0.073
0.073
0.073
0.073
0.073
0.073
0.056
0.071
0.073
0.073
0.073
0.073
0.073
0.073
0.073
0.071
0.073
0.064
0.073
0.073
0.073
0.073
0.071
0.073
0.073
0.073
0.073
0.072
0.073
0.066
0.073
0.073
0.073
0.073
0.072
0.073
0.069
0.073
-1.502
-1.500
-1.502
0.073
0.073
0.073
0.073
0.073
0.073
-1.058
-1.057
-1.530
-0.146
-0.146
-0.146
0.073
0.073
0.073
0.052
0.052
0.052
0.052
0.069
0.073
0.069
0.069
0.067
0.073
0.073
0.064
0.073
0.073
0.064
0.073
0.073
0.073
0.073
0.073
0.072
0.073
0.073
0.073
0.073
0.073
0.073
0.073
0.073
0.071
0.073
0.073
0.073
-1.324
-1.324
-1.330
0.073
0.073
0.073
0.073
0.073
0.073
0.073
0.073
0.073
0.073
0.073
0.073
0.073
0.073
0.066
0.073
0.073
0.069
0.073
0.073
0.073
0.073
0.073
0.073
0.073
0.073
0.066
0.073
0.073
0.071
0.073
0.073
0.073
0.073
0.073
0.073
0.073
0.073
0.063
0.073
0.073
0.073
0.073
0.073
0.073
0.073
0.073
0.073
0.073
0.073
0.073
0.073
0.073
0.071
0.071
0.061
0.064
0.073
0.073
0.071
0.073
0.073
0.073
0.073
0.073
0.073
0.073
0.073
0.071
0.073
0.073
0.072
0.073
0.073
0.073
0.073
0.073
0.073
0.073
0.073
0.070
0.073
0.073
0.073
0.073
0.073
0.073
0.073
0.073
0.073
0.073
0.071
0.073
0.073
0.073
0.073
0.073
0.073
0.073
0.073
0.073
0.073
0.073
0.073
0.071
0.073
0.073
0.073
0.073
0.073
0.073
0.073
0.071
0.071
0.073
0.073
0.073
0.068
0.073
0.073
0.073
0.073
0.073
0.073
0.073
0.073
0.073
0.073
0.073
0.073
0.070
0.072
0.073
0.073
0.073
0.073
0.073
0.071
0.073
0.073
0.068
0.073
0.073
0.073
0.069
0.073
0.052
0.052
0.069
0.052
0.073
0.052
0.073
0.069
0.073
0.063
0.073
0.069
0.052
-1.522
-2.220
0.067
0.061
0.073
0.073
0.052
0.073
0.052
0.069
0.073
0.052
0.052
0.073
-3.081
-1.524
0.052
0.073
0.073
0.073
0.069
0.052
0.073
0.073
0.052
0.052
0.066
0.069
0.069
0.073
0.052
0.069
0.052
0.073
0.069
0.063
0.052
0.052
-3.066
0.073
0.073
0.069
0.069
0.052
0.066
0.073
0.073
0.069
0.069
0.073
0.073
0.073
0.073
0.071
-0.177
-0.177
-0.177
0.051
0.073
0.052
0.069
0.069
0.066
0.073
0.073
0.066
0.052
0.052
0.073
0.069
0.052
0.052
0.073
0.072
0.051
0.073
0.071
0.069
0.069
0.073
-1.533
0.052
0.073
0.052
0.052
0.073
-1.504
0.073
0.052
-1.534
0.073
0.052
-1.515
0.052
0.052
0.052
0.069
0.052
0.052
0.069
0.052
0.052
0.052
0.065
-1.538
0.073
0.073
0.073
0.052
0.069
0.052
0.073
0.073
0.073
0.069
0.052
0.052
0.052
0.052
0.069
0.072
0.073
0.073
0.073
0.073
0.073
0.073
0.073
0.073
0.073
0.073
0.073
0.073
0.073
0.073
0.073
0.073
0.073
0.073
0.073
0.068
0.073
0.072
0.073
0.073
0.073
0.073
0.073
0.073
0.073
0.073
0.073
0.073
0.073
0.073
0.073
0.073
0.073
0.073
0.073
0.073
0.073
0.073
0.073
0.073
0.073
0.073
0.073
0.073
0.073
0.071
0.073
0.073
0.064
0.073
0.073
0.071
0.066
0.073
0.072
0.069
0.073
0.073
0.073
0.073
0.073
0.073
0.073
0.073
0.073
0.073
0.072
0.073
0.073
0.071
0.073
0.073
0.073
0.073
0.073
0.070
0.071
0.073
0.063
0.073
0.073
0.073
0.073
0.073
0.071
0.073
0.073
0.073
0.073
0.073
0.073
0.073
0.073
0.073
0.073
0.073
0.073
0.073
0.073
0.061
0.073
0.073
0.073
0.073
0.073
0.073
0.073
0.073
0.073
0.073
0.073
0.072
0.073
0.073
0.073
0.073
0.073
0.073
0.073
0.073
-2.773
0.073
0.073
0.073
0.073
0.073
0.073
0.071
0.073
0.073
0.073
0.073
0.073
0.073
0.073
0.071
0.073
0.073
0.073
0.073
0.073
0.073
0.073
0.073
0.073
0.073
0.073
0.073
0.073
0.073
0.073
0.073
0.073
0.073
0.073
0.073
0.071
0.073
0.073
0.073
0.073
0.073
0.073
0.073
0.073
0.073
0.073
0.072
0.073
0.064
0.073
0.072
0.073
0.073
0.073
0.073
0.073
0.073
0.073
0.073
0.073
0.073
0.073
0.073
0.073
0.073
0.073
0.073
0.073
0.073
0.073
0.073
0.073
0.073
0.073
0.066
0.073
0.073
0.071
0.073
0.073
0.066
0.073
0.073
0.073
0.073
0.073
0.073
0.073
0.073
0.072
0.073
0.073
0.073
0.073
0.073
0.072
0.073
0.073
0.073
0.073
0.073
0.073
0.073
0.073
0.072
0.073
0.073
0.073
0.073
0.073
0.072
0.073
0.073
0.073
0.073
0.073
0.073
0.073
0.073
0.073
0.073
0.073
0.071
0.073
0.073
0.073
0.071
0.073
0.071
0.073
0.073
0.073
0.073
0.073
0.071
0.073
0.073
0.069
0.073
0.073
0.073
0.063
0.073
0.068
0.073
0.073
0.073
0.073
0.073
0.073
0.073
0.073
0.073
0.073
0.073
0.073
0.073
0.073
0.069
0.073
0.073
0.070
0.073
0.073
0.073
0.073
0.073
0.073
0.073
0.073
0.071
0.073
0.073
0.073
0.073
0.073
0.072
0.073
0.073
0.073
0.073
0.073
0.073
0.073
0.073
0.053
0.073
0.073
0.071
0.073
0.073
0.072
0.073
0.073
0.072
0.073
0.073
0.071
0.073
0.073
0.073
0.073
0.073
0.070
0.064
0.073
0.051
0.073
0.073
0.073
0.073
0.073
0.073
0.073
0.073
0.053
0.071
0.073
0.071
0.073
0.073
0.073
0.073
0.073
0.073
0.072
0.073
0.073
0.073
0.073
0.073
0.073
0.073
0.071
0.073
0.073
0.073
0.073
0.073
0.073
0.073
0.073
0.073
0.073
0.073
0.073
0.073
0.073
0.072
0.073
0.073
0.071
0.073
0.073
0.073
0.073
0.073
0.073
0.073
0.073
0.073
0.073
0.073
0.066
0.073
0.073
0.073
0.073
0.073
0.069
0.069
0.073
0.066
0.073
0.073
0.073
0.073
0.073
0.073
0.073
0.073
0.073
0.073
0.073
0.073
0.073
0.073
0.073
0.073
0.073
0.067
0.073
0.073
0.073
0.073
0.073
0.073
0.073
0.073
0.073
0.073
0.073
0.073
0.073
0.073
0.073
0.073
0.073
0.073
0.073
0.073
0.073
0.073
0.073
0.071
0.073
0.073
0.071
0.073
0.073
0.073
0.073
0.073
0.071
0.073
0.073
0.073
0.073
0.073
0.069
0.073
0.073
0.073
0.073
0.073
0.073
0.073
0.073
0.073
0.073
0.073
0.071
0.073
0.073
-1.522
0.073
0.073
0.066
0.073
0.073
0.073
0.073
0.073
0.071
0.073
0.073
0.073
0.073
0.073
0.073
0.073
0.073
0.073
0.073
0.073
0.073
0.073
0.073
0.073
0.073
0.073
0.065
0.073
0.073
0.072
0.073
0.073
0.061
0.073
0.073
0.070
0.073
0.073
0.073
0.073
0.073
0.071
0.073
0.073
0.063
0.073
0.073
0.073
0.073
0.073
0.073
0.073
0.073
0.073
0.073
0.073
0.073
0.073
0.073
0.073
0.052
0.073
0.073
0.073
0.073
0.073
0.073
0.073
0.073
0.073
0.073
0.073
0.073
0.073
0.072
0.073
0.073
0.073
0.073
0.073
0.073
0.073
0.073
0.073
0.073
0.073
0.073
0.073
0.073
0.073
0.073
0.073
0.073
0.073
0.073
0.073
0.073
0.073
0.073
0.073
0.073
0.071
0.073
0.073
0.073
0.073
0.073
0.073
0.073
0.069
0.073
0.073
0.073
0.072
0.073
0.073
0.072
0.073
0.073
0.073
0.073
0.073
0.073
0.073
0.073
0.073
0.073
0.073
0.073
0.073
0.073
0.072
0.073
0.073
0.073
0.073
0.073
0.073
0.073
0.073
0.073
0.072
0.073
0.072
0.073
0.073
0.069
0.073
0.073
0.069
0.073
0.073
0.073
0.073
0.073
0.073
0.073
0.073
0.073
0.073
0.073
0.058
0.073
0.073
0.073
0.073
0.073
0.073
0.073
0.073
0.073
0.073
0.073
0.070
0.073
0.073
0.058
0.073
0.073
0.073
0.073
0.073
0.069
0.073
0.073
0.073
0.073
0.073
0.073
0.073
0.073
0.073
0.073
0.073
0.073
0.073
0.073
0.073
0.073
0.073
0.073
0.073
0.064
0.073
0.052
0.073
0.073
0.073
0.073
0.073
0.073
0.073
0.073
0.073
0.073
0.073
0.073
0.073
0.073
0.073
0.073
0.071
0.073
0.073
0.073
0.073
0.073
0.072
0.073
0.073
0.071
0.073
0.073
0.073
0.073
0.073
0.073
0.073
0.071
0.073
0.073
0.073
0.071
0.073
0.073
0.073
0.073
0.063
0.073
0.073
0.073
0.073
0.073
0.073
0.072
0.073
0.073
0.073
0.073
0.073
0.072
0.073
0.073
0.073
0.064
0.073
0.073
0.073
0.073
0.073
0.073
0.073
0.073
0.073
0.073
0.073
0.073
0.073
0.071
0.073
0.073
0.073
0.073
0.073
0.073
0.073
0.073
0.070
0.073
0.073
0.073
0.073
0.073
0.073
0.073
0.073
0.073
0.073
0.073
0.073
0.066
0.073
0.073
0.073
0.073
0.073
0.073
0.073
0.073
0.073
0.073
0.073
0.073
0.073
0.073
0.073
0.073
0.069
0.073
0.073
0.073
0.073
0.073
0.073
0.073
0.073
0.073
0.073
0.073
0.071
0.073
0.073
0.072
0.073
0.073
0.071
0.073
0.073
0.073
0.073
0.073
0.073
0.073
0.073
0.073
0.073
0.073
0.073
0.073
0.073
0.073
0.073
0.073
0.073
0.073
0.073
0.073
0.070
0.073
0.067
0.073
0.073
0.073
0.073
0.073
0.073
0.073
0.073
0.073
0.073
0.073
0.073
0.073
0.073
0.073
0.073
0.073
0.072
0.073
0.073
0.063
0.073
0.073
0.073
0.073
0.073
0.071
0.071
0.073
0.073
0.073
0.073
0.071
0.073
0.073
0.067
0.073
0.073
0.073
0.073
0.069
0.073
0.073
0.073
0.073
0.000
0.000
0.000
0.000
0.000
0.000
0.000
0.000
0.000
0.073
0.071
0.064
0.073
0.073
0.061
0.073
0.069
0.063
0.066
0.073
0.073
0.073
0.073
0.071
0.073
0.073
0.073
0.073
0.069
0.069
0.073
0.073
0.072
0.073
0.073
0.073
