fixedStep chrom=ENSGT00510000049375 start=1 step=1
0.049
-1.801
-2.438
0.056
-1.799
-1.795
-1.007
0.064
-2.483
-1.007
-1.007
0.049
0.049
0.064
-4.005
0.064
0.064
-2.438
0.049
0.064
-2.483
0.049
0.059
0.059
-2.493
0.049
-1.840
-2.219
-2.215
-1.262
0.064
-1.007
0.049
0.049
0.059
-1.009
-1.009
-1.007
-2.485
0.059
-1.009
-1.801
0.064
0.049
-2.473
0.064
0.049
-1.819
0.048
0.064
0.057
-1.826
0.061
-1.795
0.064
0.049
-2.438
0.056
0.049
0.064
0.064
0.064
0.064
0.064
0.064
0.064
0.064
0.064
0.064
0.064
0.064
0.064
0.064
0.064
0.064
0.064
0.064
0.064
0.064
0.064
0.064
0.064
0.064
0.064
0.061
0.064
0.059
0.064
0.064
0.048
0.064
0.064
0.064
0.064
0.064
0.064
0.064
0.064
0.064
0.061
0.064
0.064
0.064
0.064
0.064
-1.007
0.064
0.064
0.064
0.064
0.064
0.064
0.064
0.064
0.064
0.064
0.064
0.064
0.064
0.064
0.064
0.064
0.064
0.064
0.064
0.064
0.064
0.064
0.064
0.064
0.064
0.064
0.064
0.064
0.064
0.064
0.064
0.064
0.064
0.064
0.064
0.064
0.064
0.061
0.064
0.064
0.064
0.064
0.064
0.064
0.064
0.064
-1.007
0.064
0.064
0.064
0.064
0.064
0.064
0.064
0.064
0.064
0.064
0.064
0.064
0.064
0.064
0.061
0.064
0.064
0.048
0.064
0.064
0.064
0.064
0.064
0.064
0.064
0.064
0.064
0.064
0.064
0.064
0.064
0.064
0.064
0.064
0.064
0.064
0.064
0.064
0.064
0.064
0.064
-2.150
0.064
0.064
0.064
0.064
0.064
0.064
0.064
0.064
0.064
0.064
0.064
0.064
0.061
0.064
0.064
0.064
0.064
0.046
0.064
0.064
0.063
0.064
0.064
0.060
0.064
0.064
0.064
0.064
0.064
0.064
0.064
0.064
0.064
0.064
0.064
0.064
0.064
0.064
0.064
0.064
0.064
0.064
0.064
0.064
0.064
0.064
0.064
0.064
0.064
0.064
0.061
0.064
0.064
0.064
0.064
0.064
0.064
0.064
0.064
0.064
0.064
0.064
0.064
0.064
0.064
0.048
0.064
0.064
0.061
0.064
0.064
0.064
0.064
0.064
0.060
0.064
0.064
0.064
0.064
0.064
0.064
0.064
0.064
0.064
0.064
0.064
0.064
0.064
0.064
0.048
-1.818
0.064
0.064
0.064
0.064
0.064
0.064
0.064
0.064
0.064
0.064
0.064
0.064
0.064
0.060
0.064
0.064
0.064
0.064
0.064
0.061
0.048
0.064
0.064
0.064
0.064
0.064
0.064
0.064
0.060
0.064
0.064
0.064
0.064
0.064
0.064
0.064
0.064
0.064
0.064
0.064
0.064
0.064
0.064
0.064
0.064
0.064
0.064
0.064
0.064
0.062
0.064
0.064
0.048
0.064
0.064
0.064
0.064
0.064
0.063
0.064
0.064
0.064
0.064
0.048
0.063
0.064
0.064
0.064
0.064
0.064
0.064
0.064
0.061
0.064
0.064
0.064
0.064
0.064
0.064
0.048
0.064
0.064
0.064
0.064
0.064
0.064
0.064
0.064
0.064
0.064
0.064
0.064
0.064
0.064
0.064
0.064
0.064
0.064
0.064
0.064
0.064
0.064
0.064
0.064
0.064
0.064
0.064
0.064
-1.007
0.064
0.064
0.064
0.064
0.064
0.064
0.064
0.064
0.064
0.064
0.064
0.064
0.064
0.064
0.064
0.064
0.064
0.064
0.061
0.064
0.064
0.064
0.064
0.064
0.061
0.064
0.064
0.064
0.064
0.064
0.048
0.064
0.064
0.064
0.064
0.064
0.064
0.064
0.064
0.064
0.064
0.064
0.064
0.064
0.064
0.064
0.064
0.064
0.064
0.048
0.064
0.064
0.064
0.064
0.064
0.064
0.048
0.048
0.064
0.064
0.064
0.059
0.064
0.064
0.064
0.064
0.061
0.064
0.064
0.064
0.064
0.064
0.056
0.064
0.064
0.060
0.064
0.064
0.060
0.061
0.064
0.064
0.064
0.064
0.063
0.064
0.064
0.064
0.064
0.064
0.064
0.048
0.064
0.057
0.064
0.064
0.061
0.064
0.064
0.064
0.064
0.064
0.064
0.064
0.064
0.064
0.064
0.064
0.064
0.064
0.064
0.060
0.064
0.064
0.064
0.064
0.064
0.064
0.064
0.064
0.064
0.064
0.061
0.064
