fixedStep chrom=ENSGT00530000065184 start=1 step=1
0.033
0.034
0.033
0.034
0.033
0.033
0.034
0.033
0.033
0.034
0.033
0.033
0.033
0.033
0.033
0.033
0.033
0.033
-1.905
-1.909
-1.905
0.034
0.033
0.034
0.033
0.033
0.034
0.033
0.033
0.033
0.033
0.034
0.033
0.033
0.033
0.033
0.034
0.033
0.034
0.033
0.033
0.030
0.034
0.033
0.033
0.033
0.033
0.033
0.034
0.033
0.034
0.033
0.033
0.033
0.034
0.033
0.034
0.033
0.033
0.026
0.034
0.033
0.034
0.033
0.033
0.034
0.030
0.033
0.033
0.034
0.033
0.034
0.033
0.033
-1.419
0.034
0.033
0.034
0.033
0.033
0.033
0.034
0.033
0.033
0.033
0.033
0.033
0.034
0.034
0.034
0.033
0.033
0.033
-1.412
0.033
0.033
0.034
0.033
0.033
0.034
0.033
0.034
0.033
0.033
0.033
0.033
0.033
0.030
0.034
0.034
0.033
0.033
0.034
0.033
0.030
0.034
0.033
0.033
0.033
0.034
0.032
0.033
0.034
0.033
0.030
0.033
0.033
0.033
0.033
0.033
0.033
0.033
0.034
0.034
0.033
0.000
0.000
0.000
0.000
0.000
0.000
0.000
0.000
0.000
0.000
0.000
0.000
0.000
0.000
0.000
0.000
0.000
0.000
0.000
0.000
0.000
0.000
0.000
0.000
0.000
0.000
0.000
0.000
0.000
0.000
0.000
0.000
0.000
0.000
0.000
0.000
0.000
0.000
0.000
