fixedStep chrom=ENSGT00390000016102 start=1 step=1
0.000
0.000
0.000
0.000
0.000
0.000
0.000
0.000
0.000
0.000
0.000
0.000
0.000
0.000
0.000
0.000
0.000
0.000
0.000
0.000
0.000
0.000
0.000
0.000
0.000
0.000
0.000
0.000
0.000
0.000
0.000
0.000
0.000
0.000
0.000
0.000
0.000
0.000
0.000
0.000
0.000
0.000
0.000
0.000
0.000
0.000
0.000
0.000
0.000
0.000
0.000
0.000
0.000
0.000
0.000
0.000
0.000
0.000
0.000
0.000
0.000
0.000
0.000
0.000
0.000
0.000
0.000
0.000
0.000
0.000
0.000
0.000
0.000
0.000
0.000
0.000
0.000
0.000
0.000
0.000
0.000
0.000
0.000
0.000
0.000
0.000
0.000
0.000
0.000
0.000
0.000
0.000
0.000
0.000
0.000
0.000
0.000
0.000
0.000
0.000
0.000
0.000
0.000
0.000
0.000
0.000
0.000
0.000
0.000
0.000
0.000
0.000
0.000
0.000
0.000
0.000
0.000
0.000
0.000
0.000
0.000
0.000
0.000
0.000
0.000
0.000
0.000
0.000
0.000
0.000
0.000
0.000
0.000
0.000
0.000
0.000
0.000
0.000
0.000
0.000
0.000
0.000
0.000
0.000
0.000
0.000
0.000
0.000
0.000
0.000
0.000
0.000
0.000
0.000
0.000
0.000
0.000
0.000
0.000
0.000
0.000
0.000
0.000
0.000
0.000
0.000
0.000
0.000
0.000
0.000
0.000
0.000
0.000
0.000
0.000
0.000
0.000
0.000
0.000
0.000
0.000
0.000
0.000
0.000
0.000
0.000
0.000
0.000
0.000
0.000
0.000
0.000
0.000
0.000
0.000
0.000
0.000
0.000
0.000
0.000
0.000
0.000
0.000
0.000
0.000
0.000
0.000
0.000
0.000
0.000
0.000
0.000
0.000
0.000
0.000
0.000
0.000
0.000
0.000
0.000
0.000
0.000
0.000
0.000
0.000
0.000
0.000
0.000
0.000
0.000
0.000
0.000
0.000
0.000
0.000
0.000
0.000
0.000
0.000
0.000
0.000
0.000
0.000
0.000
0.000
0.000
0.000
0.000
0.000
0.000
0.000
0.000
0.000
0.000
0.000
0.000
0.000
0.000
0.000
0.000
0.000
0.000
0.000
0.000
0.000
0.000
0.000
0.000
0.000
0.000
0.000
0.000
0.000
0.000
0.000
0.000
0.000
0.000
0.000
0.000
0.000
0.000
0.000
0.000
0.000
0.000
0.000
0.000
0.000
0.000
0.000
0.000
0.000
0.000
0.000
0.000
0.000
0.000
0.000
0.000
0.000
0.000
0.000
0.000
0.000
-2.381
-1.406
-1.406
-1.405
-1.405
-1.406
-1.406
-1.405
-1.406
0.000
0.000
0.000
0.000
0.000
0.000
0.000
0.000
0.000
0.000
0.000
0.000
0.000
0.000
0.000
0.000
-1.550
-1.400
-1.339
-1.339
-1.325
-1.355
0.194
0.181
-0.601
0.186
0.198
0.150
0.194
0.189
0.143
0.150
-0.601
-2.986
0.184
0.140
0.188
0.184
0.184
0.139
0.133
0.133
0.174
0.456
0.456
0.454
-0.882
0.195
0.183
0.149
0.153
0.150
0.150
0.150
0.183
0.150
0.138
0.139
0.185
0.197
-0.148
0.138
0.198
0.129
0.150
0.133
0.175
0.150
0.187
-3.142
0.194
0.195
0.185
0.133
0.133
0.130
0.196
0.195
0.192
-0.308
-0.329
-0.310
-0.451
-0.464
-1.097
-0.305
-0.327
-0.833
-0.302
-0.302
-0.311
-0.451
-0.451
-0.450
0.133
-0.602
0.184
0.282
0.282
0.282
0.456
0.456
0.456
0.193
0.198
0.194
0.196
0.195
0.185
0.196
0.195
0.130
0.133
0.188
-0.151
0.195
0.186
0.130
0.184
0.184
0.184
0.195
0.198
0.134
0.198
0.194
0.197
0.198
0.194
0.194
0.194
0.195
0.133
0.195
0.195
0.183
0.198
0.194
0.186
0.174
0.198
0.191
0.194
0.195
0.129
0.195
0.193
0.194
0.150
0.196
0.134
0.187
0.194
0.191
-0.601
0.133
0.133
0.131
0.138
-0.151
0.176
0.188
0.174
0.194
0.195
0.185
-0.148
0.133
0.194
0.184
0.194
0.130
0.185
0.196
0.198
0.184
0.195
0.185
0.185
0.133
0.185
0.198
0.194
0.198
0.187
0.198
0.140
0.133
0.187
0.129
0.195
0.183
0.196
0.198
0.187
0.176
0.194
0.188
0.132
0.194
0.184
0.133
0.196
0.184
0.189
0.198
0.198
0.196
0.195
0.188
0.198
0.194
0.195
0.187
0.195
0.196
0.133
0.195
0.133
0.186
0.196
0.133
0.132
0.134
0.187
0.196
0.195
0.198
0.194
0.134
0.176
-0.151
0.184
0.185
0.152
0.196
0.184
0.185
0.186
0.198
0.133
0.194
0.133
-0.602
0.196
0.195
0.185
0.456
0.456
0.456
0.185
0.186
0.132
0.196
0.195
0.194
0.195
0.195
0.195
0.134
0.133
0.133
0.185
0.169
0.185
0.186
0.133
0.185
0.000
0.000
0.000
0.000
0.000
0.000
0.000
0.000
0.000
0.000
0.000
0.000
0.000
0.000
0.000
0.000
0.000
0.000
0.000
0.000
0.000
0.000
0.000
0.000
