fixedStep chrom=ENSGT00510000047877 start=1 step=1
0.061
0.061
0.061
0.061
0.061
0.061
0.061
0.061
0.061
0.061
0.061
0.061
0.061
0.061
-2.473
0.061
0.061
0.061
0.061
0.061
-1.926
0.061
0.061
0.061
0.061
0.061
0.061
0.049
0.061
0.057
0.061
0.061
0.061
0.057
0.061
0.061
-1.992
-1.609
-1.990
0.061
0.061
-1.924
0.061
0.061
0.061
0.061
0.061
0.061
0.061
0.061
0.061
0.061
0.061
0.057
0.061
0.061
0.061
0.061
0.061
0.057
0.061
0.061
0.061
0.061
0.061
0.061
0.061
0.061
0.057
0.061
0.061
0.060
0.061
0.061
0.061
0.061
0.061
0.061
0.061
0.061
0.058
0.061
0.061
0.061
0.061
0.061
0.059
0.061
0.061
0.049
0.061
0.061
0.061
0.061
0.061
0.058
0.061
0.061
0.061
0.061
0.061
0.061
0.061
0.061
0.061
0.061
0.061
0.057
0.058
0.061
-1.806
0.061
0.061
0.061
0.061
0.061
0.060
0.061
0.061
0.061
0.061
0.061
0.061
0.061
0.061
0.061
0.061
0.061
0.061
0.058
0.061
0.061
0.061
0.061
0.061
0.060
0.061
0.061
0.057
0.061
0.061
0.061
0.061
0.061
0.061
0.061
0.061
0.057
0.061
0.058
0.061
0.061
0.061
0.061
0.061
0.061
0.061
0.061
0.050
0.061
0.061
0.061
0.061
0.061
0.061
0.061
0.061
0.061
0.061
0.061
0.057
0.061
0.061
0.061
0.061
0.061
0.061
0.061
0.061
0.061
0.061
0.061
0.061
0.061
0.061
0.061
0.061
0.061
0.061
0.061
0.061
0.061
0.061
0.061
0.061
0.061
0.061
0.061
0.061
0.061
0.061
0.061
0.061
0.058
0.061
0.061
0.058
0.061
0.061
0.061
0.061
0.061
0.061
0.057
0.061
0.061
-1.052
0.061
0.049
0.061
0.061
0.061
0.061
0.061
0.061
0.061
0.061
0.061
0.061
0.061
0.061
0.061
0.061
0.061
0.061
0.061
0.061
0.061
0.061
0.061
0.061
0.061
-1.952
0.061
0.061
0.061
0.061
0.061
-1.053
0.061
0.061
0.061
0.061
0.061
0.061
0.061
0.061
0.049
0.061
0.061
0.058
0.061
0.061
0.061
0.061
0.061
-1.053
0.061
0.061
0.058
0.061
0.061
0.047
0.061
0.061
0.061
0.061
0.061
0.061
0.061
0.061
0.056
0.061
0.061
-1.043
0.061
0.061
0.061
0.061
0.061
0.061
0.061
0.061
0.061
0.061
0.061
0.057
0.061
0.061
0.061
0.061
0.061
0.061
0.057
0.061
0.061
0.058
0.061
-2.554
0.061
0.061
0.061
0.061
0.061
0.061
0.061
0.061
0.061
0.061
0.061
0.061
0.061
0.061
0.061
0.061
0.061
0.061
0.061
0.061
0.057
0.061
0.061
0.061
0.061
0.061
0.061
0.061
0.061
0.061
0.061
0.061
0.061
0.061
0.061
0.058
0.061
0.061
0.061
0.061
0.061
0.061
0.061
0.061
0.057
0.061
0.061
0.058
0.061
0.061
0.058
0.061
0.061
0.058
0.061
0.061
0.061
0.061
0.061
0.055
0.061
0.061
0.058
0.061
0.061
0.061
0.061
0.061
0.061
0.061
0.061
0.057
0.061
0.061
0.061
0.061
0.061
0.061
0.061
0.061
0.058
0.061
0.061
0.060
-1.052
0.061
0.061
0.061
0.061
-2.014
-1.052
0.061
0.057
0.061
0.058
0.061
0.060
0.061
0.058
0.060
0.061
0.061
0.061
0.061
0.058
0.058
0.061
0.057
0.055
0.050
0.061
0.061
0.061
0.061
0.061
0.061
0.057
0.061
0.061
0.050
0.061
0.061
0.058
0.061
0.061
0.061
0.061
0.061
0.059
0.061
0.061
0.061
0.061
0.061
0.061
0.061
0.046
0.058
0.061
0.061
0.061
0.055
0.061
0.061
0.061
0.061
0.060
0.061
0.061
0.061
0.061
0.061
0.061
0.061
0.061
0.061
0.061
0.061
0.058
0.061
0.061
0.061
0.061
0.061
0.061
0.061
0.061
0.061
