fixedStep chrom=ENSGT00390000006107 start=1 step=1
0.041
0.041
0.041
0.041
0.041
0.041
0.041
0.041
0.041
0.041
0.041
0.041
0.039
0.041
0.039
0.041
0.041
0.041
0.041
0.041
0.041
0.041
0.041
0.041
0.039
0.041
0.041
0.041
0.041
0.041
0.041
0.041
0.041
0.041
0.041
0.041
0.039
0.041
0.041
0.035
0.041
0.041
0.041
0.041
0.041
0.041
0.041
0.041
0.041
0.039
0.041
-3.481
-3.482
-3.811
-3.482
-3.443
-3.474
-3.482
-3.471
-3.474
-3.474
-3.443
-3.471
-3.443
-3.471
-3.474
-3.482
-4.185
-3.471
-3.471
-3.471
-3.482
0.041
0.041
0.041
0.041
0.041
0.041
0.041
0.041
0.041
0.041
0.041
0.041
0.041
0.041
0.041
0.041
0.040
0.041
0.041
0.041
0.041
0.041
0.041
0.041
0.041
0.039
0.041
0.041
0.041
0.041
0.041
0.041
0.041
0.041
0.041
0.041
0.041
0.041
0.041
0.041
0.041
0.041
0.041
0.041
0.041
0.041
0.041
0.041
0.041
0.041
0.041
0.000
0.000
0.000
0.000
0.000
0.000
0.000
0.000
0.000
0.000
0.000
0.000
0.000
0.000
0.000
0.000
0.000
0.000
0.041
0.039
0.041
0.041
0.041
0.041
0.040
0.041
0.041
-3.474
-3.443
-3.471
0.041
0.041
0.041
0.041
0.041
0.041
0.041
0.041
0.039
0.041
0.041
0.041
0.041
0.041
0.041
0.041
0.041
0.039
