fixedStep chrom=ENSGT00390000015121 start=1 step=1
0.000
0.000
0.000
0.000
0.000
0.000
0.000
0.000
0.000
0.000
0.000
0.000
0.000
0.000
0.000
0.000
0.000
0.000
0.000
0.000
0.000
0.000
0.000
0.000
0.000
0.000
0.000
0.000
0.000
0.000
0.000
0.000
0.000
0.000
0.000
0.000
0.000
0.000
0.000
0.000
0.000
0.000
0.000
0.000
0.000
0.000
0.000
0.000
0.000
0.000
0.000
0.000
0.000
0.000
0.000
0.000
0.000
0.000
0.000
0.000
0.000
0.000
0.000
0.000
0.000
0.000
0.000
0.000
0.000
0.000
0.000
0.000
0.000
0.000
0.000
0.000
0.000
0.000
0.000
0.000
0.000
0.000
0.000
0.000
0.000
0.000
0.000
0.000
0.000
0.000
0.000
0.000
0.000
0.000
0.000
0.000
0.000
0.000
0.000
0.000
0.000
0.000
0.000
0.000
0.000
0.000
0.000
0.000
0.000
0.000
0.000
0.000
0.000
0.000
0.000
0.000
0.000
0.000
0.000
0.000
0.000
0.000
0.000
0.000
0.000
0.000
0.000
0.000
0.000
0.000
0.000
0.000
0.000
0.000
0.000
0.000
0.000
0.000
0.000
0.000
0.000
0.000
0.000
0.000
0.000
0.000
0.000
0.000
0.000
0.000
0.000
0.000
0.000
0.000
0.000
0.000
0.000
0.000
0.000
0.000
0.000
0.000
0.000
0.000
0.000
0.000
0.000
0.000
0.000
0.000
0.000
0.000
0.000
0.000
0.000
0.000
0.000
0.000
0.000
0.000
0.000
0.000
0.000
0.000
0.000
0.000
0.000
0.000
0.000
0.000
0.000
0.000
0.000
0.000
0.000
0.000
0.000
0.000
0.000
0.000
0.000
0.000
0.000
0.000
0.000
0.000
0.000
0.000
0.000
0.000
0.000
0.000
0.000
0.000
0.000
0.000
0.000
0.000
0.000
0.000
0.000
0.000
0.000
0.000
0.000
0.000
0.000
0.000
0.000
0.000
0.000
0.000
0.000
0.000
0.000
0.000
0.000
0.000
0.000
0.000
0.000
0.000
0.000
0.000
0.000
0.000
0.000
0.000
0.000
0.000
0.000
0.000
0.000
0.000
0.000
0.000
0.000
0.000
0.000
0.000
0.000
0.000
0.000
0.000
0.000
0.000
0.000
0.000
0.000
0.000
0.000
0.000
0.000
0.000
0.000
0.000
0.000
0.000
0.000
0.000
0.000
0.000
0.000
0.000
0.000
0.000
0.000
0.000
0.000
0.000
0.000
0.000
0.000
0.000
0.000
0.000
0.000
0.000
0.000
0.000
0.000
0.000
0.000
0.000
0.000
0.000
-1.483
-2.084
-1.130
0.063
0.063
0.051
0.063
0.063
0.057
0.063
0.063
0.057
0.060
0.063
0.063
0.063
0.063
0.063
0.063
0.063
0.062
0.063
0.059
0.063
0.063
0.063
0.059
0.063
0.063
-1.010
-0.992
0.063
0.059
0.063
0.063
0.063
0.063
0.063
0.063
0.063
0.063
0.063
0.063
0.063
0.063
0.063
0.063
0.063
-1.008
0.063
0.063
-1.005
0.063
0.063
0.063
0.047
-1.009
0.063
0.060
0.063
0.063
0.063
0.063
0.059
0.063
0.063
0.063
0.063
0.063
0.063
0.063
0.063
0.063
0.058
0.051
0.063
0.063
0.063
-1.009
0.063
0.063
0.063
0.063
0.063
0.063
0.063
0.063
0.063
0.063
0.063
0.063
0.063
0.063
0.063
0.063
-1.833
0.063
0.063
0.059
0.063
0.063
0.063
0.063
0.063
0.060
0.063
0.063
0.062
0.063
0.063
0.063
0.063
0.063
0.063
0.063
0.063
0.060
0.063
0.063
0.063
0.060
0.063
0.063
0.063
0.063
0.063
0.063
0.063
0.063
0.063
0.063
0.063
0.063
0.063
0.063
0.063
0.063
0.056
0.063
-2.806
0.051
0.051
-1.834
-1.850
0.057
0.062
0.060
0.063
0.063
0.063
0.063
0.063
0.063
0.059
0.063
0.063
0.063
0.060
0.063
0.063
0.063
0.063
0.063
0.063
0.063
0.063
0.063
0.060
0.063
0.063
0.062
0.063
0.063
0.063
0.063
0.063
0.059
0.063
0.063
0.063
0.063
0.063
0.063
0.063
0.062
0.063
-1.008
0.063
-2.484
0.059
0.063
0.063
0.063
0.063
0.063
0.063
0.063
0.063
0.059
0.063
0.063
0.063
0.063
0.063
0.063
0.063
0.063
0.063
0.063
0.063
0.063
0.063
0.063
0.063
0.063
0.063
0.063
0.063
0.063
0.063
0.063
0.063
0.063
0.063
0.063
0.063
0.063
0.063
0.063
0.063
0.060
0.063
0.063
0.059
0.063
0.063
0.063
0.063
0.063
0.062
0.063
0.063
0.063
0.063
0.063
0.063
0.063
0.063
0.063
0.063
0.062
0.063
0.063
0.063
0.063
0.063
0.063
0.063
0.063
0.063
0.063
0.063
0.063
0.063
0.063
0.063
0.059
0.063
0.063
0.063
0.063
0.063
0.063
0.063
0.063
0.063
0.063
0.057
0.057
0.063
0.063
-0.992
0.063
0.063
0.051
0.063
0.063
0.063
0.062
0.063
0.063
0.063
0.063
0.063
0.063
0.063
0.059
0.063
0.063
0.063
0.063
0.063
0.063
0.063
0.063
0.061
0.063
0.063
0.063
0.063
0.063
0.063
0.063
0.063
0.063
0.063
0.063
0.063
-3.270
0.058
0.063
0.063
0.063
0.063
0.063
0.063
0.063
0.063
0.063
0.059
0.063
0.063
0.058
0.063
0.063
-1.008
0.063
0.063
0.059
0.063
0.059
0.063
0.063
0.063
-1.010
0.063
0.063
0.063
0.059
-0.992
0.062
-1.010
0.063
0.063
0.063
0.063
0.057
0.063
0.062
0.062
0.063
0.063
0.063
0.063
0.063
0.062
-1.010
0.063
0.060
0.063
0.059
-1.010
0.063
0.063
0.063
0.063
0.063
0.063
0.063
0.063
0.063
0.063
0.063
0.063
-1.005
0.063
0.063
0.063
0.063
0.063
0.063
0.063
0.060
0.063
0.063
0.063
0.063
0.063
0.062
0.063
0.063
0.063
0.063
0.063
0.063
0.063
0.063
0.063
-1.005
0.061
0.063
0.063
0.060
0.059
0.063
0.063
0.060
0.059
0.063
0.063
0.063
0.063
0.059
0.063
0.063
0.063
0.063
0.063
0.063
0.063
0.063
0.051
0.063
0.063
0.063
0.063
0.063
0.059
0.063
0.063
0.063
