fixedStep chrom=ENSGT00640000091672 start=1 step=1
0.000
0.000
0.000
0.000
0.000
0.000
0.000
0.000
0.000
0.000
0.000
0.000
0.000
0.000
0.000
0.000
0.000
0.000
0.000
0.000
0.000
0.000
0.000
0.000
0.000
0.000
0.000
0.000
0.000
0.000
0.000
0.000
0.000
0.000
0.000
0.000
0.000
0.000
0.000
0.000
0.000
0.000
0.000
0.000
0.000
0.000
0.000
0.000
0.000
0.000
0.000
0.000
0.000
0.000
0.000
0.000
0.000
0.000
0.000
0.000
0.000
0.000
0.000
0.000
0.000
0.000
0.000
0.000
0.000
0.000
0.000
0.000
0.000
0.000
0.000
0.000
0.000
0.000
0.000
0.000
0.000
0.000
0.000
0.000
0.000
0.000
0.000
0.000
0.000
0.000
0.067
0.067
0.080
0.080
0.080
0.067
0.080
0.075
0.079
0.080
0.080
0.080
0.067
0.080
0.080
0.080
0.067
0.079
0.080
0.080
0.079
0.080
0.080
0.080
0.080
0.080
0.080
0.080
0.080
0.080
0.080
0.080
0.080
0.080
-0.869
0.080
0.080
0.080
0.080
0.080
0.080
0.080
0.080
0.080
0.080
0.080
0.080
0.080
0.080
0.080
0.067
0.080
0.080
0.080
0.080
0.079
0.080
0.080
0.080
0.080
0.080
0.080
0.080
0.080
0.080
0.080
0.080
0.080
0.067
0.080
0.080
0.067
0.080
0.080
0.079
0.080
0.080
0.080
0.080
0.080
0.080
0.080
0.080
0.067
0.080
0.080
0.080
0.080
0.080
0.080
-0.869
0.080
0.073
0.080
0.080
0.077
0.080
0.080
0.067
0.080
0.080
0.075
0.080
0.080
0.080
-0.870
0.067
0.080
0.067
0.080
0.067
-0.869
0.080
0.080
0.080
0.080
0.080
0.080
0.080
0.080
0.080
0.073
0.080
0.080
0.080
0.080
0.080
0.067
0.080
0.080
0.067
0.080
0.077
0.080
0.076
0.076
0.080
0.080
0.067
0.080
0.065
0.080
0.079
0.067
0.080
0.080
0.080
0.067
0.080
0.080
0.080
0.080
0.080
-1.474
-1.472
-1.474
0.080
0.080
0.080
0.080
0.080
0.067
0.080
-0.870
0.067
0.080
0.073
0.080
0.080
0.080
0.079
0.073
0.080
0.080
0.080
0.080
0.080
0.080
0.080
0.080
-0.870
0.080
-2.168
0.080
0.080
0.073
0.080
0.080
0.080
0.080
-0.868
0.067
0.080
0.080
0.080
0.080
0.080
0.080
0.067
0.080
0.077
0.067
0.080
0.077
0.077
0.067
0.080
-0.869
0.080
0.080
0.077
0.076
-1.563
0.080
0.080
0.080
0.080
0.080
0.080
-0.869
0.076
0.080
0.080
0.080
0.080
0.080
0.080
0.080
0.080
0.080
0.074
0.073
0.080
0.080
0.067
0.079
0.080
0.067
0.080
0.080
0.080
0.077
0.080
0.080
0.080
0.080
0.080
0.080
0.080
0.079
-0.868
0.080
0.080
0.067
0.078
0.080
0.079
0.080
0.079
0.080
0.080
0.078
0.080
0.080
0.000
0.000
0.000
0.000
0.000
0.000
0.000
0.000
0.000
-0.870
0.080
0.080
0.078
0.080
0.079
0.080
0.080
0.080
0.080
0.080
0.080
0.080
0.080
0.080
0.080
0.076
0.080
0.076
0.080
0.066
0.080
0.080
-0.870
0.080
0.080
0.072
0.080
-0.862
0.072
0.080
0.076
0.077
0.080
0.080
0.080
0.066
0.080
0.080
0.080
0.080
0.080
0.080
0.080
0.067
0.080
0.062
-0.870
-0.862
0.067
0.080
0.080
0.080
0.080
-0.869
0.080
0.080
0.080
0.080
0.080
0.080
-0.870
-0.862
0.067
0.080
-0.868
0.080
0.080
-0.869
-0.869
0.067
-0.870
0.080
0.067
0.067
0.080
0.080
0.080
0.080
-0.869
-0.868
-0.870
0.067
-0.862
0.080
0.080
0.067
0.080
0.067
0.067
0.080
0.073
0.080
-0.870
-0.868
-0.862
-0.862
-0.862
-0.862
0.080
0.080
-0.869
0.067
0.080
-0.868
0.080
0.080
-0.868
0.080
0.080
-0.870
0.067
0.067
-0.862
-0.870
0.067
0.067
0.080
-0.869
-0.862
-0.862
-0.869
-0.869
0.080
0.080
0.066
0.080
-0.862
-0.868
0.080
-0.862
-0.870
0.067
0.080
-0.870
-0.868
0.080
0.080
-0.868
0.080
-0.870
-0.868
-0.868
0.080
-0.868
-0.868
-0.870
0.080
0.079
0.080
0.080
0.067
0.080
0.080
0.080
0.080
0.080
0.080
0.080
0.080
0.080
0.080
0.080
0.080
0.080
0.080
0.080
0.080
0.067
0.080
0.080
0.080
0.080
0.080
0.080
0.080
0.080
0.080
0.080
0.080
0.080
0.080
0.080
0.080
0.080
0.080
0.080
0.080
0.080
0.080
0.080
0.080
0.080
0.080
0.080
0.080
0.080
0.080
0.080
0.080
0.080
0.080
0.080
0.080
0.080
0.080
0.073
0.080
0.080
0.067
0.080
0.080
0.080
0.080
0.080
0.080
0.080
0.080
0.080
0.080
0.080
0.080
0.080
0.080
0.080
0.080
0.080
0.080
0.080
0.080
0.080
0.080
0.080
0.067
0.080
0.080
0.080
0.080
0.080
0.067
0.080
0.080
0.080
0.080
0.080
0.080
0.080
0.067
0.067
-1.184
-1.185
-1.185
-1.185
-1.185
-1.185
-1.185
-1.185
-1.185
-1.185
-1.185
-1.185
-1.185
-1.185
-1.185
