fixedStep chrom=ENSGT00390000009853 start=1 step=1
0.000
0.000
0.000
0.000
0.000
0.000
0.000
0.000
0.000
0.000
0.000
0.000
0.000
0.000
0.000
0.000
0.000
0.000
0.000
0.000
0.000
0.000
0.000
0.000
0.000
0.000
0.000
0.000
0.000
0.000
0.000
0.000
0.000
0.000
0.000
0.000
0.000
0.000
0.000
0.000
0.000
0.000
0.000
0.000
0.000
0.000
0.000
0.000
0.068
0.068
0.068
0.068
0.068
0.068
0.068
0.068
0.068
0.068
0.068
0.068
0.068
0.068
0.068
0.068
0.068
0.066
0.068
0.068
0.067
0.068
0.068
0.068
0.054
0.066
0.067
0.068
0.068
0.066
0.068
0.068
0.068
-1.042
-1.045
-1.059
-1.849
-1.858
-1.970
0.068
0.068
0.067
0.063
0.068
0.068
0.068
0.068
0.068
0.068
0.068
0.068
0.068
0.068
0.065
0.068
0.068
0.066
0.068
0.068
0.064
0.063
0.068
0.068
0.068
0.068
0.068
0.068
0.068
0.068
0.068
0.068
0.067
0.068
0.068
0.053
0.068
0.068
0.068
0.068
0.068
0.068
0.068
0.068
0.068
0.068
0.068
0.068
0.068
0.068
0.068
0.068
0.068
0.068
0.068
0.068
0.068
0.068
0.065
0.068
0.068
0.068
0.067
0.068
0.068
0.068
0.068
0.068
0.068
0.068
0.068
0.068
0.068
0.068
0.068
0.068
0.068
0.068
0.068
0.068
0.068
0.068
0.068
0.068
0.068
0.068
0.068
0.068
0.068
0.068
0.068
0.068
0.068
0.064
0.068
0.065
0.068
0.068
0.068
0.068
0.068
0.068
0.068
0.068
0.068
0.068
0.068
0.068
0.068
0.068
0.068
0.068
0.068
0.062
0.068
0.068
0.068
0.068
0.068
0.068
0.068
0.068
0.068
0.068
0.068
0.065
0.062
0.063
0.068
0.068
0.068
0.067
0.068
0.068
0.065
0.068
0.068
0.068
0.068
0.068
0.068
0.068
0.068
0.068
0.068
0.068
0.068
0.068
0.068
0.068
0.068
0.068
0.065
0.068
0.068
0.068
0.068
0.068
0.068
0.068
0.068
0.065
0.068
0.068
0.068
0.068
0.068
0.068
0.068
0.068
0.068
0.065
0.067
0.067
0.066
0.068
0.068
0.065
0.068
0.068
0.068
0.068
0.068
0.068
0.068
0.068
0.068
0.068
0.064
0.064
0.068
0.068
0.068
0.068
0.068
0.068
0.068
0.068
0.065
0.068
0.068
0.065
0.068
-3.121
0.068
0.067
0.068
0.068
0.068
0.053
0.068
0.068
0.068
0.068
0.068
0.068
0.068
0.067
0.065
0.068
0.068
0.068
0.068
0.068
0.068
0.068
0.065
0.068
0.068
0.068
0.068
0.068
0.068
0.065
0.068
0.068
0.068
0.068
0.068
0.068
0.068
0.068
0.067
0.068
0.068
0.068
0.065
0.068
0.066
0.068
0.068
0.068
0.068
0.068
0.068
0.068
0.068
0.057
0.068
0.068
0.068
0.068
0.068
0.068
0.067
0.068
0.053
0.065
0.068
0.062
0.068
0.068
0.068
0.068
0.068
0.068
0.068
0.068
0.068
0.067
0.068
0.067
0.068
0.068
0.068
0.068
0.068
0.065
0.068
0.068
0.068
0.068
0.068
0.068
0.068
0.068
0.068
0.068
0.068
0.068
0.068
0.068
0.068
0.065
0.068
0.067
0.065
0.066
0.068
0.068
0.068
0.068
0.068
0.067
0.068
0.068
0.062
0.068
0.068
0.068
0.068
0.068
0.068
0.068
0.068
0.068
0.068
0.068
0.068
0.068
0.068
0.068
0.054
0.068
0.068
0.065
0.068
0.068
0.068
0.068
0.068
0.065
0.068
0.068
0.068
0.068
0.068
0.068
0.068
0.068
0.068
0.068
0.068
0.068
0.068
0.068
0.068
0.068
0.068
0.068
0.068
0.068
0.068
0.066
0.068
0.053
0.068
0.068
0.068
0.068
0.068
0.057
0.065
0.066
0.065
0.068
0.068
0.068
0.068
0.068
0.068
0.068
0.068
0.050
0.068
0.068
0.068
0.068
0.068
0.068
0.068
0.068
0.068
0.068
0.068
0.065
0.068
0.053
0.068
0.068
0.068
0.068
0.068
0.068
0.067
0.068
0.068
0.068
0.068
0.068
0.068
0.063
0.068
0.068
0.068
0.068
0.068
0.068
0.068
0.065
0.068
0.068
0.068
0.068
0.067
0.068
0.068
0.068
0.068
-2.276
0.068
0.068
0.068
0.053
0.065
0.065
0.068
0.068
-0.206
-0.206
-0.206
-0.206
-0.206
-0.206
0.068
0.068
0.068
0.068
0.068
0.067
0.062
0.068
0.068
0.068
0.068
0.068
0.068
0.068
0.065
0.068
0.068
0.068
0.047
0.068
0.054
0.066
0.068
-2.247
0.068
0.068
-2.273
0.068
0.068
0.068
0.068
0.068
0.068
0.068
0.068
0.066
0.049
0.067
0.062
0.052
0.068
0.068
0.068
0.068
0.068
0.068
0.068
0.062
0.068
0.057
0.068
0.068
0.068
0.067
0.068
0.068
0.067
0.068
0.057
0.067
0.068
0.068
0.068
0.068
0.068
0.068
0.057
0.068
0.054
0.068
0.068
0.068
0.068
0.068
0.068
0.068
0.068
0.066
0.057
0.068
0.068
0.063
0.057
0.068
0.068
0.068
0.068
0.061
0.061
-2.784
0.043
0.061
0.057
0.061
0.061
0.061
0.061
0.061
0.061
0.057
0.061
0.061
0.061
0.061
0.057
0.057
0.061
-2.201
0.061
0.061
0.061
0.061
0.061
0.060
0.061
0.061
0.061
0.061
0.061
0.061
0.061
0.061
0.058
0.061
0.061
0.061
-1.968
0.061
0.060
0.061
0.061
0.043
0.061
0.061
0.061
0.061
0.043
0.061
0.061
0.061
0.060
0.061
0.058
0.061
0.061
0.061
0.058
0.061
0.061
0.061
0.061
0.061
0.058
0.061
0.061
0.061
0.061
0.061
0.061
0.061
0.061
0.061
0.061
0.061
0.061
0.060
0.061
0.061
0.061
0.058
0.058
0.058
0.061
-1.995
0.061
0.061
0.061
0.061
0.061
0.061
0.061
0.061
0.061
0.061
0.061
0.061
0.068
0.068
0.067
0.068
0.068
0.068
0.068
0.068
0.068
0.068
0.068
0.065
0.068
0.068
0.066
0.068
0.068
0.068
0.068
0.068
0.067
0.068
0.068
0.065
0.068
0.068
0.057
0.068
0.068
0.065
0.068
0.068
-1.683
0.068
0.068
0.068
0.068
0.068
0.068
0.065
0.068
0.068
0.068
0.068
0.068
0.068
0.068
0.053
0.068
0.068
0.067
0.068
0.068
0.068
0.068
0.068
0.067
0.068
0.068
0.068
0.068
0.068
0.068
0.068
0.068
0.068
0.068
0.068
0.066
0.068
0.068
0.068
0.068
0.068
0.068
0.068
0.068
0.068
0.068
0.068
0.068
0.068
0.068
0.067
0.068
0.066
0.067
0.068
0.068
0.061
0.068
0.068
0.068
0.068
0.068
0.065
0.065
0.068
0.053
0.068
0.068
0.068
0.050
0.068
0.068
0.068
0.068
0.067
0.066
0.068
0.068
0.068
0.065
0.051
0.065
0.068
0.054
0.068
0.068
0.068
0.068
0.068
0.065
0.068
0.050
-2.602
0.054
-2.534
0.068
0.068
0.068
0.068
0.068
0.068
0.065
