fixedStep chrom=ENSGT00390000009940 start=1 step=1
0.000
0.000
0.000
0.000
0.000
0.000
0.000
0.000
0.000
0.000
0.000
0.000
0.000
0.000
0.000
0.000
0.000
0.000
0.000
0.000
0.000
0.000
0.000
0.000
0.000
0.000
0.000
0.000
0.000
0.000
0.000
0.000
0.000
0.000
0.000
0.000
0.000
0.000
0.000
0.078
0.078
0.078
0.078
0.078
0.073
0.078
0.078
0.078
0.078
0.078
0.078
0.078
0.078
0.072
0.078
0.078
0.072
0.078
0.078
0.069
0.076
0.078
0.078
0.076
0.078
0.072
0.078
0.078
0.078
0.078
0.078
0.078
0.078
0.078
0.070
0.078
0.078
0.078
0.078
0.078
0.077
0.077
0.078
0.078
0.078
0.078
0.072
0.078
0.078
0.078
0.078
0.078
0.078
0.076
0.078
-4.254
0.078
0.078
0.078
0.078
0.078
0.078
0.078
0.076
0.078
0.078
0.078
0.078
0.078
0.078
0.078
0.078
0.078
0.078
0.078
0.078
0.076
0.078
0.076
0.078
0.078
0.053
0.076
0.078
0.078
0.078
0.078
0.066
0.078
0.078
0.078
0.069
0.078
0.078
0.078
0.078
0.078
0.053
0.078
0.078
0.078
0.078
0.078
0.078
0.078
0.078
0.078
0.076
0.078
0.073
0.072
0.078
0.078
0.078
0.078
0.078
0.078
0.078
0.073
0.078
0.078
0.078
0.078
0.078
0.078
0.078
0.078
0.075
0.078
0.078
0.075
0.078
0.078
0.078
0.072
0.078
0.078
0.078
0.078
0.078
0.069
0.078
0.078
0.078
0.078
0.078
0.078
0.078
0.078
0.078
0.078
0.078
0.078
0.074
0.078
0.078
0.078
0.078
0.072
0.078
0.078
0.078
0.072
0.078
0.078
0.078
0.078
0.078
0.078
0.078
0.078
0.078
0.078
0.078
0.078
0.078
0.078
0.078
0.078
0.078
0.078
0.078
0.078
0.078
0.078
0.078
0.078
0.078
0.078
0.078
0.072
0.075
0.078
0.070
0.053
0.078
0.078
0.078
0.078
0.076
0.072
0.078
0.076
0.078
0.078
0.078
0.078
0.053
0.070
0.078
0.078
0.067
0.078
0.078
0.076
0.078
0.078
0.076
0.078
0.078
0.078
0.078
0.078
0.078
0.078
0.078
0.078
0.078
0.078
0.078
0.078
0.078
0.078
0.078
0.078
0.077
0.078
0.078
0.078
0.078
0.078
0.078
0.078
0.078
0.077
0.073
0.078
0.078
0.078
0.078
0.078
0.078
0.078
0.078
0.078
0.078
0.076
0.059
0.053
0.078
0.078
0.078
0.078
0.078
0.053
0.078
0.078
0.053
0.075
0.078
0.078
0.068
0.077
0.078
0.078
0.078
0.078
0.078
0.078
0.078
0.078
0.078
0.078
0.078
0.066
0.078
0.078
0.078
0.078
0.078
0.078
0.078
0.078
0.077
0.073
0.078
0.078
0.053
0.078
0.078
0.078
0.078
0.077
0.078
0.066
0.078
0.078
0.076
0.078
0.078
0.075
0.078
0.078
0.078
0.075
0.078
0.078
0.078
0.078
0.078
0.078
0.078
0.072
0.078
0.078
0.077
0.078
0.078
0.078
0.078
0.078
0.078
0.075
0.078
0.072
0.078
0.078
0.078
0.078
0.078
0.075
0.078
0.078
0.072
0.078
0.078
0.077
0.078
0.078
0.072
0.078
0.076
0.078
0.078
0.078
0.078
0.078
0.078
0.078
0.078
0.078
0.078
0.078
0.078
0.072
0.078
0.078
0.078
0.078
0.078
0.077
0.075
0.078
0.075
0.078
0.078
0.078
0.053
0.078
0.078
0.078
0.078
0.078
0.078
0.078
0.078
0.078
0.078
0.078
0.078
0.078
0.078
0.078
0.078
0.072
0.078
0.078
0.078
0.078
0.078
0.075
0.078
0.078
0.078
0.078
0.078
0.078
0.078
0.078
0.078
0.078
0.078
0.078
0.078
0.078
0.078
0.078
0.078
0.078
0.078
0.078
0.078
0.078
0.078
0.078
0.078
0.078
0.073
0.078
0.078
0.078
0.069
0.078
0.075
0.075
0.078
0.077
0.078
0.078
0.078
0.078
0.067
0.072
0.078
0.078
0.078
0.078
0.078
0.078
0.078
0.072
0.076
0.075
0.078
0.078
0.078
0.078
0.075
0.078
0.078
0.078
0.078
0.078
0.078
0.078
0.078
0.077
0.078
0.078
0.078
0.078
0.072
0.078
0.078
0.078
0.078
0.078
0.078
0.078
0.078
0.078
0.076
0.078
0.078
0.078
0.078
0.078
0.072
0.078
0.078
0.078
0.078
0.078
0.076
0.078
0.078
0.078
0.078
0.078
0.075
0.078
0.078
0.078
0.078
0.078
0.078
0.078
0.075
0.078
0.078
0.078
0.078
0.078
0.078
0.078
0.078
0.078
0.072
0.078
0.078
0.078
0.078
0.074
0.077
0.078
0.078
0.078
0.078
0.075
0.054
0.066
0.066
0.066
0.075
0.078
0.078
0.078
0.075
0.078
0.078
0.075
0.066
0.066
0.075
0.063
0.078
0.078
-2.075
0.075
0.075
0.075
0.066
0.078
0.075
0.078
0.078
0.078
0.078
0.061
0.075
0.066
0.078
0.075
0.078
0.078
0.078
0.066
0.078
0.064
0.066
0.066
0.066
0.078
0.078
0.078
0.066
0.075
0.075
-0.104
-0.104
-0.104
0.066
0.078
0.078
0.064
0.078
0.075
0.066
0.066
0.066
0.078
0.078
0.078
0.072
0.078
0.076
0.078
0.078
0.078
0.078
0.078
0.075
0.078
0.072
0.072
0.078
0.078
0.078
0.078
0.078
0.072
0.053
0.078
0.073
0.072
0.078
0.078
0.078
0.078
0.078
0.078
0.078
0.078
0.078
0.077
0.076
0.078
0.078
0.078
0.078
0.078
0.078
0.078
0.078
0.078
0.053
0.078
0.078
0.078
0.078
0.078
0.078
0.078
0.069
0.078
0.078
0.075
0.067
0.077
0.078
0.078
0.078
0.078
0.078
0.078
0.073
0.076
0.078
0.078
0.078
0.078
0.078
0.078
0.078
0.076
0.076
0.078
0.078
0.078
0.077
0.078
0.078
0.076
0.078
0.078
0.078
0.078
0.053
0.078
0.075
0.078
0.067
0.078
0.072
0.078
0.078
0.078
0.075
0.078
0.078
0.078
0.078
0.078
0.078
0.078
0.078
0.078
0.078
0.078
0.078
0.076
0.072
0.072
0.078
0.076
0.072
0.078
0.078
0.078
0.078
0.078
0.078
0.059
0.078
0.078
0.078
0.078
0.074
0.076
0.078
0.077
0.078
0.078
0.077
0.078
0.078
0.076
0.063
0.078
0.078
0.078
0.078
0.078
0.073
0.078
0.072
0.078
0.078
0.075
0.078
-2.084
0.078
0.078
0.078
0.069
0.078
0.075
0.075
0.077
0.066
0.078
0.053
0.078
0.067
0.076
0.078
0.078
0.072
0.077
0.062
0.078
0.071
0.065
0.078
0.077
0.078
0.076
-1.574
-1.573
-1.575
0.077
0.078
0.078
0.078
0.078
0.078
0.069
0.078
0.078
0.078
0.073
0.078
0.078
0.067
0.067
0.078
0.078
0.076
0.076
0.078
0.078
0.078
0.078
0.069
0.078
0.075
0.078
0.076
-1.175
0.078
0.072
0.078
0.078
0.078
0.078
0.078
0.078
0.071
0.072
0.078
0.078
0.078
0.053
0.078
0.078
-1.573
-1.573
-1.573
-1.575
-1.573
-1.575
-2.020
-1.574
-1.574
-2.426
-1.898
-2.635
-1.930
-3.653
-2.437
0.000
0.000
0.000
0.000
0.000
0.000
0.000
0.000
0.000
0.000
0.000
0.000
0.000
0.000
0.000
0.000
0.000
0.000
0.000
0.000
0.000
0.000
0.000
0.000
0.000
0.000
0.000
0.000
0.000
0.000
0.000
0.000
0.000
0.000
0.000
0.000
0.000
0.000
0.000
0.000
0.000
0.000
0.000
0.000
0.000
0.000
0.000
0.000
0.000
0.000
0.000
-2.002
0.078
0.078
0.078
0.078
0.078
0.075
-2.025
0.056
-2.019
-2.019
0.073
0.067
0.078
0.078
-1.398
-2.011
0.073
-2.002
0.078
0.071
0.072
0.078
0.069
0.078
0.078
0.078
0.078
0.078
0.075
0.071
0.071
0.071
0.078
0.071
0.078
0.056
0.078
-2.021
0.071
0.078
-2.021
-2.002
-2.025
0.078
0.071
0.078
0.072
0.053
0.078
-2.861
-2.019
-2.021
-2.015
-2.002
-2.025
-2.021
-2.021
0.071
0.063
-2.021
0.071
0.069
0.078
0.071
0.064
-2.015
-2.021
0.078
