fixedStep chrom=ENSGT00390000003125 start=1 step=1
0.096
0.096
0.096
0.096
0.096
0.081
0.070
0.070
0.090
-3.798
0.070
-2.048
0.090
0.087
0.096
0.068
0.096
0.096
0.087
0.096
0.070
-0.838
-1.453
-0.838
-0.838
-0.935
-0.836
-1.418
-0.838
-0.905
-0.836
-1.132
-0.914
-0.939
-0.838
-1.384
-0.939
-0.838
-1.321
0.085
0.096
0.096
0.091
0.094
-1.658
0.096
0.096
0.070
0.096
0.067
0.092
0.096
0.096
-1.079
0.096
0.096
0.096
0.096
0.090
0.093
0.090
0.090
-2.784
0.070
0.088
0.090
0.087
0.096
0.088
-1.238
-1.236
-1.430
-1.772
-1.430
-1.434
-1.932
-1.937
-1.932
-2.715
-2.168
-2.660
-1.316
-1.237
-1.429
0.096
0.096
0.070
0.096
0.094
0.070
0.096
0.095
0.078
0.096
0.096
0.096
0.084
0.091
0.096
0.096
0.090
-1.105
0.096
0.072
0.096
0.091
0.096
0.096
0.096
0.096
0.096
0.094
0.091
0.096
0.090
0.096
0.096
0.096
0.096
0.096
0.096
0.096
0.075
0.091
0.070
0.088
0.096
0.096
0.096
0.089
0.096
0.096
0.089
0.091
0.096
0.074
0.096
0.096
0.096
0.096
0.096
-1.602
0.095
0.090
0.090
0.087
0.096
0.096
0.096
0.087
0.090
0.096
0.095
0.096
0.095
0.093
0.096
0.096
0.096
0.096
0.096
0.093
0.095
0.096
0.091
0.096
0.096
0.096
0.096
0.096
0.096
0.096
0.096
0.096
0.096
0.096
0.094
0.096
0.096
0.088
0.096
0.096
0.096
0.096
0.096
0.093
0.096
0.096
0.096
0.096
0.096
0.091
0.096
0.096
0.096
0.096
0.096
0.096
0.096
0.096
0.096
0.096
0.096
0.096
0.096
0.096
0.096
0.096
0.096
0.094
0.096
0.096
0.096
0.096
0.096
0.096
0.096
0.096
0.096
0.096
0.096
0.096
0.096
0.096
0.096
0.096
0.091
0.093
0.096
0.096
0.095
0.096
0.096
0.074
0.096
0.096
0.096
0.096
0.096
0.096
0.096
0.096
0.096
0.096
0.096
0.096
0.096
0.096
0.087
0.096
0.096
0.096
0.096
0.096
0.096
0.096
0.096
0.096
0.096
0.096
0.091
0.096
0.096
0.096
0.096
0.090
0.089
0.096
0.096
0.096
0.096
0.096
0.091
0.096
0.096
0.096
0.096
0.096
0.090
0.096
0.096
0.091
0.096
0.096
0.096
0.096
0.096
0.096
0.096
0.096
-4.827
0.096
0.096
0.096
0.096
0.096
0.093
0.096
0.096
0.096
0.096
0.096
0.088
0.096
0.096
0.096
0.096
0.096
0.093
0.096
0.096
0.093
0.096
0.088
0.096
0.096
0.096
0.088
0.096
0.096
0.096
0.096
0.096
0.096
0.096
0.096
0.096
0.096
0.096
0.093
0.096
0.096
0.091
0.096
0.096
0.071
0.094
0.096
0.096
