fixedStep chrom=ENSGT00510000049624 start=1 step=1
0.000
0.000
0.000
0.000
0.000
0.000
0.000
0.000
0.000
0.000
0.000
0.000
0.000
0.000
0.000
0.000
0.000
0.000
0.000
0.000
0.000
0.000
0.000
0.000
0.000
0.000
0.000
0.000
0.000
0.000
0.000
0.000
0.000
0.000
0.000
0.000
0.000
0.000
0.000
0.000
0.000
0.000
0.000
0.000
0.000
0.000
0.000
0.000
0.000
0.000
0.000
0.000
0.000
0.000
0.000
0.000
0.000
0.000
0.000
0.000
0.000
0.000
0.000
0.000
0.000
0.000
0.000
0.000
0.000
0.000
0.000
0.000
0.000
0.000
0.000
0.000
0.000
0.000
0.000
0.000
0.000
0.000
0.000
0.000
0.000
0.000
0.000
0.000
0.000
0.000
0.000
0.000
0.000
0.000
0.000
0.000
0.084
0.084
0.084
0.084
0.084
0.084
0.084
0.080
0.084
0.084
0.084
0.084
0.078
0.084
0.084
0.084
0.084
0.070
0.081
0.084
0.084
0.081
0.084
0.084
0.084
0.083
0.080
0.084
0.084
0.083
0.084
0.084
0.084
0.078
0.084
0.084
0.080
0.084
0.084
0.084
0.084
0.084
0.084
0.084
0.084
0.084
0.084
0.081
0.080
0.084
-0.743
0.084
0.084
0.082
0.084
0.084
0.084
0.070
0.084
0.084
0.084
0.084
0.084
0.084
0.084
0.080
0.078
0.084
0.084
0.084
0.078
0.078
0.078
0.084
0.078
0.084
0.084
0.080
0.084
0.084
0.084
0.084
0.078
0.080
0.084
0.084
-0.743
0.084
0.084
0.084
0.084
0.084
0.078
0.084
0.084
0.084
0.080
0.078
0.078
0.084
0.078
0.084
0.084
0.084
-1.381
0.084
0.084
0.080
0.083
0.084
0.084
-1.535
0.084
0.078
0.084
0.084
0.080
0.084
0.084
0.066
0.084
0.084
0.084
0.083
0.084
0.078
0.084
0.078
-1.400
0.080
0.084
0.084
0.084
0.084
0.084
0.084
0.084
0.084
0.084
0.076
0.084
0.081
0.084
0.084
0.084
0.084
0.084
0.084
0.084
0.084
0.084
0.084
0.084
-1.976
0.083
0.084
0.084
0.084
0.080
0.084
0.084
0.084
0.084
0.084
0.078
0.084
0.082
0.070
0.084
0.084
0.084
0.084
0.084
0.084
0.084
0.084
0.084
0.084
0.084
0.084
0.084
0.084
0.084
0.084
0.084
0.084
0.084
0.084
0.084
0.084
0.084
0.084
0.084
0.084
0.084
0.078
-0.738
0.080
0.084
0.084
0.084
0.084
0.080
0.078
0.078
0.084
0.077
0.078
0.066
-2.007
0.066
0.084
0.084
0.082
0.080
0.080
0.084
0.084
0.066
0.084
0.084
0.082
0.084
0.084
0.084
0.084
0.084
0.084
-0.743
0.083
0.084
0.084
0.084
0.084
0.084
0.084
0.084
0.084
0.084
-0.740
0.084
0.084
0.082
0.084
0.074
0.084
0.084
0.084
0.083
0.084
0.084
0.084
0.084
0.084
-1.937
0.084
0.084
0.080
0.084
0.084
0.078
0.084
0.084
0.074
0.084
0.084
0.084
0.084
-1.403
0.083
0.084
0.084
0.083
0.084
-0.743
-0.743
0.084
0.084
0.078
0.084
0.084
0.084
0.084
0.084
0.084
0.084
0.084
0.084
0.084
0.084
0.084
0.078
0.084
0.084
0.084
0.084
0.074
0.084
0.084
0.064
0.078
0.080
0.084
0.080
0.084
0.084
0.084
0.084
0.084
0.084
0.078
0.082
0.071
0.084
0.084
0.084
0.078
0.084
0.084
0.084
0.084
0.084
0.066
-1.529
0.078
0.078
0.078
0.080
0.084
0.084
0.084
0.084
0.084
0.084
0.084
0.084
-0.740
0.074
0.084
0.074
0.084
0.080
0.082
0.080
0.081
-2.788
0.084
0.084
0.084
0.084
0.080
0.078
0.084
0.084
0.084
0.084
0.084
0.084
0.084
0.070
0.084
0.084
0.084
0.083
0.084
0.070
0.084
0.084
0.084
0.084
0.084
0.077
0.084
0.084
0.084
0.084
0.084
0.084
0.084
0.084
0.084
0.078
0.080
0.080
0.084
0.084
0.084
0.084
0.084
0.084
0.069
0.084
0.083
0.084
0.084
0.084
0.084
0.084
0.080
0.084
0.084
0.084
0.084
0.084
0.084
0.084
0.084
0.078
0.084
0.084
0.084
0.084
0.084
0.084
0.084
0.084
0.084
0.083
0.084
0.080
0.084
0.084
0.084
0.084
0.084
-1.381
0.084
0.084
0.084
0.084
0.084
0.080
0.084
0.084
0.078
0.084
0.084
0.075
0.084
0.084
-0.738
0.084
0.084
0.084
0.084
0.084
0.084
0.080
0.084
0.084
0.084
0.084
0.084
0.080
0.084
0.084
0.084
0.084
0.080
0.080
0.084
0.084
0.084
0.084
0.066
0.084
0.084
0.084
0.084
0.084
0.084
0.084
0.078
-3.181
0.000
0.000
0.000
0.000
0.000
0.000
0.000
0.000
0.000
0.000
0.000
0.000
0.000
0.000
0.000
0.000
0.000
0.000
0.000
0.000
0.000
0.000
0.000
0.000
0.000
0.000
0.000
0.000
0.000
0.000
0.000
0.000
0.000
0.000
0.000
0.000
0.000
0.000
0.000
0.000
0.000
0.000
0.000
0.000
0.000
0.000
0.000
0.000
0.000
0.000
0.000
0.000
0.000
0.000
0.000
0.000
0.000
0.000
0.000
0.000
0.000
0.000
0.000
0.000
0.000
0.000
0.000
0.000
0.000
0.000
0.000
0.000
0.000
0.000
0.000
0.000
0.000
0.000
0.000
0.000
0.000
0.000
0.000
0.000
0.000
0.000
0.000
0.000
0.000
0.000
0.000
0.000
0.000
0.084
0.084
0.068
0.068
0.084
0.084
0.084
0.076
0.080
0.000
0.000
0.000
0.000
0.000
0.000
0.000
0.000
0.000
0.000
0.000
0.000
0.000
0.000
0.000
0.000
0.000
0.000
0.000
0.000
0.000
0.000
0.000
0.000
0.000
0.000
0.000
0.000
0.000
0.000
0.000
0.000
0.000
0.000
0.000
0.000
0.000
0.000
0.000
