fixedStep chrom=ENSGT00390000010210 start=1 step=1
-1.290
-0.822
-0.830
0.128
-1.668
-1.591
0.103
-1.668
-1.667
-1.668
0.108
0.128
-1.668
0.128
0.128
0.128
-1.685
-1.685
0.118
-1.668
0.103
-1.667
-2.576
0.129
0.123
0.129
-1.693
-1.693
0.108
-1.663
-1.685
0.125
0.094
0.103
0.119
-1.596
0.119
0.129
-1.667
-1.685
0.128
0.128
0.128
0.129
0.128
0.128
0.128
0.129
0.128
0.127
0.127
0.123
0.129
0.128
0.115
0.128
0.128
0.123
0.128
0.128
0.128
0.128
0.123
0.128
0.129
0.115
0.129
0.128
0.128
0.128
0.128
0.128
0.129
0.128
0.129
0.128
0.123
0.115
0.128
0.127
0.128
0.128
0.128
0.120
0.128
0.129
0.123
0.128
0.128
0.128
0.128
0.128
0.117
0.128
0.129
0.128
0.128
0.128
0.124
0.129
0.128
0.128
0.128
0.128
0.124
0.128
0.129
0.128
0.128
0.128
0.128
0.128
0.128
0.095
-3.184
0.091
0.128
0.128
0.128
0.128
0.128
0.129
0.128
0.128
0.128
0.128
0.109
0.127
0.128
0.128
0.128
0.128
0.128
0.128
0.128
0.128
0.128
0.114
0.119
0.116
0.114
-0.386
-0.392
-0.760
-0.748
0.114
-0.748
0.124
0.128
0.113
0.000
0.000
0.000
0.000
0.000
0.000
0.000
0.000
0.000
0.000
0.000
0.000
0.000
0.000
0.000
0.000
0.000
0.000
0.000
0.000
0.000
0.114
0.128
0.114
0.128
0.128
0.114
-0.390
0.128
-0.383
0.114
-0.390
0.114
0.114
-0.391
0.114
0.128
0.129
-1.182
-0.383
-1.327
-0.384
0.114
0.126
0.128
-0.390
0.128
-0.383
-0.391
0.114
0.114
0.118
-0.390
0.114
-0.390
-0.390
0.114
0.110
-0.390
0.116
0.128
0.128
-0.391
0.092
-0.390
-0.384
-0.970
0.110
-0.747
0.128
0.129
0.116
-0.383
0.114
-0.391
0.114
0.129
-1.171
0.128
0.129
-0.386
-0.392
0.114
-0.530
0.128
0.128
-0.735
0.128
-0.383
0.128
0.000
0.000
0.000
0.000
0.000
0.000
0.000
0.000
0.000
0.000
0.000
0.000
0.000
0.000
0.000
0.000
0.000
0.000
0.115
0.124
0.128
0.115
0.114
0.115
-0.390
0.128
0.104
0.115
0.114
0.105
-0.390
0.129
-0.384
0.128
0.114
0.095
0.128
0.129
0.112
-0.386
-0.392
0.114
-0.391
0.114
-0.750
-0.384
0.114
-1.085
0.114
0.129
0.128
-0.384
-0.386
-0.760
0.122
0.114
0.128
-0.390
-0.384
-0.392
0.128
-0.384
0.128
0.114
0.128
0.103
0.124
0.129
0.117
-0.391
-0.384
-0.390
-0.386
-0.390
0.114
-0.384
0.128
-0.390
0.000
0.000
0.000
0.000
0.000
0.000
0.000
0.000
0.000
0.000
0.000
0.000
0.129
0.114
0.128
-0.805
-0.814
-0.814
-0.910
-1.256
-1.171
-1.736
-1.532
0.000
0.000
0.000
0.000
0.000
0.000
0.000
0.000
0.000
0.000
0.000
0.000
0.000
0.000
0.000
0.000
