fixedStep chrom=ENSGT00390000009189 start=1 step=1
0.098
0.098
0.098
0.094
0.083
0.083
0.093
0.098
0.083
0.098
0.083
0.081
0.081
0.094
0.083
0.094
0.098
0.083
0.000
0.000
0.000
0.000
0.000
0.000
0.000
0.000
0.000
0.000
0.000
0.000
0.000
0.000
0.000
0.000
0.000
0.000
0.083
0.098
0.083
0.083
0.094
0.098
0.098
0.098
0.098
0.098
0.098
0.097
0.098
0.098
0.095
0.098
0.098
0.098
0.098
0.098
0.098
0.098
0.098
0.098
0.098
0.098
0.093
0.098
0.098
0.084
0.097
0.098
0.098
0.098
0.098
0.098
0.098
0.098
0.098
0.098
0.098
0.098
0.098
0.098
0.098
0.098
0.098
0.098
0.098
0.098
0.098
0.098
0.093
0.098
0.098
0.098
0.098
0.098
0.079
0.083
0.093
0.098
0.098
0.098
0.098
0.098
0.098
0.098
0.098
0.098
0.098
0.098
0.098
0.098
0.092
0.098
0.098
0.098
0.098
0.098
0.098
0.098
0.096
0.098
0.098
0.098
0.098
0.098
0.098
0.080
0.098
0.098
0.095
0.098
0.098
0.098
0.098
0.098
0.096
0.098
0.098
0.088
0.098
0.098
0.098
0.098
0.098
0.093
0.098
0.098
0.098
0.098
0.098
0.098
0.098
0.098
0.096
0.098
0.098
0.080
0.098
0.098
0.096
0.098
0.098
0.087
0.098
0.098
0.098
0.098
0.098
0.090
0.098
0.098
0.095
0.098
0.098
0.087
0.098
0.098
0.095
0.098
0.098
0.098
0.098
0.098
0.098
0.098
0.098
0.098
0.098
0.098
0.098
0.098
0.098
0.098
0.098
0.098
0.098
0.098
0.098
0.090
0.098
0.098
0.096
0.098
0.098
0.096
0.098
0.098
0.098
0.098
0.098
0.087
0.098
0.098
0.098
0.098
0.098
0.098
0.098
0.098
0.092
0.098
0.098
0.098
0.098
0.098
0.096
0.098
0.098
0.093
0.098
0.098
-2.738
0.098
0.098
0.098
0.098
0.098
0.098
0.098
0.098
0.098
0.098
0.098
0.093
0.098
0.098
0.098
0.098
0.098
0.098
0.098
0.098
0.098
0.098
0.098
0.095
0.098
0.098
0.098
0.098
0.098
0.098
0.085
0.085
0.067
0.085
0.085
0.085
0.085
0.085
0.085
0.085
0.085
0.085
0.080
0.085
0.085
0.085
0.085
0.085
0.085
0.085
0.085
0.085
0.085
0.085
0.085
0.085
0.073
0.085
0.085
0.085
0.085
0.085
0.085
0.085
0.085
0.082
0.085
0.085
0.085
0.085
0.085
0.085
0.085
0.085
0.083
-0.872
-0.872
-0.872
-0.872
-0.872
-1.005
-0.872
-1.496
-0.872
-0.872
-0.872
-0.887
-0.872
-0.872
-0.872
-0.872
-0.872
-1.531
-0.872
-0.872
-1.554
-0.872
-0.872
-0.872
-0.872
-0.872
-0.872
