fixedStep chrom=ENSGT00390000006280 start=1 step=1
0.079
0.080
0.079
0.079
0.079
0.077
0.079
-1.453
0.079
0.079
0.079
0.079
0.079
0.079
0.079
0.068
0.079
0.075
0.075
0.075
0.077
0.074
0.079
0.063
0.080
0.079
0.075
0.069
0.079
0.080
0.079
0.079
0.079
0.075
0.075
0.080
0.078
-2.014
0.079
0.079
0.077
0.075
0.079
0.079
0.078
0.080
0.067
0.073
0.075
0.080
0.078
0.079
0.080
0.080
0.080
0.079
0.079
0.079
0.079
0.079
0.079
0.079
0.079
0.080
0.080
0.079
0.079
0.080
0.080
0.057
0.079
0.079
0.079
0.079
0.079
0.079
0.079
0.079
0.079
0.079
0.079
0.080
0.079
0.079
0.079
0.080
0.079
0.079
0.079
0.079
0.079
0.080
0.057
0.079
0.079
0.079
0.079
0.079
0.079
0.079
0.079
0.079
0.079
0.079
-1.855
0.080
0.079
0.079
0.079
0.080
0.079
0.079
0.079
0.080
0.079
0.079
0.075
0.079
0.079
0.079
0.079
0.079
0.080
0.079
0.079
0.079
0.079
0.079
0.057
0.000
0.000
0.000
0.000
0.000
0.000
0.000
0.000
0.000
0.000
0.000
0.000
0.000
0.000
0.000
0.000
0.000
0.000
0.000
0.000
0.000
0.000
0.000
0.000
0.000
0.000
0.000
0.000
0.000
0.000
0.000
0.000
0.000
0.000
0.000
0.000
0.000
0.000
0.000
0.079
0.072
0.079
0.079
0.079
-2.148
0.080
0.079
0.079
0.079
0.079
0.079
0.072
0.079
0.079
0.079
0.080
0.079
0.079
0.079
0.077
0.079
0.079
0.078
0.075
0.077
0.077
0.079
0.079
0.079
0.079
0.079
0.079
0.079
0.079
0.076
0.079
0.076
0.078
0.079
0.079
0.079
0.072
0.056
0.080
0.079
0.079
0.056
0.079
0.079
0.080
0.079
0.075
0.076
0.075
0.076
-1.670
0.075
0.075
0.070
0.075
0.076
0.075
0.075
0.076
0.075
0.075
0.075
-2.398
0.075
0.076
0.075
0.072
0.076
0.075
0.075
0.075
0.075
0.075
0.075
0.070
0.075
0.075
-2.094
0.075
0.076
0.076
0.075
0.075
0.071
0.076
0.075
0.076
0.075
0.075
0.075
0.076
0.075
0.070
0.075
0.076
0.075
0.072
0.076
0.076
0.075
0.076
0.072
0.075
0.076
0.060
0.075
0.075
0.070
0.075
0.075
0.075
0.076
0.076
0.075
0.075
0.075
0.074
0.075
0.075
0.070
0.075
0.075
-1.607
0.074
0.076
0.075
0.075
0.075
0.060
0.075
0.075
0.075
0.076
0.075
0.075
0.076
0.075
0.075
0.057
0.076
0.070
0.075
0.075
0.075
0.076
0.076
0.075
0.075
0.075
-0.825
0.075
0.075
0.075
0.075
0.079
0.080
0.079
0.080
0.079
0.079
0.080
0.056
0.079
0.079
0.078
0.079
0.079
0.055
0.079
0.076
0.075
0.079
0.079
0.075
0.079
0.063
0.078
0.079
0.079
0.079
0.079
0.079
0.079
0.079
0.079
0.079
0.079
0.079
0.080
0.079
0.079
0.075
0.079
0.080
0.070
0.079
0.079
0.077
0.079
0.079
0.079
0.079
0.080
0.069
0.079
0.079
0.078
0.079
0.079
0.076
0.079
0.079
0.079
0.079
0.079
0.078
0.079
0.079
0.079
0.080
0.079
0.075
0.079
0.079
0.079
0.079
0.079
0.056
0.079
0.079
0.079
0.079
0.080
0.080
0.079
0.079
0.075
0.079
0.079
0.075
0.080
0.079
0.077
0.080
0.079
0.080
0.079
0.079
0.079
0.079
0.078
0.056
0.079
0.080
-2.014
0.080
0.079
0.080
0.075
0.080
0.079
0.079
0.079
0.075
0.079
0.079
0.062
-1.368
-1.368
-1.622
0.075
0.080
0.079
0.080
0.079
0.078
0.079
0.079
0.079
0.080
0.079
0.080
0.079
0.079
0.079
0.073
0.078
0.068
0.079
0.079
0.079
0.075
0.080
0.079
0.079
0.080
0.079
0.079
0.079
0.079
0.078
0.078
-2.109
0.079
0.078
0.078
-1.367
-1.360
-1.612
-1.367
-1.367
-1.635
-1.368
-1.368
-1.367
0.079
0.079
0.075
0.079
0.056
0.077
0.079
0.079
0.061
0.079
0.079
0.079
-1.367
-1.367
-1.760
0.079
0.076
0.071
0.071
0.079
0.076
0.079
0.079
0.061
0.079
0.079
0.079
0.079
0.079
0.079
-1.367
-1.367
-1.368
0.079
0.079
0.079
0.079
0.079
0.073
0.078
0.073
0.070
0.073
0.073
0.077
0.079
0.079
0.079
0.080
0.080
0.080
0.079
0.080
0.079
0.079
0.079
0.079
0.079
0.080
0.063
0.079
0.080
0.080
0.080
0.079
-1.984
0.080
0.080
0.079
0.079
0.079
0.063
0.079
0.079
0.079
0.079
0.079
0.080
0.079
0.079
0.079
0.079
0.080
0.079
0.079
0.080
0.079
0.063
0.079
0.056
0.079
0.079
0.079
0.071
0.080
0.076
0.074
0.079
0.075
0.079
0.079
0.074
0.079
0.080
0.079
0.079
0.080
0.079
0.079
0.079
0.074
0.079
0.079
0.079
0.079
0.079
0.077
0.079
0.079
0.080
0.079
0.080
0.076
0.079
0.079
0.075
0.079
0.080
0.079
0.079
0.079
0.076
0.079
0.079
0.079
0.079
0.079
0.076
0.079
0.080
0.079
0.080
0.079
0.075
0.080
0.079
0.079
0.080
0.079
0.073
0.079
0.079
0.080
0.079
0.080
0.067
0.079
0.079
0.079
0.079
0.080
0.079
0.079
0.079
0.079
0.079
0.079
0.073
0.079
0.079
0.061
0.079
0.079
0.076
0.076
0.079
0.079
0.079
0.079
0.079
0.079
0.079
0.068
0.080
0.080
0.077
0.079
0.079
0.079
0.079
0.080
0.079
0.079
0.079
0.079
0.080
0.080
0.079
0.076
0.080
0.079
0.079
0.079
0.079
0.080
0.080
0.080
