fixedStep chrom=ENSGT00390000016760 start=1 step=1
0.000
0.000
0.000
0.000
0.000
0.000
0.000
0.000
0.000
0.000
0.000
0.000
0.000
0.000
0.000
0.000
0.000
0.000
0.000
0.000
0.000
0.000
0.000
0.000
0.000
0.000
0.000
0.000
0.000
0.000
0.000
0.000
0.000
0.000
0.000
0.000
0.000
0.000
0.000
0.000
0.000
0.000
0.000
0.000
0.000
0.000
0.000
0.000
0.000
0.000
0.000
0.129
0.129
0.129
0.121
0.129
0.129
0.129
0.129
0.126
0.129
0.117
0.128
-2.125
0.129
0.129
0.121
0.129
0.129
0.129
0.129
0.129
0.129
0.129
0.129
0.120
0.129
0.101
0.129
0.129
0.129
0.087
0.129
0.126
0.126
0.129
0.127
0.090
0.129
0.129
0.129
0.129
0.119
0.129
0.127
0.126
0.129
0.117
0.123
0.129
0.129
0.126
0.129
0.129
0.117
0.102
0.129
0.129
0.129
0.129
0.129
0.129
0.129
0.126
0.129
0.129
0.129
0.129
0.129
0.122
0.129
0.129
0.128
-0.877
-0.883
-0.883
-3.138
0.129
-2.353
0.129
0.126
0.126
0.129
0.129
0.129
0.129
0.129
0.118
0.128
0.129
0.129
0.129
0.129
0.129
0.122
0.117
0.126
0.124
0.129
0.129
0.129
0.129
0.127
0.126
0.129
0.119
0.117
0.129
0.129
0.129
0.117
0.127
0.090
0.129
0.129
0.123
0.119
0.090
0.127
0.121
0.121
0.126
0.129
0.113
0.128
0.115
0.129
-1.309
-1.309
-0.899
-1.309
-0.883
-1.309
-0.882
-1.312
-1.658
-1.309
-0.882
-2.049
-1.312
-0.984
-0.980
-0.877
-0.877
-0.883
-1.309
-0.882
-0.882
-1.554
-1.557
-1.579
-2.165
-1.075
-3.880
-1.400
-1.062
-1.095
-0.983
-0.983
-1.061
-0.984
-0.983
-0.976
-1.087
-2.505
-1.033
-0.984
-1.107
-1.438
-0.983
-0.982
-0.976
-0.983
-1.390
-1.105
