fixedStep chrom=ENSGT00390000009379 start=1 step=1
0.069
0.069
0.069
0.069
0.066
0.067
0.069
0.067
0.069
0.069
0.067
0.067
0.069
0.066
0.069
0.069
0.069
0.068
0.053
0.069
0.057
0.056
0.069
0.069
0.069
0.069
0.065
0.055
0.069
0.068
0.069
0.069
0.067
0.069
0.069
0.067
0.069
0.069
0.069
0.069
0.069
0.066
0.069
0.069
0.069
0.069
0.069
0.067
0.069
0.069
0.069
0.056
0.067
0.066
0.069
0.069
0.069
0.069
0.069
0.069
0.067
0.065
0.069
0.063
0.066
0.064
0.069
0.049
0.067
0.069
0.069
0.067
0.069
0.069
0.069
0.067
0.069
0.069
0.069
0.068
0.069
0.069
0.065
0.069
0.069
0.069
0.069
0.069
0.069
0.069
0.069
0.069
0.069
0.069
0.069
0.069
0.062
0.069
0.069
0.069
0.069
0.069
0.069
0.069
0.065
0.069
0.069
0.069
0.069
0.064
0.067
0.069
0.069
0.069
0.069
0.069
0.053
0.069
0.069
0.069
0.056
0.069
0.069
0.069
0.069
0.069
0.069
0.069
0.069
0.069
0.069
0.069
0.069
0.069
0.069
0.069
0.069
0.069
0.069
0.069
0.069
0.069
0.069
0.069
0.069
0.069
0.069
0.069
0.069
0.069
0.069
0.069
0.065
0.069
0.069
0.067
0.065
0.069
0.069
0.069
0.069
0.069
0.069
0.069
0.069
0.069
0.069
0.069
0.069
0.069
0.064
0.069
0.069
0.069
0.069
0.069
0.068
0.069
0.069
0.069
0.069
0.069
0.065
0.069
0.069
0.069
0.069
0.069
0.069
0.069
0.069
0.066
0.069
0.069
0.069
0.069
0.069
0.069
0.069
0.069
0.069
0.069
0.069
0.063
0.069
0.069
0.069
0.069
0.069
0.069
0.069
0.069
0.069
0.069
0.069
0.069
0.069
0.069
0.069
0.069
0.069
0.069
0.069
0.069
0.069
0.069
0.069
0.069
0.069
0.069
0.068
0.069
0.069
0.067
-2.234
0.069
0.067
0.069
0.069
0.069
0.069
0.069
0.066
0.068
0.069
0.069
0.069
0.069
0.069
0.069
0.069
0.050
0.066
0.069
0.069
0.069
0.069
0.066
0.069
0.069
0.069
0.069
0.069
0.069
0.069
0.069
0.066
0.069
0.069
0.069
0.069
0.069
0.069
0.069
0.069
0.067
0.067
0.069
0.069
0.065
0.069
0.069
0.069
0.069
0.069
0.069
0.069
0.069
0.069
0.069
0.065
0.069
0.068
0.067
0.069
0.069
0.067
0.069
0.069
0.069
0.069
0.069
0.069
0.069
0.069
0.069
0.069
0.069
0.063
0.069
0.069
0.069
0.069
0.069
0.069
0.065
0.067
0.056
0.069
0.067
0.066
0.069
0.069
0.069
0.069
0.069
0.069
0.069
0.069
0.069
0.067
0.069
0.063
0.069
0.069
0.069
0.069
0.069
0.069
0.069
0.069
0.069
0.069
0.069
0.051
0.069
0.069
0.067
0.054
0.067
0.056
0.069
0.069
0.069
0.069
0.069
0.069
0.069
0.069
0.069
0.069
0.069
0.065
0.069
0.069
0.069
0.069
0.069
0.069
0.069
0.069
0.069
0.069
0.069
0.069
0.069
0.069
0.069
0.069
0.069
-3.353
0.069
0.069
0.069
0.069
0.053
0.069
