fixedStep chrom=ENSGT00730000111303 start=1 step=1
-0.849
-0.843
-0.849
-0.849
-1.283
-1.113
0.088
0.127
0.118
0.120
-1.331
0.114
-1.471
0.127
-0.942
-1.038
0.127
0.125
0.088
0.119
0.106
0.127
0.121
0.093
-0.779
0.121
0.106
0.093
0.122
0.110
-1.471
0.127
0.088
0.123
0.127
0.096
0.127
0.121
-0.754
0.119
0.119
0.127
0.115
0.127
0.127
0.127
0.122
0.117
0.088
0.121
0.127
0.127
0.127
0.102
0.088
0.127
0.125
-1.794
0.123
0.121
0.114
0.111
0.115
0.125
0.127
0.088
0.084
0.119
0.088
0.125
0.119
0.119
0.127
0.127
0.084
0.088
0.088
-0.745
0.107
0.127
0.119
0.118
0.127
0.127
0.127
0.088
0.127
0.106
0.118
0.121
-0.754
0.127
0.127
0.127
0.127
0.127
0.127
0.127
0.089
0.089
0.127
0.115
0.127
0.127
0.120
0.127
0.127
0.125
0.127
0.127
0.127
0.119
0.088
0.090
-0.779
0.124
0.117
0.114
0.127
0.104
0.121
0.121
0.088
0.127
-1.045
0.121
0.124
0.127
-0.778
0.127
0.127
0.122
0.127
0.117
-1.428
0.127
0.119
0.086
0.127
0.127
0.125
0.127
0.127
-1.465
-1.896
0.122
0.127
0.121
0.127
0.119
0.127
0.119
0.118
0.088
0.119
0.106
0.104
0.127
0.127
0.127
0.127
0.118
-1.308
0.127
-2.226
0.127
0.089
0.127
-0.778
0.120
0.121
0.120
0.123
0.100
0.127
0.127
0.127
0.127
0.127
0.127
0.122
0.116
0.095
0.127
0.122
0.124
0.123
0.127
0.121
0.110
0.104
-1.384
0.127
0.118
0.127
0.127
0.127
0.127
0.123
0.123
0.121
0.127
0.127
0.127
0.124
0.121
0.117
0.127
0.121
0.100
0.121
0.119
0.119
0.127
0.127
-0.779
0.127
0.127
0.088
-1.583
0.126
0.100
-1.045
0.127
0.102
0.119
0.127
0.106
0.105
0.088
-1.412
0.127
0.127
0.125
0.127
0.127
0.127
0.127
0.127
0.122
0.127
0.127
0.118
0.088
0.127
0.110
0.127
0.127
0.119
0.127
0.127
0.115
0.127
0.127
0.127
0.127
0.127
0.127
0.127
0.119
0.121
0.127
0.121
0.088
0.127
0.127
0.121
0.110
0.127
-0.778
0.127
0.127
0.095
0.121
0.127
0.089
0.127
0.127
0.088
0.116
0.127
0.124
0.123
0.127
0.119
0.117
0.127
0.117
0.127
0.127
-1.583
0.127
0.127
0.119
0.127
0.127
0.127
0.127
0.127
0.115
0.127
0.127
0.127
0.127
0.127
0.127
0.127
0.127
0.123
0.127
0.127
0.121
0.088
0.127
0.125
0.127
0.127
0.123
0.127
0.127
0.120
0.127
0.127
0.127
-1.478
0.110
0.127
0.127
0.127
0.127
0.127
0.127
0.127
0.127
0.127
-2.628
0.088
0.127
0.119
0.127
0.127
0.116
0.127
0.127
0.125
0.127
0.118
0.125
0.127
0.127
0.115
0.123
0.127
0.119
0.127
0.127
0.127
0.127
0.110
0.119
0.125
0.127
-2.435
0.119
0.127
-1.358
0.118
0.127
0.117
0.127
0.127
0.124
0.127
0.127
0.106
0.127
0.122
0.117
0.121
0.127
0.125
0.127
0.127
0.127
0.100
0.127
0.110
0.127
0.127
0.121
0.125
0.127
0.127
0.127
0.127
0.125
0.127
0.127
0.117
0.127
0.127
0.123
0.127
0.127
0.120
0.127
0.127
0.127
0.127
0.127
0.104
0.123
0.127
0.124
0.127
0.127
0.127
0.121
0.127
0.108
0.122
0.127
0.119
0.127
0.127
0.119
0.127
0.127
0.088
0.127
0.127
0.127
0.127
0.127
0.114
0.127
0.127
0.084
0.127
0.127
0.116
0.127
0.127
-0.779
0.127
0.127
0.117
0.127
0.127
0.118
0.127
0.127
0.119
0.127
0.127
0.113
0.125
0.127
0.094
0.127
0.127
0.104
0.127
0.127
0.125
0.116
0.127
-1.428
0.127
0.127
0.118
0.127
0.127
0.125
0.127
0.127
0.119
0.127
0.088
-1.328
0.127
0.127
0.127
0.125
0.127
0.127
0.127
0.127
0.117
0.127
0.127
0.088
0.127
0.127
0.127
0.127
0.127
0.123
0.127
0.127
0.127
0.127
0.127
0.123
0.084
0.127
0.114
0.127
0.127
0.127
0.127
0.127
0.127
0.127
0.127
0.124
0.121
0.127
0.088
0.127
0.127
0.119
0.127
0.127
0.125
0.127
0.127
0.122
0.127
0.127
0.119
0.127
0.127
-1.470
0.127
0.127
0.119
0.127
0.127
0.125
0.127
0.127
0.115
0.122
0.127
0.121
0.125
0.127
0.119
0.127
0.127
0.113
0.127
0.127
-0.780
0.103
0.127
0.127
0.127
0.127
0.127
0.127
0.127
0.127
0.127
0.127
0.115
0.108
0.127
0.088
0.088
0.119
0.088
0.119
0.127
0.121
0.127
0.104
0.127
0.127
0.127
0.127
0.127
0.127
0.127
0.127
0.127
0.123
0.127
0.127
-2.085
0.119
0.125
-1.038
0.127
0.127
0.127
0.127
0.127
0.127
0.123
0.127
0.088
0.106
0.123
-1.448
-1.045
0.122
0.116
0.084
0.119
0.088
0.127
0.086
0.120
-1.647
-1.794
0.119
0.127
0.127
0.125
0.113
0.127
-2.361
0.117
0.119
0.127
-0.778
0.120
-1.470
0.119
0.126
0.125
0.127
0.127
0.088
0.127
0.127
0.116
0.089
0.127
0.127
0.127
0.127
0.097
0.122
0.127
0.088
0.127
0.127
0.119
0.127
0.127
0.127
0.127
0.127
-1.356
0.127
0.127
0.088
0.127
0.127
0.110
0.127
0.127
-1.045
0.127
0.127
0.127
0.127
0.127
0.088
0.127
0.127
-1.358
0.127
0.127
0.127
0.118
0.127
-1.038
0.127
0.127
-1.342
0.127
0.127
0.114
0.127
0.127
0.127
0.127
0.127
0.088
0.127
0.127
0.127
0.127
0.127
-1.412
0.127
0.127
0.127
0.127
0.127
0.104
0.127
0.127
0.119
0.127
0.127
0.127
0.127
0.127
0.118
0.127
0.127
0.127
0.127
0.127
0.115
0.127
0.127
0.121
0.127
0.127
-2.815
0.127
0.127
0.117
0.127
0.127
0.088
0.127
0.127
0.127
0.127
0.127
0.127
0.127
0.127
0.117
0.127
0.127
0.127
0.127
0.127
-1.038
0.127
0.127
0.121
0.127
0.127
0.114
0.127
0.127
0.123
0.127
0.127
0.085
0.121
0.127
0.090
0.127
0.127
0.101
0.127
0.127
0.120
0.125
0.127
0.089
0.127
0.127
0.127
0.119
0.127
0.127
0.127
0.127
0.088
0.127
0.127
0.127
0.127
0.127
0.088
0.127
0.127
0.115
0.125
0.127
0.119
0.127
0.116
0.098
0.120
0.127
0.088
-0.968
0.121
0.127
0.127
0.127
0.117
0.127
0.106
0.085
0.127
0.120
0.119
0.102
0.088
0.127
0.089
0.110
0.110
0.124
0.125
0.119
0.127
0.127
0.127
0.127
0.104
0.123
0.088
0.127
-2.008
0.127
0.127
0.125
0.121
0.127
0.127
0.127
0.127
0.127
0.120
0.127
0.121
0.127
0.127
0.107
0.127
0.127
0.115
0.127
0.127
0.119
0.127
0.127
-1.328
0.127
0.127
0.122
0.127
0.127
-1.430
0.127
0.127
0.121
0.120
0.127
0.124
0.127
0.127
0.104
0.124
0.127
0.127
0.127
0.127
0.119
0.127
0.127
0.116
0.119
0.127
-1.342
0.127
0.127
0.127
0.127
0.127
0.127
0.127
0.127
0.124
0.127
0.127
0.116
0.127
0.127
0.125
0.127
0.127
0.123
0.127
0.127
0.121
0.127
0.127
0.121
0.127
0.127
0.086
0.127
0.127
-0.780
0.127
0.127
0.127
0.127
0.127
0.119
0.127
0.127
0.124
0.127
0.127
0.088
0.127
0.127
0.114
0.127
0.127
0.127
0.124
0.127
0.118
0.127
0.127
0.102
0.127
0.127
0.093
0.127
0.127
0.127
0.124
0.127
0.123
0.121
0.125
0.085
0.127
0.127
-1.038
0.127
0.127
0.120
0.127
0.127
0.117
0.127
0.127
0.115
0.124
0.124
0.127
0.127
0.127
0.120
0.127
0.127
0.088
0.121
0.127
0.119
0.121
0.127
0.123
0.127
0.127
0.088
0.123
0.127
0.116
0.127
0.127
-3.651
0.127
0.127
0.127
0.127
0.127
0.127
0.127
0.127
0.125
0.127
0.127
0.127
0.127
0.127
0.121
0.127
0.127
0.113
0.127
0.127
0.127
0.127
0.127
0.119
0.127
0.127
0.127
0.127
0.127
0.127
0.110
0.127
0.110
0.120
0.127
0.104
0.127
0.127
0.121
0.127
0.127
0.125
0.127
0.127
0.123
0.127
0.127
-0.780
0.127
0.127
0.113
0.127
0.127
0.119
0.127
0.127
0.121
0.127
0.127
0.125
0.127
0.127
0.119
0.127
0.118
0.127
0.127
0.127
0.103
0.127
0.127
0.115
0.118
0.127
0.122
0.127
0.127
0.118
0.127
0.127
0.127
0.127
0.127
0.125
0.127
0.127
0.121
0.127
0.127
0.088
0.127
0.127
0.127
0.127
0.127
0.127
0.127
0.127
0.127
0.127
0.127
0.091
0.125
0.127
0.084
0.121
0.127
0.119
0.127
0.088
0.127
0.124
0.127
0.104
0.088
0.127
0.127
0.127
0.127
0.125
0.119
0.127
0.097
0.127
0.127
0.124
0.127
0.127
0.088
0.088
0.127
0.121
0.127
0.127
0.088
0.104
0.127
-2.213
0.084
0.121
0.123
0.127
0.127
0.115
0.123
0.127
-1.294
0.127
0.121
0.119
0.127
0.127
0.088
0.127
0.127
-1.356
0.125
0.127
0.119
0.119
0.124
0.127
0.127
0.127
0.088
0.127
0.119
0.088
0.127
0.127
0.122
0.127
0.127
0.116
0.127
0.127
0.127
0.110
0.127
0.127
0.127
0.127
0.125
0.127
0.127
0.127
0.127
0.127
0.127
0.127
0.127
0.119
0.127
0.127
0.127
0.127
0.127
0.127
0.119
0.118
-0.778
0.127
0.127
0.125
0.127
0.127
0.127
0.127
0.127
0.123
0.120
0.127
0.119
0.121
0.127
-1.290
0.127
0.127
0.127
0.127
0.120
-0.777
0.127
0.127
0.101
0.125
0.127
0.123
0.127
0.127
0.119
0.127
0.127
0.127
0.123
0.127
0.127
0.127
0.127
0.124
0.127
0.127
0.127
0.127
0.127
-0.779
0.127
0.121
0.110
0.127
0.127
0.125
0.127
0.124
0.127
0.127
0.127
0.088
0.088
0.127
0.119
0.121
0.127
0.119
0.127
0.127
0.088
0.127
0.127
0.113
0.123
0.127
0.110
0.127
0.127
0.124
0.115
0.088
0.124
0.127
0.119
0.119
0.127
0.127
0.119
0.127
0.127
0.119
0.127
0.127
0.117
0.127
0.127
0.088
0.127
0.122
-1.038
0.127
0.127
0.125
0.119
0.127
0.114
0.119
0.110
0.119
0.118
0.127
0.088
0.127
0.127
-2.044
0.088
0.119
0.127
0.123
0.127
0.092
-1.338
0.127
0.118
0.127
0.127
0.124
0.127
0.123
0.121
0.127
0.127
0.121
0.127
0.127
0.117
0.121
0.127
0.127
0.116
0.115
0.116
0.124
0.123
0.103
0.110
0.110
0.123
0.127
0.127
0.117
0.127
0.127
0.123
0.127
0.127
0.127
0.127
0.127
0.116
0.116
0.127
0.127
0.124
0.127
0.127
-0.777
0.119
0.114
0.127
0.127
0.125
-1.466
0.127
-1.356
0.127
0.127
0.099
0.127
0.127
0.101
0.127
0.127
0.123
0.127
0.088
0.123
0.127
0.127
0.127
0.127
0.127
-2.438
0.116
0.123
-2.085
-2.010
0.125
0.100
0.127
0.127
-1.038
0.127
0.127
0.127
0.103
0.127
0.084
0.105
0.127
0.115
0.121
0.127
0.127
0.127
0.127
0.088
0.127
0.127
0.121
0.124
0.127
0.101
0.127
0.127
0.125
0.088
0.127
0.085
0.127
0.127
0.127
0.088
0.088
0.127
0.127
0.127
0.117
0.125
0.122
0.119
0.127
0.127
0.120
0.125
0.114
0.104
0.088
0.121
0.103
-2.839
0.126
-2.625
0.125
0.125
0.088
0.127
0.127
0.127
0.093
0.120
0.122
0.127
0.127
0.088
0.127
0.123
-1.674
0.127
0.127
-1.312
0.127
0.123
-1.297
0.127
0.127
0.119
0.113
0.127
0.127
0.127
0.127
0.127
0.127
0.127
0.122
0.097
0.127
0.127
0.127
0.127
0.086
0.119
0.127
-1.294
0.101
-2.627
0.114
0.124
0.117
0.103
0.127
0.127
0.123
-1.982
0.126
0.127
0.088
0.119
0.127
0.127
0.127
-1.583
0.121
0.127
0.117
0.088
0.119
0.124
-0.971
0.115
0.127
0.127
0.127
0.127
0.088
0.127
0.127
0.127
0.127
0.088
0.123
0.127
0.110
0.127
0.104
0.117
-0.754
0.104
0.121
0.104
0.127
-1.308
0.123
0.127
-1.045
0.088
0.125
0.119
0.088
0.088
0.086
0.127
0.127
-1.444
0.127
0.127
0.123
0.088
0.123
0.127
0.127
0.127
0.127
-2.297
-1.311
0.088
0.088
0.119
-1.331
-0.778
0.125
0.088
0.125
0.107
0.103
0.088
0.121
0.088
0.119
0.127
0.117
-1.396
0.088
0.094
0.127
0.127
0.127
0.127
0.127
0.125
0.127
0.110
0.119
0.088
0.127
0.127
0.119
0.127
0.106
0.127
0.127
0.127
0.127
0.105
0.119
0.127
0.107
0.121
0.127
0.127
-1.293
0.127
-2.399
0.127
0.127
0.120
0.103
0.127
0.114
0.104
0.127
0.127
0.127
0.127
0.127
0.119
-1.290
0.115
0.125
0.088
0.088
0.116
0.127
0.127
0.127
0.115
0.088
0.123
0.088
0.105
0.127
0.124
0.121
0.119
0.088
0.127
0.106
0.119
0.088
0.125
0.127
0.117
0.125
0.127
0.127
0.124
0.127
0.127
0.127
0.127
0.127
0.118
-0.931
0.119
0.085
0.095
0.127
0.127
0.119
0.119
-1.038
0.119
0.119
0.086
0.127
0.127
-2.463
0.121
0.127
0.121
0.127
0.127
0.121
0.121
0.122
0.086
-0.777
0.116
0.101
0.127
0.127
0.127
0.119
0.127
0.127
0.123
0.127
0.119
0.127
0.127
0.116
-0.778
0.122
0.104
0.112
0.127
0.127
0.127
0.127
-1.324
0.127
0.127
0.127
0.127
0.121
0.088
0.127
0.119
0.085
0.088
0.127
0.088
0.088
0.088
0.124
-1.681
-1.038
0.101
0.127
0.127
-1.038
0.127
0.123
-0.778
0.105
0.088
-2.116
0.116
0.127
0.125
0.127
0.127
0.127
0.127
0.119
0.102
0.127
0.125
0.117
0.121
0.117
0.097
0.105
0.127
-2.240
0.127
0.088
0.119
0.127
0.127
0.127
0.088
0.088
0.127
0.127
0.127
0.118
0.097
0.127
0.122
0.127
0.127
0.116
0.127
0.127
0.118
0.127
0.127
-2.260
0.127
0.127
0.125
0.127
0.120
0.119
0.127
0.127
-0.778
0.127
0.127
0.119
0.127
0.127
0.117
0.124
0.127
0.119
0.119
0.127
0.119
0.088
0.127
-3.312
0.088
0.127
-1.328
0.090
0.122
0.084
0.113
0.127
0.088
0.120
-1.355
0.088
0.086
0.119
-2.563
0.104
0.127
0.126
0.100
0.127
0.127
0.127
0.119
0.089
0.110
0.121
0.088
0.000
0.000
0.000
