fixedStep chrom=ENSGT00390000003233 start=1 step=1
0.000
0.000
0.000
0.000
0.000
0.000
0.000
0.000
0.000
0.000
0.000
0.000
0.000
0.000
0.000
0.000
0.000
0.000
0.000
0.000
0.000
0.000
0.000
0.000
0.000
0.000
0.000
0.000
0.000
0.000
0.000
0.000
0.000
0.000
0.000
0.000
0.000
0.000
0.000
0.000
0.000
0.000
0.000
0.000
0.000
0.000
0.000
0.000
0.000
0.000
0.000
0.000
0.000
0.000
0.000
0.000
0.000
0.000
0.000
0.000
0.000
0.000
0.000
0.000
0.000
0.000
0.000
0.000
0.000
0.000
0.000
0.000
0.000
0.000
0.000
0.000
0.000
0.000
0.000
0.000
0.000
0.000
0.000
0.000
0.000
0.000
0.000
0.000
0.000
0.000
0.000
0.000
0.000
0.000
0.000
0.000
0.000
0.000
0.000
0.000
0.000
0.000
0.000
0.000
0.000
0.000
0.000
0.000
0.000
0.000
0.000
0.000
0.000
0.000
0.000
0.000
0.000
0.000
0.000
0.000
0.070
0.070
0.070
0.070
0.070
0.070
0.070
0.069
0.070
0.070
0.070
-2.072
0.070
0.070
0.070
0.070
0.070
0.070
-0.968
0.070
0.063
0.070
0.070
0.070
0.070
0.070
0.070
0.070
0.070
0.070
0.069
0.070
0.070
0.070
0.070
0.067
0.070
0.070
0.070
0.070
0.070
0.070
0.070
0.070
0.070
0.070
0.070
0.070
0.070
0.070
0.070
0.070
0.070
0.070
0.070
0.070
0.070
0.070
0.070
0.070
0.070
0.070
0.070
0.070
0.070
0.070
0.070
0.070
0.070
0.070
0.070
0.070
0.070
0.070
-0.966
0.070
0.070
0.064
0.070
0.070
0.063
0.070
0.070
0.063
0.070
0.070
0.069
0.070
0.070
0.070
0.070
0.070
0.070
0.070
0.063
0.063
0.070
0.063
0.070
0.067
0.070
0.070
-0.964
0.070
0.070
0.063
-0.968
0.063
-0.951
0.070
0.070
0.070
0.070
-0.964
0.070
0.070
0.070
0.070
0.070
-0.968
-0.351
-0.351
-0.351
0.070
0.070
0.070
0.070
0.063
0.070
0.070
0.070
0.070
0.070
0.070
-3.442
-0.966
0.070
0.070
0.070
0.070
-0.964
-0.968
0.070
0.070
0.070
0.070
0.063
0.070
0.070
0.070
0.070
0.070
0.070
0.063
0.070
0.070
0.070
0.063
0.069
0.070
0.070
0.070
0.070
0.070
0.070
0.063
0.070
0.070
0.070
0.067
0.070
0.067
0.070
0.070
0.063
0.070
0.070
0.070
0.070
0.070
0.070
0.070
-1.811
0.070
0.070
0.069
0.070
0.070
0.070
0.070
0.070
0.070
0.070
0.070
0.070
0.070
0.070
0.070
0.063
0.070
0.070
0.070
0.070
0.070
0.070
0.070
0.070
0.066
0.070
0.070
0.070
0.070
0.070
-0.925
-0.925
-0.924
-0.925
-1.967
-0.925
-0.925
-0.925
-0.925
0.070
0.070
0.070
0.070
0.070
0.070
0.063
0.067
0.058
0.070
0.070
0.070
0.070
0.063
0.070
0.070
0.070
0.070
0.070
0.063
0.070
0.070
0.070
0.070
-1.308
-1.308
-1.309
0.070
0.070
0.070
0.070
0.070
0.070
0.069
0.069
0.067
0.070
0.070
0.063
0.063
0.070
0.063
-0.968
0.070
0.063
0.058
0.070
0.067
0.070
-0.966
0.058
0.070
-0.964
0.067
0.067
0.063
0.070
0.070
0.069
0.063
0.063
0.070
-0.952
0.070
0.067
0.070
0.070
0.070
0.070
0.070
0.067
0.063
-0.968
0.070
-0.966
0.070
0.070
0.070
0.070
0.070
0.070
0.070
0.070
0.070
0.070
0.070
0.069
0.070
0.070
0.070
0.070
0.070
0.070
0.070
-1.886
-0.952
0.070
0.070
0.063
0.070
0.070
0.063
0.070
0.070
0.070
0.070
0.070
0.058
0.070
0.063
-1.821
0.070
0.070
-2.066
0.070
0.070
0.067
0.070
0.070
0.070
0.070
0.070
0.063
0.070
0.070
0.063
0.070
0.070
0.070
0.070
0.070
0.070
0.070
0.070
0.070
0.070
0.070
0.070
0.070
0.070
0.070
0.070
0.070
0.070
0.070
0.070
0.067
0.070
0.070
0.070
0.070
0.070
0.070
0.070
0.070
0.070
0.070
0.070
0.070
0.070
0.070
0.063
0.070
0.070
0.070
0.070
0.070
0.070
0.070
0.070
0.067
0.070
-0.966
0.070
0.070
0.070
0.070
0.070
0.070
0.070
0.070
0.070
0.070
0.070
0.070
0.070
0.070
0.070
0.063
0.070
0.070
0.070
-0.924
-0.925
-0.925
0.063
0.070
0.070
0.070
0.070
0.070
0.070
0.070
0.067
0.070
0.070
0.067
0.067
0.070
0.070
0.070
0.070
0.070
