fixedStep chrom=ENSGT00390000014780 start=1 step=1
-3.071
-3.638
-3.074
-3.071
-3.074
-3.654
-3.074
-3.605
-3.071
-3.063
-3.071
-3.063
-3.074
-3.074
-3.063
-3.071
-4.155
-3.660
-3.071
-3.074
-3.071
-3.063
-3.063
-3.071
-3.071
-3.071
-3.071
0.056
0.056
0.056
0.056
0.056
0.056
0.056
0.056
0.056
0.056
0.056
0.056
0.056
0.056
0.051
0.052
0.056
0.055
0.056
0.054
0.056
0.056
0.056
0.053
0.056
0.040
0.056
0.055
0.056
0.056
-2.049
0.056
0.056
0.056
0.056
0.056
0.056
0.056
0.056
0.047
0.056
0.056
0.052
0.056
0.041
0.041
0.054
0.056
0.056
0.056
0.053
0.056
0.056
0.056
0.056
0.056
0.056
0.056
0.056
0.056
0.056
0.056
0.056
0.056
0.056
-2.060
0.056
0.056
0.056
0.056
0.056
0.056
0.056
0.056
0.056
0.052
0.056
0.056
0.056
0.056
0.056
0.056
0.056
0.056
0.052
0.056
0.056
0.056
0.056
0.055
0.056
0.056
0.053
0.056
0.056
0.047
0.056
0.056
0.056
0.056
0.041
0.056
0.056
0.055
0.056
0.056
0.054
0.056
0.056
0.056
0.056
0.052
0.056
0.055
0.056
0.056
0.056
0.056
0.056
0.043
0.056
0.056
0.056
0.056
0.056
0.041
0.056
0.056
0.056
0.056
0.056
0.056
0.056
0.056
0.056
0.056
0.056
0.056
0.056
0.053
0.056
0.056
0.056
0.056
0.056
0.053
0.041
0.052
0.056
0.056
0.056
0.056
0.056
0.047
0.056
0.056
0.056
0.056
0.053
0.056
0.056
0.052
0.056
0.052
0.053
0.056
0.054
0.054
0.056
0.056
0.043
0.054
0.040
0.056
0.056
0.056
0.056
0.056
0.056
0.055
0.056
0.054
0.051
0.040
0.056
0.056
0.047
0.052
0.043
0.039
0.056
0.056
0.054
0.056
0.056
0.056
0.056
0.054
0.056
0.056
0.053
0.056
0.056
0.056
0.056
0.056
0.056
0.056
0.056
0.056
0.056
0.056
0.056
0.056
0.056
0.056
0.056
0.056
0.056
0.056
0.056
0.056
0.056
0.056
0.056
0.052
0.056
0.056
0.056
0.056
0.056
0.056
0.056
0.056
0.056
0.056
0.056
0.056
0.056
0.056
0.056
0.056
0.056
0.056
0.056
0.056
0.056
0.052
0.054
0.056
0.056
0.054
0.056
0.056
0.054
0.056
0.052
0.056
0.056
0.056
0.053
0.056
0.056
0.056
0.056
0.053
0.053
0.056
0.056
0.056
0.056
0.056
0.056
0.056
0.056
0.056
0.056
0.056
0.056
0.056
0.056
0.056
0.056
0.056
0.040
0.056
0.056
0.056
0.056
0.056
0.054
0.056
0.056
0.056
0.056
0.056
0.056
0.056
0.056
0.056
0.056
0.056
0.056
0.056
0.056
0.053
0.056
0.056
0.055
0.056
0.056
0.056
0.056
0.056
0.056
0.056
0.056
0.056
0.056
0.056
0.056
0.056
0.056
0.056
0.056
0.056
0.056
0.056
0.056
0.056
0.056
0.056
0.056
0.056
0.056
0.056
0.056
0.056
0.056
0.056
0.056
0.053
0.056
0.056
0.056
0.056
0.056
0.053
0.056
0.056
0.056
0.056
0.056
0.056
0.056
0.056
0.056
0.056
0.056
0.056
0.056
0.056
-1.820
0.056
0.056
0.056
0.056
0.056
0.056
0.056
0.056
0.056
0.056
0.056
0.056
0.056
0.056
0.056
0.056
0.056
0.056
0.056
0.056
0.056
0.056
0.056
0.053
0.056
0.056
0.056
0.056
0.056
0.053
0.056
0.056
0.056
0.056
0.056
0.056
0.056
0.056
0.056
0.056
0.056
0.056
0.056
0.056
0.056
0.056
0.056
0.056
0.056
0.056
0.056
0.056
0.056
0.056
0.056
0.056
0.056
0.056
0.056
0.056
0.056
0.056
0.056
0.056
0.056
-2.274
0.056
0.056
0.056
0.056
0.056
0.055
0.056
0.056
0.056
0.056
0.056
0.056
0.056
0.056
0.056
0.056
0.056
0.056
0.055
0.056
0.056
0.056
0.056
0.056
0.056
0.056
0.056
0.056
0.056
0.054
0.056
0.056
0.056
0.056
0.056
0.056
0.056
0.056
0.056
0.056
0.056
0.056
0.056
0.056
0.056
0.056
0.056
0.056
0.056
0.056
0.056
0.056
0.056
0.052
0.056
0.056
0.056
0.056
0.056
0.056
0.056
0.056
0.056
0.056
0.056
0.056
0.056
0.056
0.056
0.000
0.000
0.000
0.000
0.000
0.000
0.000
0.000
0.000
0.000
0.000
0.000
0.000
0.000
0.000
0.000
0.000
0.000
0.056
0.056
0.056
0.056
0.056
0.056
0.056
-2.039
0.040
0.056
0.056
0.053
0.055
0.054
0.056
0.056
0.056
-1.996
0.054
0.056
0.056
-1.362
-1.362
-1.361
-1.362
-2.340
-1.361
-1.362
-1.362
-1.693
-1.692
-1.362
-1.362
-1.362
-1.361
-2.197
-1.688
-1.361
-1.597
0.056
0.056
0.056
0.040
0.056
0.056
0.056
0.056
0.056
0.056
0.056
0.056
0.056
0.056
0.055
0.056
0.056
0.054
