fixedStep chrom=ENSGT00390000010523 start=1 step=1
0.128
0.129
0.127
0.128
0.128
0.114
-0.407
0.124
0.127
0.115
0.128
-1.305
0.115
0.129
-0.540
-0.407
-0.404
-0.407
0.128
0.128
0.127
0.128
0.128
-0.407
0.128
-0.407
0.127
0.127
0.115
0.128
-0.404
0.129
0.127
0.127
-0.787
0.127
0.000
0.000
0.000
0.000
0.000
0.000
0.000
0.000
0.000
0.000
0.000
0.000
0.000
0.000
0.000
0.000
0.000
0.000
0.000
0.000
0.000
0.000
0.000
0.000
0.000
0.000
0.000
0.127
0.127
-0.407
-1.210
0.099
-1.322
-0.405
0.117
0.124
0.124
0.129
0.127
0.127
-0.407
-2.629
0.128
0.128
0.124
-0.407
0.127
0.128
0.128
0.089
0.128
-0.407
0.128
-0.407
0.127
-0.407
0.126
0.128
0.129
0.127
0.127
0.115
-0.407
-1.229
-0.447
-1.245
-0.067
-0.067
-0.072
-0.089
-0.089
-0.089
-1.274
0.129
0.126
-0.407
0.127
0.123
0.129
0.127
0.128
0.129
0.127
0.117
-0.407
0.128
0.127
-0.407
0.115
0.127
-0.089
-0.089
-0.091
0.127
0.128
0.112
0.115
0.128
-1.303
-0.788
0.129
0.121
0.127
0.115
-0.788
0.113
0.128
0.128
0.115
0.115
0.128
0.127
0.128
0.127
0.127
0.127
-1.396
-0.405
0.129
0.128
-0.407
0.128
0.126
0.127
-0.407
0.127
0.127
0.127
-1.316
-0.748
-0.404
-0.407
-0.089
-0.089
-0.089
0.128
0.128
0.108
0.127
0.128
0.124
0.127
0.128
0.127
0.128
0.127
0.128
0.128
0.127
0.128
0.127
0.129
0.127
0.129
0.115
-0.407
0.115
0.129
-1.245
-0.403
0.115
0.126
0.128
0.127
0.090
0.127
0.129
0.127
0.127
0.115
0.127
0.128
0.128
0.127
0.128
0.129
0.128
0.127
0.128
0.107
0.127
0.129
-0.656
-0.407
0.129
-0.407
0.129
0.127
0.128
0.127
0.129
0.127
0.128
0.129
-1.303
0.129
0.128
0.127
0.128
0.129
0.117
0.128
0.128
0.124
0.127
0.129
0.127
0.127
0.129
0.128
0.129
0.129
0.128
0.127
0.127
0.128
0.115
0.129
0.124
0.129
0.129
0.128
0.129
0.129
0.128
0.128
0.129
-0.483
0.127
0.127
0.128
0.129
0.127
0.124
0.128
0.128
0.115
0.128
0.129
0.108
0.128
0.129
0.125
0.128
0.129
0.128
0.128
0.128
0.127
0.129
0.128
0.115
0.127
0.128
0.127
0.115
0.127
0.128
0.128
0.129
0.127
0.128
0.129
0.128
0.128
0.128
0.128
0.129
0.129
0.115
0.128
0.129
0.125
0.127
0.129
0.127
-1.243
0.128
0.127
0.127
0.128
-1.303
0.125
0.127
-0.407
-0.407
0.127
0.114
0.128
0.128
-0.407
0.129
0.128
0.115
0.128
0.128
0.127
0.127
0.128
-1.211
0.127
0.129
0.127
0.127
0.115
-0.746
-1.430
-1.419
-4.187
-1.430
-1.687
-2.150
-1.697
-1.393
-1.419
-2.150
-1.393
-1.430
-1.430
-1.430
-1.430
-1.419
-1.686
-3.525
-1.393
-1.424
-1.419
