fixedStep chrom=ENSGT00750000117839 start=1 step=1
0.000
0.000
0.000
0.000
0.000
0.000
0.000
0.000
0.000
0.000
0.000
0.000
0.000
0.000
0.000
0.000
0.000
0.000
0.000
0.000
0.000
0.000
0.000
0.000
0.000
0.000
0.000
0.000
0.000
0.000
0.000
0.000
0.000
0.000
0.000
0.000
0.000
0.000
0.000
0.000
0.000
0.000
0.000
0.000
0.000
0.000
0.000
0.000
0.000
0.000
0.000
0.000
0.000
0.000
0.000
0.000
0.000
0.000
0.000
0.000
0.000
0.000
0.000
0.000
0.000
0.000
0.000
0.000
0.000
0.000
0.000
0.000
0.000
0.000
0.000
0.000
0.000
0.000
0.000
0.000
0.000
0.000
0.000
0.000
0.000
0.000
0.000
0.000
0.000
0.000
0.000
0.000
0.000
0.000
0.000
0.000
0.000
0.000
0.000
0.000
0.000
0.000
0.000
0.000
0.000
0.000
0.000
0.000
0.000
0.000
0.000
0.000
0.000
0.000
0.000
0.000
0.000
0.000
0.000
0.000
0.000
0.000
0.000
0.000
0.000
0.000
0.000
0.000
0.000
0.000
0.000
0.000
0.000
0.000
0.000
0.000
0.000
0.000
0.000
0.000
0.000
0.000
0.000
0.000
0.000
0.000
0.000
0.000
0.000
0.000
0.000
0.000
0.000
0.000
0.000
0.000
0.000
0.000
0.000
0.000
0.000
0.000
0.000
0.000
0.000
0.000
0.000
0.000
0.000
0.000
0.000
0.000
0.000
0.000
0.000
0.000
0.000
0.000
0.000
0.000
0.000
0.000
0.000
0.000
0.000
0.000
0.000
0.000
0.000
0.000
0.000
0.000
0.000
0.000
0.000
0.000
0.000
0.000
0.000
0.000
0.000
0.000
0.000
0.000
0.000
0.000
0.000
0.000
0.000
0.000
0.000
0.000
0.000
0.000
0.000
0.000
0.000
0.000
0.000
0.000
0.000
0.000
0.000
0.000
0.000
0.000
0.000
0.000
0.000
0.000
0.000
0.000
0.000
0.000
0.000
0.000
0.000
0.000
0.000
0.000
0.000
0.000
0.000
0.000
0.000
0.000
0.000
0.000
0.000
0.000
0.000
0.000
0.000
0.000
0.000
0.000
0.000
0.000
0.000
0.000
0.000
0.000
0.000
0.000
0.000
0.000
0.000
0.000
0.000
0.000
0.000
0.000
0.000
0.000
0.000
0.000
0.000
0.000
0.000
0.000
0.000
0.000
0.000
0.000
0.000
0.000
0.000
0.000
0.000
0.000
0.000
0.000
0.000
0.000
0.000
0.000
0.000
0.000
0.000
0.000
0.000
0.000
0.000
0.000
0.000
0.000
0.000
0.000
0.000
0.000
0.000
0.000
0.000
-1.003
-0.979
-0.979
-0.980
-1.003
-0.980
-0.985
-0.985
-0.986
-1.003
-0.980
-1.001
-0.985
-1.001
-0.985
-0.985
-0.986
-0.980
-0.979
-1.001
-0.985
-0.980
-1.001
-0.986
-1.003
-0.985
-0.985
-1.003
0.000
0.000
0.000
0.000
0.000
0.000
0.000
0.000
0.000
0.000
0.000
0.000
0.000
0.000
0.000
0.000
0.000
-1.003
-0.980
-0.980
-1.001
-0.980
-1.001
-1.003
-0.985
-0.979
-1.182
-1.001
-0.979
-0.979
-0.979
-0.986
-1.003
-0.979
-1.003
-0.980
-1.003
-1.001
-0.985
-1.418
0.095
0.109
-0.604
0.108
0.099
-0.595
0.095
-0.602
0.095
-0.603
0.109
-0.603
0.105
0.108
-0.602
-0.595
0.109
-0.603
-0.602
-0.603
-0.602
-0.602
0.109
-1.625
0.000
0.000
0.000
0.000
0.000
0.000
0.000
0.000
0.000
0.000
0.000
0.000
0.000
0.000
0.000
0.000
0.000
0.000
-0.604
0.108
0.095
-1.832
0.108
-0.602
-0.602
-0.602
-0.604
-0.113
-0.113
-0.113
0.108
0.108
0.095
0.000
0.000
0.000
0.000
0.000
0.000
0.000
0.000
0.000
0.000
0.000
0.000
0.000
0.000
0.000
0.000
0.000
0.000
0.000
0.000
0.000
0.000
0.000
0.000
0.000
0.000
0.000
0.000
0.000
0.000
0.000
0.000
0.000
0.000
0.000
0.000
0.000
0.000
0.000
0.000
0.000
0.000
0.000
0.000
0.000
-0.602
0.109
-0.602
-0.602
0.095
-0.602
0.109
-0.602
-0.603
0.094
-0.595
0.095
0.094
0.108
-0.602
-0.602
0.095
-2.724
0.108
0.108
0.108
0.108
0.109
-1.757
0.108
-0.603
-0.602
0.108
0.095
0.108
-0.604
0.095
0.095
-0.780
-0.422
-0.759
0.108
0.108
0.095
0.108
0.107
-1.174
-0.603
0.109
0.108
0.109
0.109
0.095
-0.422
-0.422
-0.422
-0.774
-0.422
-0.422
-0.422
-0.422
-0.422
-0.422
-0.422
-0.422
-0.422
-0.422
-0.422
0.108
0.108
0.108
-0.603
0.109
0.108
-0.603
0.109
-0.603
0.103
0.105
-1.837
0.108
0.108
0.108
0.108
0.109
-0.602
0.087
0.108
0.108
0.108
0.108
0.108
0.108
0.108
0.108
0.108
0.108
0.108
-0.602
0.108
-0.603
0.108
0.108
0.108
0.109
0.108
0.108
0.108
0.108
0.094
-0.602
0.108
0.094
0.108
0.109
0.100
0.108
0.108
0.108
0.109
0.107
0.095
0.109
0.108
0.108
0.109
0.108
0.108
0.108
0.109
-0.602
0.108
0.108
0.108
0.108
0.108
0.108
0.108
0.109
0.108
0.108
0.108
0.109
0.108
0.109
0.100
0.099
0.109
-0.604
0.108
0.108
0.108
0.108
0.109
-0.604
-1.187
0.108
0.108
0.108
0.109
0.108
0.108
0.109
0.094
0.108
0.108
0.106
0.108
0.095
0.094
0.108
0.095
0.108
0.108
0.109
0.095
0.109
0.108
0.094
0.108
0.108
0.108
-0.595
0.109
0.108
0.108
0.108
0.104
0.108
0.095
-1.209
0.108
0.109
0.106
0.108
0.103
0.095
0.108
0.109
0.105
0.108
0.108
0.095
-0.603
0.109
0.108
0.095
0.108
0.108
0.098
0.109
0.108
0.108
0.108
-1.631
0.109
0.109
0.108
0.109
0.109
0.108
0.108
0.108
0.108
0.106
0.108
0.108
-1.177
-0.595
0.094
0.108
0.095
0.108
0.108
0.108
0.108
0.108
-0.603
-0.595
-0.602
0.108
0.095
-0.422
-0.422
-0.422
-0.422
-0.422
-1.458
-0.422
-0.422
-0.422
-0.422
-0.422
-0.422
0.000
0.000
0.000
0.000
0.000
0.000
0.000
0.000
0.000
0.000
0.000
0.000
0.000
0.000
0.000
0.000
0.000
0.000
0.000
0.000
0.000
0.000
0.000
0.000
0.000
0.000
0.000
0.000
0.000
0.000
0.000
0.000
0.000
0.000
0.000
0.000
0.000
0.000
0.000
0.000
0.000
0.000
0.000
0.000
0.000
0.000
0.000
0.000
0.000
0.000
0.000
0.000
0.000
0.000
0.000
0.000
0.000
0.000
0.000
0.000
0.000
0.000
0.000
0.000
0.000
0.000
0.000
0.000
0.000
0.000
0.000
0.000
0.000
0.000
0.000
0.000
0.000
0.000
0.000
0.000
0.000
0.000
0.000
0.000
0.000
0.000
0.000
0.000
0.000
0.000
0.000
0.000
0.000
0.000
0.000
0.000
0.000
0.000
0.000
0.000
0.000
0.000
0.000
0.000
0.000
0.000
0.000
0.000
0.000
0.000
0.000
0.000
0.000
0.000
0.000
0.000
0.000
0.000
0.000
0.000
0.000
0.000
0.000
0.000
0.000
0.000
0.000
0.000
0.000
0.000
0.000
0.000
0.000
0.000
0.000
0.000
0.000
0.000
0.000
0.000
0.000
0.000
0.000
0.000
0.000
0.000
0.000
0.000
0.000
0.000
0.000
0.000
0.000
0.000
0.000
0.000
0.000
0.000
0.000
0.000
0.000
0.000
0.000
0.000
0.000
0.000
0.000
0.000
0.000
0.000
0.000
0.000
0.000
0.000
0.000
0.000
0.000
0.000
0.000
0.000
0.000
0.000
0.000
0.000
0.000
0.000
0.000
0.000
0.000
0.000
0.000
0.000
0.000
0.000
0.000
0.000
0.000
0.000
0.000
0.000
0.000
0.000
0.000
0.000
0.000
0.000
0.000
0.000
0.000
0.000
0.000
0.000
0.000
0.000
0.000
0.000
0.000
0.000
0.000
0.000
0.000
0.000
0.000
0.000
0.000
0.000
0.000
0.000
0.000
0.000
0.000
0.000
0.000
0.000
0.000
0.000
0.000
0.000
0.000
0.000
0.000
0.000
0.000
0.000
0.000
0.000
0.000
0.000
0.000
0.000
0.000
0.000
0.000
0.000
0.000
0.000
0.000
0.000
0.000
0.000
0.000
0.000
0.000
0.000
0.000
0.000
0.000
0.000
0.000
0.000
0.000
0.000
0.000
0.000
0.000
0.000
