fixedStep chrom=ENSGT00390000014361 start=1 step=1
0.069
0.069
0.069
0.069
0.069
0.069
0.069
0.069
0.066
0.069
0.069
0.066
0.069
0.069
0.069
0.069
0.069
0.069
0.069
0.069
0.069
0.069
0.069
-1.422
0.069
0.069
0.069
0.069
0.069
0.069
0.069
0.069
0.069
0.069
0.069
0.069
0.069
0.069
0.065
0.069
0.069
0.062
0.069
-0.974
0.062
0.069
0.069
0.069
0.069
0.069
0.069
0.069
0.069
0.069
0.069
0.069
0.069
0.069
0.069
0.069
0.069
0.069
0.069
0.069
0.069
0.069
0.069
0.069
0.068
0.069
0.069
0.062
0.069
0.069
0.066
0.069
0.069
0.069
0.069
0.069
0.069
0.069
0.069
0.069
0.069
0.069
0.069
0.069
0.069
0.069
0.069
0.069
0.062
0.069
0.069
0.069
0.069
0.069
0.069
0.069
0.069
0.069
0.069
0.069
0.069
0.069
0.069
0.069
0.069
0.069
0.062
0.069
0.069
0.069
0.069
0.069
0.069
0.069
0.069
0.069
0.069
0.069
0.069
0.069
0.069
0.069
0.065
0.069
0.069
0.069
0.069
0.069
0.069
0.069
0.066
0.069
0.069
0.069
0.069
0.069
0.069
0.069
0.062
0.069
0.069
0.069
0.069
0.069
0.069
0.069
0.069
0.069
0.069
0.069
0.069
0.069
0.069
0.069
0.069
0.069
0.069
0.069
0.069
0.069
0.062
0.069
0.069
0.066
0.069
0.069
0.069
0.069
0.069
0.069
0.069
0.069
0.062
0.069
0.069
0.062
0.069
0.069
0.069
0.069
0.069
-0.974
0.062
0.069
-0.976
0.069
0.069
0.069
0.069
0.069
0.069
0.069
0.069
0.062
0.069
0.069
0.062
0.069
0.069
0.069
0.069
0.069
0.069
0.069
0.069
0.069
0.069
0.069
0.069
0.069
0.069
0.069
0.069
0.062
0.065
0.069
0.069
-0.975
0.069
0.069
0.069
0.069
0.069
0.069
0.069
0.069
0.069
0.069
0.069
0.069
0.056
0.069
0.069
0.069
0.069
0.069
0.069
0.069
-0.971
0.069
0.069
0.069
0.069
0.069
0.062
0.069
0.069
-0.972
0.069
0.069
-1.022
0.069
0.069
0.069
0.069
0.069
0.069
0.069
0.069
0.066
0.062
0.069
0.069
0.069
0.069
0.069
0.069
0.069
0.069
0.069
0.069
0.062
0.069
0.069
0.069
0.069
0.069
0.062
0.069
0.069
0.069
0.069
0.069
0.062
0.069
0.069
0.069
0.069
0.069
0.062
0.069
0.069
0.069
0.069
0.069
0.062
0.069
0.069
0.069
0.069
0.069
0.062
0.069
0.069
0.062
0.069
0.069
0.068
0.069
0.069
0.069
0.069
0.069
-1.771
0.069
0.062
0.069
0.069
0.069
0.066
0.069
0.069
0.069
0.069
0.069
0.062
0.069
0.069
0.069
0.069
0.069
0.069
0.069
0.069
0.062
0.069
0.069
0.069
0.069
0.069
-1.759
0.069
0.069
0.069
0.069
0.069
0.069
0.069
0.069
0.069
0.062
0.069
0.069
0.069
0.069
0.069
0.069
0.069
0.069
0.069
0.069
-0.976
0.062
0.069
0.062
0.069
0.069
0.069
0.069
0.069
0.062
0.069
0.069
0.062
0.069
0.069
0.069
0.069
0.069
0.069
0.069
0.051
0.059
-2.765
0.051
0.053
0.064
0.068
-2.892
0.064
0.051
0.051
0.051
0.051
0.051
0.051
0.051
0.051
0.051
0.051
0.051
0.051
0.051
0.050
-1.331
0.051
0.046
0.051
0.051
0.051
0.051
0.051
0.051
0.051
0.051
0.051
0.051
0.051
0.056
0.000
0.000
0.000
0.000
0.000
0.000
0.000
0.000
0.000
0.000
0.000
0.000
0.069
0.069
0.056
0.069
0.062
0.069
0.069
0.069
0.069
0.069
0.069
0.069
0.069
0.069
0.069
-0.974
0.062
0.062
0.069
0.069
0.069
0.069
0.062
0.062
0.062
0.069
0.069
0.069
0.069
0.062
0.069
0.069
0.069
0.069
0.069
0.069
0.069
0.068
0.068
0.069
0.069
0.069
0.069
0.069
0.069
0.069
0.069
0.069
0.062
0.069
0.069
0.069
0.069
0.069
0.062
0.069
0.069
0.069
0.069
0.069
0.069
0.069
0.069
0.069
0.069
0.062
0.069
0.069
0.062
0.069
0.069
0.062
0.069
0.069
0.069
0.062
0.069
0.068
0.069
0.069
0.069
0.069
0.069
0.069
0.069
0.069
0.069
0.069
0.069
0.069
0.069
0.069
0.069
0.069
0.069
0.065
0.069
0.069
0.062
0.069
0.069
0.069
0.069
0.069
0.069
0.069
0.069
0.062
0.069
0.069
-0.971
0.069
0.069
0.069
0.069
0.069
0.069
0.069
0.069
0.069
0.069
0.069
0.069
0.069
0.069
0.069
0.069
0.069
0.069
0.069
0.069
0.069
0.069
0.069
0.062
0.069
0.069
0.066
0.069
0.069
0.069
0.069
0.069
-1.755
0.069
0.069
0.069
0.069
0.056
0.066
0.066
0.056
0.065
0.055
0.069
0.056
0.056
0.069
0.056
0.000
0.000
0.000
0.000
0.000
0.000
0.000
0.000
0.000
0.056
0.056
0.066
0.056
0.056
0.056
0.056
0.069
0.069
0.056
0.056
0.056
0.069
0.069
0.069
0.069
0.069
0.069
0.069
0.069
0.069
0.069
0.069
0.062
0.069
0.069
0.069
0.069
0.069
0.062
0.069
0.069
0.069
0.069
0.069
0.062
0.069
0.069
0.069
0.069
0.069
-1.250
0.069
0.069
0.069
0.069
0.069
0.069
0.069
0.062
0.069
0.069
0.069
0.069
0.069
0.069
0.069
0.069
0.069
0.068
0.069
0.069
0.069
0.069
0.069
0.069
0.069
0.069
0.068
0.069
0.069
0.069
0.069
0.069
-0.971
0.069
0.069
0.069
0.069
0.069
-1.308
0.069
0.069
0.069
0.069
0.069
0.068
0.069
0.069
0.069
0.069
0.069
0.069
0.069
0.069
0.068
0.069
0.069
0.069
0.069
0.069
0.069
0.069
0.069
0.062
0.069
0.069
0.069
0.069
0.069
0.069
0.069
0.069
0.069
0.068
0.069
0.066
0.069
0.069
0.056
0.069
0.069
0.069
0.069
0.069
0.069
0.069
0.069
0.069
0.069
0.069
0.069
0.069
0.069
0.062
0.062
0.069
0.069
0.069
0.069
0.069
0.069
0.069
0.069
0.069
0.069
0.069
0.069
0.069
0.069
0.069
0.069
0.069
0.069
0.069
0.062
0.069
0.069
0.068
0.069
0.069
0.069
0.069
0.069
0.069
0.069
0.069
-0.974
0.069
0.069
0.069
0.069
0.069
0.062
0.069
0.069
-0.971
0.069
0.069
0.069
0.069
0.069
0.069
0.069
0.069
0.068
0.069
0.069
0.062
0.069
0.069
0.069
0.069
0.069
0.069
