fixedStep chrom=ENSGT00530000064345 start=1 step=1
0.129
0.130
0.129
0.129
0.129
0.123
0.120
0.120
-0.370
0.119
0.129
0.129
-0.371
0.129
0.124
-1.680
-2.165
-1.219
0.120
0.120
0.130
0.124
-0.370
0.124
0.120
0.127
0.129
0.120
-0.371
0.129
0.124
0.118
0.109
0.129
0.120
0.129
0.129
0.129
-1.730
0.129
0.129
0.123
0.130
0.129
0.130
-0.517
-0.503
-0.503
-0.870
0.129
-0.370
0.129
0.130
0.129
0.118
0.130
0.118
0.129
0.129
0.124
0.124
0.127
0.129
0.129
0.129
0.129
0.123
0.118
0.130
0.130
0.118
-1.427
0.129
0.119
0.124
0.129
-0.872
0.129
0.120
0.105
0.127
-0.351
0.129
0.123
0.129
0.124
0.129
0.110
0.120
0.124
-0.502
-0.503
-0.789
-0.844
-0.503
-0.805
-0.503
-1.088
-0.503
0.130
0.120
0.128
0.124
0.129
0.101
0.129
0.129
0.124
0.124
0.128
-0.915
0.130
0.130
0.124
0.129
0.120
0.129
0.129
0.120
0.129
0.128
0.129
0.129
0.129
0.130
0.130
0.129
0.129
0.130
0.129
0.129
0.107
0.120
0.130
0.129
0.110
0.129
0.106
-1.396
0.130
0.129
0.129
0.120
0.123
0.105
0.129
-1.437
0.120
0.129
0.124
-0.370
-2.223
0.127
-1.711
0.123
0.110
-0.983
0.127
0.118
0.114
0.129
0.120
0.267
0.267
0.267
0.124
0.129
-0.371
0.123
0.129
-0.351
-1.295
-0.351
0.120
-1.546
-1.295
-0.733
-0.375
-0.370
0.127
-0.375
-2.285
0.120
0.120
-1.234
0.105
0.105
0.124
0.129
0.129
0.128
0.109
0.129
-0.908
0.118
0.000
0.000
0.000
0.000
0.000
0.000
0.000
0.000
0.000
0.000
0.000
0.000
0.000
-0.042
-0.042
0.092
0.105
0.107
0.129
0.105
0.110
0.126
0.124
0.123
0.129
0.109
0.129
0.117
-1.383
0.105
0.127
-0.845
-0.371
-0.741
0.130
0.129
0.105
-1.872
-0.375
-0.375
0.129
-0.872
0.120
0.120
-0.870
0.123
-1.953
0.120
0.120
0.129
-0.351
0.129
0.124
0.114
0.120
0.104
0.129
0.124
0.127
0.130
0.124
0.105
0.105
0.320
0.320
0.320
0.129
0.117
0.125
0.124
0.129
0.124
0.129
0.129
0.129
0.129
0.129
0.129
0.129
0.130
0.124
0.105
0.129
0.124
0.129
0.129
-0.370
0.124
0.130
0.129
0.124
0.130
0.124
0.130
0.129
0.130
0.129
-0.351
0.129
0.118
0.129
0.129
0.129
0.120
0.129
0.120
0.129
-0.370
0.129
0.128
0.129
-2.562
0.130
0.129
0.129
0.129
0.129
0.129
0.129
0.129
0.124
0.130
0.124
-0.370
0.129
0.129
0.130
0.129
0.124
0.129
0.130
0.104
-0.351
0.130
0.129
0.109
0.130
0.126
0.124
0.124
-0.758
0.129
0.124
0.123
-0.829
0.119
0.130
-0.741
-1.544
-0.713
0.072
0.090
0.103
0.075
-2.064
0.105
-0.503
-0.805
-0.503
0.104
0.104
0.104
0.093
-2.255
0.101
0.104
0.103
0.100
0.104
-1.067
0.101
0.097
0.104
0.097
0.097
0.098
0.100
0.104
0.097
0.097
0.104
0.103
0.105
0.104
0.104
0.104
0.104
0.104
0.104
0.104
0.105
0.105
-1.321
-1.570
-1.321
-1.670
-0.793
-2.149
0.118
0.118
0.099
-1.468
0.099
0.105
0.105
0.123
-1.541
-1.123
-1.071
-1.332
-1.227
-1.226
-1.069
0.112
0.121
0.102
0.130
0.130
0.129
0.105
0.092
0.105
0.130
0.105
0.094
-0.726
0.103
-0.726
0.130
0.105
0.120
0.105
0.094
0.130
0.130
0.107
0.124
0.130
0.105
0.124
0.102
0.119
0.129
-0.789
-0.792
-0.734
-0.711
-0.759
-0.726
-0.785
-0.785
-1.244
-0.707
-0.712
-0.712
0.129
0.105
0.130
0.105
0.124
0.106
-0.695
-1.295
-0.351
0.129
0.105
0.124
0.124
0.129
0.130
0.129
0.105
0.102
0.105
0.114
0.105
0.105
0.130
0.092
0.129
0.105
0.105
0.105
0.124
0.130
0.107
0.105
0.108
0.097
0.094
0.124
0.105
0.114
0.098
-1.869
-1.293
0.124
0.098
0.105
-0.370
-1.628
-0.707
-0.707
-0.778
-1.623
-0.785
-0.711
-0.711
-0.711
