fixedStep chrom=ENSGT00730000112056 start=1 step=1
0.000
0.000
0.000
0.000
0.000
0.000
0.000
0.000
0.000
0.000
0.000
0.000
0.000
0.000
0.000
0.000
0.000
0.000
0.000
0.000
0.000
0.000
0.000
0.000
0.000
0.000
0.000
0.000
0.000
0.000
0.000
0.000
0.000
0.000
0.000
0.000
0.000
0.000
0.000
0.000
0.000
0.000
0.000
0.000
0.000
0.000
0.000
0.000
0.000
0.000
0.000
0.000
0.000
0.000
0.000
0.000
0.000
0.079
0.079
0.079
0.079
-0.888
0.079
0.070
0.070
0.079
0.079
0.079
0.079
0.079
0.079
0.077
-0.888
0.070
0.070
0.070
0.079
0.079
0.079
0.079
0.079
-0.878
-0.888
0.070
0.079
0.079
-0.889
0.079
0.079
0.079
0.079
0.079
-0.889
0.079
0.079
0.079
0.077
0.079
0.079
0.079
-0.889
0.079
0.079
0.079
0.079
0.079
0.079
0.079
-0.888
0.079
0.079
0.070
0.079
0.079
0.079
-0.886
0.079
0.079
0.079
0.079
-0.886
0.079
-0.886
0.079
0.079
0.079
0.079
0.078
0.075
-0.888
0.079
0.070
-0.754
-0.754
-0.754
0.079
0.079
0.070
-0.888
0.079
0.079
0.079
-0.878
0.070
0.079
0.079
0.079
0.079
0.079
0.079
0.079
0.079
0.070
-1.576
0.070
0.079
-0.754
-0.754
-0.754
-0.878
-0.878
0.079
0.079
0.079
0.079
0.079
0.070
0.077
0.068
0.076
0.077
0.079
0.079
0.053
0.053
0.053
0.053
0.053
0.053
0.053
0.053
0.053
0.053
0.053
0.053
0.053
0.053
0.053
0.053
0.053
0.053
0.053
0.053
0.053
0.053
0.053
0.053
0.053
0.040
0.053
0.053
0.053
0.053
0.053
0.053
0.053
0.053
0.053
0.053
0.053
0.053
0.053
0.053
0.053
0.053
0.053
0.053
0.053
0.053
0.053
0.053
0.053
0.053
0.053
0.053
0.053
0.053
0.053
0.053
0.053
0.053
0.053
0.053
0.053
0.053
0.053
0.053
0.053
0.053
0.053
0.050
0.053
0.053
0.053
0.053
0.053
0.053
0.053
0.053
0.079
0.079
0.079
0.079
0.079
0.079
0.079
0.079
-0.878
0.079
-0.878
0.079
0.079
0.079
0.079
0.079
0.079
0.079
0.070
0.079
0.070
0.079
0.079
0.079
0.079
0.079
0.079
0.079
0.079
-0.886
0.079
0.079
0.079
0.070
0.079
0.079
0.070
0.070
0.079
0.079
0.079
0.077
-1.650
-2.675
-3.643
-3.648
-3.192
0.060
0.079
0.060
0.060
0.075
0.070
0.060
0.079
0.078
0.079
0.079
0.079
0.079
0.079
0.078
0.079
0.070
0.079
0.079
0.079
0.079
0.079
0.079
0.079
0.079
0.079
-0.886
-0.886
0.070
0.079
0.079
0.079
0.079
0.079
0.079
0.079
-0.878
-1.632
0.079
0.079
0.070
0.070
0.079
0.079
0.079
0.079
0.079
0.079
0.079
0.079
0.070
0.079
0.079
0.079
0.070
0.079
0.079
0.079
0.079
0.079
0.079
0.079
0.079
0.079
0.079
0.078
0.079
0.079
0.079
0.079
0.070
0.079
0.079
0.079
-0.886
0.079
0.079
0.079
0.070
0.079
0.079
0.079
0.079
0.079
0.079
0.079
0.079
0.079
0.070
0.079
0.079
0.079
0.070
0.079
0.070
-0.886
0.070
-0.888
0.079
0.070
0.079
0.079
0.079
-0.886
0.070
0.079
0.079
0.079
-0.886
-0.886
0.069
-0.888
-0.322
-0.322
-0.322
0.079
0.079
0.079
0.070
0.079
0.078
0.070
-0.886
0.079
0.079
0.079
0.070
0.079
0.079
0.079
0.079
0.079
0.079
0.079
0.079
0.078
0.079
0.079
0.079
0.079
0.079
0.079
0.079
0.079
0.079
0.079
0.070
-0.886
0.070
0.079
0.070
0.079
0.079
0.079
-0.878
0.079
0.079
0.079
0.079
0.079
0.079
0.079
0.079
