fixedStep chrom=ENSGT00390000011905 start=1 step=1
0.051
0.051
0.051
0.051
0.051
0.051
0.051
0.051
0.046
0.051
0.051
0.051
0.051
0.050
0.051
-1.264
-1.405
-1.264
0.048
0.049
0.051
0.050
0.049
0.051
0.051
0.051
0.051
0.047
-1.909
0.049
0.051
0.051
0.051
0.051
0.051
0.036
0.051
0.051
0.051
0.050
0.051
0.051
0.051
0.051
0.036
0.051
0.051
0.051
0.051
0.051
0.051
0.051
0.047
0.049
0.051
0.051
0.049
0.051
0.051
0.051
0.049
0.051
0.047
0.051
0.049
0.049
0.051
0.051
0.046
0.051
0.051
0.038
0.051
0.051
0.051
0.051
0.036
-0.015
0.051
0.051
0.051
0.051
0.051
-2.383
0.051
0.051
0.048
0.050
0.051
0.050
0.051
0.051
0.048
0.051
0.051
0.051
0.051
0.051
0.051
0.051
0.051
0.049
0.051
0.051
0.051
0.051
0.051
0.051
0.041
0.051
0.036
0.051
0.050
0.051
0.051
0.051
0.051
0.051
0.051
0.050
0.049
0.041
0.050
0.051
0.048
0.051
0.038
0.047
0.051
0.041
0.051
0.047
0.049
0.047
0.051
-3.543
0.050
0.051
0.051
0.040
0.051
0.051
0.051
0.051
0.050
0.051
0.051
0.051
0.051
0.051
0.051
0.051
0.051
0.051
0.051
0.051
0.051
0.051
0.051
0.051
0.051
0.051
0.051
0.051
0.051
0.051
0.051
0.051
0.051
0.051
0.051
0.051
0.051
0.051
0.051
0.051
0.051
0.051
0.051
0.051
0.051
0.051
0.051
0.051
0.051
0.051
0.051
0.051
0.051
0.051
0.051
0.051
0.051
0.051
0.051
0.051
0.051
0.051
0.051
0.051
0.051
0.051
0.051
0.051
0.051
0.051
0.051
0.051
0.051
0.051
0.051
0.051
0.051
0.051
0.051
0.051
0.051
0.051
0.051
0.051
0.051
0.051
0.051
0.051
0.051
0.051
0.051
0.051
0.051
0.051
0.051
0.051
0.051
0.051
0.051
0.051
0.051
0.051
0.051
0.051
0.051
0.051
0.051
0.051
0.051
0.051
0.051
0.051
0.051
0.051
0.051
0.051
0.051
0.051
0.051
0.051
0.051
0.051
0.051
0.051
0.051
0.051
0.051
0.051
0.051
0.051
0.051
0.051
0.051
0.051
0.051
0.036
0.038
0.051
0.051
0.051
0.051
0.051
0.051
0.051
0.051
0.051
0.051
0.051
0.045
0.051
0.051
0.051
0.051
0.051
0.051
0.051
0.051
0.051
0.051
0.051
0.051
0.051
0.051
0.051
0.051
0.051
0.051
0.051
0.051
0.036
0.050
0.051
0.050
0.051
0.051
0.051
0.051
0.051
0.047
0.051
0.051
0.051
0.051
0.051
0.048
0.051
0.051
0.051
0.051
0.051
0.051
0.051
0.051
0.051
0.051
0.051
0.051
0.051
0.051
0.051
0.051
0.051
0.051
0.051
0.051
0.051
0.051
0.051
0.051
0.051
0.051
0.051
0.051
0.051
0.051
0.051
0.051
0.049
0.051
0.051
0.048
0.051
0.051
0.051
0.051
0.051
0.050
0.051
0.051
0.047
0.051
0.051
0.051
0.051
0.051
0.051
0.051
0.051
0.051
0.051
0.051
0.051
0.051
0.051
0.036
0.051
0.051
0.051
0.051
0.051
0.051
0.051
0.051
0.051
0.051
0.051
0.051
0.051
0.051
0.050
0.051
0.051
0.047
0.051
0.051
0.051
0.051
0.051
0.051
0.051
0.051
0.051
0.051
0.051
0.051
0.051
0.051
0.051
0.051
0.051
0.051
0.051
0.051
0.051
0.051
0.051
0.051
0.048
0.051
0.051
0.051
0.038
0.051
0.038
0.051
0.048
0.051
0.048
0.048
0.051
0.048
0.051
0.038
0.048
0.051
-1.719
-1.467
-1.467
-1.470
-1.942
-1.469
-1.469
-1.469
-1.469
-1.469
-1.469
-2.499
-2.366
-1.469
-1.888
0.000
0.000
0.000
