fixedStep chrom=ENSGT00510000048053 start=1 step=1
0.068
0.068
0.068
0.068
0.068
0.067
0.065
0.068
0.067
0.068
0.054
0.067
0.066
0.068
0.068
0.068
0.068
0.068
0.068
0.068
0.068
0.068
0.068
0.068
0.068
0.068
0.065
0.068
0.068
0.051
0.068
0.068
0.068
-0.223
-0.223
-0.223
0.068
0.068
0.066
0.068
0.068
0.062
0.068
0.068
0.068
0.068
-1.782
0.068
0.068
0.068
0.068
0.068
0.068
0.068
0.068
0.068
0.066
0.068
0.068
0.068
-1.804
0.068
0.068
0.068
0.064
0.065
0.068
0.068
0.066
0.068
0.068
0.068
0.068
0.068
-2.708
0.065
0.068
0.068
0.068
0.068
0.068
0.068
0.068
0.068
0.068
0.065
0.068
0.068
0.068
0.056
0.068
0.068
0.068
-1.380
-1.379
-1.264
0.064
0.068
0.064
0.065
0.068
0.068
0.068
0.065
0.068
0.068
0.068
0.068
0.064
0.057
-1.790
0.068
0.065
0.066
0.066
0.068
0.065
0.068
0.065
0.067
0.054
0.068
0.068
0.068
0.068
0.068
0.068
0.068
0.066
0.068
0.068
0.068
0.068
0.068
0.068
0.067
0.068
0.068
0.059
0.068
0.066
0.068
0.068
0.068
0.068
0.068
0.068
0.068
0.068
0.066
0.068
0.068
0.065
0.068
0.068
0.068
0.068
0.068
0.068
0.068
0.068
0.066
0.068
0.068
0.068
0.068
0.068
0.064
0.068
0.068
-1.782
0.068
0.064
0.068
0.068
0.068
0.068
0.068
0.068
0.068
0.068
0.068
0.068
0.064
0.068
0.068
0.068
0.068
0.068
0.068
0.068
0.068
0.068
0.065
0.054
0.048
0.065
0.051
0.061
0.061
-1.065
0.055
0.061
0.061
0.061
0.061
0.061
0.061
0.061
0.061
0.061
0.061
0.061
-1.264
-1.264
-1.264
-1.264
-1.264
-1.381
-1.264
-1.379
-1.379
-1.264
-1.264
-1.264
-1.264
-1.261
-1.264
-1.264
-1.264
-1.264
-1.522
-1.264
-1.261
0.061
0.061
0.061
0.061
0.061
0.061
0.061
0.061
0.055
0.061
0.061
0.060
0.061
0.055
0.061
0.061
0.061
-1.054
0.061
0.061
0.061
0.061
0.061
0.061
0.061
0.061
0.061
0.068
0.068
0.068
0.066
0.068
0.066
0.068
0.068
0.066
0.068
0.068
0.066
0.068
0.068
0.068
0.068
0.068
0.067
0.068
0.068
0.068
0.068
0.068
0.064
0.068
0.068
0.065
0.068
0.068
0.064
0.068
0.065
0.068
0.068
0.068
0.068
0.068
0.068
0.068
0.068
0.068
0.064
0.068
0.068
0.068
0.068
0.068
0.068
0.068
0.068
0.068
0.068
0.065
0.068
0.068
0.068
0.068
0.068
0.068
0.068
0.068
0.065
0.066
0.068
0.068
0.068
0.068
0.068
0.068
0.068
0.068
0.066
0.068
0.066
0.068
0.068
0.068
0.068
0.068
0.068
0.068
0.068
0.068
0.067
0.068
0.068
0.068
0.068
0.068
0.068
0.068
0.068
0.068
0.065
0.068
0.063
0.066
0.068
0.061
0.068
0.068
0.068
0.068
0.068
0.068
0.068
0.068
0.068
0.068
0.068
0.068
0.068
0.068
0.064
0.068
0.065
0.068
0.068
0.068
0.068
0.068
0.068
0.051
0.068
0.068
0.068
0.068
0.068
0.068
0.068
0.068
0.051
0.066
0.068
0.068
0.059
0.066
0.068
0.068
0.068
0.068
0.068
0.068
0.059
0.068
0.068
0.068
0.068
0.068
0.068
0.068
0.068
0.064
0.068
0.068
0.066
0.062
0.066
0.063
0.066
0.068
0.054
0.068
0.068
0.064
0.051
0.068
0.068
0.068
0.066
0.068
0.068
0.064
0.065
0.068
0.068
0.061
0.061
0.061
0.055
0.061
0.061
0.061
0.061
0.061
0.061
0.061
0.061
0.055
0.061
0.061
0.061
0.061
0.061
0.061
0.055
0.061
0.061
0.061
0.061
0.061
0.061
0.061
0.061
0.061
0.061
0.061
0.061
0.061
0.061
0.061
0.061
0.058
0.061
0.061
0.061
0.061
0.061
0.061
0.061
0.061
0.061
0.061
0.061
0.061
0.061
0.061
0.061
0.061
0.061
0.058
0.061
0.061
0.061
0.055
0.061
0.061
0.061
0.061
0.061
0.061
0.061
0.055
0.061
0.061
0.061
0.061
0.060
0.061
0.061
0.061
0.061
0.061
0.061
0.061
0.061
0.061
0.061
-0.902
-0.902
-0.902
-0.902
-0.902
-0.902
-2.106
0.060
0.061
0.061
0.068
0.068
-1.763
0.068
0.065
0.063
0.068
0.064
0.051
0.068
0.067
0.066
0.068
0.068
0.068
0.068
0.064
0.068
0.068
0.068
0.066
0.068
0.068
0.068
0.054
0.068
0.064
0.068
0.068
0.067
0.064
0.068
0.068
0.066
0.066
0.068
0.068
0.067
0.068
0.068
0.068
0.068
0.068
0.064
0.068
0.068
0.066
0.068
0.068
0.051
0.068
0.068
0.068
0.068
0.068
0.068
0.068
0.068
0.068
0.068
0.068
0.068
0.068
0.068
0.068
0.054
0.067
0.068
0.054
0.068
0.068
0.068
0.068
0.068
0.068
0.068
0.068
0.068
0.068
0.068
0.068
0.068
0.068
0.068
0.068
0.068
0.068
0.068
0.064
0.068
0.068
0.068
0.068
0.068
0.068
0.068
0.068
0.064
0.068
0.068
0.068
0.068
0.068
0.068
0.068
0.068
0.066
0.068
0.068
0.068
0.050
0.068
0.068
0.068
0.068
0.068
0.066
0.068
0.068
0.068
0.068
0.068
0.068
0.068
0.068
0.068
0.068
0.068
0.068
0.068
0.064
0.068
0.064
0.068
0.068
0.068
0.068
0.068
0.068
0.068
0.068
0.068
0.068
0.068
0.068
0.068
0.068
0.068
0.059
0.068
0.068
0.068
0.068
0.068
0.064
0.068
0.068
0.068
0.068
0.068
0.068
0.068
0.068
0.068
0.068
0.068
0.068
0.068
0.068
0.068
0.068
0.068
0.066
0.068
0.068
0.068
0.068
0.068
0.068
0.068
0.068
0.068
0.068
0.068
0.068
0.068
0.068
0.066
0.068
0.068
0.068
0.068
0.068
0.068
0.068
0.068
0.068
0.068
0.068
0.068
0.068
0.068
0.064
0.068
0.068
0.068
0.068
0.068
0.065
0.068
0.068
0.068
0.068
0.068
0.068
0.064
0.068
0.068
0.068
0.068
0.066
0.068
0.068
0.068
0.068
0.068
0.068
0.068
0.068
0.066
0.068
0.068
0.068
0.068
0.068
0.068
0.068
0.065
0.068
0.068
0.068
0.054
0.068
0.068
0.068
0.068
0.068
0.068
0.068
0.068
0.068
0.068
0.068
0.068
