fixedStep chrom=ENSGT00530000064100 start=1 step=1
0.000
0.000
0.000
0.000
0.000
0.000
0.000
0.000
0.000
0.000
0.000
0.000
0.000
0.000
0.000
0.000
0.000
0.000
0.000
0.000
0.000
0.000
0.000
0.000
0.000
0.000
0.000
0.000
0.000
0.000
0.000
0.000
0.000
0.000
0.000
0.000
0.000
0.000
0.000
0.000
0.000
0.000
0.000
0.000
0.000
0.000
0.000
0.000
0.000
0.000
0.000
0.000
0.000
0.000
0.000
0.000
0.000
0.000
0.000
0.000
0.000
0.000
0.000
0.000
0.000
0.000
0.000
0.000
0.000
0.000
0.000
0.000
0.000
0.000
0.000
0.000
0.000
0.000
0.000
0.000
0.000
0.000
0.000
0.000
0.000
0.000
0.000
0.000
0.000
0.000
0.000
0.000
0.000
0.000
0.000
0.000
0.000
0.000
0.000
0.000
0.000
0.000
-1.773
-1.006
-1.751
-1.782
-1.773
-1.126
-1.126
-1.825
-1.007
-1.751
-1.773
-1.751
-1.825
-1.006
-1.751
-1.805
-1.178
-1.145
0.073
0.067
0.067
0.067
0.067
0.067
0.067
0.067
0.067
0.067
0.067
0.067
0.067
0.067
0.067
0.067
0.067
0.067
0.067
0.067
0.067
0.067
0.067
0.067
0.067
0.067
0.067
0.073
0.073
0.068
0.073
0.073
0.069
0.073
0.073
0.073
0.073
0.073
0.073
0.073
0.073
0.073
0.073
0.073
0.073
0.073
0.073
0.073
0.073
0.073
0.073
0.073
0.073
0.073
0.073
0.073
0.069
0.073
0.073
0.073
0.073
0.073
0.067
0.065
0.073
0.057
0.073
0.073
0.069
0.073
0.073
0.073
0.073
0.073
0.071
0.073
0.073
0.073
0.073
0.073
0.069
0.073
0.073
0.070
0.073
0.073
0.073
0.073
0.073
0.073
0.073
0.073
0.073
0.073
0.073
0.071
0.073
0.073
0.073
0.073
0.073
0.071
0.073
0.073
0.073
0.073
0.073
0.073
0.073
0.073
0.073
0.073
0.073
0.073
0.073
0.073
0.073
0.073
0.073
0.073
0.073
0.073
0.072
0.073
0.073
0.073
0.073
0.073
0.073
0.073
0.073
0.073
0.073
0.073
0.073
0.073
0.073
0.073
0.073
0.073
0.073
0.073
0.073
0.073
0.073
0.073
0.073
0.073
0.073
0.073
0.073
0.073
0.073
0.073
0.073
0.073
0.073
0.073
0.073
0.073
0.073
0.073
0.073
0.073
0.073
0.073
0.073
0.073
0.073
0.073
0.073
0.073
0.073
0.073
0.073
0.073
0.073
0.073
0.073
0.073
0.073
0.073
0.073
0.073
0.073
0.073
0.073
0.073
0.061
0.073
0.073
0.073
-1.540
-1.550
-1.540
0.073
0.073
0.073
0.073
0.073
0.070
0.070
0.070
0.070
0.070
0.070
0.062
0.070
0.070
0.070
0.070
0.070
0.065
0.070
0.070
0.065
0.070
0.070
0.070
0.070
0.070
0.066
0.070
0.070
0.069
0.070
0.070
0.070
0.070
0.070
0.070
0.070
0.070
0.065
0.070
0.070
0.069
0.070
0.070
0.070
0.070
0.070
0.070
0.070
0.070
0.067
0.070
0.070
0.070
0.070
0.070
0.070
0.070
0.070
0.070
0.070
0.070
0.069
0.070
0.070
0.070
0.070
0.070
0.070
0.070
0.070
0.070
0.070
0.070
0.070
0.070
0.070
0.070
0.070
0.070
0.070
0.070
0.070
0.070
0.070
0.070
0.062
0.070
0.070
0.070
0.070
0.070
0.070
0.070
0.070
0.069
0.070
0.070
0.070
0.070
0.070
0.070
0.070
0.070
0.070
0.070
0.070
0.070
0.070
0.070
0.069
0.070
0.070
0.070
0.070
0.070
0.070
0.070
0.070
0.070
0.070
0.070
0.070
0.070
0.070
0.070
0.070
0.070
0.065
0.070
0.070
0.070
0.070
0.070
0.070
0.070
0.070
0.065
0.070
0.070
0.070
0.070
0.070
0.070
0.070
0.070
0.073
-0.856
0.073
0.067
0.073
0.067
-0.860
-0.860
-0.840
0.073
0.067
0.073
0.073
-1.008
-1.006
-1.008
0.073
-0.860
0.073
0.073
0.073
0.067
0.067
-0.840
0.073
0.067
-0.856
0.067
-0.840
-0.858
-0.840
-0.860
0.073
0.073
-0.858
-0.858
0.073
-0.860
0.067
0.067
0.073
0.073
0.067
0.073
-0.840
0.073
0.073
0.067
0.067
-0.858
0.073
-0.840
0.073
-0.858
0.067
0.067
0.073
0.073
-0.840
-0.858
-0.858
-0.856
-0.856
-0.856
-0.858
-0.856
-0.840
0.067
0.073
-0.837
0.067
0.073
0.073
0.067
0.073
0.067
-0.858
-0.858
0.073
0.073
0.067
0.068
0.073
0.073
-1.566
-0.860
0.073
-0.840
-0.860
0.073
-1.475
0.073
-0.858
0.067
-0.860
0.073
-0.840
0.073
0.073
0.067
0.073
-0.856
0.073
0.067
-0.840
0.062
-0.860
0.073
0.067
0.067
-0.858
-2.083
-0.840
0.067
-0.840
0.073
-0.840
-0.840
0.067
0.073
0.073
0.073
0.073
0.067
-1.007
-1.008
-1.007
0.073
0.067
-0.860
0.067
-0.856
-0.856
0.073
0.073
0.067
0.073
0.073
0.073
0.073
-0.856
0.073
0.073
0.073
-1.181
-0.860
0.067
0.073
0.073
0.073
0.066
0.067
-0.858
0.067
-0.856
-0.856
0.073
0.067
0.067
0.067
-0.194
-0.194
-0.194
-0.194
-0.194
-0.194
0.073
-0.856
-0.860
0.070
0.070
0.070
0.070
0.070
0.070
0.070
0.070
0.065
0.069
0.070
0.066
0.070
0.070
0.070
0.070
0.070
0.065
0.070
0.070
0.069
0.070
0.070
0.070
0.070
0.070
0.070
0.070
0.070
0.070
0.070
0.070
0.070
0.070
0.070
0.070
0.070
0.070
0.070
0.070
0.070
0.070
0.070
0.070
0.070
0.070
0.070
0.070
0.070
0.070
0.069
0.070
0.070
0.070
0.070
0.070
0.070
0.070
0.070
0.070
0.070
0.070
0.063
0.070
0.070
0.070
0.070
0.070
0.070
0.070
0.070
0.063
0.070
0.070
0.064
0.070
0.070
0.070
0.070
0.070
0.070
0.070
0.070
0.067
0.070
0.070
0.070
0.070
0.070
0.070
0.070
0.070
0.067
0.070
0.070
0.070
0.070
0.070
0.070
0.070
0.070
0.070
0.070
0.070
0.067
0.070
0.070
0.070
0.070
0.070
0.057
0.057
0.069
0.073
0.073
0.073
0.073
0.073
0.073
0.073
0.073
0.073
0.073
0.073
0.073
0.069
0.057
0.069
0.055
0.057
0.057
0.057
0.073
0.073
0.073
0.057
0.073
0.055
0.073
0.069
0.073
0.069
0.073
0.057
0.069
0.057
0.055
0.069
0.073
0.057
0.057
0.057
0.057
0.057
0.057
0.057
0.069
0.057
0.069
0.073
0.057
0.073
0.057
0.073
0.057
0.073
0.069
0.069
0.057
0.057
0.073
0.069
0.073
-3.416
0.057
0.073
0.073
0.073
0.073
0.069
0.057
0.073
0.057
0.073
0.073
0.057
0.057
0.057
0.055
0.073
0.069
0.055
0.073
0.073
0.071
0.073
0.069
0.057
0.073
0.057
0.054
0.057
0.073
0.069
0.057
0.073
0.053
0.073
0.073
0.057
0.057
0.057
0.057
0.057
0.073
0.057
0.073
0.073
0.067
0.057
0.057
0.057
0.057
0.057
0.057
0.073
0.073
0.073
0.069
0.073
0.073
0.073
0.073
0.072
0.073
0.073
0.073
0.073
0.073
0.073
0.073
0.073
0.073
0.073
0.073
0.073
0.073
0.073
0.072
0.073
0.073
0.073
0.073
0.073
0.073
0.073
0.073
0.073
0.073
0.073
0.073
0.073
0.073
0.071
0.073
0.073
0.071
0.073
0.073
0.073
0.073
0.073
0.071
0.073
0.073
-3.405
0.073
0.073
0.073
0.073
0.073
0.055
0.073
0.073
0.073
0.073
0.073
0.070
0.073
0.073
-0.858
0.073
0.073
0.067
0.073
0.073
0.073
0.073
0.073
0.067
0.073
0.073
0.072
0.069
0.073
0.073
0.073
0.073
0.073
0.073
0.073
0.073
0.073
0.073
0.073
0.073
0.073
0.073
0.073
0.073
0.073
0.073
0.073
0.073
0.073
0.073
0.073
0.073
0.073
0.072
0.073
0.073
0.073
0.069
0.073
0.073
0.073
0.073
0.073
0.073
0.073
0.067
0.073
0.073
0.073
0.073
0.073
0.071
0.073
0.073
0.073
0.073
0.073
0.071
0.073
0.073
0.071
0.073
0.073
0.073
0.073
0.073
0.073
0.073
0.073
0.070
0.073
0.073
0.069
0.073
0.073
0.068
0.073
0.073
0.073
0.073
0.073
0.073
0.073
0.073
0.062
0.073
0.073
0.073
0.073
0.073
0.073
0.073
0.073
0.073
0.073
0.073
0.073
0.073
0.073
0.073
0.073
0.073
0.073
0.073
0.073
0.073
0.073
0.073
0.067
0.073
0.073
0.073
0.073
0.073
0.073
0.073
0.073
0.071
0.073
0.073
0.067
0.073
0.073
0.065
0.073
0.073
0.073
0.073
0.073
0.073
0.073
0.073
0.073
0.073
0.073
0.073
0.073
0.073
0.073
0.073
0.073
0.073
0.073
0.073
0.073
0.073
0.073
0.066
0.073
0.073
0.066
0.073
0.073
0.073
0.073
0.073
0.073
0.073
0.073
0.068
0.069
0.069
0.069
0.069
0.069
0.069
0.069
0.069
0.069
0.069
0.069
0.069
0.069
0.069
0.065
0.069
0.069
0.068
0.069
0.069
0.063
0.069
0.069
0.069
0.069
0.069
0.064
0.069
0.069
0.069
0.069
0.069
0.069
0.069
0.069
0.069
0.069
0.069
0.069
0.069
0.069
0.069
0.069
0.069
0.069
0.069
0.069
0.069
0.069
0.069
0.069
0.069
0.069
0.069
0.069
0.069
0.067
0.069
0.069
0.068
0.069
0.069
0.069
0.069
0.069
0.068
0.069
0.069
0.069
0.069
0.069
0.069
0.069
0.069
0.068
0.069
0.069
0.064
0.069
0.069
0.069
0.069
0.069
0.069
0.069
0.069
0.069
0.069
0.069
0.069
0.069
0.069
0.069
0.069
0.069
0.069
0.069
0.069
0.065
0.069
0.069
0.069
0.069
0.069
0.069
0.069
0.069
0.069
0.069
0.069
0.069
0.069
0.069
0.069
0.069
0.069
0.069
-1.575
-1.551
-1.551
0.073
0.073
0.073
0.073
0.073
0.073
0.073
0.073
0.073
0.073
0.073
0.067
0.073
0.073
0.073
0.073
0.073
0.073
0.073
0.073
0.071
0.073
0.073
0.072
0.073
0.073
0.073
0.073
0.073
0.071
0.073
0.073
0.073
0.073
0.073
0.073
0.073
0.073
0.068
0.073
0.073
0.073
0.073
0.073
0.073
0.073
0.073
0.068
0.073
0.073
0.065
0.073
0.073
0.073
0.073
0.073
0.073
0.073
0.073
0.073
0.073
0.073
0.073
0.073
0.073
0.073
0.073
0.073
0.069
0.069
0.069
0.069
0.069
0.069
0.069
0.069
0.069
0.065
0.069
0.069
0.069
0.069
0.069
0.069
0.069
0.069
0.069
0.069
0.069
0.069
0.069
0.069
0.069
0.069
0.069
0.069
0.069
0.069
0.069
0.069
0.069
0.069
0.069
0.069
0.069
0.069
0.069
0.069
0.069
0.069
0.069
0.069
0.069
0.069
0.069
0.069
0.068
0.069
0.069
0.069
0.069
0.069
0.069
0.069
0.069
0.069
0.069
0.069
0.069
0.069
0.069
0.069
0.069
0.069
0.069
0.069
0.069
0.069
0.069
0.069
0.069
0.069
0.069
0.069
0.069
0.069
0.069
0.069
0.069
0.067
0.069
0.069
0.069
0.069
0.069
0.069
0.069
0.069
0.069
0.069
0.069
0.069
0.069
0.069
0.069
0.069
0.069
0.069
0.069
0.069
0.069
0.069
0.069
0.069
0.069
0.069
0.069
0.069
0.069
0.069
0.069
0.069
0.069
0.069
0.069
0.069
0.069
0.069
0.069
0.069
0.069
0.069
0.069
0.069
0.069
0.069
0.069
0.069
0.069
0.065
0.069
0.069
0.069
0.069
0.069
0.069
0.069
0.069
0.069
0.069
0.069
0.069
0.069
0.069
0.069
0.069
0.069
0.069
0.069
0.069
0.069
0.064
0.069
0.069
0.069
0.069
0.069
0.063
0.069
0.069
0.069
0.069
0.069
0.069
0.069
0.069
0.069
0.069
0.069
0.069
0.069
0.069
0.069
0.069
0.069
0.052
0.069
0.069
0.069
0.069
0.069
0.069
0.069
0.069
0.063
0.069
0.069
0.069
0.069
0.069
0.069
0.069
0.069
0.069
0.069
0.069
0.069
0.069
0.069
0.069
0.069
0.069
0.069
0.069
0.069
0.069
0.069
0.069
0.069
0.069
0.069
0.069
0.069
0.069
0.069
0.069
0.069
0.069
0.069
0.069
0.069
0.069
0.069
0.069
0.069
0.069
0.068
0.069
0.073
0.073
0.073
0.073
0.073
0.073
0.073
0.073
0.073
0.073
0.073
0.071
0.073
0.073
0.073
0.073
0.073
0.073
0.073
0.073
0.073
0.073
0.073
0.073
0.073
0.073
0.073
0.073
0.073
0.073
0.073
0.073
0.073
0.073
0.073
0.073
0.073
0.073
0.073
0.073
0.073
0.073
0.073
0.073
0.073
0.073
0.073
0.073
0.073
0.073
0.073
0.073
0.073
0.073
0.073
0.073
0.073
0.073
0.073
0.073
0.073
0.073
0.073
0.073
0.057
0.073
0.073
0.073
0.073
0.073
0.073
0.073
0.073
0.073
0.073
0.073
0.073
0.073
0.073
0.073
0.073
0.073
0.073
0.073
0.073
0.073
0.073
0.073
0.073
0.073
0.073
0.073
0.073
0.073
0.073
0.073
0.073
0.073
0.073
0.073
0.073
0.073
0.073
0.073
0.073
0.073
0.073
0.073
0.073
0.073
0.073
0.073
0.073
0.073
0.073
0.073
0.073
0.073
0.073
0.073
0.073
0.073
0.073
0.073
0.073
0.073
0.073
0.073
0.073
0.073
0.073
0.073
0.073
0.073
0.073
0.073
0.073
0.073
0.073
0.073
0.073
0.073
0.073
0.073
0.073
0.073
0.073
0.073
0.073
0.073
0.073
0.073
0.073
0.073
0.073
0.073
0.073
0.073
0.073
0.073
0.073
0.073
0.073
0.073
0.073
0.073
0.073
0.073
0.073
0.073
0.073
0.073
0.073
0.073
0.073
0.073
0.073
0.073
0.073
0.073
0.073
0.073
0.073
0.073
0.073
0.073
0.073
0.073
0.073
0.073
0.073
-1.167
-3.061
-2.447
-1.222
-2.538
-1.221
-2.263
-2.623
-4.027
-2.623
-2.263
-2.262
-3.136
-2.259
-3.138
-3.131
-3.138
-2.262
-1.167
-3.099
-1.756
-2.442
-1.006
-1.178
-3.081
-1.207
-1.768
