fixedStep chrom=ENSGT00530000063315 start=1 step=1
0.000
0.000
0.000
0.000
0.000
0.000
0.000
0.000
0.000
0.000
0.000
0.000
0.000
0.000
0.000
0.000
0.000
0.000
0.000
0.000
0.000
0.000
0.000
0.000
0.000
0.000
0.000
0.000
0.000
0.000
0.000
0.000
0.000
0.000
0.000
0.000
0.000
0.000
0.000
0.000
0.000
0.000
0.000
0.000
0.000
0.000
0.000
0.000
0.000
0.000
0.000
0.000
0.000
0.000
0.000
0.000
0.000
0.000
0.000
0.000
0.000
0.000
0.000
0.000
0.000
0.000
0.000
0.000
0.000
0.000
0.000
0.000
0.000
0.000
0.000
0.000
0.000
0.000
0.000
0.000
0.000
0.000
0.000
0.000
0.000
0.177
0.173
0.116
0.177
0.173
0.000
0.000
0.000
0.000
0.000
0.000
0.000
0.000
0.000
0.167
0.176
0.120
0.120
0.177
0.171
0.170
0.120
0.120
0.120
0.177
0.169
0.173
0.177
0.120
0.120
0.176
0.119
0.170
0.120
0.120
0.177
0.172
0.177
0.173
0.160
-1.087
0.120
0.173
0.168
0.120
0.172
0.176
0.120
0.120
0.176
0.173
0.120
0.115
0.120
0.173
0.116
0.120
0.120
0.126
0.177
0.173
0.171
0.167
0.120
0.177
-0.628
0.176
0.116
0.173
0.157
0.170
0.000
0.000
0.000
0.000
0.000
0.000
0.000
0.000
0.000
0.000
0.000
0.000
0.000
0.000
0.000
0.000
0.000
0.000
0.000
0.000
0.000
0.000
0.000
0.000
0.000
0.000
0.000
0.175
0.123
0.177
0.176
0.179
0.173
0.123
0.121
0.173
0.175
0.179
0.120
0.179
0.123
0.174
0.179
0.175
0.178
0.123
0.172
0.121
0.123
0.175
0.119
0.123
0.176
0.172
0.172
0.178
0.178
0.176
0.179
0.175
0.176
0.175
-1.084
0.176
0.175
0.122
0.176
0.176
0.172
0.176
0.179
0.175
0.123
0.123
0.173
0.123
0.123
0.119
0.179
0.175
0.175
0.123
0.178
0.000
0.000
0.000
0.000
0.000
0.000
0.000
0.000
0.000
0.000
0.000
0.000
0.000
0.175
0.175
0.123
0.179
0.172
0.123
0.123
0.123
0.170
0.175
0.123
0.168
0.123
0.123
-0.948
0.123
0.176
0.123
0.178
0.179
0.175
0.175
0.178
0.119
0.178
0.179
0.116
0.172
0.172
0.122
0.175
0.175
0.170
0.119
0.123
0.175
0.000
0.000
0.000
0.000
0.000
0.000
0.000
0.000
0.000
0.000
0.000
0.000
0.000
0.000
0.000
0.000
0.000
0.000
0.000
0.000
0.000
0.000
0.000
0.000
0.000
0.000
0.000
0.172
0.179
0.151
0.123
0.176
0.175
0.172
0.176
0.123
0.172
0.172
0.123
0.172
0.123
0.175
0.179
0.123
0.174
0.175
0.123
0.122
0.123
0.123
0.170
0.123
0.179
0.123
0.175
0.179
0.119
0.176
0.179
0.173
0.175
0.175
0.130
0.172
0.123
0.168
0.123
0.179
0.123
0.123
0.123
0.131
0.178
0.175
0.170
0.176
0.172
0.123
0.176
0.123
0.178
0.123
0.123
0.175
0.123
0.123
0.123
0.123
0.172
0.171
0.179
0.175
0.179
0.175
0.175
0.172
0.176
0.123
0.178
0.000
0.000
0.000
0.000
0.000
0.000
0.000
0.000
0.000
0.000
0.000
0.000
0.000
0.000
0.000
0.000
0.000
0.000
0.000
0.000
0.000
0.000
0.000
0.000
0.000
0.000
0.000
0.000
0.000
0.000
0.000
0.000
0.000
0.000
0.000
0.000
0.000
0.000
0.000
0.000
0.000
0.000
0.000
0.000
0.000
0.000
0.000
0.000
0.000
0.000
0.000
0.000
0.000
0.000
0.000
0.000
0.000
0.000
0.000
0.161
0.123
0.175
0.173
0.178
0.123
0.122
0.175
0.179
0.120
0.123
0.172
0.123
0.123
0.176
0.173
0.123
0.179
0.171
0.179
0.123
0.123
0.172
0.175
0.118
0.175
0.176
0.174
0.176
0.179
0.176
0.175
0.123
0.177
0.123
0.178
0.000
0.000
0.000
0.000
0.000
0.000
0.000
0.000
0.000
0.000
0.000
0.123
0.123
0.123
0.178
0.147
0.172
0.175
0.169
0.176
0.179
0.178
0.172
0.179
-1.553
0.176
0.172
0.118
0.123
0.176
0.175
0.177
0.123
0.172
0.178
0.178
0.179
0.382
0.382
0.382
0.123
0.179
0.175
0.123
0.123
0.175
0.179
0.176
0.178
0.123
0.123
0.123
0.179
0.179
0.175
0.123
0.123
0.175
0.179
0.175
0.175
0.176
0.123
0.173
0.179
0.176
0.175
0.178
0.123
0.121
0.178
0.175
0.122
0.172
0.123
0.123
0.179
0.176
0.178
0.172
0.179
0.175
0.175
0.179
0.123
0.176
0.176
0.173
0.123
0.176
0.123
0.172
0.178
0.172
0.123
0.123
0.123
0.175
0.179
0.173
0.175
0.123
0.174
0.175
0.123
0.173
0.120
0.120
0.119
0.120
0.172
0.170
0.173
0.176
0.172
0.170
0.176
0.150
0.170
0.177
0.177
0.172
0.120
0.170
0.173
0.177
0.173
0.173
0.000
0.000
0.000
0.000
0.000
0.000
0.000
0.000
0.000
0.000
0.000
0.173
0.170
0.176
0.173
0.120
0.120
0.173
0.173
0.175
0.173
0.176
0.170
0.177
0.177
0.175
0.173
0.120
0.120
0.173
0.173
0.174
0.120
0.120
0.119
0.176
0.177
0.173
0.120
0.120
0.172
0.176
0.177
0.119
0.120
0.120
0.160
0.172
0.177
0.156
0.177
0.173
0.172
0.173
0.120
0.169
0.170
0.173
0.173
-0.625
0.172
0.154
0.173
0.116
0.116
0.177
-0.614
0.176
-0.614
-0.626
0.171
0.116
-1.284
-0.627
-0.626
0.157
0.157
-0.623
0.120
0.156
0.167
0.120
-0.623
0.170
0.156
0.159
0.160
0.160
0.172
-0.615
0.116
0.177
0.154
0.176
0.120
0.200
0.200
0.200
0.200
0.200
0.198
0.154
-0.628
0.173
0.161
0.169
-2.945
-0.629
-0.627
0.116
-0.622
0.173
-1.678
0.161
0.172
0.119
0.123
0.167
-0.579
0.170
0.165
0.119
0.120
0.179
0.160
0.179
0.179
0.168
0.173
0.178
0.165
0.165
0.120
-0.571
0.175
0.168
0.164
0.120
0.176
0.164
0.175
0.176
0.174
0.165
-0.579
0.123
0.170
0.161
-1.552
0.171
0.168
0.000
0.000
0.000
0.000
0.000
0.000
0.000
0.000
0.000
0.172
0.176
0.175
0.168
0.177
0.121
0.121
0.174
0.174
0.121
0.174
0.177
0.121
0.119
0.177
-0.613
0.117
0.177
0.174
0.171
0.174
0.173
0.121
0.171
0.173
0.172
0.168
0.170
0.175
0.168
0.116
0.168
0.174
0.117
0.171
0.174
0.114
0.176
0.176
0.120
0.177
0.176
-3.367
0.173
0.120
0.116
0.170
0.173
0.176
0.172
0.172
-0.626
0.173
0.120
0.120
0.120
0.173
0.177
0.120
0.120
0.176
0.116
0.177
0.120
0.176
0.170
0.169
-1.270
-1.301
-1.619
0.120
0.173
0.120
0.176
0.177
0.120
0.120
0.177
0.176
0.120
0.120
0.172
0.165
0.165
0.165
0.170
0.173
0.175
0.177
0.174
0.173
0.121
0.121
0.174
0.174
0.121
0.168
0.174
0.174
0.177
0.121
0.121
0.138
0.121
0.121
0.139
0.171
0.173
0.176
0.121
0.173
0.171
0.174
0.177
0.121
0.121
0.121
0.176
0.174
0.174
0.171
0.174
0.174
0.171
0.174
0.174
0.121
0.115
0.170
0.169
0.171
0.171
0.173
0.176
0.174
0.121
0.121
0.174
0.157
0.174
0.121
0.119
0.121
0.121
0.121
0.177
0.177
0.173
0.173
0.121
0.164
0.177
0.177
0.172
0.171
0.174
0.117
0.174
0.173
0.121
0.177
0.177
0.176
0.176
0.174
0.171
0.177
0.177
0.170
0.381
0.381
0.381
0.381
0.381
0.381
0.176
0.174
0.118
0.174
0.174
0.121
0.174
0.121
0.173
0.176
0.121
0.121
0.174
0.174
0.173
0.121
0.177
0.121
0.177
0.176
0.176
0.174
0.121
0.140
0.174
0.177
0.169
0.177
0.121
0.121
0.172
0.177
0.171
0.176
0.174
0.176
0.177
0.174
0.175
0.174
0.121
0.119
0.174
0.176
-0.547
0.121
0.121
0.121
0.121
0.177
0.176
0.177
0.174
0.172
0.171
0.171
0.121
0.171
0.121
0.139
0.174
0.174
0.121
0.171
0.174
0.118
0.172
0.173
0.173
0.173
0.173
0.173
0.177
0.174
0.176
0.176
0.176
0.168
0.121
0.177
0.121
0.121
0.173
0.173
0.000
0.000
0.000
0.000
0.000
0.000
0.000
0.000
0.000
0.000
0.000
0.000
0.000
0.000
0.000
0.000
0.000
0.000
0.000
0.000
0.000
0.174
0.171
0.174
0.136
0.171
0.169
0.160
0.171
0.170
0.121
0.174
0.000
0.000
0.000
0.000
0.000
0.000
0.000
0.000
0.000
0.000
0.000
0.000
0.000
0.000
0.000
0.000
0.000
0.000
0.000
0.000
0.000
0.000
0.000
0.000
0.000
0.000
0.000
0.000
0.000
0.000
0.000
0.000
0.000
0.176
0.175
0.173
0.121
0.176
0.170
0.173
0.170
0.171
0.174
-2.226
-1.408
-1.403
-1.402
-1.720
-2.306
-1.273
-1.273
-2.002
-1.282
-1.273
-2.095
0.173
0.173
-1.239
0.121
0.177
0.151
0.121
0.177
0.174
0.121
0.173
0.121
0.174
0.121
0.119
0.121
0.121
0.141
0.173
0.176
0.150
0.121
0.177
0.000
0.000
0.000
0.000
0.000
0.000
0.000
0.000
0.000
0.000
0.000
0.000
0.000
0.000
0.000
0.000
0.000
0.000
0.000
0.000
0.000
0.000
0.000
0.000
0.000
0.000
0.000
0.000
0.000
0.000
0.000
0.000
0.000
0.000
0.000
0.000
0.000
0.000
0.000
0.000
0.000
0.000
0.000
0.000
0.000
0.000
0.000
0.000
0.000
0.000
0.000
0.000
0.000
0.000
0.000
0.000
0.000
0.000
0.000
0.000
0.000
0.000
0.000
0.000
0.000
0.000
0.000
0.000
0.000
0.000
0.000
0.000
0.000
0.000
0.000
0.000
0.000
0.000
0.000
0.000
0.000
0.000
0.000
0.000
0.000
0.000
0.000
0.000
0.000
0.000
0.000
0.178
0.178
0.120
0.120
0.176
0.178
0.161
0.123
0.176
0.123
0.178
0.178
0.120
0.178
0.123
0.172
0.167
0.174
0.175
0.175
0.124
-2.765
-2.722
-3.522
0.000
0.000
0.000
0.000
0.000
0.000
0.000
0.000
0.000
0.000
0.000
0.000
0.174
0.179
0.122
0.175
0.178
0.128
0.000
0.000
0.000
0.000
0.000
0.000
0.000
0.000
0.000
0.000
0.000
0.000
0.000
0.000
0.000
0.000
0.000
0.000
0.000
0.000
0.000
0.000
0.000
0.000
0.000
0.000
0.000
0.000
0.000
0.000
0.000
0.000
0.000
0.000
0.000
0.000
0.000
0.000
0.000
0.000
0.000
0.000
0.179
0.175
0.171
0.121
0.178
0.122
0.118
0.179
0.175
0.000
0.000
0.000
0.000
0.000
0.000
0.000
0.000
0.000
0.000
0.000
0.000
0.000
0.000
0.000
0.000
0.000
0.000
0.000
0.000
0.000
0.000
0.000
0.000
0.000
0.000
0.000
0.000
0.000
0.000
0.000
0.000
0.000
0.000
0.000
0.000
0.000
0.000
0.000
0.000
0.000
0.000
0.000
0.000
0.000
0.000
0.000
0.000
0.000
0.000
0.000
0.000
0.000
0.000
0.000
0.000
0.000
0.000
0.000
0.000
0.000
0.000
0.000
0.000
0.000
0.000
