fixedStep chrom=ENSGT00390000001057 start=1 step=1
0.068
0.068
0.068
0.068
0.068
0.068
0.064
0.068
0.053
0.064
0.068
0.064
0.068
0.068
0.064
0.066
0.068
0.066
0.068
0.068
0.064
0.068
0.068
0.068
0.068
0.057
0.064
0.068
0.064
0.068
0.068
0.065
0.062
0.068
0.068
0.068
0.068
0.068
0.065
0.068
0.068
0.068
0.068
0.064
0.068
0.068
0.068
0.068
0.068
0.068
0.068
0.068
0.068
0.065
0.067
0.064
0.065
0.064
0.052
0.068
0.068
0.068
0.068
0.068
0.065
0.068
0.068
0.065
0.052
0.068
0.068
0.068
0.068
0.068
0.066
0.068
0.068
0.068
0.068
0.068
0.068
0.064
0.068
0.067
0.068
0.065
0.067
0.068
0.068
0.068
0.068
0.068
0.064
0.068
0.068
0.068
0.066
0.068
0.068
0.068
0.068
-2.901
-1.222
-1.225
-1.409
-2.099
-1.225
-2.872
-1.225
-1.225
-1.222
-1.507
-1.507
-2.042
0.052
0.068
0.068
0.068
0.068
0.064
0.065
0.062
0.068
0.063
0.068
0.066
0.053
-2.282
0.068
0.068
0.068
0.068
0.068
0.068
0.068
0.068
0.062
0.068
0.052
0.068
0.068
0.068
0.064
0.053
0.064
0.065
0.064
0.068
0.068
0.057
0.068
0.068
0.065
0.068
0.068
0.068
0.068
0.068
0.068
0.068
0.068
0.068
0.068
0.068
0.068
0.064
0.068
0.066
0.068
0.068
0.062
0.068
0.068
0.068
0.068
0.068
0.062
0.068
0.068
0.068
0.068
0.068
0.068
0.068
0.068
0.055
0.068
0.059
0.067
0.068
0.065
0.068
0.068
0.068
0.064
-2.875
-3.407
-3.456
-2.875
-2.872
-3.480
-3.550
-3.126
-3.550
-5.083
-4.427
-3.958
-3.550
-3.731
-3.547
-0.185
-0.185
-0.185
0.068
0.065
0.067
0.068
0.068
0.068
0.065
0.068
0.068
0.068
0.068
0.068
0.068
0.068
0.068
0.068
0.068
0.068
0.068
0.068
0.068
0.068
0.068
0.053
0.068
0.068
0.063
0.068
0.068
0.068
0.068
0.068
0.066
0.068
0.068
0.068
0.068
0.068
0.066
0.068
0.068
0.064
0.052
0.064
0.068
0.068
0.057
0.068
0.068
0.068
0.068
0.068
0.068
0.068
0.068
0.066
0.066
0.068
0.068
0.068
0.068
0.068
0.068
0.068
0.068
0.068
0.068
0.068
0.068
0.068
0.068
0.058
0.068
0.068
0.068
0.068
0.068
0.064
0.068
0.068
0.068
0.053
0.068
0.064
0.068
0.068
0.068
0.067
0.068
0.068
0.068
0.068
0.068
0.068
0.065
0.065
0.068
0.068
0.068
0.068
0.068
0.068
0.068
0.068
0.068
0.068
0.068
0.068
0.068
0.068
0.068
0.068
0.066
0.065
0.067
0.068
0.068
0.068
0.068
0.068
0.068
0.068
0.062
0.068
0.068
0.066
0.068
0.068
0.068
0.068
0.068
0.068
0.068
0.068
0.064
0.068
0.068
0.068
0.068
0.068
0.058
0.068
0.068
0.068
0.068
0.068
0.068
0.068
0.068
0.066
0.068
0.068
0.068
0.068
0.068
0.068
0.068
0.068
0.068
0.064
-1.733
0.068
0.068
0.068
0.068
0.068
0.068
0.068
0.068
0.068
0.067
0.068
0.068
0.068
0.068
0.068
0.064
0.068
0.068
0.068
0.068
0.068
0.068
0.068
0.068
0.068
0.068
0.068
0.068
0.068
0.065
0.065
0.068
0.068
0.068
-1.225
-1.225
-1.225
0.064
0.052
0.052
0.068
0.068
0.068
0.068
0.068
0.062
0.068
0.068
0.053
0.065
0.068
0.068
0.068
0.068
0.052
0.068
0.068
0.065
0.068
0.068
0.068
0.068
0.068
0.068
0.068
0.068
0.068
0.068
0.068
0.066
0.068
0.068
0.068
0.068
0.068
0.063
0.068
0.068
0.068
0.068
0.068
0.064
0.068
0.068
0.066
0.068
0.068
0.068
0.068
0.068
0.068
0.068
0.052
0.068
0.068
0.068
0.068
0.068
0.068
0.068
0.068
0.068
0.065
0.068
0.068
0.068
0.068
0.068
0.065
0.067
0.068
0.068
0.068
0.068
0.068
0.068
0.068
0.064
0.068
0.068
0.068
0.067
0.068
0.068
0.068
0.068
0.053
0.064
0.068
0.068
0.068
0.068
0.068
0.068
0.068
0.065
0.068
0.068
0.068
0.051
0.068
0.064
0.068
0.068
0.064
0.068
0.068
0.051
0.064
0.068
0.064
0.068
0.068
0.068
0.068
0.068
0.068
0.068
0.068
0.068
0.068
0.065
0.068
0.068
0.068
0.050
0.068
0.068
0.068
0.068
0.068
0.066
0.068
0.068
0.068
0.064
0.065
0.068
0.068
0.065
0.064
0.064
0.068
0.068
-1.874
-1.874
-1.874
0.000
0.000
0.000
