fixedStep chrom=ENSGT00390000015478 start=1 step=1
-1.543
-1.521
-1.548
0.085
0.085
-1.461
0.089
-0.813
-0.812
0.089
0.089
0.089
0.089
0.076
0.089
0.089
0.089
0.089
0.089
0.089
0.089
0.089
-0.813
0.089
0.089
0.089
0.076
0.089
0.089
0.089
0.089
0.089
0.076
0.076
0.089
0.089
-0.541
-0.541
-0.541
-0.541
-0.541
-0.541
-0.964
-0.541
-0.541
-0.547
-0.541
-0.541
-0.541
-0.541
-0.541
0.089
0.089
0.089
0.089
0.089
0.087
0.089
-0.812
0.089
0.089
0.084
0.089
0.089
0.089
0.089
0.089
0.089
0.089
-0.541
-0.541
-0.541
0.086
0.089
0.089
0.089
0.089
0.089
0.076
0.076
0.076
0.089
-0.812
0.089
0.089
0.089
0.076
0.076
0.089
0.089
0.076
0.089
0.088
0.089
0.089
0.089
0.089
0.089
0.089
-0.813
-0.813
0.089
0.089
0.089
0.089
0.076
0.089
0.089
0.076
0.089
0.076
-0.813
-0.808
0.089
0.089
0.089
0.089
0.089
0.088
0.075
0.088
0.076
0.076
0.089
0.089
0.089
0.076
0.089
0.089
0.089
0.089
0.089
0.076
0.089
0.089
0.089
0.089
0.089
0.089
0.089
0.088
-1.283
0.089
0.089
0.089
0.089
0.089
0.089
0.089
0.089
0.089
0.089
0.089
0.089
0.089
0.089
0.089
0.089
0.089
0.089
0.089
0.089
0.089
0.089
0.089
-0.813
0.089
0.089
0.089
0.089
0.089
0.088
0.089
0.089
0.089
0.089
0.089
0.089
0.089
0.089
-0.813
0.089
0.076
0.076
0.076
-0.813
0.089
0.076
-0.813
0.089
-0.813
0.076
-0.813
-0.812
-0.813
-0.541
-0.541
-0.541
-0.541
-0.541
-0.541
0.076
0.089
0.076
0.089
0.089
0.089
0.089
0.089
0.089
0.089
0.089
0.089
0.088
0.089
0.076
0.089
0.089
0.089
0.089
0.089
0.089
0.089
0.089
0.089
0.088
0.089
0.089
0.076
0.076
0.089
-0.812
-0.813
-1.398
0.089
-0.813
-0.808
0.089
0.076
0.089
0.089
0.089
0.076
0.089
0.089
0.089
0.089
-0.813
0.076
0.076
0.089
0.089
0.087
0.089
0.076
0.089
0.089
-0.813
-1.497
0.089
0.089
0.089
0.089
0.076
0.089
0.089
0.089
0.089
0.089
0.089
0.089
0.089
0.076
0.089
0.089
0.089
0.089
0.089
0.089
0.089
0.088
0.071
0.089
0.089
0.076
0.089
0.089
0.089
0.076
0.071
0.089
0.089
0.076
0.089
-0.813
-0.813
0.089
0.089
-0.813
0.089
-0.808
0.089
0.089
0.089
0.089
0.089
0.089
0.089
0.089
0.089
0.089
0.089
-0.813
0.089
0.089
0.089
0.089
0.089
0.089
0.089
0.089
0.089
-0.813
0.089
0.089
0.089
0.089
-0.813
-0.812
0.089
-0.813
-0.813
0.089
0.076
-0.813
0.089
0.089
0.075
0.089
0.089
0.089
0.089
0.089
-0.812
0.076
0.089
0.089
0.089
0.089
0.089
0.089
0.089
0.089
0.089
0.089
0.089
-0.812
0.089
0.089
0.076
0.089
-0.813
0.076
0.089
0.076
0.076
0.076
-0.813
0.089
-0.541
-0.541
-0.541
0.089
-0.808
0.089
0.089
0.089
0.089
0.089
0.076
0.076
0.089
0.089
0.089
0.089
0.089
-2.046
-0.813
0.089
0.089
0.089
-0.808
0.076
0.089
0.089
0.089
-1.232
0.076
-0.813
-1.398
0.089
0.077
0.076
0.089
-1.422
-0.541
-0.541
-0.541
0.089
0.089
0.076
0.076
0.076
0.088
0.076
0.076
0.076
0.089
0.089
0.076
0.089
0.089
0.089
0.088
0.089
0.076
0.076
0.089
0.089
0.089
0.089
0.089
0.089
0.089
0.089
-0.541
-0.541
-0.541
-0.541
-0.541
-0.541
-0.541
-0.541
-0.541
0.089
0.089
0.076
0.089
0.089
0.089
0.089
0.089
0.089
0.089
0.087
0.089
0.089
0.089
0.089
0.089
0.088
0.089
0.089
0.076
0.089
0.088
0.089
0.089
0.089
0.089
0.089
0.085
0.089
-0.813
0.076
0.088
-0.808
-0.813
0.089
0.089
0.089
0.089
0.089
-0.813
0.076
0.089
0.089
0.088
0.089
0.089
0.089
0.089
0.089
0.089
0.089
-0.541
-0.541
-0.541
-0.541
-0.541
-0.541
-0.541
-0.541
-0.541
-0.541
-0.541
-0.541
-0.541
-0.541
-0.541
-0.541
-0.541
-0.541
0.089
-0.813
-0.808
-0.813
0.076
0.076
-0.812
0.071
0.089
0.076
0.076
0.089
0.089
0.089
0.089
0.076
0.089
0.089
-0.808
0.089
0.089
0.089
0.089
0.089
0.089
0.075
0.089
0.089
0.089
0.076
0.076
0.076
0.089
0.089
0.089
0.089
0.089
0.089
0.089
0.089
0.089
0.089
0.089
0.089
-0.812
0.089
0.089
0.084
0.076
0.076
0.089
0.089
0.089
0.089
-0.812
0.089
0.089
0.089
0.089
0.089
0.089
0.089
0.089
0.089
0.089
0.089
0.088
0.076
0.087
0.089
0.089
0.076
-0.541
-0.541
-0.541
-0.544
-0.541
-0.541
-0.541
-0.541
-0.800
0.076
0.076
0.076
-0.808
-0.808
-0.808
-1.993
0.089
-0.813
0.089
0.089
-0.812
0.076
-0.813
-0.813
0.089
0.089
-0.813
-0.812
-0.813
-0.812
0.076
-0.813
0.088
0.088
0.076
0.076
0.076
0.089
-0.812
0.076
0.089
0.089
0.089
-0.813
0.089
0.089
0.075
0.089
0.089
0.089
0.088
-0.813
0.087
0.089
0.089
0.089
0.076
0.089
0.089
0.089
-0.541
-0.619
-0.541
0.089
0.076
0.089
0.089
0.089
0.088
0.089
0.089
0.089
0.089
0.089
0.089
0.089
0.089
0.089
0.089
0.089
0.089
0.089
0.089
0.089
0.076
0.076
0.076
0.089
0.089
0.089
0.089
0.089
0.089
-0.812
-0.813
0.076
-0.812
0.076
-0.812
0.089
0.089
0.089
-0.812
0.072
0.089
0.076
0.089
0.089
-2.367
-1.477
-1.481
0.089
0.089
0.089
0.089
0.089
0.089
-1.521
-1.542
-1.542
0.089
0.089
0.089
0.089
-2.994
0.089
0.089
-0.808
-0.808
0.089
-0.813
0.089
0.089
0.089
0.089
0.089
-0.812
0.089
0.089
-0.813
0.089
0.089
-0.808
-0.813
-0.813
0.085
0.089
0.088
0.089
0.089
-0.808
0.089
0.089
-1.933
-1.548
-1.521
-1.933
-1.548
-1.823
0.076
-0.813
-0.812
0.076
0.089
-0.813
-0.812
0.089
0.089
0.089
0.076
-0.808
-0.541
-0.541
-0.541
-0.808
0.088
0.089
-0.541
-0.541
-0.541
-1.517
-0.812
0.089
0.076
-0.808
0.089
0.089
0.089
0.089
0.089
-2.866
0.089
0.089
-0.813
-0.808
0.089
0.089
0.089
-0.808
0.089
0.089
0.089
0.074
0.076
0.089
0.088
0.076
0.089
0.089
0.089
-0.812
0.089
0.088
0.089
0.089
0.089
0.076
0.089
-0.812
0.089
0.089
0.089
-0.541
-0.541
-0.541
0.000
0.000
0.000
