fixedStep chrom=ENSGT00390000002766 start=1 step=1
0.000
0.000
0.000
0.000
0.000
0.000
0.000
0.000
0.000
0.167
0.170
0.167
0.167
-0.343
-0.316
0.154
0.170
-0.804
-2.892
-0.330
0.167
0.168
0.151
-2.486
0.167
0.156
-0.139
-0.136
0.155
0.167
0.155
0.167
0.155
0.156
0.167
-0.316
-0.135
0.170
-0.139
0.170
0.168
0.168
0.170
0.167
0.167
0.156
0.170
0.156
0.170
0.167
0.168
0.170
0.167
0.156
0.152
0.167
0.153
0.170
0.167
0.168
0.168
-0.136
0.155
-0.138
0.170
-0.139
0.155
0.154
0.161
-1.363
-1.844
-3.632
-0.136
-0.139
-0.345
0.156
-0.136
0.156
0.143
-0.138
0.161
0.151
0.170
-0.276
0.161
0.170
0.166
0.167
0.167
0.167
0.168
0.168
0.168
0.170
0.167
0.167
0.167
0.167
0.164
0.168
0.165
0.154
-0.135
0.168
0.137
0.155
0.170
0.162
0.170
0.170
0.151
0.167
0.167
0.138
-0.136
0.168
0.168
0.167
0.170
-0.139
0.153
0.170
0.152
-0.139
0.170
-0.840
-0.136
0.168
0.164
0.162
0.170
0.167
0.128
0.170
-0.136
0.167
-0.139
-0.842
0.167
0.170
0.167
0.167
0.156
-3.186
-0.693
0.170
0.131
0.154
0.167
0.168
0.167
0.168
-0.436
0.167
-0.139
-0.868
0.170
0.167
0.156
0.163
0.170
0.168
0.170
0.166
0.155
0.167
0.170
-0.276
0.168
0.168
-0.800
-0.138
-0.854
-0.139
0.152
0.163
0.168
0.167
0.170
0.156
-0.138
-0.136
0.140
-0.139
0.156
0.147
0.155
0.156
-0.135
0.168
-0.136
0.167
-0.139
0.151
-0.138
0.170
-0.135
0.156
0.170
0.170
0.157
-0.136
-0.138
0.155
0.167
-0.695
-0.159
0.155
0.170
0.167
0.156
0.155
-0.268
0.097
0.097
0.094
0.097
0.097
0.097
0.097
0.097
0.094
0.097
0.097
0.097
0.096
0.097
0.096
0.096
0.097
0.097
0.096
0.097
0.097
0.097
0.000
0.000
