fixedStep chrom=ENSGT00390000007772 start=1 step=1
0.108
0.108
0.108
0.107
0.108
0.108
0.108
0.108
0.087
0.108
0.108
0.106
0.108
0.108
0.108
0.108
0.108
0.092
0.108
0.108
0.108
0.108
0.108
0.108
0.108
0.108
0.102
0.108
0.108
0.107
0.090
0.103
0.108
0.108
0.099
0.105
0.108
0.107
0.104
0.108
0.108
0.108
0.108
0.108
0.108
0.108
0.108
0.101
-1.458
-1.268
-1.534
0.102
0.085
0.108
0.108
0.107
0.107
0.108
0.108
0.092
0.108
0.108
0.108
0.108
0.108
0.108
0.108
0.108
0.102
0.095
0.107
0.107
0.106
0.102
0.108
0.108
0.108
0.108
0.108
0.108
0.107
0.108
0.108
0.107
0.101
0.085
0.106
0.108
0.108
0.108
0.102
0.108
0.108
0.147
0.147
0.147
0.106
0.108
0.102
0.108
0.108
0.105
0.096
0.108
0.090
0.097
0.105
0.092
0.100
0.078
0.107
-1.205
-1.385
-1.205
0.108
0.108
0.105
0.106
0.106
0.108
0.092
0.102
0.108
0.097
0.102
0.092
0.107
0.092
0.105
0.105
0.108
0.108
0.108
0.108
0.108
0.108
0.107
0.107
0.108
0.107
0.108
0.108
0.108
0.108
0.105
0.108
0.108
-1.239
-2.132
-1.318
0.108
0.108
0.107
0.095
0.100
0.107
0.106
0.108
0.105
0.106
0.108
0.108
0.108
0.096
0.108
0.108
0.107
0.108
0.099
0.105
0.092
0.102
0.108
0.106
0.108
0.106
0.108
0.107
0.107
0.100
0.107
0.108
0.089
0.107
0.108
0.105
0.108
0.108
0.108
0.108
0.108
0.108
0.108
0.107
0.107
0.107
0.103
0.089
0.108
0.108
0.108
0.102
0.108
0.108
0.102
0.108
0.108
0.105
0.108
0.108
0.103
0.106
0.092
0.108
0.108
0.108
0.107
0.104
0.105
0.108
0.103
0.108
0.107
0.108
0.105
0.106
0.102
0.108
0.107
0.102
0.106
0.107
0.108
0.108
0.108
0.108
0.104
0.108
0.108
0.107
0.108
0.108
0.107
0.108
0.102
0.108
0.108
0.107
0.108
0.107
0.092
0.108
0.104
0.108
0.102
0.108
0.108
0.090
0.108
0.108
0.105
0.104
0.108
0.108
0.103
0.108
0.107
0.108
0.105
0.108
0.108
0.108
0.105
0.108
0.108
0.105
0.105
0.108
0.107
0.108
0.103
0.092
0.108
0.108
0.105
0.108
0.108
0.103
0.108
0.107
0.108
0.108
0.108
0.108
0.103
0.108
0.108
0.108
0.108
0.106
0.105
0.108
0.108
0.107
0.108
0.100
0.108
0.108
0.108
0.108
0.108
0.103
0.107
0.108
0.108
0.108
0.108
0.104
0.105
0.108
0.097
0.108
0.106
0.090
0.102
0.107
0.107
0.106
0.108
0.100
0.108
0.108
0.107
0.104
0.106
0.108
0.106
0.104
0.105
0.108
0.102
0.108
0.108
0.086
0.099
0.108
0.108
0.105
0.107
0.108
0.108
0.108
0.108
0.108
0.108
0.106
0.108
0.106
0.108
0.105
0.108
0.105
0.100
0.103
0.103
0.107
0.108
0.108
0.107
0.107
0.102
0.108
0.090
0.105
0.092
0.106
0.105
0.106
0.108
0.108
0.108
0.108
0.108
0.108
0.100
0.108
0.108
0.108
0.108
0.105
0.108
0.108
0.108
0.107
0.102
0.105
0.108
0.108
0.107
0.108
0.108
0.105
0.108
0.108
0.092
0.105
0.108
0.108
0.108
0.108
0.103
0.088
0.108
0.105
0.105
0.108
0.104
0.108
0.108
0.108
0.092
0.092
0.108
-3.607
-3.605
-3.608
0.102
0.108
0.108
0.105
0.092
0.107
0.106
0.097
0.106
0.108
0.108
0.107
0.108
0.108
0.108
0.106
0.108
0.108
0.108
0.108
0.097
0.103
0.108
0.108
0.108
0.108
0.107
0.108
0.108
0.108
0.107
0.108
0.105
0.105
0.108
0.106
0.108
0.105
0.108
0.108
0.107
0.103
0.108
0.092
0.108
0.092
0.108
0.092
0.108
0.108
0.097
0.108
0.108
0.096
0.106
0.108
0.097
0.108
0.108
0.092
0.105
0.104
0.108
0.092
0.097
0.090
0.092
0.108
0.107
0.108
0.087
0.108
0.108
0.092
0.108
0.108
0.105
0.104
0.107
0.108
0.105
0.108
0.107
0.108
0.108
0.108
0.092
0.101
0.108
0.105
0.104
0.108
0.108
0.103
0.108
0.106
0.108
0.108
0.108
0.108
0.106
0.108
0.108
0.108
0.106
0.108
0.108
0.108
0.108
0.108
0.108
0.108
0.108
0.102
0.105
0.108
0.092
-1.635
-2.238
-2.311
0.108
0.106
0.106
0.107
0.108
0.108
0.108
0.108
0.102
0.107
0.106
0.092
0.103
0.108
0.107
0.108
0.105
0.108
0.105
0.107
0.107
0.108
0.107
0.108
-0.422
-0.427
-0.431
-0.429
-0.550
-0.421
-0.421
-0.420
-0.421
-0.426
-0.421
-0.421
-0.421
-0.421
-0.421
0.000
0.000
0.000
0.000
0.000
0.000
0.000
0.000
0.000
0.000
0.000
0.000
0.000
0.000
0.000
0.105
0.108
0.102
0.108
0.108
0.108
0.108
0.106
0.103
0.108
0.108
0.108
0.100
0.092
0.108
0.092
0.108
0.108
0.108
0.104
0.108
0.108
0.105
0.108
0.108
0.105
0.108
0.108
0.100
0.101
0.108
0.108
0.102
0.108
0.108
0.108
0.105
0.107
0.106
0.108
0.105
0.108
-1.257
-2.122
-1.237
-1.238
-2.397
-1.922
0.103
0.103
0.103
0.103
0.107
0.108
0.085
0.105
0.108
0.108
0.108
0.108
0.106
0.102
0.091
0.108
0.104
0.105
0.108
0.108
0.108
0.108
0.100
0.102
0.108
0.108
0.108
0.108
0.108
0.108
0.108
0.107
0.108
0.107
0.108
0.108
0.108
0.108
0.108
0.104
0.108
0.107
0.108
0.108
0.108
0.092
0.108
0.107
0.108
0.108
0.108
0.108
0.102
0.108
0.108
0.108
0.108
0.108
0.108
0.090
0.108
0.108
0.102
0.108
0.108
0.108
0.106
0.108
0.108
0.107
0.108
0.108
0.108
0.108
0.108
0.108
0.108
0.100
0.108
0.108
0.106
0.107
0.107
0.104
-0.022
-0.014
-0.014
-0.014
-0.014
-0.014
-0.014
-0.014
-0.014
0.108
0.106
0.108
0.108
0.108
0.108
0.106
0.108
0.108
0.106
0.108
0.097
0.029
0.012
0.012
0.145
0.145
0.145
0.108
0.108
0.095
0.105
0.105
0.101
0.108
0.107
0.097
0.106
0.103
0.083
0.106
0.106
0.102
0.000
0.000
0.000
0.000
0.000
0.000
0.000
0.000
0.000
0.108
0.085
0.103
0.105
0.108
0.090
0.091
0.092
0.084
0.108
0.106
0.097
0.108
0.108
0.108
0.108
0.101
0.099
0.108
0.108
0.106
0.108
0.108
0.108
0.108
0.108
0.108
0.108
0.108
0.100
0.108
0.108
0.108
0.087
0.108
0.096
0.105
0.108
0.108
0.108
0.108
0.105
0.108
0.097
0.106
0.108
0.108
0.108
