fixedStep chrom=ENSGT00390000002707 start=1 step=1
0.075
0.075
0.075
0.075
0.075
0.075
0.075
0.075
0.075
0.075
0.075
0.075
0.075
0.075
0.075
0.075
0.075
0.075
0.075
0.075
0.070
0.075
0.075
0.075
0.075
0.075
0.072
0.075
0.075
0.075
0.075
0.075
0.075
0.075
0.075
0.072
0.075
0.075
0.075
0.075
0.075
0.075
0.075
0.075
0.075
0.073
0.075
0.075
0.075
0.075
0.069
0.075
0.075
0.075
0.075
0.075
0.072
0.075
0.073
0.075
0.075
0.075
0.069
0.075
0.075
0.064
0.075
0.075
0.075
0.075
0.075
0.073
0.075
0.075
0.075
0.075
0.075
0.075
0.075
0.075
0.072
0.075
0.075
0.075
0.075
0.075
0.075
0.075
0.073
0.072
0.075
0.075
0.075
0.075
0.061
0.075
0.075
0.075
0.075
0.075
0.075
0.075
0.075
0.075
0.075
0.075
0.075
0.075
0.075
0.075
0.075
0.075
0.075
0.075
0.075
0.075
0.073
0.073
0.075
0.075
0.075
0.075
0.075
0.075
0.075
0.075
0.071
0.075
0.075
0.073
0.075
0.075
0.075
0.075
0.073
0.075
0.075
0.073
0.075
0.075
0.054
0.072
0.061
0.072
0.075
0.075
0.056
0.071
0.075
0.075
-0.124
-0.124
-0.124
-1.402
-1.400
-1.400
0.075
0.075
0.073
-0.124
-0.124
-0.124
-1.401
-1.400
-1.402
0.075
0.073
0.056
0.075
0.075
0.075
0.075
0.067
0.072
0.075
0.073
0.073
0.071
0.075
0.071
0.056
0.068
0.075
0.075
0.075
0.075
0.075
0.075
0.075
0.073
0.075
0.073
0.075
0.075
0.073
0.073
0.075
0.075
0.075
0.061
0.075
0.075
0.075
0.075
0.075
0.075
0.075
0.075
0.075
0.075
0.075
0.075
0.075
0.075
0.075
0.075
0.075
0.075
0.075
0.075
0.075
0.067
0.071
0.075
0.075
0.074
0.075
0.075
0.075
0.075
0.070
0.075
0.075
0.075
