fixedStep chrom=ENSGT00390000009987 start=1 step=1
0.058
0.058
0.058
0.058
0.058
0.058
0.058
0.058
0.047
0.058
0.057
0.056
0.058
0.058
0.058
0.058
0.058
0.058
0.058
0.058
0.054
-1.087
0.050
0.058
0.058
0.058
-1.098
0.058
0.053
0.058
0.058
0.058
0.058
0.058
0.053
0.058
0.058
0.058
0.050
0.058
0.058
0.058
0.058
0.058
0.058
0.049
0.058
0.053
0.053
0.053
0.058
0.058
0.053
0.053
0.058
0.058
0.053
0.058
0.058
0.058
0.058
0.050
0.058
0.058
0.053
0.058
0.054
0.058
-1.098
0.058
0.054
0.058
0.053
0.058
0.058
0.058
0.058
-1.946
0.051
0.050
0.057
0.058
0.058
0.058
0.058
0.053
0.058
-1.087
-1.094
0.058
0.058
0.058
0.053
0.053
0.058
0.057
0.058
0.058
0.058
0.058
0.058
0.058
0.058
0.058
0.058
0.058
0.058
0.058
0.058
0.058
0.058
0.058
0.058
0.058
0.058
0.058
0.058
0.058
0.058
0.058
0.058
0.058
0.053
0.058
0.058
0.058
0.058
0.058
0.058
-0.896
-0.896
-0.896
0.058
0.058
0.058
0.058
0.058
0.058
0.058
0.058
0.058
0.058
0.058
0.058
0.058
0.058
0.058
0.058
-1.940
0.058
0.058
0.058
0.058
0.058
0.053
0.058
0.058
0.058
0.058
0.058
0.058
0.058
0.058
0.058
0.058
0.058
0.058
0.058
0.058
0.058
0.058
0.058
0.058
0.058
0.058
0.058
0.058
0.058
0.058
0.058
0.058
0.058
0.058
0.058
0.058
0.058
0.058
0.058
-1.098
0.058
-1.098
-1.102
0.058
0.058
0.058
0.058
0.058
0.058
0.058
0.058
0.050
0.058
0.058
0.058
0.058
0.053
-1.098
-1.899
0.058
0.058
0.058
0.058
0.058
0.058
0.058
0.057
0.058
0.058
0.058
0.058
0.052
-1.102
0.053
0.058
0.058
0.056
0.050
0.053
0.058
0.050
0.058
-1.125
-1.097
0.053
0.050
0.053
0.058
0.058
0.058
0.058
0.058
0.058
-2.532
0.058
0.058
0.052
0.058
0.058
0.058
0.058
0.058
-2.478
0.055
0.058
0.058
0.058
0.058
0.056
0.058
0.058
0.058
0.058
0.058
0.058
0.058
0.058
0.053
0.058
0.058
0.058
0.058
0.058
0.053
0.058
0.057
0.054
0.058
0.058
-1.098
0.058
0.058
0.053
0.053
0.058
0.058
0.058
0.058
0.058
0.053
-1.969
0.058
-1.097
0.058
0.058
0.057
0.058
0.058
0.058
0.058
0.058
0.053
0.054
0.058
0.058
0.058
0.058
0.058
0.058
0.058
0.058
0.058
0.058
0.058
0.058
0.058
0.058
0.058
0.058
0.058
0.058
0.058
0.058
0.058
0.058
0.058
0.058
0.055
0.058
0.058
0.058
0.058
0.058
0.058
0.056
0.058
0.053
0.058
0.058
0.053
0.058
0.058
0.058
0.058
0.058
0.058
0.058
0.058
0.058
0.058
0.058
0.058
0.058
0.058
0.058
0.057
0.058
0.058
0.058
0.058
-1.087
0.058
0.058
-1.094
0.058
0.058
0.058
0.057
0.058
0.058
0.058
0.058
0.058
0.058
0.058
0.058
0.058
0.058
0.050
0.058
0.058
0.058
0.058
0.058
0.058
0.058
0.058
0.053
0.053
0.058
0.058
0.058
0.058
0.058
0.058
0.058
0.053
0.058
0.058
0.058
0.058
0.058
0.058
0.058
0.058
0.058
0.058
0.058
0.058
0.058
0.058
0.058
0.058
0.058
0.047
0.058
0.058
0.058
0.051
0.053
0.058
0.058
0.058
0.058
0.058
0.058
0.058
0.058
0.058
0.058
0.058
0.058
0.058
0.058
0.052
0.058
0.052
0.058
0.058
0.058
0.058
0.058
0.058
0.058
0.058
0.058
0.058
0.057
0.057
0.058
0.053
0.058
0.058
0.058
0.058
0.058
0.058
0.058
0.058
0.058
0.058
0.058
0.058
0.058
0.058
0.058
0.058
0.058
0.053
0.058
0.058
0.058
0.058
0.058
0.057
0.058
0.058
0.058
0.058
0.058
0.058
0.058
0.058
0.058
0.058
0.058
0.058
0.058
0.058
0.058
0.058
0.058
0.058
0.058
0.058
0.058
0.058
0.058
0.058
0.058
0.058
0.058
0.058
0.058
0.058
0.058
0.058
0.058
0.058
0.058
0.058
0.058
0.058
0.058
0.058
0.058
0.058
0.058
0.058
0.058
0.058
0.058
0.058
0.058
0.058
0.058
0.058
0.058
0.053
0.058
0.058
0.058
0.058
0.058
0.058
0.058
0.058
0.058
0.058
0.058
0.058
0.058
0.058
0.058
0.058
0.058
0.058
0.058
0.058
0.058
0.058
0.058
0.058
0.058
0.058
0.058
0.058
0.058
0.053
0.058
0.058
0.058
0.058
0.058
0.058
0.058
0.058
0.058
0.058
0.058
0.057
0.058
0.058
0.058
0.058
0.058
0.058
0.058
0.058
0.058
0.058
0.058
0.058
0.058
0.058
0.058
0.058
0.058
0.044
0.044
0.044
0.044
0.044
0.044
0.044
0.044
0.044
0.044
0.044
0.044
0.044
0.044
0.044
0.044
0.044
0.044
0.044
0.044
0.044
0.044
0.044
0.044
0.044
0.044
0.044
0.044
0.044
0.044
0.044
0.044
0.044
0.044
0.044
0.044
0.044
0.044
0.044
0.044
0.044
0.044
0.044
0.044
0.044
0.044
0.044
0.044
0.044
0.044
0.044
0.044
0.044
0.044
0.044
0.044
0.044
0.043
0.044
0.044
0.044
0.044
0.044
0.044
0.044
0.044
0.044
0.044
0.044
0.044
0.044
0.044
0.044
0.044
0.044
0.043
0.044
0.044
0.043
0.044
0.044
0.044
0.044
0.058
0.057
0.058
0.058
0.058
0.058
0.058
0.058
