fixedStep chrom=ENSGT00390000016605 start=1 step=1
0.080
0.080
0.080
0.080
0.080
0.080
0.078
0.080
0.080
0.080
0.080
0.080
0.080
0.080
0.076
0.063
0.080
0.076
0.080
0.080
0.079
0.080
0.080
0.080
0.080
0.080
0.080
0.080
0.080
0.080
0.080
0.080
0.080
0.080
0.080
0.073
0.080
0.080
0.077
0.080
0.080
0.080
0.080
0.080
0.080
0.080
0.080
0.073
0.080
0.080
0.080
0.080
0.080
0.079
0.080
0.080
0.080
0.080
0.080
0.076
0.080
0.080
0.078
0.080
0.080
0.074
0.080
0.080
0.080
0.080
0.080
0.078
0.080
0.080
0.080
0.077
0.080
0.080
0.080
0.080
0.080
0.076
0.080
0.080
0.080
0.080
0.076
0.080
0.080
-2.024
0.080
0.080
0.061
0.080
0.080
0.076
0.080
0.080
0.069
0.080
0.080
0.078
0.080
0.080
0.080
0.080
0.080
0.077
0.080
0.080
0.067
0.080
0.080
0.080
0.080
0.080
0.074
0.077
0.077
0.069
0.077
0.077
-1.619
0.077
0.077
0.077
0.077
0.077
0.074
0.077
0.077
0.077
0.077
0.077
0.077
0.077
0.077
0.077
0.077
0.077
0.077
0.077
0.077
0.077
0.077
0.077
-2.712
0.077
0.077
0.065
0.077
0.077
0.077
0.074
0.077
0.077
0.077
0.077
0.064
0.076
0.080
0.080
0.077
0.080
0.063
0.080
0.080
0.080
0.080
0.080
0.080
0.080
0.080
0.080
0.080
0.080
0.080
0.080
0.080
0.080
0.080
0.080
0.080
0.080
0.080
0.080
0.080
0.080
0.080
0.080
0.080
0.080
0.080
0.080
0.080
0.080
0.080
0.080
0.080
0.080
0.080
0.080
0.080
0.080
0.080
0.080
0.076
0.080
0.080
0.080
0.073
0.080
0.080
0.063
0.080
0.080
0.080
0.080
0.080
0.080
0.080
0.080
0.080
0.080
0.080
0.080
0.080
0.080
0.078
0.080
0.076
0.080
0.080
0.079
0.080
0.080
0.080
0.080
0.080
0.080
0.080
0.080
0.080
0.080
0.080
0.080
0.080
0.080
0.080
0.080
0.080
0.062
0.078
0.080
0.063
0.080
0.080
0.080
0.080
0.080
0.062
0.080
0.080
0.067
0.080
0.080
0.080
0.080
0.080
0.080
0.080
0.080
0.080
0.080
0.080
0.080
0.080
0.080
0.080
0.080
0.080
0.080
0.071
0.071
0.067
-1.600
-1.600
-1.017
-0.230
-0.230
-0.230
0.071
0.071
0.071
0.071
0.071
0.071
0.071
0.071
0.071
0.068
0.071
0.067
0.071
0.071
0.071
0.071
0.071
0.071
0.071
0.071
0.071
0.071
0.071
0.068
0.071
0.071
0.065
0.071
0.071
0.071
0.071
0.071
0.068
0.071
0.071
0.071
0.071
0.071
0.063
0.071
0.071
0.071
0.071
0.071
0.071
0.071
0.071
0.068
0.071
0.071
0.054
0.071
0.071
0.071
0.071
0.071
0.071
0.071
0.071
0.070
0.063
0.071
0.071
0.071
0.071
0.080
0.080
0.080
0.076
0.080
0.080
0.080
0.080
0.080
0.080
0.080
0.080
0.074
0.080
0.080
0.080
0.080
0.063
0.067
0.080
0.080
0.080
0.080
0.080
0.080
0.080
0.063
0.075
0.063
0.080
0.063
0.080
0.080
0.063
0.080
0.080
0.078
-1.635
-1.600
-1.597
-0.804
-0.737
-0.796
0.080
0.080
0.080
0.080
0.080
0.063
0.080
0.063
0.080
0.080
0.080
0.063
0.080
0.080
0.076
0.063
0.080
0.080
0.080
0.080
0.078
0.077
0.080
0.080
0.076
0.076
0.060
0.080
0.080
0.080
0.080
0.080
0.073
0.080
0.080
0.080
0.080
0.080
0.080
0.080
0.080
0.080
0.080
0.080
0.077
0.080
0.080
0.080
0.080
0.080
0.078
0.080
0.080
0.080
0.080
0.080
0.077
0.080
0.080
0.076
0.063
0.080
0.076
0.080
0.080
-2.022
0.080
0.080
0.079
0.080
0.080
0.063
0.076
0.080
0.076
0.080
0.080
0.080
0.080
0.080
0.080
0.080
0.080
0.069
0.080
0.080
0.077
0.080
0.080
0.076
0.080
0.080
0.080
0.080
0.080
0.076
0.080
0.080
0.080
0.080
0.070
0.077
0.080
0.080
0.076
0.080
0.080
0.080
0.080
0.080
0.077
0.080
0.080
0.070
0.080
0.080
0.076
0.080
0.080
0.080
0.080
0.080
0.080
0.080
0.080
0.062
0.076
0.078
0.080
0.080
0.080
0.080
0.080
0.080
0.078
0.080
0.080
0.080
0.080
0.080
0.077
0.078
0.080
0.080
0.080
0.080
0.080
0.080
0.080
0.076
0.080
0.079
0.072
0.080
0.080
0.062
0.080
0.074
0.076
0.080
0.080
0.080
0.080
0.080
0.080
0.080
0.080
0.080
0.080
0.080
0.076
0.080
0.080
0.080
0.080
0.080
0.063
0.080
0.080
0.080
0.080
0.080
0.080
0.074
0.080
0.080
0.080
0.080
0.080
0.080
0.073
0.079
0.080
0.067
0.078
0.080
0.080
0.080
0.080
0.080
0.076
0.080
0.080
0.080
0.080
0.080
0.061
0.080
0.080
0.080
0.080
0.078
0.074
0.080
0.080
0.080
0.078
0.079
0.080
0.080
0.080
0.077
0.080
0.080
0.072
0.080
0.080
0.080
0.080
0.080
0.080
0.080
0.080
0.080
0.080
0.080
0.080
0.076
0.080
0.068
0.078
0.080
0.079
0.080
0.080
0.077
0.080
0.080
0.080
0.071
0.071
0.071
0.071
0.080
0.080
0.080
0.080
0.058
0.080
0.080
0.076
0.080
0.080
0.080
0.080
0.080
0.076
0.080
0.080
0.080
0.080
0.067
0.080
0.080
0.080
0.076
0.080
0.080
0.080
0.080
0.080
0.080
0.080
0.080
0.079
0.080
0.080
0.080
0.080
0.080
0.077
-1.082
-1.079
-1.082
0.080
0.080
0.076
0.080
0.080
0.063
0.080
0.080
0.075
0.080
0.080
0.080
0.080
0.080
0.074
0.080
0.080
0.080
0.080
0.080
0.080
0.080
0.080
0.073
-0.796
-0.796
-0.796
-1.597
-1.597
-1.600
0.080
0.080
0.076
0.080
0.080
0.076
0.080
0.080
0.080
0.080
0.080
0.080
0.080
0.080
0.080
0.080
0.080
0.080
0.080
0.080
-2.588
0.080
0.080
0.078
0.080
0.080
0.061
0.080
0.080
0.080
0.080
0.080
0.080
0.080
0.080
0.076
0.078
0.080
0.080
0.080
0.078
0.080
0.080
0.080
0.075
