fixedStep chrom=ENSGT00390000008217 start=1 step=1
0.000
0.000
0.000
-1.265
-1.264
-1.265
0.051
0.051
0.050
0.051
0.051
0.051
0.049
0.050
0.047
0.052
0.051
0.047
0.041
0.052
0.051
0.051
0.052
0.047
0.041
0.052
0.051
0.051
0.051
-1.188
0.051
0.051
0.050
0.051
0.052
0.047
0.052
0.052
0.051
0.051
0.051
0.051
0.052
0.051
0.052
0.050
0.051
0.047
0.051
0.052
0.047
0.051
0.052
0.051
0.051
0.051
-1.207
0.051
0.051
0.052
-1.181
0.051
0.051
0.047
0.052
0.051
0.051
0.052
0.052
0.051
0.051
0.052
0.051
0.051
0.052
0.051
0.050
0.051
0.047
0.052
0.051
0.051
0.051
0.051
0.051
0.052
0.047
-1.542
-1.538
-1.538
0.051
0.051
0.041
0.052
0.051
0.052
0.046
0.052
0.052
0.051
0.051
0.052
0.047
0.052
0.051
0.051
0.052
0.052
0.051
0.051
0.051
0.051
0.051
0.052
0.051
0.051
0.051
0.051
0.049
0.051
0.051
0.052
0.051
0.052
0.051
0.051
0.051
0.051
0.047
0.051
0.051
0.052
0.051
-1.208
-1.208
0.052
0.051
0.049
0.051
0.051
0.051
0.051
0.051
0.051
-1.265
-1.265
-1.265
0.051
0.052
0.051
0.051
0.051
0.051
0.051
0.051
0.051
0.052
0.051
0.052
0.052
0.051
0.052
0.051
0.051
0.051
0.051
0.052
-1.207
0.051
0.052
0.051
0.051
0.051
0.050
-1.188
0.052
0.051
0.051
0.051
-2.054
0.051
0.051
0.051
0.051
0.051
0.046
0.052
0.051
0.051
0.052
0.051
0.052
0.051
0.051
0.051
0.051
0.051
0.052
0.051
0.051
-2.280
0.051
0.052
0.051
0.051
0.051
0.051
0.051
0.051
0.051
0.052
0.051
0.052
0.052
0.052
0.047
0.051
0.050
0.052
0.051
0.051
0.051
0.051
0.052
0.052
0.051
0.051
0.051
0.051
0.051
0.051
0.051
0.051
0.049
0.052
0.051
0.047
0.051
0.051
0.052
0.051
0.051
-1.184
0.051
0.051
0.051
0.050
0.051
0.052
0.049
0.051
0.051
0.052
0.050
0.052
0.047
0.051
0.052
0.051
0.051
0.042
0.051
0.051
0.047
0.047
0.051
0.052
0.052
0.051
0.052
0.051
0.051
0.051
0.051
0.051
0.051
0.052
0.052
0.052
0.051
0.052
0.051
0.051
0.051
0.049
0.051
0.052
0.052
0.051
0.051
0.051
0.050
0.051
0.051
0.051
0.051
0.052
0.052
0.051
0.052
0.051
0.051
0.051
0.051
0.051
0.051
0.051
0.052
0.051
0.051
0.052
0.048
0.052
0.051
0.041
0.051
0.051
0.047
0.051
0.052
-2.188
0.051
0.052
0.051
0.051
0.051
0.051
0.051
0.051
0.051
0.050
0.051
0.051
0.051
0.051
0.052
0.051
0.051
0.046
0.051
0.051
0.047
0.051
0.051
0.051
0.051
0.051
0.052
0.049
0.051
0.051
0.047
-1.207
0.052
0.051
0.051
0.051
0.051
0.051
0.051
-2.080
-3.400
-2.075
0.051
0.051
0.051
0.051
0.051
-1.184
0.051
-2.089
0.051
0.051
0.051
0.051
0.051
0.051
0.051
0.052
0.052
0.051
0.051
0.051
0.051
0.052
0.051
0.047
0.051
0.051
0.051
0.051
0.051
0.051
0.051
0.051
0.047
0.051
0.051
0.051
0.051
0.051
0.047
0.051
0.051
0.051
0.051
0.051
0.052
0.052
0.051
0.052
0.052
0.052
0.051
0.051
0.051
0.052
0.052
0.052
0.052
0.051
0.051
0.051
0.051
0.051
0.052
0.051
0.052
0.052
0.051
0.051
0.052
0.052
0.052
0.052
0.051
0.051
-1.207
0.051
0.051
0.042
0.051
0.051
0.051
0.051
0.047
0.052
0.051
0.051
0.047
0.051
0.051
0.051
0.051
0.051
0.051
0.051
0.051
0.051
0.051
0.051
0.046
0.052
0.051
0.049
0.051
0.051
0.051
0.051
0.051
0.051
0.052
0.052
0.052
0.051
0.051
0.051
0.051
0.051
0.051
0.051
0.051
0.051
0.051
0.051
0.052
0.051
0.051
-1.184
0.051
0.051
0.052
0.051
0.051
0.051
0.051
0.051
0.051
0.051
0.052
0.051
0.051
0.052
0.051
0.051
0.051
0.049
0.052
0.051
0.052
0.051
0.051
0.051
0.051
0.051
0.047
0.051
0.051
0.051
0.051
0.051
0.051
0.051
0.052
0.051
0.051
0.051
-1.208
0.051
0.051
0.051
0.051
0.051
0.051
0.052
0.051
0.052
0.052
0.052
0.047
-1.209
0.051
0.042
0.051
0.051
0.052
0.051
0.051
0.052
0.050
0.052
0.051
0.051
0.051
0.052
0.051
0.052
0.052
0.051
0.051
0.049
0.047
0.051
0.049
0.047
0.052
0.051
0.051
0.050
0.051
0.051
0.051
0.051
0.051
0.051
0.049
0.051
0.051
0.051
0.047
0.051
0.050
0.051
0.051
0.051
0.051
0.051
0.051
0.051
0.052
0.051
0.051
0.051
0.051
0.051
0.051
0.050
0.051
0.051
0.052
0.051
0.052
0.051
0.051
0.051
0.051
0.051
0.051
0.052
0.052
0.052
0.051
0.051
0.052
0.049
0.051
0.051
0.051
0.051
0.051
0.051
0.051
0.052
0.047
0.051
0.052
0.052
0.051
0.051
0.051
0.051
0.051
0.051
0.052
0.051
-1.209
0.051
0.052
0.051
0.051
0.051
0.051
0.051
0.051
0.051
0.051
0.051
0.051
0.051
0.051
0.051
0.052
0.052
0.052
0.051
0.051
0.051
0.051
0.051
0.052
0.051
0.052
0.051
0.051
0.051
0.052
0.051
0.051
0.051
0.051
0.051
0.051
0.051
0.051
0.051
0.051
0.051
0.051
0.051
0.051
0.052
0.051
0.052
0.047
0.051
0.051
0.051
0.051
0.051
0.051
0.052
0.052
0.052
0.052
0.051
0.052
0.051
0.047
0.051
0.052
0.051
0.052
0.052
0.051
0.047
0.052
0.051
0.047
0.049
0.052
0.050
0.051
0.051
0.051
0.051
0.051
0.047
0.051
0.052
0.051
0.051
0.051
0.052
0.051
0.051
0.047
0.051
0.051
0.051
0.051
0.052
0.051
0.051
0.051
0.047
-1.209
0.051
0.051
0.051
0.052
0.051
0.047
0.052
0.051
0.051
0.052
-1.209
0.051
0.051
0.052
0.051
0.051
0.050
0.051
0.051
0.051
0.052
0.051
0.051
0.051
0.051
0.047
0.051
0.051
0.051
0.051
0.051
0.051
0.052
0.051
0.051
0.051
0.052
0.047
0.051
0.052
0.047
0.051
0.050
0.051
0.051
0.051
0.051
0.051
0.051
0.051
0.051
0.051
0.051
0.051
0.052
0.046
0.051
0.050
-1.523
0.051
0.051
0.052
0.051
0.051
0.052
0.051
0.052
0.052
0.051
0.051
0.047
0.051
0.051
0.051
0.051
0.052
0.051
-1.208
0.051
0.051
0.051
0.051
0.051
0.051
0.051
0.051
0.051
0.052
0.052
0.052
0.052
0.051
0.051
0.052
0.051
0.052
0.051
0.052
0.051
0.051
0.051
0.051
0.051
0.051
0.051
0.051
0.051
0.051
0.052
0.052
0.051
0.051
0.051
0.051
0.051
0.052
0.051
0.051
0.051
0.051
0.052
0.051
0.051
0.051
0.051
0.051
0.051
0.051
0.047
0.047
-1.188
0.051
0.051
0.051
0.050
0.051
0.051
0.051
0.051
0.051
0.051
0.051
0.047
0.052
0.051
0.051
0.047
0.051
0.046
0.051
0.051
-1.184
0.047
0.052
0.052
0.052
0.051
0.052
0.051
0.051
0.051
0.051
0.051
0.051
0.052
0.052
0.052
0.051
0.051
0.051
0.051
0.051
0.051
0.049
0.051
0.051
0.051
0.052
0.051
0.051
0.051
0.051
0.051
-1.208
0.051
0.047
0.052
0.051
0.051
0.051
0.047
0.051
0.051
0.051
0.051
0.051
0.051
0.051
0.052
0.052
0.051
0.051
0.052
0.051
0.051
0.052
0.052
0.052
0.052
0.051
0.051
0.052
0.052
0.052
0.051
0.051
0.052
0.052
0.051
0.052
0.052
0.051
0.051
0.049
0.051
0.052
0.051
0.051
0.052
0.051
0.051
0.051
0.051
0.051
0.051
0.051
0.051
0.051
0.051
0.051
0.051
0.051
0.051
0.052
0.051
0.051
0.051
0.052
0.052
0.052
0.052
0.051
0.051
0.052
0.051
0.051
-1.184
0.051
0.051
0.051
0.051
0.051
0.051
0.051
0.051
0.051
0.051
0.052
0.052
0.050
0.052
0.047
0.051
0.051
0.051
0.051
0.051
0.047
0.051
0.051
0.051
0.051
0.051
0.051
0.051
0.052
0.051
0.052
0.051
0.051
0.051
0.051
0.051
0.051
0.051
0.047
0.050
0.052
0.052
0.051
0.052
0.051
0.051
0.051
0.051
-1.208
0.051
0.051
0.051
0.051
0.051
0.051
0.051
0.051
0.047
0.052
0.051
-1.181
0.051
0.051
0.051
0.051
0.052
0.050
0.047
0.051
0.051
0.051
0.051
0.041
0.051
0.051
0.051
0.051
0.052
0.051
0.051
0.051
-2.418
0.052
0.052
0.051
0.051
0.052
0.051
0.051
0.051
0.051
0.051
0.051
-1.543
-1.542
-1.542
-1.265
-1.677
-1.265
0.051
0.051
-1.207
0.051
0.051
0.051
0.051
0.049
0.049
0.051
0.051
0.052
0.051
0.050
0.051
0.047
0.052
0.049
0.041
0.051
0.051
0.051
-1.208
0.051
0.051
0.051
0.052
0.052
0.052
0.052
0.052
0.052
-1.181
0.051
0.051
0.047
0.052
0.051
0.051
0.049
0.052
0.051
-1.208
0.051
0.052
0.049
0.052
0.049
0.052
0.051
0.051
0.051
0.051
0.051
0.052
0.052
0.052
0.051
0.052
0.052
0.051
0.051
0.051
-2.135
0.052
0.049
-3.804
-4.379
-4.384
-4.412
-3.109
-4.366
-3.109
-3.109
-3.287
