fixedStep chrom=ENSGT00550000075057 start=1 step=1
-1.089
-1.087
-1.089
-1.089
-1.089
-1.089
-1.089
-1.763
-1.089
-1.089
-1.089
-1.089
0.051
0.073
0.057
0.000
0.000
0.000
0.000
0.000
0.000
0.000
0.000
0.000
0.000
0.000
0.000
0.073
0.073
0.068
0.073
0.073
0.072
0.073
0.073
0.051
0.073
0.073
0.073
0.073
0.073
0.073
0.073
0.073
0.068
0.073
0.073
0.068
0.071
0.073
0.068
0.057
0.069
0.072
0.073
0.073
0.073
0.073
0.073
0.073
0.073
0.073
0.068
0.073
0.073
0.057
0.073
0.073
0.051
0.073
0.073
0.073
0.073
0.073
0.069
0.073
0.073
0.073
0.073
0.073
0.071
0.073
0.073
0.069
0.073
0.073
0.068
0.073
0.073
0.068
0.073
0.073
0.069
0.073
0.073
0.069
0.073
0.073
0.073
0.073
0.073
0.073
0.071
0.073
0.073
0.073
0.073
0.073
0.068
0.073
0.072
0.073
0.073
0.073
0.073
0.073
0.073
0.073
0.073
0.073
0.073
0.073
0.073
0.073
0.073
0.062
0.073
0.073
0.073
0.073
0.073
0.073
0.073
0.073
-2.529
0.068
0.073
0.071
0.073
0.073
0.073
0.073
0.073
0.073
0.073
0.073
0.073
0.065
0.065
0.065
0.065
0.065
0.062
0.065
0.065
0.065
0.065
0.065
-1.034
0.065
0.065
0.063
0.065
0.065
0.058
0.065
0.065
0.065
0.065
0.065
0.065
0.065
0.065
0.065
0.065
0.065
0.065
0.065
0.065
0.058
0.065
0.065
0.064
0.065
0.065
0.065
0.065
0.065
0.056
-0.988
-0.988
-0.988
-0.190
-0.190
-0.190
0.065
0.065
0.065
0.062
0.065
0.062
-1.034
0.065
0.065
0.065
0.065
0.065
0.065
0.065
0.065
0.065
0.065
0.065
0.065
0.058
0.065
0.065
0.065
0.058
0.065
0.065
0.065
0.065
0.065
0.065
0.065
0.065
0.065
0.065
0.065
0.062
0.065
0.065
0.065
-1.034
0.065
0.058
0.065
0.065
0.065
0.065
0.065
0.065
0.065
0.058
0.057
0.065
0.065
0.058
0.065
0.065
0.065
0.065
0.065
0.058
-1.033
0.065
0.065
0.065
0.065
0.058
0.065
0.057
0.065
0.065
0.065
0.065
0.065
0.065
0.065
0.065
0.065
0.065
0.060
0.065
0.065
0.065
0.065
-1.034
0.065
0.065
0.065
0.065
0.065
0.065
0.065
0.065
0.063
0.065
0.065
0.065
0.065
0.065
-1.033
0.065
0.065
0.065
0.065
0.065
0.065
0.065
0.065
0.058
-1.034
0.065
0.065
0.065
0.065
0.065
0.065
0.065
0.065
0.065
0.065
0.058
0.065
0.065
-1.035
0.065
0.065
-1.033
-1.035
0.065
0.065
0.065
0.065
0.065
0.065
0.065
0.065
0.065
0.065
0.058
0.065
0.065
0.065
0.065
0.065
0.065
0.065
0.065
0.065
-0.988
-0.988
-1.419
-0.190
-0.190
-0.190
0.065
0.065
0.063
0.065
0.073
0.068
0.073
0.073
0.073
0.073
0.073
0.057
0.073
0.073
0.073
0.073
0.073
0.073
0.073
0.073
0.073
0.073
0.073
0.073
0.073
0.073
0.069
0.073
0.073
0.068
0.073
0.073
0.073
0.073
0.073
0.072
0.073
0.073
0.073
0.073
0.073
0.073
0.057
0.073
0.073
0.069
0.073
0.069
0.073
0.073
0.073
0.073
0.073
0.073
0.069
0.073
0.073
0.073
0.073
0.057
0.073
0.073
0.073
0.073
0.073
0.073
0.073
0.073
0.069
0.073
0.073
0.073
0.073
0.073
0.067
0.073
0.073
0.073
0.073
0.073
0.073
0.073
0.073
0.068
0.073
0.073
0.069
0.073
0.073
0.069
0.073
0.073
0.073
0.073
0.073
0.073
0.073
0.073
0.071
0.068
0.073
0.069
0.068
0.073
0.069
0.073
0.073
0.073
0.073
0.073
0.073
0.073
0.073
0.073
0.073
0.073
0.067
0.073
0.073
0.072
0.072
0.073
0.073
0.057
0.069
0.071
0.073
0.073
0.073
0.073
0.073
0.051
0.073
0.073
0.073
0.073
0.073
0.073
0.073
0.073
0.067
0.073
0.073
0.073
0.073
0.073
0.073
0.073
0.073
0.073
0.073
0.073
0.067
0.073
0.073
0.069
0.073
0.073
0.073
0.073
0.073
0.068
0.073
0.073
0.073
0.073
0.073
0.069
0.073
0.073
0.073
0.073
0.073
0.073
0.073
0.073
0.072
0.073
0.073
0.073
0.073
0.073
0.073
0.073
0.073
0.057
0.073
0.073
0.073
0.073
0.073
0.068
0.073
0.073
0.073
0.073
0.073
0.073
0.073
0.073
0.072
0.073
0.073
0.073
0.073
0.073
0.073
0.073
0.073
0.063
0.073
0.073
0.073
0.059
0.073
0.068
0.073
0.068
0.073
0.073
0.073
0.057
0.057
0.073
0.073
0.073
0.073
0.071
0.072
0.073
0.073
0.073
0.073
0.073
0.073
0.073
0.073
0.073
0.073
0.067
0.073
0.073
0.073
0.073
0.073
0.073
0.073
0.073
0.073
0.073
0.073
0.073
0.073
0.073
0.073
0.073
0.073
0.073
0.073
0.073
0.069
0.073
0.073
0.073
0.073
0.073
0.069
0.071
0.073
0.072
0.073
0.073
0.073
0.073
0.073
0.073
0.073
0.073
0.073
0.073
0.073
0.068
0.073
0.073
0.073
0.073
0.073
0.073
0.073
0.073
0.073
0.073
0.073
0.068
0.073
0.073
0.067
0.073
0.073
0.072
0.073
0.073
0.071
0.073
0.073
0.073
0.073
0.073
0.073
0.073
0.073
0.073
0.073
0.073
0.068
0.057
0.071
0.073
0.073
0.052
0.068
0.073
0.073
0.068
0.073
0.073
-1.748
0.073
0.073
0.057
0.073
0.073
0.073
0.073
0.073
0.073
0.073
0.073
0.073
0.073
0.073
0.065
0.073
0.073
0.053
0.073
0.073
0.073
0.073
0.073
0.073
0.073
0.073
0.073
0.073
0.073
0.073
0.073
0.073
0.071
0.073
0.055
0.073
0.073
0.073
0.051
0.067
0.071
0.057
0.073
0.073
0.073
0.073
0.070
0.073
0.073
0.073
-1.706
0.073
0.073
0.073
0.073
0.073
0.068
0.073
0.073
0.073
0.073
0.069
-1.745
0.071
0.073
0.073
0.073
0.073
0.073
0.073
0.073
0.051
0.073
0.067
0.073
0.073
0.073
0.068
0.073
0.073
0.068
0.073
0.073
0.072
0.068
0.068
0.068
0.073
0.073
0.073
0.073
0.073
0.069
0.071
0.073
-1.712
0.073
0.073
0.069
0.057
0.073
0.071
0.073
0.068
0.073
0.073
0.073
0.073
0.069
0.073
0.069
0.057
0.073
0.073
0.073
0.073
0.073
0.073
0.073
0.065
0.073
0.071
0.073
0.073
0.071
0.073
0.073
0.073
0.073
0.073
0.073
0.073
0.073
0.073
0.068
0.073
0.073
0.051
0.073
0.069
0.050
0.073
0.073
0.069
0.067
0.073
-2.992
0.069
0.069
0.057
0.057
0.069
0.073
0.069
0.073
0.073
