fixedStep chrom=ENSGT00750000117538 start=1 step=1
0.000
0.000
0.000
0.000
0.000
0.000
0.000
0.000
0.000
0.000
0.000
0.000
0.000
0.000
0.000
0.000
0.000
0.000
0.000
0.000
0.000
0.451
0.456
0.450
0.450
0.452
0.418
0.420
0.448
-5.472
0.451
0.452
-5.683
0.451
0.451
0.450
0.452
0.451
0.443
0.451
0.452
0.423
0.450
0.452
0.385
0.420
0.449
0.360
0.451
0.451
0.446
0.455
0.452
-10.618
0.450
0.452
0.427
0.450
0.450
0.456
0.450
0.447
-4.583
0.451
0.451
0.444
0.450
0.452
-4.415
0.452
0.452
0.445
-5.312
0.450
-5.368
0.451
0.451
0.392
0.452
0.451
0.384
0.452
0.456
0.419
0.450
0.452
0.406
0.420
0.452
0.378
0.451
0.451
0.444
0.450
0.452
0.418
0.449
0.452
0.394
-3.147
0.449
-4.492
0.451
0.451
0.392
0.420
0.419
0.388
0.442
0.452
-5.767
0.452
0.452
0.420
0.424
0.420
0.448
0.451
0.449
0.408
0.449
0.450
-5.312
0.450
0.450
0.419
0.443
0.456
0.419
-0.410
-0.410
-0.414
0.451
0.451
0.407
0.452
0.452
0.455
0.452
0.451
0.456
0.420
0.450
0.377
0.454
0.451
0.444
0.418
0.450
0.419
0.452
0.452
0.396
0.450
0.449
-3.456
0.451
0.452
0.344
0.450
0.456
0.414
0.450
0.452
0.373
0.452
0.456
0.395
0.449
0.426
-4.582
0.450
0.451
0.392
0.451
0.456
0.428
-4.521
0.450
-5.082
0.452
0.449
0.424
0.456
0.451
0.441
0.448
0.450
0.444
0.451
0.451
0.449
0.424
0.420
-4.409
0.451
0.452
0.418
0.450
0.450
0.372
0.450
0.456
-4.217
0.452
0.456
-5.367
0.426
0.456
0.407
0.452
0.450
-5.706
0.451
0.451
0.390
0.452
0.456
-5.032
0.452
0.452
0.413
0.456
0.456
0.445
0.452
0.451
0.450
-5.289
0.450
-5.033
0.393
0.456
0.418
0.448
0.456
0.419
-4.491
0.450
0.359
0.450
0.451
0.392
0.444
0.456
0.388
0.450
0.452
0.312
0.452
0.451
0.443
0.450
0.451
0.393
0.456
0.456
0.392
0.451
0.451
0.435
0.451
0.452
-5.709
0.450
0.451
0.396
0.449
0.456
0.450
-5.881
0.449
-5.291
0.456
0.456
0.385
0.452
0.451
0.450
0.451
0.449
0.442
0.443
0.420
0.390
0.450
0.452
0.394
0.444
0.456
0.390
0.443
0.419
0.423
0.449
0.428
-4.217
0.388
0.456
0.437
0.452
0.451
0.443
0.450
0.451
0.449
0.450
0.452
-5.282
0.444
0.419
0.414
0.450
0.451
0.383
0.450
0.452
-4.701
0.456
0.451
0.396
0.451
0.456
0.419
0.450
0.456
-5.033
0.450
0.450
0.385
0.450
0.456
-4.583
0.456
0.456
0.408
0.450
0.451
0.451
0.450
0.451
0.385
0.451
0.452
0.421
0.451
0.451
0.426
0.446
0.456
0.342
0.456
0.450
0.456
0.450
0.452
0.388
0.451
0.456
0.452
0.452
0.451
0.396
0.450
0.452
0.385
0.451
0.451
0.384
-5.297
0.450
-4.217
0.450
0.456
-4.521
0.451
0.452
-5.311
0.451
0.456
0.388
0.451
0.456
0.450
0.452
0.452
-5.311
0.451
0.451
0.444
0.450
0.451
0.437
0.451
0.456
0.420
0.452
0.451
0.450
0.393
0.456
0.359
0.450
0.452
-5.305
0.419
0.450
0.419
0.419
0.450
-5.291
0.451
0.456
0.420
0.448
0.449
-4.217
0.450
0.450
0.389
0.450
0.447
0.388
-7.034
0.450
-5.033
0.418
0.448
0.423
