fixedStep chrom=ENSGT00390000015391 start=1 step=1
0.085
0.085
0.085
0.085
0.085
0.085
0.085
0.085
0.085
0.085
0.085
0.085
0.085
0.085
0.085
0.085
0.085
0.079
0.085
0.085
0.074
0.085
0.085
0.085
0.085
0.085
0.085
0.085
0.085
0.085
0.085
0.085
0.085
0.085
0.085
0.085
0.085
0.085
0.085
0.085
0.082
0.081
0.085
0.085
0.085
0.085
0.085
0.074
0.085
0.085
0.085
0.085
0.085
0.085
0.085
0.085
0.082
0.085
0.085
0.085
0.085
0.085
0.082
0.085
0.085
0.085
0.085
0.085
0.085
0.085
0.085
0.071
0.079
0.085
0.082
0.085
0.085
-2.225
0.081
0.085
0.085
0.085
0.085
0.085
0.085
0.085
0.085
0.085
0.085
0.085
0.085
0.085
0.082
0.085
0.085
0.067
0.085
0.085
0.085
0.085
0.085
0.085
0.085
0.085
0.085
0.085
0.085
0.085
0.085
0.085
0.079
0.085
0.085
0.085
0.085
0.085
0.085
0.085
0.085
0.085
0.085
0.085
0.085
0.085
0.085
0.085
0.085
0.085
0.078
0.085
0.085
0.085
0.085
0.085
0.085
0.085
0.085
0.085
0.085
0.085
0.085
0.085
0.085
0.085
0.085
0.085
0.085
0.085
0.085
0.085
0.085
0.085
0.085
0.081
0.085
0.084
0.085
0.085
0.085
0.085
0.085
0.085
0.085
0.085
0.074
0.082
0.085
0.085
0.085
0.085
0.078
0.085
0.085
0.081
0.085
0.085
0.079
0.085
0.085
0.085
0.085
0.085
0.084
0.085
0.085
0.079
0.085
0.085
0.085
0.085
0.085
0.085
0.085
0.081
0.085
0.085
0.085
0.085
0.085
0.085
0.085
0.085
0.085
0.083
0.085
0.085
0.085
0.085
0.085
0.082
0.085
0.085
0.085
0.085
0.085
0.081
0.085
0.085
0.085
0.085
0.085
0.079
0.085
0.085
0.085
0.085
0.085
0.081
0.085
0.085
0.085
0.080
0.080
0.085
0.085
0.085
0.085
0.085
0.085
0.069
0.085
0.085
0.074
0.085
0.085
0.085
0.085
0.085
0.085
0.085
0.085
0.085
0.085
0.085
0.085
0.085
0.085
0.085
0.085
0.085
0.085
0.074
0.085
0.085
0.085
0.085
0.085
0.085
0.085
0.085
0.085
0.085
0.085
0.085
0.085
0.082
0.085
0.085
0.085
0.085
0.085
0.082
0.085
0.085
0.079
0.085
0.085
0.085
0.085
0.085
0.081
0.085
0.085
0.085
0.085
0.085
0.079
0.085
0.085
0.082
0.085
0.085
0.085
0.085
0.085
0.085
0.085
0.085
0.085
0.085
0.085
0.085
0.085
0.085
0.085
0.085
0.085
0.085
0.085
0.085
0.085
0.085
0.068
0.085
0.085
0.085
0.080
0.085
0.085
0.085
0.085
0.085
0.082
0.085
0.085
0.085
0.085
0.085
0.084
0.085
0.085
0.085
0.085
0.085
0.079
0.085
0.085
0.085
0.085
0.085
0.085
0.085
0.085
0.085
0.085
0.085
0.085
0.085
0.085
0.085
0.085
0.085
0.085
0.085
0.085
0.081
0.085
0.085
0.085
0.085
0.085
-2.073
0.085
0.085
0.082
0.085
0.085
0.085
0.085
0.085
0.080
0.085
0.085
0.085
0.085
0.085
0.079
0.085
0.085
0.085
0.085
0.085
0.085
0.085
0.085
0.085
0.085
0.085
0.085
0.085
0.085
0.085
0.085
0.085
0.085
0.085
0.085
0.085
0.085
0.085
0.085
0.085
0.085
0.083
0.085
0.085
0.085
0.085
0.074
0.081
0.085
0.067
0.085
0.085
0.085
0.074
-0.652
-0.652
-0.652
-0.652
-0.650
-0.652
-0.221
-0.123
-0.221
-0.360
-0.123
-0.123
0.085
0.082
0.082
0.085
0.085
0.085
0.085
0.082
0.085
0.085
0.085
0.064
0.085
0.085
0.085
0.085
0.079
0.074
0.085
0.085
0.079
0.080
0.085
0.085
0.085
0.085
0.085
0.085
0.085
0.082
0.085
0.085
0.084
0.085
0.073
0.074
0.085
0.085
0.067
0.085
0.085
0.085
0.085
0.085
0.085
0.085
0.085
0.085
0.067
0.085
0.085
0.085
0.085
0.085
0.085
0.085
0.082
0.085
0.085
0.085
0.081
0.085
0.084
0.081
0.085
0.074
0.085
0.067
0.082
0.082
0.085
0.082
0.079
0.085
0.085
0.085
0.085
0.085
0.085
0.085
0.085
0.085
0.085
0.085
0.085
0.085
0.085
0.085
0.085
0.085
0.085
0.085
0.085
0.085
0.085
-2.402
0.085
0.067
0.085
0.085
0.085
0.081
0.085
0.085
0.072
0.085
0.085
0.085
0.085
0.085
0.085
0.085
0.085
0.085
0.085
0.085
0.085
0.085
0.085
0.085
0.085
0.085
0.085
0.085
0.081
0.085
0.085
0.085
0.085
0.085
0.085
0.085
0.085
0.085
0.074
0.085
0.085
0.085
0.085
0.085
0.085
0.085
0.085
0.085
0.085
0.085
0.085
0.085
-2.065
-2.034
0.085
0.085
0.074
-3.097
-1.225
-1.225
-1.225
-1.225
-1.219
0.082
0.085
0.079
0.085
0.085
0.085
0.085
0.083
0.082
0.085
0.074
0.085
0.071
0.085
0.085
0.081
0.085
0.085
0.085
0.085
0.085
0.063
0.085
0.085
0.081
0.085
0.082
0.085
0.085
0.067
0.085
0.085
0.085
0.085
0.067
0.063
-1.072
-1.071
-1.071
-1.081
-1.068
-1.243
-1.072
-1.072
-1.750
-1.071
-1.584
-1.240
-1.287
-1.215
-3.333
-1.071
-1.071
-1.068
-1.068
-1.071
-1.068
-1.072
-1.240
-1.222
0.085
0.085
0.067
-0.235
-0.235
-0.236
-0.393
-0.393
-0.393
0.085
0.075
0.085
0.085
0.085
-2.099
0.085
0.085
0.085
0.085
0.085
0.067
0.085
0.085
0.085
0.085
0.085
0.085
0.085
0.085
0.085
0.085
0.082
0.085
0.085
0.085
0.085
0.085
0.082
0.085
0.085
0.085
0.085
0.085
0.085
0.082
0.085
0.085
0.080
0.085
0.085
0.085
0.082
0.085
0.085
0.085
0.085
0.085
-1.214
-1.213
-1.407
0.085
0.085
0.080
0.085
0.085
0.085
0.080
0.085
0.085
-2.065
0.063
0.085
0.083
0.085
0.085
0.085
0.085
0.063
0.085
0.082
0.085
0.085
0.067
-3.264
0.085
0.085
0.085
0.085
0.085
0.080
0.083
0.085
0.085
0.082
0.085
0.085
0.085
0.085
0.085
0.085
0.085
0.081
0.085
0.084
0.085
0.085
0.085
0.085
0.085
0.085
0.085
0.085
0.085
0.085
0.085
0.085
0.085
0.085
0.085
0.085
0.085
0.085
0.085
0.085
0.085
-2.065
0.085
0.085
0.085
0.085
0.084
0.085
0.085
0.082
0.061
0.085
0.085
0.085
0.085
0.085
-2.030
0.085
0.085
0.085
0.085
-2.065
0.085
0.085
0.067
0.085
0.085
0.081
0.085
0.085
0.085
0.068
0.082
0.085
0.085
0.085
0.085
0.085
-1.536
-1.854
-1.522
-1.536
-1.536
-1.522
-0.123
-0.123
-0.122
-0.123
-0.123
-0.122
0.082
0.085
0.082
0.085
0.085
0.085
0.079
0.085
0.085
0.085
0.085
0.085
0.085
0.082
0.067
0.085
0.085
0.079
0.081
0.082
0.082
0.085
0.085
0.085
0.085
0.082
0.085
0.085
0.085
0.074
0.085
0.085
0.074
0.074
0.085
0.085
0.085
0.085
0.074
-1.072
-1.783
-1.068
0.085
0.085
0.067
-1.538
-1.992
-3.092
0.085
0.085
0.085
0.079
0.079
-1.398
0.085
0.085
0.080
0.060
-1.387
0.060
0.060
0.060
0.079
0.060
0.080
0.080
0.085
0.080
0.074
0.060
0.060
0.085
0.060
0.060
0.082
0.060
0.060
0.085
0.082
0.060
0.060
0.085
0.085
0.082
0.060
0.082
0.082
0.079
0.085
0.082
0.079
0.079
0.079
0.000
0.000
0.000
0.000
0.000
0.000
0.000
0.000
0.000
0.000
0.000
0.000
0.000
0.000
0.000
0.085
0.060
0.060
0.085
0.085
0.085
0.079
0.080
0.060
0.060
-1.398
0.060
0.085
0.085
0.060
0.060
0.060
0.074
0.085
0.060
0.085
0.085
0.079
0.085
0.060
0.060
0.082
-0.998
-0.998
-0.998
-0.998
-0.998
-0.787
0.081
0.085
0.060
0.085
0.067
0.085
0.061
0.080
0.082
0.060
-1.374
-2.215
0.073
0.081
0.081
0.067
0.085
0.082
0.000
0.000
0.000
0.000
0.000
0.000
0.000
0.000
0.000
0.000
0.000
0.000
0.000
0.000
0.000
0.000
0.000
0.000
0.000
0.000
0.000
0.000
0.000
0.000
0.000
0.000
0.000
0.000
0.000
0.000
0.000
0.000
0.000
0.000
0.000
0.000
0.060
0.060
0.080
0.073
0.074
-1.382
0.067
0.081
-1.422
0.060
0.060
0.063
-1.436
-2.104
0.067
-2.224
-1.522
-2.114
-2.093
-2.395
0.082
-1.979
0.085
0.068
-1.218
-1.449
-1.071
-1.254
-1.252
-1.149
-1.149
-1.149
-1.072
-1.252
-1.071
-2.621
-0.235
-0.235
-0.235
-0.393
-0.553
-0.393
0.060
0.077
0.074
0.060
0.079
0.079
0.060
0.060
0.073
0.085
0.085
0.074
0.000
0.000
0.000
0.000
0.000
0.000
0.000
0.000
0.000
0.000
0.000
0.000
-0.998
-0.729
-0.998
0.074
0.081
0.085
-1.397
0.067
0.068
-2.418
0.067
0.067
-1.072
-2.139
-1.071
-1.254
-2.129
-1.162
-2.324
-1.802
-1.796
-0.074
-0.076
-0.074
