fixedStep chrom=ENSGT00390000008818 start=1 step=1
0.074
0.074
0.074
0.074
0.074
0.074
0.071
0.074
0.074
0.070
0.074
0.072
0.074
0.074
0.070
0.074
0.074
0.074
0.074
0.074
0.070
0.074
0.074
0.074
0.074
0.074
0.069
0.074
0.074
0.074
0.074
0.074
0.074
0.074
0.074
0.074
0.074
0.074
0.070
0.074
0.074
0.074
0.074
0.074
0.074
0.074
0.074
0.074
0.074
0.074
0.074
0.074
0.074
0.058
0.074
0.074
0.073
0.074
0.074
0.070
0.070
0.074
0.074
0.074
0.074
0.074
0.074
0.074
0.074
0.074
0.074
0.074
0.074
0.074
0.070
0.074
0.074
0.074
0.074
0.074
0.074
0.074
0.074
0.074
0.074
0.074
0.074
0.073
0.074
0.072
0.074
0.074
0.074
0.074
0.074
0.074
0.074
0.074
0.074
0.074
0.074
0.074
0.074
0.074
0.074
0.074
0.074
0.074
0.070
0.074
0.074
0.074
0.074
-1.591
0.074
0.074
0.074
0.074
0.074
0.074
0.074
0.074
0.074
0.074
0.074
0.074
0.074
0.074
0.074
0.074
0.074
0.074
0.074
0.074
0.074
0.074
0.074
0.074
0.074
0.074
0.072
0.074
0.074
0.074
0.061
0.074
0.074
0.074
0.074
0.074
0.074
0.074
0.074
0.070
0.074
0.074
0.074
0.074
0.074
0.074
0.070
0.074
0.074
0.074
0.074
0.074
0.074
0.074
0.074
0.074
0.074
0.074
0.074
0.069
0.074
0.072
0.074
0.074
0.061
0.074
0.074
0.074
0.074
0.059
0.070
0.073
0.074
0.074
0.074
0.070
0.074
0.074
0.073
0.074
0.074
0.074
0.074
0.072
0.074
0.074
0.071
0.061
0.072
0.074
0.074
0.074
0.074
0.074
0.074
0.058
0.074
0.074
0.074
0.074
0.074
0.074
0.074
0.072
0.074
0.074
0.074
0.074
0.074
0.074
0.073
0.074
0.074
0.070
0.070
0.074
0.074
0.074
0.074
0.074
0.074
0.074
0.074
0.074
0.074
0.074
0.074
0.074
0.074
0.074
0.074
0.074
0.074
0.074
0.074
0.074
0.074
0.074
0.074
0.074
0.073
0.074
0.074
0.074
0.074
0.074
0.058
0.072
0.074
0.074
0.074
0.074
0.073
0.072
0.074
0.072
0.074
0.074
0.074
0.074
0.074
0.073
0.074
0.074
0.074
0.074
0.074
0.074
0.074
0.074
0.070
0.059
0.073
0.072
0.074
0.074
0.074
0.074
0.074
0.074
0.070
0.074
0.069
0.074
0.074
0.070
0.074
0.074
0.074
0.074
0.074
0.073
0.069
0.074
0.074
0.074
0.074
0.074
0.074
0.074
0.074
0.074
0.074
0.074
0.067
0.074
0.073
0.074
0.074
0.074
0.074
0.074
0.074
0.074
0.074
0.069
0.074
0.074
0.074
0.074
0.074
0.074
0.074
0.074
0.070
0.074
0.074
0.074
0.074
0.074
0.074
0.074
0.074
0.072
0.074
0.074
0.074
0.074
0.074
0.074
0.074
0.074
0.074
0.074
0.074
0.074
0.074
0.074
0.074
0.066
0.074
0.074
0.074
0.074
0.070
0.074
0.074
0.074
0.074
0.074
0.072
0.074
0.071
0.070
0.072
0.074
0.072
0.074
0.074
0.070
0.074
0.074
0.074
0.074
0.074
0.070
0.074
0.074
0.074
0.074
0.070
0.069
0.074
0.074
0.074
0.058
0.074
0.070
0.074
0.074
0.070
0.074
0.074
0.074
0.071
0.074
0.074
0.074
0.071
0.074
0.070
0.056
0.074
0.072
-1.665
0.070
0.074
0.074
0.074
0.070
0.074
0.074
0.074
0.074
0.074
0.074
0.070
0.074
0.072
0.074
0.066
0.058
0.074
0.072
0.074
0.074
0.074
0.074
0.074
0.070
0.074
0.074
-2.490
0.070
0.074
0.074
0.074
0.074
0.074
0.074
0.074
0.074
0.074
0.074
0.070
0.074
0.074
0.074
0.074
0.074
0.074
0.072
0.071
0.074
0.074
0.074
-1.644
0.074
0.074
0.074
0.074
0.074
0.074
0.074
0.074
0.072
0.074
0.074
0.073
0.074
0.074
0.074
0.074
0.074
0.074
0.074
0.058
0.074
0.074
0.070
0.074
0.074
0.074
0.071
0.074
0.074
0.059
0.071
0.074
0.074
0.074
0.074
0.071
0.074
0.074
0.074
0.071
0.070
0.072
0.074
0.074
0.074
0.074
0.074
0.074
0.074
0.074
0.070
0.074
0.074
0.073
0.074
0.074
0.074
0.070
0.074
0.059
0.074
0.074
0.071
0.071
0.074
0.074
0.074
0.074
0.074
0.061
0.070
0.059
0.074
0.074
0.074
0.059
0.074
0.070
0.070
0.074
0.070
0.074
0.074
0.070
0.068
0.074
0.070
0.074
0.074
0.074
0.074
0.074
0.061
0.074
0.070
0.074
0.074
0.074
0.071
0.073
0.074
0.074
0.074
0.074
0.070
0.074
0.074
0.074
0.074
0.074
0.070
0.074
0.074
0.070
0.070
0.074
0.073
0.074
0.074
0.074
0.074
0.074
0.053
0.074
0.074
0.069
0.074
0.074
0.073
0.070
0.074
0.067
0.074
0.074
0.074
0.074
0.074
0.074
0.074
0.074
0.074
0.074
0.074
0.074
0.074
0.058
0.071
0.071
0.074
0.070
0.074
0.074
0.071
0.070
0.074
0.058
0.071
0.071
0.070
0.074
0.074
0.074
0.074
0.074
0.074
0.074
0.074
0.074
0.058
0.074
0.074
0.074
0.074
0.072
0.074
0.074
0.074
0.074
0.059
0.074
0.074
0.074
0.070
0.074
0.074
0.074
0.074
0.074
0.074
0.074
0.074
0.067
0.074
0.074
-2.215
0.074
0.074
0.074
0.074
0.074
0.068
0.074
0.074
0.074
0.074
0.074
0.074
0.074
0.074
0.074
0.071
0.074
0.073
0.074
0.072
0.070
0.074
0.074
0.074
0.074
0.074
0.058
0.074
0.070
0.074
0.074
0.074
0.074
0.074
0.074
0.074
0.074
0.074
0.074
0.061
0.074
-2.986
0.074
0.074
0.071
0.074
0.074
0.074
0.074
0.072
0.074
0.074
0.074
0.070
0.074
0.074
0.074
0.074
0.074
0.074
0.074
0.074
0.072
0.070
0.072
0.074
0.074
0.074
0.061
0.074
0.074
0.074
0.059
0.074
0.072
0.074
0.074
0.072
0.074
0.074
0.074
0.074
0.074
0.071
0.074
0.074
0.074
0.070
0.058
0.072
0.071
0.074
0.074
0.074
0.074
0.073
0.072
0.074
0.071
0.074
0.074
0.074
0.074
0.074
0.065
0.074
0.074
0.066
0.074
0.074
0.074
0.074
0.074
0.074
