fixedStep chrom=ENSGT00730000111393 start=1 step=1
-1.550
-1.536
-1.553
-1.550
-1.550
-1.553
-1.550
-1.536
-1.909
-2.420
-2.286
-1.536
0.090
0.074
0.085
0.090
0.090
0.071
0.090
0.090
0.090
0.087
0.090
0.090
0.090
0.090
0.087
0.089
0.090
0.079
0.090
0.083
0.089
0.090
0.090
0.085
0.090
0.090
0.090
0.080
0.083
-0.681
0.085
0.087
0.090
0.090
0.090
0.090
0.090
0.089
0.088
-0.100
-0.100
-0.100
0.090
0.090
0.090
-0.679
-1.871
-0.681
-0.665
-1.270
-1.265
0.090
0.090
0.090
0.083
-0.681
0.090
0.090
0.083
0.086
-0.679
-1.277
-0.665
0.083
0.090
0.083
0.085
-0.681
0.090
-1.122
-1.225
0.090
-0.679
0.079
-0.679
0.090
-1.860
0.075
0.083
0.090
0.090
0.090
0.090
0.089
0.090
0.090
0.090
0.090
0.090
0.090
0.090
0.090
0.090
0.090
0.090
0.083
0.090
0.090
0.090
0.090
0.090
0.090
0.090
0.090
0.089
0.090
0.090
0.090
0.090
0.090
0.090
0.090
0.083
0.083
0.090
0.083
0.090
0.090
0.090
0.089
0.090
0.090
0.083
0.090
0.090
0.089
0.090
0.090
0.090
0.090
0.090
0.090
0.090
0.090
0.090
0.090
0.090
0.090
0.090
0.090
0.089
0.090
0.090
0.083
0.090
0.090
0.078
0.090
0.090
0.090
0.090
0.090
0.087
0.090
0.090
0.090
0.090
0.090
0.090
0.090
0.090
0.086
0.090
0.090
0.090
0.090
0.090
0.074
0.090
0.090
0.090
0.090
0.090
0.090
0.090
0.090
0.083
0.090
0.090
0.090
0.090
0.090
0.083
0.090
0.073
0.090
0.090
0.090
0.090
0.090
0.090
0.090
0.075
0.090
0.087
0.090
0.090
0.090
0.090
0.090
0.090
0.090
0.090
0.090
0.090
0.083
0.090
0.090
0.090
0.090
0.075
0.090
0.090
0.090
0.090
0.090
0.090
0.084
0.090
0.087
0.090
0.086
0.090
0.090
0.090
0.090
0.090
0.090
0.090
0.090
0.090
0.090
0.090
0.083
0.090
0.090
0.083
0.090
0.090
0.090
0.090
0.084
0.090
0.090
0.090
0.090
