fixedStep chrom=ENSGT00390000012802 start=1 step=1
0.077
0.077
0.077
0.074
0.058
0.074
0.077
0.077
0.077
0.077
-1.732
0.077
0.077
0.077
0.073
0.077
0.077
0.077
0.077
0.077
0.076
0.077
0.077
0.074
0.077
0.066
0.077
0.077
0.077
0.058
-2.448
0.077
0.063
0.077
0.074
0.077
0.077
0.077
-1.591
0.077
0.077
0.073
0.074
0.077
0.077
0.077
0.077
0.077
0.077
0.077
0.077
0.077
0.077
0.077
0.070
0.074
0.077
0.061
0.077
0.074
0.077
0.069
0.077
0.063
0.075
0.077
0.077
0.077
0.077
0.077
0.077
0.073
-1.717
0.066
0.077
0.077
0.077
0.061
0.077
0.077
0.074
0.073
0.066
0.077
0.073
0.077
0.077
0.074
0.077
0.077
0.075
0.073
0.074
0.077
0.074
0.061
0.077
0.077
0.077
0.074
0.074
0.077
0.074
0.077
0.063
0.074
0.066
0.077
0.075
-1.574
0.061
0.077
0.077
0.077
0.077
0.077
0.074
0.074
0.074
0.074
0.058
0.068
0.077
0.077
0.077
0.075
0.074
0.077
0.058
0.077
0.077
0.077
0.077
0.066
0.071
0.074
0.077
0.054
0.077
0.077
0.073
0.075
0.077
0.061
0.077
0.077
0.077
0.077
0.077
0.077
0.077
0.077
0.077
0.077
0.077
0.077
0.061
0.077
0.073
0.077
0.077
0.077
0.077
0.077
0.074
0.077
0.077
0.077
0.077
0.077
0.077
0.077
0.077
0.074
0.077
0.077
0.077
0.077
0.077
0.061
0.077
0.077
0.077
0.077
0.077
0.077
0.077
0.077
0.077
0.074
0.077
0.073
0.077
0.077
0.063
0.077
0.077
0.077
0.077
0.077
0.077
0.077
0.077
0.077
0.063
0.077
0.077
0.077
0.073
0.077
0.075
0.077
0.074
0.077
0.077
0.077
0.077
0.077
0.058
0.058
0.077
0.077
0.077
0.077
0.077
0.077
0.077
0.077
0.077
0.077
0.077
0.073
0.077
0.075
0.058
0.077
0.061
0.077
0.077
0.077
0.077
0.077
0.061
0.073
0.074
0.073
0.075
0.077
0.073
-1.598
0.077
0.077
0.077
0.077
0.073
0.077
0.077
0.077
0.077
0.077
0.077
0.077
0.077
0.075
-1.643
0.073
0.074
0.077
0.077
0.063
0.073
0.077
0.077
0.069
0.073
-1.555
0.077
0.074
0.059
0.069
0.077
0.076
0.077
0.077
0.077
0.077
0.077
0.077
-1.611
0.077
0.077
0.061
0.073
0.057
0.058
0.077
0.073
0.075
0.074
0.074
0.073
0.077
0.073
0.069
0.077
0.073
0.077
0.077
0.075
0.077
0.077
0.074
0.074
0.077
0.075
0.066
0.077
0.077
0.077
0.073
0.066
0.074
0.075
0.074
0.077
0.077
0.073
0.077
0.077
0.077
0.077
0.077
0.074
0.063
0.077
0.077
0.074
0.077
0.074
0.077
0.077
0.077
0.073
0.074
0.077
0.077
0.074
0.077
0.077
0.077
0.075
0.077
0.074
0.069
0.077
0.077
0.077
0.061
0.077
0.077
0.077
0.073
0.077
0.077
0.077
0.074
0.077
0.077
0.077
0.060
0.060
-1.581
0.077
0.077
0.069
0.077
0.077
0.077
0.077
0.077
0.077
0.077
0.077
0.077
0.077
0.077
0.074
0.077
0.077
0.077
0.077
0.077
0.073
0.077
0.077
0.077
0.077
0.077
0.077
0.077
0.077
0.077
0.077
0.077
0.077
0.077
0.077
0.077
0.077
0.077
0.077
0.077
0.077
0.077
0.077
0.077
0.077
0.077
0.076
0.077
0.077
0.077
0.075
0.077
0.077
0.077
0.077
0.077
0.077
0.077
0.077
-1.676
0.077
0.077
0.073
0.074
0.077
0.077
0.077
0.077
0.061
0.077
0.077
0.075
0.077
0.077
0.077
0.077
0.077
0.073
0.077
0.077
0.073
0.077
0.077
0.073
0.077
0.077
0.077
0.077
0.077
0.073
0.069
0.077
0.074
0.077
0.077
0.077
0.072
0.077
0.074
0.077
0.077
0.077
0.077
0.077
0.077
0.077
0.077
0.077
0.077
0.077
0.058
0.073
0.077
0.077
0.077
0.077
0.077
0.077
0.077
0.069
0.077
0.077
0.077
0.077
0.077
0.073
0.066
0.077
0.077
0.077
0.074
0.077
0.077
0.077
0.073
0.077
0.077
0.073
0.077
0.075
0.077
0.077
0.077
0.077
0.074
0.077
0.077
0.077
0.073
0.077
0.077
0.077
0.077
0.077
0.077
0.077
0.077
0.077
0.077
0.077
0.063
0.077
0.077
0.077
0.077
0.077
0.077
0.074
0.077
0.077
-1.598
0.077
0.077
0.077
0.077
0.077
0.077
0.077
0.077
0.077
0.077
0.077
0.074
0.077
0.077
0.074
0.073
0.063
0.077
0.077
0.077
0.077
0.077
0.077
0.077
0.077
0.077
0.077
0.077
0.077
0.077
0.077
0.077
0.074
0.077
0.077
0.073
0.077
0.077
0.073
0.077
0.077
0.073
0.062
0.066
0.077
0.061
0.074
0.077
0.076
0.077
0.077
0.077
0.075
0.077
