fixedStep chrom=ENSGT00440000039991 start=1 step=1
0.120
0.121
0.120
0.121
0.093
0.121
0.120
0.120
0.113
0.120
0.120
0.108
0.111
0.100
0.120
0.120
0.120
0.120
0.113
0.113
0.120
0.120
0.110
0.113
0.118
0.090
0.120
0.121
0.120
0.113
0.121
0.120
0.120
0.120
0.120
0.100
-1.690
0.120
0.116
0.120
0.120
0.112
0.087
0.119
0.112
0.112
0.083
0.114
0.120
-0.959
0.115
0.121
0.120
0.120
0.121
0.120
0.120
0.119
0.083
0.105
0.108
0.120
0.120
0.098
0.100
0.120
0.089
0.089
0.105
0.120
0.120
0.112
0.120
0.090
0.113
0.101
0.120
0.120
0.087
0.120
0.120
-0.614
-0.981
-0.644
-0.618
-0.614
-0.614
-0.614
-0.614
-0.614
-0.984
-0.615
-0.614
-0.614
-0.614
-0.642
-0.614
-0.981
-0.665
-0.613
-0.615
-0.614
-0.969
-0.615
-0.614
0.120
0.083
0.114
0.120
0.120
0.112
0.100
0.100
0.120
0.089
0.089
0.106
0.083
0.083
0.112
0.119
0.094
0.113
0.101
0.115
0.120
0.253
0.253
0.253
0.253
0.253
0.253
0.094
0.120
0.120
0.193
0.193
0.193
0.120
0.094
0.113
0.120
0.120
0.120
0.120
0.120
0.120
0.091
0.120
0.120
0.083
-2.596
0.121
0.120
0.089
0.116
0.121
0.120
0.120
0.121
0.120
0.113
0.120
0.083
0.113
-0.883
0.120
0.120
0.120
0.120
0.120
0.113
0.113
0.120
0.120
-1.490
0.114
0.120
0.120
0.090
0.121
0.120
0.120
0.121
0.120
0.120
0.120
0.094
0.113
0.113
0.120
0.120
0.120
0.112
0.120
0.209
0.209
0.209
-1.669
0.094
0.113
0.120
0.094
0.100
0.121
0.120
0.112
0.121
0.120
0.112
0.120
0.112
0.116
0.114
0.108
0.120
0.083
0.120
0.112
0.120
0.108
0.120
0.121
0.120
0.120
0.121
0.120
0.113
0.089
0.120
0.121
0.083
0.112
0.112
0.120
0.120
0.083
-0.884
0.120
0.120
0.120
0.090
0.115
0.120
0.120
0.111
0.120
0.120
0.113
0.119
-2.624
0.120
0.091
0.120
0.112
0.113
0.120
0.109
0.090
0.083
0.121
0.112
0.113
0.111
0.119
0.106
0.112
0.120
0.119
0.093
0.083
0.120
0.121
0.120
0.094
-0.889
0.112
0.120
0.120
0.120
0.113
0.113
0.121
0.120
0.120
0.112
0.120
0.105
0.083
0.120
0.120
0.120
0.083
0.112
0.120
0.120
0.119
0.113
0.112
0.120
0.120
0.120
0.113
0.120
0.113
0.117
0.121
0.118
0.121
0.120
0.120
0.120
-0.644
-0.614
-0.614
-0.614
-0.614
-0.615
0.094
0.120
0.120
0.120
0.116
0.113
0.120
0.120
0.120
0.118
0.116
0.091
0.120
0.120
0.115
0.120
0.120
0.094
0.108
0.083
0.083
0.090
0.113
-0.961
-0.634
-0.644
-0.644
-0.642
-0.614
-0.710
-0.614
-1.485
-1.757
-0.643
-0.664
-0.614
-0.644
-0.615
-1.101
-0.981
-0.981
-0.644
0.000
0.000
0.000
0.000
0.000
0.000
0.000
0.000
0.000
0.000
0.000
0.000
0.000
0.000
0.000
0.000
0.000
0.000
0.000
0.000
0.000
