fixedStep chrom=ENSGT00390000016774 start=1 step=1
0.070
0.070
0.070
0.070
0.070
0.064
0.070
0.070
0.061
0.070
0.070
0.067
0.069
0.070
0.070
0.070
0.070
0.070
0.070
0.070
0.056
0.066
0.070
0.069
0.070
0.070
0.064
0.069
0.070
0.070
0.070
0.070
0.070
0.070
0.070
0.067
0.070
0.070
0.056
0.070
0.070
0.066
0.070
0.055
0.070
0.070
0.070
0.056
0.070
0.070
0.070
0.070
0.070
0.070
0.070
0.067
0.069
0.070
0.070
0.070
0.070
0.055
0.069
0.055
0.070
0.064
0.070
0.070
0.070
0.070
0.070
-1.685
0.070
0.070
0.070
0.054
0.070
0.070
0.070
0.070
0.070
0.070
0.056
0.070
0.070
0.067
-1.676
0.070
0.070
0.070
0.067
0.070
0.070
0.067
0.070
0.070
0.067
0.053
0.070
0.070
0.070
0.066
0.070
0.066
0.070
0.055
0.070
0.067
0.056
0.066
0.070
0.070
0.070
0.070
0.068
0.070
0.070
0.070
0.070
0.070
0.070
0.067
0.066
0.070
0.069
0.054
0.070
0.066
0.061
0.066
0.069
0.070
0.070
0.070
0.066
0.070
0.061
0.070
0.067
0.070
0.070
0.070
0.070
0.067
0.070
0.065
0.070
0.070
0.070
0.070
0.070
0.070
0.070
0.070
0.070
0.066
0.070
0.070
0.070
0.070
0.070
0.066
0.070
0.070
0.066
0.070
0.070
0.070
0.070
0.070
0.070
0.070
0.070
0.070
0.067
0.070
0.055
0.070
0.070
0.066
0.070
0.055
0.066
0.070
0.070
0.070
0.070
0.070
0.070
0.070
0.066
0.070
0.070
0.070
0.070
0.056
0.066
0.070
0.070
0.070
0.066
0.070
0.070
0.070
0.066
0.069
0.070
0.070
0.070
0.070
0.070
0.070
0.070
0.070
0.070
0.070
0.070
0.066
0.070
0.070
0.055
0.070
0.070
0.070
0.070
0.061
0.070
0.070
0.070
0.070
0.070
0.070
0.070
0.070
0.055
0.070
0.070
0.070
0.070
0.056
0.070
0.070
0.065
0.051
0.070
0.066
0.070
0.070
0.070
0.069
0.070
0.070
0.067
0.070
0.061
0.070
0.070
0.070
0.066
0.070
0.070
0.070
0.070
0.070
0.070
0.065
0.066
0.066
0.070
0.070
0.070
0.055
0.070
0.070
0.070
0.070
0.070
0.070
0.070
0.070
0.070
0.070
0.066
0.070
0.070
0.070
0.070
0.070
0.070
0.070
0.070
0.070
0.070
0.070
0.068
0.070
0.059
0.070
0.070
0.066
0.070
0.070
0.070
0.070
0.070
0.070
0.070
0.070
0.069
0.070
0.070
0.067
0.070
0.070
0.070
0.070
0.066
0.070
0.070
0.070
0.070
0.070
0.070
0.070
0.070
0.070
0.069
0.070
0.070
0.066
0.070
0.070
0.067
-0.196
-0.196
-0.196
-0.862
-0.862
-0.862
0.070
0.070
0.070
0.070
0.070
0.070
0.070
0.070
0.070
0.070
0.070
0.070
0.070
0.070
0.066
0.070
0.070
0.070
0.069
0.070
0.067
0.070
0.070
0.070
0.070
0.070
0.070
0.070
0.070
0.070
0.070
0.070
0.067
0.070
0.070
0.070
0.070
0.070
0.070
0.070
0.070
0.067
0.070
0.070
0.070
0.070
0.070
0.070
0.070
0.070
0.070
0.070
0.070
0.067
0.070
0.070
0.070
0.070
0.060
0.070
0.070
0.070
0.070
0.070
0.070
0.070
0.070
0.070
0.070
0.070
0.070
0.070
0.070
0.070
0.070
