fixedStep chrom=ENSGT00390000008902 start=1 step=1
0.000
0.000
0.000
0.000
0.000
0.000
0.000
0.000
0.000
0.000
0.000
0.000
0.000
0.000
0.000
0.000
0.000
0.000
0.000
0.000
0.000
0.000
0.000
0.000
0.083
0.083
0.083
0.080
0.083
0.083
0.083
0.083
0.083
0.083
0.083
0.083
0.083
0.083
0.082
0.083
0.083
0.083
0.083
0.083
0.083
0.083
0.083
0.080
0.083
0.083
0.083
0.083
0.083
0.082
-1.496
-1.506
-1.496
0.083
0.083
0.083
0.083
0.083
0.083
0.083
0.082
0.080
0.083
0.083
0.083
0.083
0.083
0.064
0.080
0.083
0.083
0.083
0.083
0.082
0.083
0.083
0.083
0.082
0.083
0.083
0.083
0.083
0.079
0.083
0.080
0.082
0.083
0.083
0.082
0.083
0.083
0.083
0.083
0.083
0.083
0.083
0.083
0.083
0.083
0.083
0.083
0.083
0.083
0.083
0.070
0.083
0.083
0.083
0.083
0.083
0.083
0.083
0.082
0.083
0.083
0.083
-1.331
-1.331
-1.325
0.083
0.083
0.083
0.083
0.083
0.083
0.083
0.083
0.083
0.083
0.083
0.083
0.083
0.083
0.083
0.080
0.083
0.083
0.083
0.083
0.083
0.083
0.083
0.083
0.083
0.083
0.083
0.083
0.083
0.078
0.080
0.083
0.080
0.083
0.083
0.083
0.083
0.083
0.083
0.083
0.083
0.076
0.083
0.080
0.083
0.083
0.083
0.083
0.083
0.083
0.083
0.083
0.083
0.083
0.083
0.083
0.083
0.083
0.083
0.080
0.070
0.083
0.083
0.083
0.083
0.083
0.078
0.083
0.083
0.076
0.083
0.080
0.083
0.083
0.083
0.083
0.083
0.083
0.083
0.083
0.083
0.083
0.083
0.083
0.083
0.083
0.083
0.082
0.083
0.083
0.083
0.083
0.078
0.082
0.083
0.083
0.083
0.083
0.082
0.083
0.083
0.083
0.083
0.083
0.083
0.083
0.083
0.083
0.083
0.083
-4.666
0.079
0.083
0.078
0.083
0.083
0.080
0.083
0.078
0.083
0.083
0.083
0.083
0.083
0.083
0.071
0.083
0.083
0.083
0.083
0.083
0.083
0.083
0.083
0.078
0.083
0.083
0.083
0.083
0.083
0.083
0.083
0.083
0.083
0.080
-1.939
0.083
0.083
0.083
0.083
0.083
0.083
0.079
0.083
0.068
0.083
0.083
0.083
0.080
0.083
0.083
0.083
0.083
0.083
0.083
0.083
0.083
0.068
0.083
0.083
0.079
0.083
0.083
0.078
0.082
-1.986
0.083
0.083
0.083
0.083
0.083
0.076
0.083
0.083
0.083
0.083
0.083
0.083
0.070
0.083
0.083
0.066
-1.323
-1.468
-1.814
0.069
0.075
0.066
0.076
0.081
0.080
-1.415
0.070
-1.430
0.066
0.066
0.080
0.069
0.083
0.066
0.080
0.080
0.070
0.083
-1.430
0.066
0.080
0.066
0.066
0.083
0.080
0.083
0.066
0.083
0.066
0.000
0.000
0.000
0.000
0.000
0.000
0.000
0.000
0.000
0.000
0.000
0.000
0.000
0.000
0.000
0.000
0.000
0.000
0.000
0.000
0.000
0.000
0.000
0.000
0.000
0.000
0.000
0.000
0.000
0.000
0.000
0.000
0.000
