fixedStep chrom=ENSGT00390000009481 start=1 step=1
0.091
0.091
0.091
0.089
0.091
0.090
0.091
0.072
0.089
0.091
0.077
0.086
0.091
0.089
0.091
-3.110
0.091
0.091
0.083
0.086
0.090
0.087
0.091
0.075
0.091
0.091
0.086
0.080
0.086
0.091
0.089
0.082
0.085
0.089
0.083
0.088
0.082
0.091
0.089
0.089
0.091
0.091
0.091
0.091
0.091
0.089
0.091
0.068
0.091
0.091
0.091
0.091
0.091
0.091
0.091
0.091
0.089
0.091
0.091
0.070
0.091
0.086
0.091
0.091
0.089
0.091
0.083
0.083
0.089
0.089
0.067
0.090
0.086
0.091
0.088
0.091
0.091
0.091
0.091
0.091
0.091
0.091
0.091
0.085
0.091
0.091
0.086
0.087
0.089
0.070
0.091
0.082
0.077
-1.406
-1.397
-2.068
-3.157
-3.695
-3.097
-3.662
-3.681
-3.217
0.000
0.000
0.000
0.000
0.000
0.000
0.000
0.000
0.000
-1.239
-1.232
-1.239
-1.239
-1.232
-1.239
-1.239
-1.232
-1.819
-1.383
-1.232
-1.239
-2.898
-1.392
-1.824
-1.239
-1.232
-1.239
-1.239
-1.329
-2.263
0.087
0.086
0.091
0.091
0.090
0.076
0.091
0.091
0.087
0.089
0.090
0.089
0.091
0.091
0.091
0.091
0.091
0.091
0.091
0.091
0.089
0.091
0.091
0.091
0.090
0.091
0.089
0.091
0.091
0.091
0.091
0.091
0.090
0.010
0.010
0.010
0.089
0.090
0.087
0.091
0.091
0.091
0.091
0.091
0.091
0.091
0.091
0.070
0.091
0.090
0.091
0.091
0.091
0.089
0.091
0.091
0.091
0.079
0.079
0.079
0.061
0.067
0.079
0.079
0.079
0.079
0.079
0.079
0.079
0.079
0.076
0.077
0.079
0.079
0.079
0.079
0.076
0.079
0.067
0.079
0.079
0.079
0.079
0.079
0.079
0.079
0.076
0.067
0.072
0.075
0.079
0.076
0.079
0.079
0.079
0.079
0.069
0.079
0.067
0.076
0.079
0.061
0.076
0.079
0.068
0.068
0.076
0.079
0.076
0.079
0.079
0.079
0.079
0.079
0.079
0.079
0.079
0.079
0.079
0.079
0.079
0.079
0.079
0.079
0.079
0.079
0.079
0.079
0.079
0.079
0.079
0.076
0.077
0.079
0.077
0.079
0.079
0.079
0.079
0.073
0.072
0.079
0.079
0.075
0.067
0.079
0.074
0.079
0.079
0.076
0.079
0.079
0.079
0.079
0.079
0.076
0.079
0.079
0.079
0.079
0.079
0.079
0.079
0.079
0.076
0.066
0.079
0.069
0.073
0.079
0.079
0.079
0.079
0.079
0.079
0.079
0.077
0.079
0.079
0.079
0.079
0.076
0.079
0.079
0.079
0.079
0.079
0.079
0.079
0.079
0.077
0.079
0.079
0.079
0.079
0.079
0.079
0.079
0.079
0.079
0.079
0.079
0.079
0.079
0.079
0.079
0.079
0.079
0.079
0.079
0.079
0.079
0.076
0.079
0.079
0.079
0.079
0.079
0.079
0.079
0.079
0.079
0.079
0.079
0.079
0.079
0.079
0.079
0.079
0.079
0.072
0.072
0.068
0.077
0.079
0.079
0.079
0.076
0.079
0.079
0.079
0.079
0.079
0.079
0.079
0.068
0.079
0.078
0.079
0.079
0.079
0.079
0.079
0.079
0.076
0.079
0.079
0.079
0.079
0.079
0.079
0.079
0.079
0.079
0.079
0.079
0.079
0.079
0.076
0.079
0.079
0.079
0.079
0.067
0.079
0.066
0.079
0.079
0.079
0.075
0.079
0.079
0.079
0.079
0.079
0.079
0.079
0.074
0.079
0.079
0.079
0.079
0.074
0.079
0.076
0.079
0.079
0.079
0.079
0.079
0.077
0.079
0.079
0.076
0.079
0.077
0.076
0.079
0.079
0.079
0.079
0.061
0.079
0.076
0.079
0.079
0.075
0.079
0.079
0.079
0.079
0.079
0.077
0.077
-2.937
0.079
0.076
0.075
0.068
0.061
-1.056
-2.833
-0.927
0.079
0.079
0.077
0.076
0.072
0.079
0.074
0.079
0.079
0.079
0.079
0.079
0.079
0.078
0.077
0.079
0.079
0.073
0.076
0.079
0.076
0.076
0.079
0.079
0.079
0.079
0.078
0.079
0.079
0.079
0.079
0.079
0.079
0.079
0.079
0.079
0.079
0.079
0.067
0.079
0.079
0.079
0.079
0.079
0.088
0.070
0.091
0.091
0.070
0.091
0.070
0.070
0.086
0.087
0.068
0.070
0.070
0.091
0.091
0.091
0.091
0.091
0.091
0.091
0.091
0.087
0.089
0.091
0.091
0.086
0.091
0.091
0.091
0.091
0.091
0.091
0.091
-1.785
0.091
0.085
0.091
0.091
0.091
0.091
0.091
0.091
0.070
0.091
0.091
0.089
0.091
0.089
0.089
0.091
0.091
0.078
0.091
0.091
0.089
0.089
0.085
0.085
0.086
0.088
0.091
0.091
0.091
0.091
0.091
0.091
0.067
0.091
0.091
0.088
0.091
0.091
0.091
0.091
0.091
0.091
0.091
0.090
0.088
0.090
0.089
0.081
0.091
0.091
0.077
0.091
0.089
0.089
0.091
0.091
0.091
0.000
0.000
0.000
0.000
0.000
0.000
0.000
0.000
0.000
0.000
0.000
0.000
0.000
0.000
0.000
0.000
0.000
0.000
0.000
0.000
0.000
0.000
0.000
0.000
0.000
0.000
0.000
0.000
0.000
0.000
0.000
0.000
0.000
0.000
0.000
0.000
0.000
0.000
0.000
0.000
0.000
0.000
0.000
0.000
0.000
0.000
0.000
0.000
0.000
0.000
0.000
0.000
0.000
0.000
0.000
0.000
0.000
0.000
0.000
0.000
0.000
0.000
0.000
0.000
0.000
0.000
0.000
0.000
0.000
0.000
0.000
0.000
0.000
0.000
0.000
0.000
0.000
0.000
0.000
0.000
0.000
0.000
0.000
0.000
0.000
0.000
0.000
0.000
0.000
0.000
0.000
0.000
0.000
0.000
0.000
0.000
0.000
0.000
0.000
0.000
0.000
0.000
0.000
0.000
0.000
0.000
0.000
0.000
0.090
0.091
0.091
0.091
0.091
0.091
0.090
0.088
0.091
0.091
0.091
0.089
0.010
0.010
0.010
0.091
0.091
0.091
0.091
0.090
0.091
0.089
0.091
0.082
0.091
0.091
0.089
0.091
0.091
0.091
0.091
0.091
0.085
0.091
0.091
0.091
0.091
0.091
0.089
0.091
0.091
0.091
0.091
0.091
0.091
0.091
0.091
0.091
0.091
0.091
0.086
0.091
0.091
0.090
0.091
0.091
0.091
0.091
0.091
0.091
0.091
0.091
0.091
0.091
0.091
0.087
0.091
0.091
0.084
0.091
0.091
0.082
0.091
0.091
0.091
0.091
0.091
0.091
0.091
0.091
0.091
0.091
0.091
0.091
0.091
0.091
0.090
0.091
0.091
0.091
0.091
0.091
0.091
0.091
0.091
0.086
