fixedStep chrom=ENSGT00390000014279 start=1 step=1
0.065
0.066
0.065
0.066
0.065
0.065
0.065
0.065
0.058
0.065
0.065
0.058
0.065
0.066
0.065
0.065
0.065
0.064
0.063
-1.051
0.065
0.065
0.065
0.065
0.066
0.065
0.066
0.058
-1.059
0.065
0.065
0.058
0.058
0.065
0.065
0.065
0.065
0.065
0.064
0.065
0.065
0.065
0.066
0.065
0.065
0.066
0.065
0.065
0.065
0.066
0.065
0.058
0.065
0.058
0.065
0.065
0.065
0.066
0.065
0.065
0.066
0.065
0.065
-1.059
0.066
0.065
0.066
0.065
0.066
-1.060
0.065
-1.062
0.065
0.066
0.066
0.065
0.065
0.065
0.065
0.065
0.066
0.065
0.065
0.065
0.058
0.065
0.058
0.065
0.065
0.065
0.065
0.066
0.065
0.058
0.058
-1.060
0.065
0.066
0.066
0.066
0.065
0.065
0.066
0.066
0.065
-1.059
0.065
0.065
0.066
0.065
0.065
0.066
0.066
0.065
0.065
0.065
0.065
0.065
0.065
0.066
0.065
0.065
0.065
0.066
0.066
0.066
0.065
0.066
0.058
0.065
0.065
0.065
0.063
0.066
0.066
0.063
0.065
0.065
0.065
0.065
0.065
0.066
0.066
0.065
0.065
0.066
0.065
0.065
0.065
0.065
0.066
0.065
0.065
0.065
0.065
0.058
0.065
0.065
0.065
0.066
0.065
0.065
0.065
0.065
0.065
0.065
0.065
-1.059
0.065
0.065
-1.060
0.058
0.065
0.065
0.066
0.065
0.065
0.065
0.065
0.065
0.065
0.065
0.066
0.065
0.065
0.065
0.065
0.066
0.058
0.065
0.066
0.065
0.065
0.065
0.065
0.065
0.065
0.065
0.065
-1.060
0.066
0.065
0.065
-1.062
0.065
-1.060
0.065
0.065
0.058
0.065
0.058
0.058
-1.571
0.065
0.065
0.062
0.065
0.065
-1.062
0.065
0.065
0.065
0.065
0.065
0.065
0.066
0.065
0.065
0.058
0.065
0.065
0.065
0.057
0.065
0.065
0.066
0.065
0.065
0.065
0.065
0.065
0.058
0.058
0.065
0.065
0.065
0.066
0.061
0.065
0.065
0.065
0.065
0.065
0.065
0.065
0.058
0.058
0.065
0.065
-1.060
0.058
-1.062
0.065
0.058
0.065
0.065
0.065
0.065
0.065
0.066
0.065
0.064
0.064
0.065
0.065
0.065
0.065
0.063
0.065
0.065
0.058
0.065
0.066
0.065
0.066
-1.059
0.065
0.065
0.065
0.065
-1.059
0.066
-1.062
0.065
0.065
0.065
0.065
0.065
-1.768
-1.059
0.065
0.065
0.065
0.065
0.058
0.065
0.065
0.065
0.065
0.065
0.058
0.065
0.065
0.065
0.065
0.065
-1.060
0.065
0.065
0.065
0.065
0.065
0.065
0.058
0.065
0.065
0.058
0.066
0.063
0.058
0.065
0.065
0.065
0.065
0.065
-1.053
0.065
-1.060
0.065
0.065
0.065
0.057
0.065
0.066
0.065
0.058
0.065
0.065
0.065
-1.060
0.065
0.065
0.065
0.065
0.066
0.066
0.065
0.065
0.066
0.063
0.065
0.065
0.064
0.065
-1.060
0.066
0.065
0.065
0.058
0.065
0.066
0.065
0.056
0.058
-1.062
0.065
0.065
0.066
0.065
0.065
0.065
0.065
0.065
-1.062
0.065
0.065
-1.051
0.065
0.066
0.063
0.065
0.065
0.065
0.065
0.066
0.065
0.065
0.065
0.065
0.065
0.066
0.065
0.065
0.065
0.061
0.065
0.054
0.066
0.065
0.065
0.064
0.065
0.065
0.066
0.065
0.065
0.066
0.065
0.065
0.065
0.066
0.065
0.065
0.065
0.065
0.065
0.065
0.065
0.065
0.065
-1.059
0.058
0.065
0.066
0.062
0.061
0.065
-2.085
0.066
0.065
0.065
0.065
0.065
0.065
0.058
0.066
0.066
0.065
0.058
0.065
0.065
-1.666
0.058
0.064
0.066
0.066
0.065
0.058
0.066
0.065
0.065
0.065
0.066
0.065
0.065
0.066
0.065
0.065
0.065
0.065
0.065
0.066
0.065
0.065
0.065
0.065
0.065
0.000
0.000
0.000
0.000
0.000
0.000
0.000
0.000
0.000
0.000
0.000
0.000
0.000
0.000
0.000
-0.923
-0.923
-0.923
-0.922
-0.922
-0.923
-1.019
-0.922
-0.922
-0.923
-0.923
-0.922
-0.922
-0.923
-0.923
