fixedStep chrom=ENSGT00550000074981 start=1 step=1
0.000
0.000
0.000
0.000
0.000
0.000
0.000
0.000
0.000
0.000
0.000
0.000
0.000
0.000
0.000
0.000
0.000
0.000
0.000
0.000
0.000
0.000
0.000
0.000
0.000
0.000
0.000
0.000
0.000
0.000
0.000
0.000
0.000
0.000
0.000
0.000
0.000
0.000
0.000
0.000
0.000
0.000
0.000
0.000
0.000
0.000
0.000
0.000
0.000
0.000
0.000
0.000
0.000
0.000
0.000
0.000
0.000
0.000
0.000
0.000
0.000
0.000
0.000
0.000
0.000
0.000
0.000
0.000
0.000
0.000
0.000
0.000
0.000
0.000
0.000
0.000
0.000
0.000
0.000
0.000
0.000
0.000
0.000
0.000
0.000
0.000
0.000
0.000
0.000
0.000
0.000
0.000
0.000
0.000
0.000
0.000
0.000
0.000
0.000
0.000
0.000
0.000
0.000
0.000
0.000
0.000
0.000
0.000
0.000
0.000
0.000
-1.733
-1.164
-1.752
-2.578
-2.578
-2.581
-1.164
-1.164
-1.245
-2.818
-1.245
-1.954
-1.164
-1.733
-1.245
-1.168
-1.248
-1.168
0.080
0.080
0.080
0.080
0.080
0.066
0.080
0.080
0.077
0.080
0.080
0.080
0.080
0.080
0.080
0.080
0.080
0.080
0.080
0.080
0.077
0.080
0.080
0.076
0.080
0.080
0.078
0.080
0.080
0.080
0.080
0.080
0.080
0.080
0.080
0.078
0.080
0.080
0.077
0.078
0.080
0.077
0.080
0.080
0.080
0.080
0.080
0.080
0.080
0.080
0.062
0.077
0.067
0.074
0.080
0.080
0.080
0.080
0.080
0.080
0.080
0.080
0.080
0.080
0.080
0.080
0.080
0.080
0.077
0.080
0.080
0.080
0.080
0.080
0.077
0.080
0.080
0.077
0.080
0.080
0.080
0.080
0.080
0.080
0.080
0.080
0.077
0.080
0.080
0.080
0.080
0.080
0.077
0.080
0.080
0.079
0.075
0.080
0.080
0.080
0.080
0.080
0.080
0.080
0.074
0.080
0.080
0.074
0.080
0.080
0.078
0.080
0.080
0.064
0.064
0.064
0.064
0.064
0.061
0.064
0.064
0.064
-1.871
0.064
0.064
0.064
0.064
0.064
0.059
0.064
0.064
0.064
0.064
0.064
0.064
0.059
0.064
0.064
0.064
0.064
0.064
0.063
0.064
0.064
0.064
0.064
0.064
0.064
0.064
0.064
0.064
0.064
0.064
0.061
0.064
0.064
0.051
0.064
0.064
0.064
0.064
0.057
0.064
0.064
0.064
0.064
0.064
0.060
0.064
0.064
0.064
0.064
0.064
0.059
0.064
0.064
0.060
0.064
0.064
0.059
0.064
0.064
0.051
0.064
0.059
0.064
0.064
0.064
0.056
0.064
0.064
0.059
0.064
0.064
0.064
0.064
0.064
0.064
0.064
0.064
0.049
0.064
0.064
0.064
0.064
0.064
0.064
0.064
0.064
0.064
0.064
0.064
0.064
0.059
0.059
0.064
0.064
0.064
0.064
-1.027
0.064
0.064
0.064
0.064
0.064
0.064
0.064
0.064
0.064
0.064
0.064
0.064
0.064
0.064
0.064
0.059
-1.026
0.064
0.064
0.064
0.064
0.064
0.064
0.064
0.064
0.059
0.064
0.064
0.064
0.064
0.064
0.059
0.064
0.064
0.064
0.064
0.061
0.063
0.064
0.064
0.064
0.064
0.064
0.064
0.064
0.064
0.064
0.064
0.064
0.064
0.064
0.064
0.061
0.064
0.064
0.064
0.064
0.064
0.064
0.064
0.064
0.064
0.064
0.064
0.063
0.064
0.064
-1.029
0.064
0.064
0.064
0.064
0.064
0.064
0.064
0.064
0.064
0.064
0.064
0.059
0.063
0.064
0.064
0.064
0.064
0.064
0.064
0.064
0.072
0.072
0.068
0.069
0.072
0.072
0.072
0.072
0.072
0.053
0.072
0.072
0.069
0.072
0.072
0.055
0.072
0.072
0.072
0.072
0.072
0.070
0.072
0.072
0.072
0.072
0.072
0.072
0.072
0.072
0.069
0.072
0.072
0.072
0.072
0.072
0.072
0.072
0.072
0.069
0.072
0.072
0.072
0.072
0.072
0.064
0.072
0.072
0.053
0.072
0.072
0.072
0.072
0.068
0.072
0.072
0.072
0.072
0.072
0.072
0.069
0.072
0.072
0.069
0.072
0.072
0.072
0.072
0.072
0.069
0.072
0.072
-1.695
0.072
0.072
0.067
0.060
0.072
0.072
0.072
0.072
0.072
0.072
0.072
0.069
0.072
0.072
0.068
0.072
0.072
0.052
0.072
0.072
0.069
0.072
0.072
0.069
0.072
0.072
0.069
0.072
0.072
-2.602
0.072
0.072
0.069
0.072
0.072
0.068
0.072
0.072
0.072
0.072
0.072
0.072
0.072
0.072
-1.695
0.072
0.072
0.072
0.072
0.072
0.069
0.072
0.072
0.072
0.072
0.072
0.072
0.072
0.072
-2.590
0.072
0.072
0.072
0.072
0.072
0.072
0.072
0.072
0.072
0.072
0.072
0.080
0.080
0.080
0.080
0.080
0.080
0.080
0.080
0.080
0.080
0.076
0.080
-2.959
0.080
0.080
0.080
0.080
0.080
0.080
0.080
0.080
0.077
0.080
0.080
0.080
0.080
0.080
0.080
0.080
0.080
0.080
0.080
0.080
0.080
0.080
0.080
0.080
0.080
0.080
0.080
0.080
0.080
0.077
0.080
0.080
0.065
0.080
0.080
0.065
0.080
0.080
0.080
0.080
0.080
0.080
0.080
0.080
0.080
0.080
0.080
0.080
0.080
0.080
0.080
0.080
0.080
0.080
0.080
0.080
0.077
0.080
0.080
0.080
0.080
0.080
0.080
0.080
0.080
0.076
0.080
0.080
0.080
0.080
0.080
0.077
0.080
0.080
0.075
0.080
0.080
0.078
0.080
0.080
0.080
0.080
0.080
0.075
0.080
0.080
0.066
0.080
0.080
0.076
0.080
0.080
0.077
0.080
0.080
0.080
0.080
0.080
0.080
0.080
0.080
0.080
0.080
0.080
0.077
0.080
0.080
0.077
0.080
0.080
0.080
0.080
0.075
0.080
0.080
0.080
0.080
0.080
0.080
0.065
0.080
0.080
0.076
0.072
0.072
0.071
0.072
0.072
0.069
0.072
0.072
0.066
0.072
0.072
0.072
0.072
0.072
0.072
0.072
0.072
0.072
0.072
0.072
0.072
0.072
0.072
0.068
0.072
0.068
0.058
0.072
0.072
0.069
0.072
0.072
0.069
0.070
0.072
0.072
0.072
0.072
0.072
0.072
0.072
0.072
0.072
0.072
0.068
0.072
0.072
0.072
0.072
0.072
0.068
0.057
0.071
0.072
0.072
0.072
0.069
0.072
0.072
0.072
0.072
0.069
0.072
0.068
0.072
0.069
0.058
0.069
0.069
0.072
0.072
0.072
0.072
0.072
0.069
0.058
0.072
0.053
0.072
0.072
0.069
0.059
0.072
0.065
0.072
0.072
0.072
0.072
0.072
0.072
0.072
0.072
0.070
0.072
0.072
0.053
0.072
0.072
0.072
0.072
0.072
0.072
0.070
0.072
0.072
0.072
0.068
0.072
0.072
0.072
0.072
0.069
0.072
0.069
0.068
0.072
0.069
0.072
0.072
0.071
0.072
0.069
0.056
0.072
0.072
0.072
-0.956
-0.954
-0.956
-3.423
-3.428
-3.423
-1.604
-1.601
-2.630
0.069
0.072
0.053
0.054
0.072
0.072
0.072
0.072
0.058
0.069
0.072
0.069
0.072
0.072
0.072
0.072
0.056
0.072
0.072
0.072
0.072
0.072
0.072
0.069
0.072
0.072
0.069
0.069
0.072
0.072
0.072
0.066
0.072
0.072
0.072
0.069
0.072
0.072
0.072
0.072
0.072
0.072
0.072
0.072
-1.671
0.072
0.072
0.069
0.072
0.072
-2.415
0.072
0.072
0.069
0.072
0.072
0.072
0.072
0.072
0.072
0.072
0.072
0.068
0.056
0.058
0.072
0.072
0.072
0.068
0.072
0.072
0.072
0.072
0.072
0.072
0.072
0.072
0.072
0.072
0.072
0.072
0.072
0.072
0.070
0.072
0.072
0.072
0.072
0.072
0.072
0.072
0.072
0.072
0.072
0.072
0.069
0.072
0.072
0.069
0.072
0.072
0.072
0.072
0.072
0.066
0.072
0.072
0.068
0.072
0.072
0.068
0.072
0.072
0.068
0.072
0.072
0.068
0.072
0.072
0.072
0.072
0.072
0.068
0.072
0.072
0.072
0.072
0.068
0.069
0.072
0.072
0.056
0.072
0.072
0.068
0.072
0.072
0.068
0.072
0.072
-2.701
0.072
0.072
-1.725
0.072
0.059
0.072
0.072
0.072
0.071
0.072
0.072
0.072
0.072
0.072
0.072
0.059
0.069
0.068
0.072
0.068
0.072
0.072
0.072
0.072
0.072
0.072
0.069
0.072
0.072
0.057
0.072
0.072
0.072
0.072
0.072
0.069
0.072
0.072
0.072
0.072
0.072
0.072
0.072
0.072
0.072
0.072
0.072
0.057
0.072
0.072
0.072
0.072
0.072
0.072
0.072
0.072
0.072
0.072
0.072
0.072
0.072
0.072
0.069
0.072
0.072
0.072
0.072
0.072
0.058
0.072
0.072
0.053
0.072
0.072
0.068
0.072
0.072
0.070
0.072
0.072
0.072
0.072
0.072
0.072
0.072
0.072
0.072
0.072
0.072
0.069
0.072
0.072
0.060
0.072
0.072
0.072
0.072
0.072
0.072
0.072
0.072
0.072
0.072
0.072
0.068
0.072
0.072
0.072
0.072
0.072
0.069
0.072
0.072
0.057
0.072
0.072
0.072
0.059
0.072
0.072
0.072
0.072
0.069
0.072
0.072
0.058
0.072
0.072
0.072
0.069
0.072
0.072
0.072
0.072
0.070
0.072
0.072
0.072
0.072
0.072
0.062
0.072
0.072
0.072
0.072
0.072
0.072
0.072
0.072
0.072
0.072
0.072
0.070
0.072
0.072
0.070
0.072
0.072
0.072
0.072
0.072
0.072
0.072
0.072
0.069
0.072
0.072
0.072
0.072
0.072
0.069
0.072
0.072
0.072
0.072
0.072
0.072
0.072
0.072
0.072
0.072
0.072
0.072
0.072
0.072
0.072
0.072
0.072
0.072
0.072
0.072
0.072
0.072
0.072
0.072
0.072
0.072
0.072
0.072
0.072
0.072
0.072
0.072
0.069
0.072
0.072
0.072
0.072
0.072
0.072
0.072
0.072
0.072
0.072
0.072
0.072
0.072
0.072
0.072
0.072
0.072
0.072
0.072
0.072
0.069
0.072
0.072
0.072
0.072
0.072
0.056
0.072
0.072
0.072
0.072
0.072
0.071
0.072
0.072
0.072
0.072
0.072
0.072
0.072
0.072
0.072
0.072
0.072
0.072
0.057
0.072
0.072
0.072
0.072
0.072
0.072
0.072
0.072
0.072
0.072
0.069
0.072
0.072
-1.674
0.072
0.072
0.072
0.072
0.072
0.070
0.072
0.072
0.068
0.072
0.072
0.072
0.072
0.072
0.072
0.057
0.072
0.066
0.072
0.072
0.072
0.072
0.072
0.067
0.072
0.072
0.067
0.072
0.072
0.072
0.072
0.072
0.070
0.072
0.072
0.066
0.072
0.072
0.072
0.072
0.072
0.072
0.072
0.072
0.068
0.072
0.072
0.069
0.072
0.072
0.072
0.072
0.072
0.072
0.072
0.072
0.072
0.072
0.072
0.072
0.069
0.072
0.072
0.072
0.072
0.066
0.072
0.072
0.072
0.072
0.072
0.072
0.072
0.072
0.072
0.072
0.072
0.068
0.072
0.072
0.072
0.072
0.072
0.072
0.072
0.072
0.071
0.072
0.072
0.072
0.072
0.072
0.069
0.072
0.072
0.069
0.072
0.072
0.058
0.072
0.072
0.072
0.072
0.072
0.072
0.072
0.072
0.058
0.072
0.072
0.065
0.072
0.080
0.078
0.080
0.080
0.080
0.080
0.080
0.080
0.080
0.080
0.078
0.080
0.080
0.068
0.077
0.080
0.080
0.080
0.080
0.066
0.080
0.080
0.080
0.065
0.080
0.078
0.080
0.080
0.079
0.074
0.080
0.062
0.080
0.080
0.066
0.080
0.080
0.078
0.080
0.080
0.079
0.080
0.080
0.079
0.080
0.080
0.080
0.080
0.080
0.074
0.080
0.080
0.080
0.080
0.080
0.077
0.080
0.080
0.077
0.080
0.080
0.066
0.080
0.080
0.077
0.080
0.080
0.078
0.080
0.080
0.080
0.080
0.080
0.080
0.080
0.080
0.080
0.080
0.080
0.080
0.080
0.080
0.080
0.080
0.080
0.078
0.080
0.080
0.080
0.080
0.080
0.080
0.080
0.080
0.080
0.080
0.080
0.067
0.080
0.080
0.080
0.080
0.080
0.067
0.080
0.080
0.075
0.080
0.080
0.066
0.080
0.080
0.080
0.080
0.080
0.080
0.080
0.080
-2.467
0.080
0.080
0.077
0.080
0.080
0.080
0.080
0.080
0.080
0.080
0.080
0.074
0.080
0.080
0.080
0.080
0.080
0.066
0.080
0.080
0.080
0.080
0.080
0.078
0.071
0.080
0.064
0.080
0.080
0.075
0.080
0.080
0.074
0.080
0.080
0.080
0.080
0.080
0.077
0.080
0.080
0.065
0.080
0.080
0.064
0.080
0.080
0.060
0.080
0.080
0.080
0.080
0.080
0.071
0.080
0.080
0.078
0.080
0.080
0.080
0.080
0.080
0.067
0.080
0.080
0.078
0.080
0.080
0.080
0.080
0.080
0.079
0.080
0.080
0.077
0.080
0.080
0.080
0.080
0.080
0.080
0.080
0.080
0.080
0.080
0.080
0.080
0.080
0.080
0.080
0.080
0.080
0.065
0.080
0.080
0.067
0.080
0.080
0.080
0.080
0.080
0.080
0.080
0.080
0.064
0.080
0.080
0.074
0.080
0.080
0.080
0.074
0.080
0.077
0.080
0.080
0.077
0.080
0.080
0.071
0.080
0.080
0.074
0.080
0.080
0.079
0.080
0.080
0.066
0.080
0.080
0.077
0.078
0.080
0.080
0.080
0.080
0.074
0.080
0.080
0.077
0.077
0.080
0.077
0.080
0.080
0.077
0.080
0.080
0.080
0.080
0.080
0.080
0.080
0.080
0.077
0.077
0.080
0.080
0.080
0.080
0.080
0.080
0.080
0.080
0.080
0.080
0.080
0.080
0.080
0.080
0.080
0.080
0.080
0.080
0.080
0.077
0.080
0.080
0.077
0.080
0.080
0.080
0.080
0.080
0.080
0.080
0.080
0.077
0.080
0.080
0.080
0.080
0.080
0.058
0.080
0.080
0.080
0.080
0.080
0.070
0.080
0.080
0.075
0.080
0.080
0.080
0.080
0.080
0.077
0.080
0.080
0.080
0.080
0.080
0.077
0.080
0.080
0.080
0.080
0.080
0.080
0.080
0.080
0.080
0.066
0.080
0.077
0.080
0.080
0.080
0.080
0.080
0.080
0.080
0.080
0.080
0.080
0.080
0.076
0.080
0.080
0.080
0.080
0.080
0.079
0.080
0.080
0.077
0.080
0.080
0.080
0.080
0.080
0.068
0.080
0.080
0.078
0.080
0.073
0.052
0.070
0.073
0.073
0.073
0.073
0.073
0.073
0.073
0.073
0.073
0.073
0.069
0.073
0.073
0.073
0.073
0.073
0.067
0.073
0.073
0.073
0.073
0.073
0.069
0.073
0.073
0.073
0.073
0.073
0.069
0.073
0.073
0.070
0.073
0.073
0.073
0.073
0.073
0.073
0.073
0.073
0.073
0.073
0.073
0.072
0.073
0.069
0.072
0.079
0.080
0.080
0.080
0.080
0.080
0.080
0.080
0.067
0.080
0.080
0.080
0.080
0.080
0.079
0.080
0.080
0.080
-1.164
-1.164
-1.168
0.080
0.080
0.080
0.080
0.080
0.080
0.080
0.080
0.074
0.080
0.080
0.080
0.080
0.080
0.079
0.080
0.080
0.060
0.080
0.080
0.080
0.080
0.080
0.080
0.080
0.080
0.075
0.080
0.080
0.080
0.080
0.080
0.080
0.080
0.080
0.075
0.080
0.080
0.077
0.080
0.080
0.080
0.080
0.080
0.080
0.080
0.080
0.075
0.080
0.080
0.080
0.080
0.080
0.077
0.080
0.080
0.080
0.080
0.077
-3.687
0.080
0.080
0.066
0.080
0.080
0.080
0.080
0.080
0.080
0.080
0.080
0.080
0.080
0.080
0.080
0.080
0.080
0.080
0.080
0.080
0.080
0.078
0.080
0.078
0.080
0.080
0.066
0.080
0.080
0.080
0.080
0.080
0.078
0.080
0.080
0.080
0.076
0.077
0.075
0.080
0.080
0.080
0.080
0.080
0.077
0.080
0.080
0.080
0.080
0.080
0.078
0.080
0.080
0.080
0.080
0.080
0.077
0.078
0.070
0.077
0.080
0.080
0.062
0.080
0.080
0.080
0.080
0.080
0.080
0.080
0.080
0.080
0.080
0.080
0.078
0.080
0.080
0.078
0.080
0.080
0.077
0.080
0.080
0.078
0.080
0.080
0.068
0.080
0.080
0.077
0.080
0.080
0.080
0.080
0.080
0.080
0.080
0.080
0.076
0.080
0.080
0.080
0.080
0.080
0.080
0.080
0.080
0.080
0.080
0.080
0.080
0.080
0.080
0.080
0.080
0.080
0.080
0.080
0.080
0.080
0.080
0.080
0.080
0.080
0.080
0.074
0.080
0.080
0.074
0.080
0.080
0.077
0.080
0.080
0.080
0.065
0.077
0.069
0.080
0.080
0.080
0.080
0.080
0.080
0.080
0.080
0.077
0.080
0.080
0.077
0.080
0.080
0.080
0.080
0.080
0.080
0.080
0.074
0.077
0.080
0.080
0.078
0.080
0.080
0.080
0.080
0.080
0.077
0.080
0.080
0.065
0.080
0.080
0.078
0.080
0.080
0.080
0.080
0.080
0.074
0.080
0.080
0.080
0.080
0.080
0.080
0.080
0.080
0.078
0.080
0.080
0.080
0.080
0.080
0.080
0.080
0.080
0.080
0.073
0.073
0.073
0.073
0.073
0.073
0.073
0.073
0.073
0.073
0.073
0.073
0.073
0.073
0.073
0.073
0.073
0.073
0.073
0.073
0.073
0.073
0.073
0.073
0.073
0.073
0.073
0.073
0.073
0.072
0.073
0.073
0.073
0.073
0.073
0.073
0.073
0.073
0.073
0.073
0.073
0.073
0.073
0.073
0.073
0.073
0.073
0.070
0.073
0.073
0.073
0.073
0.073
0.073
0.055
0.073
0.071
0.073
0.073
0.069
0.073
0.073
0.069
0.073
0.073
0.073
0.073
0.073
0.073
0.073
0.073
0.069
0.073
0.073
0.069
0.073
0.073
0.069
0.073
0.073
0.057
0.068
0.069
0.067
0.073
0.073
0.073
0.062
0.073
0.073
0.069
0.073
0.069
0.069
0.069
0.069
0.069
0.069
0.069
0.072
0.072
0.073
0.073
0.062
0.072
0.069
0.069
0.068
0.073
0.073
0.073
0.073
0.073
0.073
0.073
0.073
0.073
0.073
0.073
0.073
0.073
0.073
0.073
0.073
0.073
0.073
0.073
0.073
0.073
0.073
0.073
0.070
0.073
0.073
0.073
0.073
0.073
0.052
0.073
0.073
0.069
0.073
0.073
0.073
0.073
0.073
0.073
0.073
0.073
0.073
0.073
0.073
-1.679
0.073
0.073
-2.228
0.062
0.073
0.073
0.073
0.072
0.073
0.073
0.073
0.073
0.073
0.073
0.069
0.073
0.073
0.073
0.073
0.073
0.073
0.073
0.080
0.060
0.080
0.080
0.080
0.080
0.080
0.080
0.080
0.080
0.080
0.080
0.080
0.058
0.080
0.080
0.080
0.080
0.080
0.080
0.080
0.080
0.077
0.080
0.080
0.073
0.080
0.080
0.080
0.080
0.080
0.058
0.080
0.080
0.080
0.080
0.080
0.080
0.080
0.080
0.080
0.080
0.077
0.080
0.080
0.080
0.080
0.080
0.080
0.080
0.080
0.080
0.077
0.077
0.080
-2.031
0.080
0.078
0.066
0.078
0.080
0.080
0.080
0.080
0.079
0.080
0.080
0.075
0.080
0.080
0.080
0.080
0.080
0.074
0.080
0.080
0.075
0.080
0.080
0.077
0.080
0.080
0.080
0.080
0.080
0.080
0.080
0.080
0.080
0.080
0.080
0.079
0.078
0.080
0.065
0.080
0.080
0.080
0.080
0.080
0.063
0.078
0.080
0.080
0.076
0.077
0.077
0.080
0.080
0.080
0.080
0.080
0.077
0.080
0.080
0.080
0.080
0.080
0.066
0.080
0.080
0.077
0.080
0.080
0.080
0.080
0.080
0.080
0.077
0.077
0.080
0.080
0.080
0.074
0.080
0.080
0.080
0.080
0.080
0.080
0.070
0.080
0.077
0.080
0.080
0.080
0.080
0.080
0.080
0.080
0.080
0.080
0.080
0.080
0.080
0.080
0.080
0.080
0.078
0.080
0.064
0.077
0.080
0.066
0.080
0.080
0.065
0.080
0.080
0.074
0.080
0.080
0.080
0.077
0.077
0.080
0.080
0.080
0.079
0.080
0.080
0.080
0.077
0.080
0.080
0.080
0.077
0.080
0.080
0.080
0.080
0.080
0.080
0.079
0.080
0.080
0.080
0.080
0.080
0.080
0.071
0.080
0.073
0.080
0.080
0.080
0.080
0.080
0.080
0.080
0.080
0.077
0.080
0.075
-2.472
0.080
0.080
0.080
0.080
0.080
0.080
0.080
0.077
0.080
0.080
0.080
0.067
0.080
0.080
0.080
0.080
0.076
0.077
0.080
0.080
0.080
0.080
0.080
0.080
0.080
0.080
0.080
0.080
0.080
0.080
0.080
0.080
0.077
0.076
0.080
0.080
0.080
0.080
0.077
0.080
0.080
0.078
0.080
0.080
0.067
0.080
0.080
0.078
0.080
0.080
0.080
0.080
0.080
0.076
0.080
0.080
0.078
0.080
0.080
0.074
0.065
0.080
0.080
0.080
0.080
0.080
0.080
0.080
0.077
0.080
0.080
0.080
0.080
0.080
0.061
0.080
0.080
0.080
0.080
0.080
0.080
0.080
0.080
0.077
0.080
0.077
0.077
0.080
0.080
0.080
0.070
0.080
0.067
0.080
0.080
0.074
0.080
0.080
0.080
0.080
0.080
0.080
0.077
0.080
0.059
0.067
0.077
0.070
0.080
0.080
0.080
0.080
0.080
0.080
0.080
0.080
0.076
0.080
0.079
0.074
0.078
0.080
0.080
0.080
0.080
0.080
0.080
0.080
0.080
0.078
0.080
0.080
0.080
0.080
0.077
0.080
0.080
0.080
0.080
0.080
0.080
0.080
0.080
0.080
0.077
0.080
0.080
0.080
0.080
0.080
-1.954
0.080
0.080
0.080
0.080
0.080
0.080
0.077
-3.020
0.078
0.070
0.078
0.066
0.074
0.066
0.077
0.080
0.080
0.080
0.080
0.077
0.080
0.080
0.077
0.080
0.080
0.076
0.074
0.080
0.066
0.080
0.080
0.080
0.080
0.080
0.080
0.080
0.080
-3.691
0.080
0.080
0.080
0.080
0.080
0.077
0.080
0.077
0.079
0.065
0.080
0.080
0.080
0.080
0.080
0.065
0.077
0.080
0.080
0.080
0.080
0.074
0.080
0.080
0.080
0.080
0.080
0.077
0.080
0.080
-2.024
0.080
0.074
0.080
0.080
0.061
0.080
0.080
0.080
0.080
0.080
0.080
0.080
0.080
0.079
0.076
0.078
0.080
0.080
0.080
0.080
0.080
0.080
0.080
0.080
0.080
0.080
0.080
0.080
0.077
0.080
0.080
0.080
0.067
0.080
0.074
0.080
0.080
0.080
0.080
0.080
0.077
0.080
0.080
0.064
0.080
0.080
0.064
0.080
0.080
0.075
0.080
0.080
0.080
0.080
0.080
0.077
0.070
0.080
0.077
0.080
0.080
0.078
0.080
0.080
0.067
0.080
0.077
0.077
0.080
0.078
0.080
0.080
0.080
0.074
0.080
0.080
0.077
0.075
0.065
0.070
0.078
0.080
0.079
0.080
0.080
0.077
0.080
0.077
0.077
0.080
0.075
0.075
0.078
0.065
0.078
0.078
0.078
0.078
0.000
0.000
0.000
0.000
0.000
0.000
0.000
0.000
0.000
0.000
0.000
0.000
0.000
0.000
0.000
0.000
0.000
0.000
0.000
0.000
0.000
0.000
0.000
0.000
0.000
0.000
0.000
0.078
0.078
0.062
0.078
0.062
0.075
0.078
0.078
-1.544
0.075
0.064
0.059
0.062
-2.083
0.078
0.000
0.000
0.000
0.000
0.000
0.000
0.000
0.000
0.000
0.000
0.000
0.000
-1.134
-1.341
-2.553
-1.130
-1.134
-1.130
0.078
0.078
0.076
0.078
0.078
0.075
0.076
0.078
0.078
0.078
0.078
0.076
0.078
0.078
0.061
0.076
0.078
0.063
0.078
0.078
0.078
0.078
0.078
0.057
0.078
0.078
0.078
0.078
0.072
0.078
0.078
0.068
0.073
0.080
0.073
0.076
0.077
0.076
0.077
0.076
0.076
0.076
-3.259
-2.512
-3.881
-2.216
-1.856
-1.522
-1.200
-1.200
-1.275
-1.200
-3.210
-1.964
-2.609
-2.258
-1.770
-3.228
-1.268
-1.277
-3.216
0.000
0.000
0.000
0.000
0.000
0.000
0.000
0.000
