fixedStep chrom=ENSGT00690000101835 start=1 step=1
0.357
0.358
0.357
0.357
0.357
0.315
0.357
0.357
0.328
0.357
0.353
0.286
0.355
0.357
-9.528
0.357
0.357
0.340
0.358
0.357
-9.324
0.357
0.357
0.355
0.357
0.357
0.321
0.357
0.357
0.321
0.357
0.357
0.305
0.357
0.357
0.353
0.357
0.357
0.349
0.357
0.357
0.338
0.358
0.357
0.335
0.357
0.357
0.345
0.357
0.357
0.347
0.357
0.357
-9.499
0.357
0.358
0.324
0.357
0.357
0.331
0.357
0.357
0.338
0.357
0.357
0.262
0.357
0.357
0.355
0.357
0.357
0.345
0.357
0.357
0.344
0.357
0.357
0.339
0.356
0.357
0.303
0.357
0.357
0.357
0.357
0.357
0.353
0.357
0.357
0.352
0.357
0.357
0.353
0.352
0.357
0.344
0.357
0.357
0.344
0.357
0.351
0.287
0.357
0.357
0.355
0.357
0.357
0.354
0.357
0.357
0.338
0.358
0.357
0.338
0.358
0.357
0.303
0.357
0.358
0.327
0.358
0.357
0.330
0.357
0.358
0.346
0.358
0.357
0.357
0.357
0.357
0.350
0.357
0.358
0.345
0.343
0.358
0.346
0.357
0.357
0.324
0.357
0.357
0.350
0.357
0.358
0.325
0.357
0.357
0.344
0.357
0.357
0.273
0.335
0.357
0.331
0.357
0.352
0.333
0.351
0.357
0.357
0.357
0.358
0.348
0.358
0.357
-20.000
0.358
0.357
0.320
0.357
0.357
0.344
0.357
0.357
0.340
0.357
0.358
0.357
0.357
0.357
0.265
0.357
0.358
0.340
0.357
0.358
0.357
0.357
0.357
0.306
0.358
0.357
0.297
0.358
0.358
0.345
0.357
0.358
0.316
0.357
0.357
0.357
0.357
0.357
0.343
0.357
0.358
0.303
0.358
0.358
0.341
0.357
0.357
0.353
0.357
0.357
0.340
0.357
0.358
0.328
0.357
0.357
0.251
0.354
0.357
0.329
0.357
0.357
0.357
0.351
0.357
0.294
0.358
0.357
0.303
0.357
0.357
0.331
0.345
0.358
0.349
0.357
0.357
0.256
0.357
0.357
0.339
0.358
0.357
0.349
0.357
0.357
0.351
0.357
0.357
0.348
0.352
0.357
0.341
0.358
0.357
0.327
0.357
0.357
0.349
0.357
0.358
0.331
0.357
0.357
0.327
0.358
0.357
0.356
0.339
0.357
0.353
0.357
0.357
0.355
0.357
0.358
0.338
0.357
0.357
0.345
0.357
0.357
0.241
0.357
0.357
0.322
0.357
0.358
0.319
0.352
0.357
0.325
0.354
0.358
0.342
0.357
0.358
0.348
0.354
0.358
-11.369
0.357
0.352
0.280
0.357
0.357
0.319
0.357
0.357
0.349
0.354
0.358
0.346
0.357
0.357
0.354
0.357
0.357
0.345
0.357
0.357
0.354
0.357
0.357
-13.142
0.357
0.358
0.332
0.358
0.357
-12.215
0.357
0.357
0.339
0.357
0.357
0.342
0.357
0.357
0.341
0.357
0.357
0.353
0.357
0.357
0.270
0.357
0.358
0.346
0.357
0.357
0.354
0.357
0.357
0.354
0.358
0.357
0.336
0.357
0.357
0.287
0.357
0.357
0.346
0.336
0.357
0.331
0.357
0.357
0.354
0.000
0.000
0.000
