fixedStep chrom=ENSGT00390000000687 start=1 step=1
0.046
0.046
0.046
0.046
0.046
0.045
0.046
0.046
0.046
0.046
0.046
0.046
0.046
0.046
0.046
0.046
0.046
0.046
0.046
0.046
0.046
0.046
0.046
0.046
0.046
0.046
0.046
0.046
0.046
0.044
0.046
0.046
0.046
0.046
0.046
0.046
0.046
0.046
0.044
0.046
0.046
0.046
0.046
0.046
0.045
0.046
0.046
0.046
0.046
0.046
0.046
0.046
0.046
0.046
0.046
0.046
0.045
0.046
0.046
0.046
0.046
0.046
0.046
0.039
0.039
0.037
0.039
0.039
0.039
0.039
0.039
0.039
0.039
0.039
0.039
0.039
0.039
0.039
0.039
0.039
0.039
0.039
0.039
0.039
0.039
0.039
0.039
0.039
0.039
0.039
0.039
0.039
0.037
0.039
0.039
0.039
0.039
0.039
0.039
0.039
0.039
0.037
0.039
0.039
0.039
0.039
0.039
0.039
0.039
0.039
0.039
0.039
0.039
0.039
0.039
0.039
0.039
0.039
0.039
0.037
0.039
0.039
0.039
0.039
0.039
0.039
0.039
0.039
0.037
0.039
0.039
0.029
0.039
0.039
0.039
0.039
0.039
0.037
0.039
0.039
0.039
0.039
0.039
0.039
0.039
0.039
0.039
0.046
0.046
0.045
0.046
0.046
0.046
0.046
0.046
0.044
0.046
0.045
0.046
0.046
0.045
0.046
0.045
0.046
0.046
0.046
0.046
0.037
0.046
0.046
0.046
0.042
0.046
0.046
0.046
0.046
0.046
0.046
0.046
0.046
0.046
0.046
0.046
0.046
0.046
0.045
0.046
0.046
0.046
0.046
0.046
0.039
0.046
0.045
0.034
0.046
0.046
0.045
0.046
0.046
0.046
0.046
0.046
0.046
0.046
0.046
0.045
0.046
0.046
0.046
0.046
0.046
0.046
0.046
0.046
0.034
0.043
0.046
0.034
0.046
0.046
0.043
-1.502
-1.502
-1.502
-1.502
-1.500
-1.500
0.046
0.046
0.046
0.046
0.046
0.046
0.046
0.046
0.034
0.046
0.046
0.046
-1.502
-1.502
-1.502
0.046
0.046
0.046
0.046
0.046
0.046
0.046
0.046
0.046
0.046
0.046
0.046
0.046
0.046
0.046
0.046
0.046
0.046
0.046
0.046
0.046
0.046
0.046
0.044
0.046
0.046
0.044
0.046
0.046
0.046
0.046
0.046
0.045
0.046
0.046
0.044
0.046
0.046
0.046
0.046
0.046
0.046
0.046
0.046
0.043
0.046
0.046
0.046
-2.528
0.046
0.046
0.046
0.046
0.046
-1.500
-1.502
-1.500
0.046
0.046
0.046
0.046
0.046
0.046
0.046
0.046
0.046
0.046
0.046
0.046
0.046
0.046
0.044
0.046
0.046
0.046
0.046
0.046
0.046
0.046
0.046
0.046
0.046
0.046
0.046
0.046
0.046
0.046
0.046
0.046
0.046
0.046
0.046
0.046
0.046
0.046
0.046
0.046
0.046
0.046
0.046
0.046
0.046
0.046
0.046
0.045
0.046
0.046
0.046
0.046
0.046
0.046
0.046
0.039
0.046
0.046
0.046
0.046
0.046
0.046
0.043
0.046
0.046
0.044
0.046
0.046
0.042
0.046
0.046
0.046
0.046
0.046
0.046
0.046
0.046
0.046
0.046
0.046
0.046
0.046
0.046
0.046
0.046
0.046
0.046
0.046
0.046
0.046
0.046
0.046
0.046
0.046
0.046
0.046
0.046
0.046
0.044
0.046
0.046
0.046
0.046
0.046
0.046
0.046
0.046
0.046
0.046
0.046
0.046
0.046
0.046
0.045
0.046
0.046
0.046
0.046
0.046
0.046
0.046
0.046
0.046
0.046
0.046
0.046
0.046
0.046
0.046
0.046
0.046
0.044
0.046
0.046
0.046
0.046
0.046
0.046
0.046
0.046
0.045
0.045
0.046
0.046
0.046
0.046
0.046
0.046
0.046
0.046
0.046
0.046
0.046
0.046
0.046
0.046
0.046
0.046
0.046
0.041
0.046
0.046
0.046
0.046
0.046
0.046
0.046
0.044
0.046
0.046
0.046
0.046
0.046
0.046
0.046
0.046
0.045
0.046
0.046
0.046
0.046
0.046
0.046
0.046
0.046
0.046
0.046
0.046
0.046
0.046
0.046
0.046
0.046
0.046
0.046
0.046
0.046
0.046
0.046
0.046
0.046
0.046
0.046
0.046
0.046
0.046
0.046
0.046
0.046
0.046
0.046
0.046
0.046
0.046
0.046
0.043
0.046
0.046
0.046
0.046
0.046
0.046
0.046
0.046
0.046
0.046
0.046
0.046
0.046
0.046
0.046
0.046
0.046
0.046
0.046
0.046
0.046
0.046
0.046
0.044
0.046
0.046
0.046
0.046
0.046
0.044
0.046
0.046
0.046
