fixedStep chrom=ENSGT00390000015484 start=1 step=1
-0.989
-0.988
-0.990
-0.988
-0.988
-0.988
-0.988
-0.990
-0.990
0.067
0.072
0.065
0.067
-1.578
-0.873
-0.877
0.065
-0.874
0.072
0.072
0.072
0.067
0.072
-0.856
0.072
-0.856
-0.878
-0.877
0.067
0.067
-0.878
0.059
0.067
-1.683
0.072
-0.878
-1.613
0.068
-0.855
-0.988
-0.990
-1.115
-0.989
-0.990
-1.202
0.072
0.072
0.068
0.072
0.072
0.072
0.072
0.072
0.063
0.072
0.072
0.070
0.072
0.072
0.068
0.072
0.072
0.072
0.072
0.072
0.068
0.072
0.068
0.068
0.072
0.072
0.068
0.072
0.072
0.072
0.072
0.072
0.058
0.072
0.072
0.053
0.072
0.072
0.072
0.072
0.072
0.068
0.072
0.067
0.072
0.072
0.072
0.068
0.072
0.072
0.072
0.072
0.072
0.072
0.072
0.072
0.072
0.068
0.072
0.072
0.072
0.072
0.072
0.072
0.072
0.071
0.065
0.072
0.072
0.072
0.072
0.068
0.072
0.072
0.072
0.072
0.072
0.068
0.072
0.072
0.068
0.072
0.072
0.063
0.072
0.072
0.072
0.072
0.072
0.072
0.072
0.072
0.072
0.072
0.072
0.054
0.072
0.072
0.072
0.072
0.071
0.072
0.072
0.072
0.067
0.072
0.072
0.070
0.055
0.072
0.072
0.072
0.072
0.072
0.072
0.072
0.072
0.072
0.072
0.067
0.072
0.072
0.072
0.072
0.072
0.066
0.071
0.072
0.072
0.068
0.072
0.072
0.072
0.072
0.072
0.066
0.072
0.066
0.072
0.052
-2.403
0.072
0.072
0.072
0.072
0.072
0.072
0.067
0.072
0.068
0.072
0.072
0.072
0.072
0.072
0.065
0.072
0.072
0.072
0.072
0.072
0.067
0.072
0.072
0.066
-0.873
0.072
0.072
0.072
0.072
0.072
0.072
0.072
0.067
0.072
0.072
0.066
0.067
0.072
0.072
0.070
0.072
0.072
0.072
0.072
0.072
0.072
0.072
0.072
0.072
0.072
0.072
0.072
0.072
0.072
0.072
0.072
0.061
0.056
0.067
0.067
0.067
0.067
0.067
0.067
0.067
0.067
0.067
0.067
0.063
0.067
0.067
0.067
0.067
0.067
0.067
0.067
0.067
0.067
0.067
0.067
0.067
0.067
0.067
0.061
0.067
0.067
0.067
0.067
0.066
0.067
0.067
0.067
0.061
0.067
0.067
0.067
0.067
0.067
0.067
0.067
0.067
0.067
0.067
0.072
0.072
0.072
0.072
0.071
0.072
0.072
0.068
0.066
0.072
0.072
0.072
0.072
0.072
0.072
0.072
0.066
0.072
0.072
0.072
0.072
0.072
0.072
0.072
0.072
0.068
0.072
0.072
0.072
0.072
0.072
-0.872
0.070
0.072
0.072
0.072
0.072
0.072
0.072
0.072
0.070
0.072
0.072
0.072
0.072
0.072
0.067
-1.679
0.072
0.072
0.072
0.072
0.071
0.072
0.072
0.072
0.072
0.072
0.070
0.072
0.072
0.072
0.072
0.072
0.067
0.072
0.072
0.067
0.067
0.072
0.065
0.072
0.072
0.072
0.072
0.072
0.072
0.072
0.072
0.067
0.072
0.072
0.072
0.072
0.072
0.067
0.072
0.072
0.072
0.072
0.072
0.072
0.072
0.072
0.072
0.072
0.072
0.072
0.072
0.072
0.066
0.072
0.072
0.072
0.072
0.072
0.072
0.072
0.072
0.072
0.072
0.072
0.071
0.072
0.072
0.066
0.072
0.072
0.065
0.065
0.072
0.071
0.072
0.072
0.072
0.072
0.072
0.067
0.072
0.072
0.068
0.072
0.072
0.072
0.072
0.072
0.072
0.072
0.072
0.070
0.070
0.072
0.066
0.072
0.072
0.072
0.072
0.072
0.066
0.072
0.072
0.067
0.072
0.072
0.063
0.072
0.072
0.070
0.072
0.072
0.072
0.072
0.072
0.072
