fixedStep chrom=ENSGT00390000004446 start=1 step=1
0.064
0.064
0.064
0.064
0.064
0.064
0.064
0.059
0.064
0.052
0.064
0.058
0.064
0.064
0.063
0.064
0.064
0.064
0.064
0.063
0.064
0.064
0.061
0.064
0.064
0.064
0.064
0.064
0.064
0.064
-1.068
-0.612
-0.612
0.064
0.064
0.064
0.064
0.061
0.063
0.061
0.064
0.062
0.064
0.064
0.062
0.064
0.064
0.064
0.064
0.064
0.064
0.064
0.064
0.064
0.064
0.064
0.064
0.064
0.064
0.064
0.064
0.061
0.064
0.064
0.064
0.064
0.062
0.064
0.064
0.064
0.064
0.064
0.064
0.052
0.058
0.064
0.064
0.060
0.064
0.064
0.064
0.064
0.064
0.064
0.064
0.064
0.064
0.064
0.064
0.064
0.064
0.064
0.064
0.064
0.064
0.064
0.064
0.064
0.061
0.064
0.064
0.060
0.064
0.064
0.064
0.064
0.064
0.064
0.063
0.064
0.060
0.064
0.064
0.060
0.064
0.064
0.053
0.064
0.064
0.064
0.064
0.064
0.064
0.064
0.064
0.064
0.064
0.064
0.060
0.064
0.064
0.064
0.064
0.064
0.052
0.064
0.064
0.064
0.064
0.064
0.064
0.063
0.064
0.064
0.064
0.064
0.064
0.064
0.064
0.064
0.064
0.064
0.064
0.057
0.064
0.064
0.064
0.064
0.064
0.050
0.064
0.050
0.064
0.064
0.064
-0.352
-0.351
-0.352
0.064
0.064
0.064
0.064
0.046
0.064
0.060
0.064
0.062
0.064
0.064
0.064
0.064
0.063
0.064
-1.542
-1.337
-1.340
0.064
0.064
0.064
0.064
0.061
0.064
0.064
0.064
0.064
0.064
0.057
0.057
0.064
0.064
0.061
0.059
0.063
0.064
0.064
0.064
0.063
0.064
0.064
0.064
-1.830
0.064
0.064
0.062
0.064
0.064
0.064
0.064
0.064
0.064
0.064
0.058
0.052
0.064
0.064
0.064
0.064
0.064
0.064
0.064
0.064
0.064
0.061
0.064
0.064
0.064
0.064
0.064
0.064
0.060
0.064
0.064
0.063
0.064
0.064
0.064
0.064
0.064
0.064
0.064
0.064
0.063
0.064
0.064
0.064
0.064
0.064
0.064
0.064
0.064
0.064
0.064
0.064
0.064
0.064
0.064
0.064
0.064
0.064
0.063
0.064
0.064
0.064
0.064
0.064
-1.805
0.064
0.061
0.064
0.064
0.064
0.064
0.064
0.064
0.064
0.063
0.062
0.064
0.063
0.064
0.064
0.064
0.064
0.064
0.064
0.064
0.058
0.064
0.064
0.064
0.064
0.064
0.064
0.064
0.064
0.064
0.064
0.064
0.061
0.064
0.064
0.064
0.064
0.064
0.064
0.064
0.064
0.064
0.064
0.064
0.046
0.064
0.064
0.064
0.063
0.064
0.064
0.064
0.064
0.064
0.064
0.064
0.058
0.064
0.064
0.064
0.064
0.064
0.064
0.064
0.064
0.064
0.064
0.064
0.062
0.064
0.064
0.063
0.064
0.046
0.061
0.064
0.064
0.050
0.064
0.046
0.064
0.064
0.064
0.061
0.064
0.064
0.061
0.052
0.063
0.064
0.064
0.064
0.061
0.064
0.064
0.064
0.064
0.060
0.064
0.057
0.064
0.064
0.064
0.064
0.060
0.064
0.064
0.064
0.064
0.064
0.064
0.064
0.064
-2.361
0.064
0.064
0.063
0.064
0.064
0.064
0.064
0.064
0.064
0.064
0.064
0.064
0.064
0.064
0.064
0.064
0.064
0.064
0.061
0.064
0.061
0.064
0.064
0.064
0.064
0.064
0.064
0.064
0.064
0.064
0.064
0.064
0.060
0.064
0.064
0.064
0.055
0.055
0.055
0.055
0.055
0.055
0.055
0.055
0.052
0.055
0.055
0.055
0.055
0.055
0.055
0.055
0.055
0.055
0.053
0.055
0.055
0.055
0.055
0.055
0.055
0.055
0.055
0.055
0.055
0.054
0.055
0.055
0.055
0.055
0.055
0.052
0.055
0.055
0.055
0.055
0.055
0.055
0.055
0.051
0.055
0.064
0.064
0.064
0.064
0.064
0.064
0.064
0.064
0.064
0.064
0.064
0.064
0.064
0.064
0.064
0.064
0.064
0.064
0.064
0.050
0.062
0.064
0.064
0.064
0.064
0.064
0.064
-1.830
0.064
0.059
0.064
0.064
0.064
0.064
0.061
0.063
0.064
0.061
0.060
0.062
0.061
0.064
0.064
0.064
0.057
0.064
0.064
0.060
0.061
0.064
0.060
0.064
0.064
0.064
0.064
0.064
0.064
0.064
0.064
0.060
0.064
0.064
0.064
0.064
0.064
0.062
0.064
0.064
0.064
0.064
0.064
0.064
0.064
0.064
0.064
0.061
0.064
0.062
0.064
0.061
0.064
0.064
0.064
0.064
0.064
0.064
0.046
0.064
0.064
0.046
0.064
0.064
0.064
0.064
0.064
0.059
0.064
0.064
0.064
0.064
0.064
0.060
0.064
0.064
0.064
0.064
0.064
0.060
0.064
0.064
0.064
0.064
0.064
0.064
0.064
0.064
0.061
0.064
0.064
0.064
0.064
0.064
0.064
0.064
0.064
0.064
0.064
0.064
0.057
0.064
0.064
0.061
0.064
0.064
0.060
0.050
0.064
0.064
0.064
0.064
0.064
0.064
0.064
0.058
0.058
0.057
0.060
0.061
0.061
0.052
0.061
0.059
0.046
0.064
0.064
0.060
0.064
0.063
0.046
0.064
0.064
0.063
0.061
0.064
0.064
0.050
0.064
0.064
0.064
0.064
0.061
0.050
0.061
0.064
0.064
0.064
0.063
0.061
0.064
0.046
0.064
0.064
0.064
0.064
0.050
0.064
0.064
0.064
0.064
0.064
0.064
0.064
0.046
-2.363
0.058
0.064
0.064
-2.461
0.046
0.064
0.064
0.064
0.064
0.064
0.064
0.064
0.064
0.064
0.064
0.064
0.064
0.064
0.060
0.064
0.064
-2.051
0.045
0.064
-2.362
0.064
0.064
0.064
0.064
0.052
0.064
0.060
0.064
0.061
0.060
0.061
0.064
0.063
0.064
0.064
0.064
0.061
0.064
0.060
0.064
0.064
0.064
0.064
0.064
0.064
0.064
0.064
0.064
0.064
0.060
0.064
0.064
0.064
0.064
0.064
0.050
0.064
0.064
0.064
0.064
0.064
0.060
0.064
0.064
0.064
0.064
0.064
0.064
0.064
0.064
0.063
0.064
0.064
0.058
0.064
0.064
0.064
0.064
0.064
0.060
0.060
0.064
0.064
0.059
0.064
0.064
0.061
0.064
0.046
0.064
0.064
0.064
0.064
0.064
0.064
0.046
0.064
0.064
0.064
0.064
0.063
0.064
0.064
0.058
0.064
0.064
0.045
0.050
0.064
0.064
0.064
0.064
0.064
0.064
0.064
0.064
0.046
0.064
0.064
0.064
0.064
0.064
0.064
0.064
0.052
0.064
0.064
0.064
0.064
0.061
0.052
0.064
0.064
0.062
0.064
0.064
0.064
0.064
0.064
0.060
0.064
0.064
0.064
0.064
0.064
0.061
0.064
0.064
0.064
0.064
0.064
0.061
0.064
0.064
0.062
0.064
0.064
0.064
0.064
0.064
0.064
0.064
0.064
0.064
0.064
0.064
0.064
0.064
0.064
0.064
0.064
0.064
0.064
0.064
0.064
0.064
0.064
0.064
0.064
0.064
0.064
0.060
0.063
0.064
0.061
0.060
0.064
0.061
0.064
0.064
0.060
0.046
0.064
0.063
0.064
0.064
0.064
0.064
0.064
0.060
0.064
0.064
0.064
0.064
0.064
0.064
0.064
0.064
0.061
0.064
0.064
0.064
0.064
0.064
0.064
0.060
0.064
0.060
0.064
0.064
0.058
0.060
0.064
0.064
0.055
0.055
0.055
0.055
0.055
0.055
0.055
0.055
0.055
0.054
0.055
0.055
-1.113
0.055
0.040
0.055
0.055
0.055
0.055
0.055
0.055
0.055
0.055
0.055
0.055
0.055
0.055
0.055
0.055
0.055
0.052
0.055
0.051
-1.098
0.054
0.055
0.055
0.055
0.055
0.055
0.055
0.055
0.055
0.055
0.054
0.053
0.055
0.055
0.052
0.055
0.055
0.053
0.052
0.038
-1.107
0.055
0.055
0.055
0.055
0.055
0.055
0.055
0.055
0.055
0.055
0.055
-1.113
0.055
0.055
0.055
0.055
0.055
0.055
0.055
0.055
0.055
0.055
0.055
0.055
0.055
0.055
0.055
0.055
0.055
0.051
0.055
0.055
0.051
0.055
0.054
0.055
0.055
0.055
0.055
0.052
0.055
0.055
0.055
0.055
0.055
0.055
0.055
0.055
0.055
0.041
0.055
0.055
0.055
0.055
0.055
0.055
0.055
0.055
0.055
0.055
0.055
0.055
0.055
0.055
0.055
0.055
0.055
0.055
0.055
0.055
0.051
0.055
0.055
0.055
0.055
0.055
0.055
0.055
0.055
0.055
0.054
0.055
0.040
-1.375
-1.375
-1.378
0.055
0.055
0.055
0.055
0.055
-1.113
-1.560
0.054
0.052
0.055
0.055
0.055
0.055
0.046
0.055
0.055
0.055
0.054
0.055
0.055
0.055
0.055
0.054
0.051
0.055
0.055
0.055
0.055
0.055
0.055
0.055
0.055
0.055
0.054
0.052
0.055
0.055
0.055
0.055
0.055
0.055
0.055
0.055
0.055
0.055
0.055
0.050
0.051
0.051
0.055
0.055
0.055
0.055
0.055
0.055
0.055
0.050
0.055
0.055
0.050
0.055
0.054
0.053
0.052
0.055
0.052
0.055
0.055
0.055
0.055
0.055
0.055
0.055
0.055
0.055
0.051
0.055
0.055
0.055
0.055
0.040
0.055
0.055
0.055
0.055
0.055
0.055
0.055
0.055
0.055
0.055
0.055
-1.119
0.055
0.055
0.053
0.055
0.055
0.055
0.053
0.055
0.055
0.055
0.055
0.055
0.051
0.055
0.055
0.055
0.055
0.055
0.055
0.040
0.055
0.055
0.055
0.053
0.055
0.055
0.055
0.055
0.055
0.052
0.055
0.055
0.055
0.055
0.055
0.055
0.055
0.055
0.054
0.055
0.055
0.055
0.055
0.055
0.055
0.055
0.055
0.055
0.055
0.055
0.055
0.055
0.055
0.055
0.055
0.055
0.051
0.055
0.055
0.055
0.055
0.055
0.052
0.055
0.055
0.055
0.055
0.055
0.053
0.053
0.055
0.055
0.055
0.055
0.055
0.055
0.055
0.055
0.055
0.055
0.055
0.055
0.046
0.055
0.055
0.055
0.055
0.055
0.055
0.055
0.055
0.055
0.055
0.055
0.055
0.055
0.055
0.055
0.046
0.055
0.052
0.054
0.055
0.055
0.050
0.055
0.055
0.055
0.055
0.055
0.055
0.055
0.055
0.055
0.055
0.055
0.055
0.055
0.055
0.055
0.055
0.055
0.055
0.054
-1.120
0.055
0.055
0.055
0.055
0.055
0.055
0.055
0.055
0.055
0.055
0.055
0.055
0.055
0.055
0.055
0.055
0.055
0.055
0.055
0.055
0.055
0.055
0.055
0.055
0.050
0.055
0.055
0.055
0.055
0.055
0.053
0.055
0.055
0.055
0.055
0.055
0.055
0.055
0.055
0.055
0.055
0.055
0.053
0.055
0.055
0.055
0.055
0.055
0.055
0.055
0.055
0.053
0.055
-1.130
0.055
0.055
0.055
0.055
0.055
0.055
0.055
0.055
0.055
0.055
0.055
0.055
0.055
0.055
0.055
0.055
0.055
0.055
0.051
0.055
0.055
0.055
0.055
0.055
0.055
0.055
0.055
0.055
0.055
0.055
0.055
0.055
0.055
0.055
0.055
0.055
0.055
0.055
0.055
0.055
0.055
0.055
0.050
0.055
0.055
0.055
0.055
0.055
0.055
0.055
0.055
0.055
0.055
0.055
0.055
0.055
0.055
0.055
0.055
0.055
0.055
0.055
0.055
0.055
0.055
0.055
0.055
0.055
0.055
0.055
0.055
0.055
0.055
0.055
0.055
0.055
0.055
0.055
0.055
0.052
0.055
0.055
0.055
0.055
0.055
0.055
0.055
0.055
0.055
0.055
0.053
0.055
0.055
0.055
0.064
0.064
0.060
0.064
0.064
0.064
0.064
0.064
0.046
0.061
0.064
0.064
0.064
0.064
0.064
0.064
0.064
0.064
0.064
0.064
0.064
0.064
0.064
0.064
0.064
0.064
0.064
0.064
0.064
0.050
0.064
0.064
0.064
0.064
0.064
0.064
0.064
0.064
0.064
0.064
0.064
0.052
0.064
0.064
0.064
0.064
0.064
0.064
0.064
0.064
0.064
0.060
0.064
-1.776
0.063
0.064
0.062
0.064
0.064
0.061
0.064
0.064
0.062
0.064
0.064
0.060
0.064
0.064
0.061
-1.209
-2.052
-1.209
0.064
0.064
0.064
0.064
0.064
0.064
0.064
0.064
0.046
0.064
0.064
0.064
0.064
0.064
0.064
0.064
0.064
0.064
0.064
0.064
0.064
0.064
0.064
0.064
0.064
0.064
0.064
0.064
0.060
0.061
0.064
0.064
0.064
0.064
0.064
0.064
0.064
0.061
0.057
0.064
0.064
0.050
0.064
0.064
0.064
0.064
0.064
0.064
0.064
0.064
0.060
0.064
0.064
0.061
0.064
0.064
0.063
0.055
0.055
0.054
0.055
0.055
0.054
0.051
0.055
0.055
0.055
0.055
0.051
0.055
0.055
0.052
0.055
0.055
0.055
0.055
0.055
0.055
0.055
0.055
0.055
0.055
0.055
0.055
0.055
0.055
0.055
0.055
0.055
0.055
0.055
0.055
0.055
0.055
0.055
0.055
0.055
0.055
0.052
0.055
0.055
-1.098
0.055
0.055
0.055
0.055
0.055
0.053
0.055
0.055
0.040
0.055
0.055
0.055
0.055
0.051
0.051
0.055
0.055
0.055
0.055
0.055
0.055
0.055
0.055
0.051
0.055
0.055
0.050
0.055
0.055
0.051
0.051
0.055
0.055
0.055
0.055
0.055
0.055
0.055
0.055
0.055
0.055
0.055
0.055
0.055
0.052
0.055
0.055
0.051
0.055
0.055
0.055
-1.375
-1.375
-1.378
-1.378
-1.375
-1.375
0.052
0.040
0.053
0.040
0.055
0.040
0.055
0.040
0.055
0.041
0.055
0.039
0.040
0.040
0.053
0.055
0.055
0.055
0.055
0.051
0.055
0.055
0.055
0.055
0.055
0.055
0.055
0.055
0.055
0.064
0.064
0.052
0.058
0.061
0.064
0.064
0.064
0.064
0.062
0.064
0.064
0.064
0.064
0.064
0.064
0.064
0.064
0.064
0.064
0.064
0.064
0.064
0.064
0.064
0.064
0.064
0.064
0.064
0.064
0.064
0.064
0.064
0.064
0.055
0.055
0.055
0.055
0.055
0.055
0.055
0.055
0.055
0.055
0.055
0.055
0.055
0.055
0.054
0.055
0.055
0.055
0.055
0.055
0.055
0.055
0.055
0.055
0.055
0.055
0.055
0.055
0.055
0.053
0.055
0.055
0.055
0.055
0.055
0.055
0.055
0.055
0.055
0.055
0.054
0.052
0.055
0.055
0.055
0.055
0.055
0.053
0.055
0.055
-1.119
0.055
0.055
0.055
0.055
0.055
0.051
0.055
0.055
0.055
0.055
0.055
0.055
0.055
0.055
0.055
0.055
0.055
0.055
0.055
0.055
0.055
0.055
0.055
0.051
0.055
0.055
0.055
0.055
0.055
0.055
0.064
0.064
0.064
0.064
0.061
0.064
0.063
0.064
0.061
0.064
0.064
0.046
0.064
0.064
0.060
0.063
0.064
0.064
0.064
0.064
0.064
0.064
0.064
0.060
0.064
0.064
0.046
0.046
0.061
0.060
0.064
0.064
0.064
0.064
0.064
0.046
0.064
0.064
0.064
0.064
0.064
0.060
0.060
0.064
0.060
0.064
0.064
0.063
0.064
0.064
0.064
0.064
0.064
0.047
0.064
0.064
0.050
0.064
0.064
0.064
0.064
0.064
0.064
0.064
0.064
0.064
0.064
0.064
0.064
0.064
0.064
0.064
0.064
0.064
0.064
0.064
0.064
-2.449
0.064
0.064
0.064
0.064
0.064
0.064
0.064
0.064
0.064
0.064
0.064
0.064
0.064
0.064
0.064
0.064
0.064
0.064
0.064
0.064
0.060
0.064
0.064
0.064
0.064
0.064
0.064
0.064
0.064
0.063
0.064
0.064
0.064
0.064
0.064
0.064
0.063
0.064
0.064
0.064
0.064
0.064
0.064
0.064
0.064
