fixedStep chrom=ENSGT00530000063686 start=1 step=1
0.000
0.000
0.000
0.000
0.000
0.000
0.000
0.000
0.000
0.000
0.000
0.000
0.000
0.000
0.000
0.000
0.000
0.000
0.000
0.000
0.000
0.000
0.000
0.000
0.000
0.000
0.000
0.000
0.000
0.000
0.000
0.000
0.000
0.000
0.000
0.000
0.000
0.000
0.000
0.000
0.000
0.000
0.000
0.000
0.000
0.000
0.000
0.000
0.000
0.000
0.000
0.000
0.000
0.000
0.000
0.000
0.000
0.000
0.000
0.000
0.000
0.000
0.000
0.000
0.000
0.000
0.000
0.000
0.000
-3.285
-3.670
-3.394
-3.671
-3.663
-3.660
-2.564
-2.600
-3.085
-2.479
-2.949
-2.210
-2.453
-3.038
-5.080
-3.084
-2.082
-3.008
0.159
0.152
0.132
-0.606
0.156
-0.754
-0.288
0.170
0.149
-0.808
0.156
0.155
0.167
-0.134
-0.134
-0.134
0.170
0.151
-0.134
-0.701
0.155
0.155
0.167
0.161
0.167
0.167
0.154
-0.134
0.167
-0.282
0.148
0.156
0.155
-0.134
0.155
0.155
0.166
0.170
0.140
0.166
0.167
0.167
0.155
-0.269
0.163
0.155
0.150
0.166
-0.287
0.170
-0.289
0.168
0.166
0.155
0.155
0.167
0.166
0.168
0.170
-0.165
-0.134
0.167
0.154
0.000
0.000
0.000
0.000
0.000
0.000
0.000
0.000
0.000
0.155
-0.437
-1.364
0.167
0.167
0.167
0.155
0.163
-0.134
-0.347
0.154
0.155
0.167
0.165
-0.134
-1.183
0.168
0.155
-0.325
0.168
0.168
0.144
0.140
0.144
0.148
0.143
0.167
-0.298
-0.790
0.168
-1.328
0.167
0.166
0.119
0.170
0.156
-0.240
-0.240
0.166
-0.133
-0.132
-0.302
-0.133
-0.134
-0.131
0.140
0.170
-0.132
0.168
0.168
0.154
0.163
0.166
0.154
0.167
0.156
-0.134
-0.134
-0.134
-0.288
-0.240
0.170
0.163
0.155
-0.132
0.160
0.170
0.170
0.168
0.133
-0.321
0.162
-0.321
-0.326
0.147
-0.797
-0.320
0.156
0.155
-0.134
-0.692
-0.134
-0.238
-1.273
0.168
-0.279
-0.143
0.167
0.165
-0.134
0.165
0.153
-0.132
0.158
0.167
0.000
0.000
0.000
0.000
0.000
0.000
0.000
0.000
0.000
0.000
0.000
0.000
0.000
0.000
0.000
0.000
0.000
0.170
-0.134
0.156
0.168
0.164
-0.783
0.155
-0.132
0.170
0.168
-0.141
0.168
0.170
-0.299
-0.305
-0.132
-0.132
-0.133
0.156
-0.134
0.167
0.154
0.164
0.170
0.156
0.149
-0.753
0.155
0.148
0.155
0.170
0.155
0.144
-1.245
0.156
0.170
0.155
0.155
-0.327
-0.134
-0.133
0.167
0.170
0.155
0.168
-0.236
-0.233
0.155
-1.795
0.165
0.167
0.167
-0.240
0.156
-0.134
-0.782
0.167
0.168
-0.132
0.168
0.170
-0.132
0.162
0.170
0.168
0.167
0.168
0.168
0.170
0.170
0.156
0.167
0.167
-0.777
0.154
0.167
-0.134
-0.134
-0.134
-0.134
0.155
0.167
0.167
0.167
0.170
-0.132
0.167
0.168
0.156
-0.134
0.167
0.155
-0.134
0.158
-0.132
0.167
0.170
0.167
-0.304
0.170
0.155
-0.134
0.155
0.165
-1.285
-0.131
0.155
0.165
0.155
0.162
0.155
0.167
0.155
0.168
0.167
0.164
-0.306
-1.846
-1.429
0.155
0.170
-0.883
-0.243
0.166
-0.134
0.167
0.170
0.155
0.166
0.167
0.140
0.163
0.167
-0.330
-0.145
-0.132
-0.134
-0.692
0.155
-0.608
-0.701
0.170
0.165
-0.134
0.155
0.161
0.159
0.170
-0.321
-0.808
-0.288
0.161
0.167
0.155
0.168
0.113
0.167
0.167
0.168
0.168
-0.567
-0.133
0.170
-1.090
-0.134
-0.151
0.152
0.158
0.170
0.149
-0.134
-0.134
0.162
-0.131
0.155
0.148
0.167
-0.133
0.140
0.155
0.156
0.168
0.167
-0.327
-0.134
-0.131
0.170
0.168
0.168
0.167
0.167
0.131
0.131
0.131
-0.686
-0.656
-0.656
-2.074
-2.041
-1.967
0.157
-0.752
0.156
0.155
-0.145
-0.288
-0.134
0.167
0.155
0.152
0.170
-0.132
-0.131
-0.134
0.158
0.154
0.155
-0.134
-0.288
-0.142
0.165
0.158
0.155
0.147
0.155
0.170
-0.134
-0.269
-0.132
-1.236
0.167
0.170
0.156
0.167
-0.627
0.170
0.167
0.154
0.158
-0.132
0.170
0.170
0.168
0.168
0.170
0.166
-0.985
0.155
0.154
0.149
-0.618
0.131
0.131
0.127
0.131
0.130
0.129
0.154
0.170
0.167
-0.134
-0.193
0.170
0.167
0.167
0.149
0.167
0.167
-0.132
-0.134
0.167
0.166
-0.134
0.170
0.167
-0.134
-0.133
0.155
0.167
0.167
0.168
0.167
0.167
0.165
0.168
0.170
0.152
0.167
0.167
0.155
-0.238
0.170
-0.290
-0.132
-0.133
0.167
0.170
0.170
0.170
-0.132
-1.745
0.154
0.167
0.167
0.167
-0.131
0.168
0.133
-0.134
0.155
0.154
0.167
0.167
0.155
0.167
0.167
0.139
0.167
0.167
0.156
0.167
0.167
-0.145
0.167
0.167
-0.674
0.167
0.170
0.167
0.167
0.167
0.148
-4.004
-1.259
0.142
-0.240
-0.132
0.166
0.167
0.161
-1.251
0.155
-0.132
-0.542
-0.290
-0.132
-0.289
-0.134
0.153
0.155
0.144
0.137
0.144
0.144
0.144
0.144
0.159
0.167
0.144
0.167
0.167
0.168
0.167
0.155
0.165
0.155
0.170
-0.134
-0.134
0.170
-0.134
0.140
-0.152
-2.540
0.170
0.170
0.169
0.167
0.155
-0.133
0.155
0.162
0.155
0.148
-0.364
0.149
0.167
0.165
0.158
0.167
0.170
-0.293
0.167
0.168
0.156
-0.134
0.167
-1.235
-0.134
0.155
-0.175
-0.134
0.170
-0.149
0.170
-0.132
-0.134
-0.134
0.166
0.155
0.167
-0.696
-0.852
0.155
0.154
-0.134
-0.134
0.167
0.139
0.170
-0.132
0.156
-0.134
-0.677
-0.785
-0.134
0.170
-0.132
0.141
-0.761
-0.131
-0.134
0.170
0.140
0.154
0.155
0.168
-1.240
0.154
0.000
0.000
0.000
0.000
0.000
0.000
0.000
0.000
0.000
0.000
0.000
0.000
0.000
0.000
0.167
-0.319
0.149
0.125
-0.836
0.164
0.167
0.153
0.167
0.165
0.160
0.165
0.165
-0.182
0.167
0.163
0.151
0.159
0.152
0.151
0.152
0.158
-0.166
0.151
-1.530
0.154
-0.281
0.164
-0.156
-0.154
0.167
-0.156
-0.156
0.164
0.152
0.164
0.164
0.161
-0.230
-0.240
0.167
-0.156
0.164
0.164
0.160
0.170
-0.307
-0.783
-0.275
-0.305
0.170
0.163
-2.471
-0.134
0.154
0.155
-0.761
0.156
0.158
-0.743
0.154
-0.744
-0.224
-0.134
-2.522
-0.134
0.165
-0.134
-0.132
0.168
0.151
0.167
0.170
0.160
0.168
0.163
-0.132
-0.289
0.170
0.167
-0.287
0.156
0.153
0.155
0.155
-0.287
0.167
0.170
-0.133
-0.134
-0.134
-0.581
0.167
0.166
0.156
0.155
0.170
0.156
0.167
-0.132
0.141
0.134
0.140
0.144
0.167
0.167
0.167
0.167
0.155
-0.134
-0.134
-0.145
0.162
0.155
-0.131
0.156
-0.134
0.170
0.167
-0.134
0.167
-1.589
0.167
0.167
0.159
-0.298
0.168
-0.134
-0.134
0.170
-0.278
0.149
0.155
-0.134
0.166
0.170
0.156
0.168
0.167
0.168
0.170
0.170
0.155
0.168
0.167
0.154
-0.134
0.155
0.167
-0.134
0.154
-0.325
0.167
-0.134
-0.242
-0.134
0.155
0.161
0.167
0.167
0.155
0.167
0.167
0.162
0.167
0.167
0.155
0.167
0.167
0.155
0.166
0.170
0.156
0.167
0.167
-0.235
0.163
0.156
-0.134
-0.134
0.170
-0.134
0.167
-0.134
0.155
-0.132
-0.133
0.150
-3.946
0.156
-0.736
0.166
0.156
-1.309
-0.794
0.117
-0.359
0.131
0.131
0.131
0.168
0.167
0.154
0.168
-0.287
-0.132
-0.134
0.155
0.168
-0.797
0.168
0.143
0.167
0.164
0.157
0.000
0.000
0.000
0.000
0.000
0.000
0.000
0.000
0.000
0.000
0.000
0.000
0.000
0.000
0.000
0.000
0.000
0.000
0.000
0.000
0.000
0.000
0.000
0.000
0.000
0.000
0.000
0.000
0.000
0.000
0.000
0.000
0.000
0.000
0.000
0.000
0.000
0.000
0.000
