fixedStep chrom=ENSGT00390000002190 start=1 step=1
0.065
0.065
0.065
0.065
0.065
0.062
0.065
0.065
0.065
0.065
0.056
0.065
0.065
0.065
0.065
0.065
0.065
0.065
0.065
0.065
0.065
0.065
0.065
0.065
0.065
0.065
0.062
0.065
0.065
0.065
0.065
0.065
0.065
0.065
0.065
0.062
0.065
0.065
0.065
0.065
0.065
0.065
0.065
0.065
0.061
0.065
0.065
0.062
0.053
0.065
0.065
0.065
0.065
0.065
0.065
0.065
0.065
0.065
0.065
0.065
0.065
0.065
0.064
0.065
0.065
0.065
0.065
0.065
0.065
0.065
0.065
0.065
0.065
0.065
0.062
0.065
0.065
0.046
0.065
0.065
0.051
0.065
0.065
0.065
0.065
0.065
0.065
0.065
0.065
0.065
0.065
0.065
0.065
0.065
0.065
0.065
0.065
0.065
0.065
0.065
0.061
0.065
0.065
0.065
0.065
0.065
0.065
0.065
0.065
0.065
0.061
0.061
0.065
0.065
0.065
0.065
0.062
0.063
0.046
0.065
0.065
0.065
0.065
0.065
0.061
0.050
0.051
0.062
0.054
0.065
0.063
0.065
0.065
0.065
0.065
0.065
0.063
0.065
0.065
0.065
0.062
0.065
0.065
0.065
0.065
0.065
0.065
0.065
0.065
0.046
0.065
0.065
0.065
0.065
0.065
0.065
0.065
0.065
0.065
0.065
0.065
0.062
0.065
0.065
0.065
0.061
0.055
0.065
0.056
0.062
0.062
