fixedStep chrom=ENSGT00390000016884 start=1 step=1
0.070
0.070
0.070
0.070
0.070
0.055
0.070
0.070
0.070
0.070
0.070
0.067
0.056
0.070
0.070
0.070
0.070
0.070
0.067
0.070
0.067
0.070
0.070
0.070
0.070
0.070
0.070
0.070
0.070
0.070
0.067
0.067
0.070
0.061
0.070
0.070
0.070
0.070
0.070
0.070
0.070
0.070
0.070
0.070
0.070
0.070
0.070
0.070
0.070
0.070
0.070
0.070
0.070
0.070
0.067
0.070
0.070
0.070
0.070
0.070
0.070
0.070
0.070
0.070
0.070
0.070
0.067
0.070
0.070
0.070
0.070
0.070
0.070
0.070
0.070
0.070
0.070
0.070
0.070
0.070
0.067
0.070
0.070
0.070
0.070
0.070
0.070
0.070
0.070
0.070
0.070
0.070
0.070
0.067
0.066
0.069
-3.160
0.070
0.063
0.070
0.070
0.070
0.070
0.070
0.070
0.070
0.055
0.070
0.070
0.070
0.070
0.070
0.070
0.070
0.070
0.070
0.070
0.070
0.070
0.070
0.070
0.070
0.067
0.070
0.070
0.070
0.054
0.070
0.070
0.070
0.070
0.070
0.070
0.070
0.056
0.070
0.070
0.070
0.000
0.000
0.000
0.000
0.000
0.000
0.000
0.000
0.000
0.000
0.000
0.000
0.054
-1.867
0.054
0.054
0.070
0.067
0.066
0.070
0.070
0.052
0.070
0.070
0.070
0.070
0.068
0.070
0.070
0.070
0.070
0.070
0.070
0.070
0.070
0.070
0.070
0.070
0.070
0.070
0.070
0.070
-1.888
0.070
0.070
-0.899
-0.899
-0.899
-0.899
-0.899
-0.899
-1.179
-1.179
-1.179
-1.179
-1.179
-1.179
0.070
0.067
0.070
0.070
0.067
0.070
0.070
0.070
0.070
0.070
0.070
0.070
0.070
0.067
0.070
0.070
0.070
0.066
0.070
0.070
0.070
0.070
0.067
0.067
0.070
0.060
0.069
0.070
0.067
0.070
0.070
0.070
0.070
0.070
0.067
0.070
0.070
0.070
0.054
0.070
0.070
0.070
