fixedStep chrom=ENSGT00530000065109 start=1 step=1
0.042
0.042
0.042
0.042
0.042
0.042
0.042
0.042
0.042
-1.417
0.042
0.042
0.042
0.042
0.042
-1.382
0.042
0.042
0.042
-1.379
0.038
0.042
0.042
0.042
0.042
0.042
0.038
0.042
0.042
0.042
0.042
0.042
0.042
0.042
0.042
0.042
0.042
-1.409
0.042
0.042
0.042
0.042
0.042
0.042
0.042
0.042
0.042
0.039
0.042
0.042
0.042
0.042
-1.380
0.038
0.042
0.042
0.042
0.042
0.042
0.042
0.042
0.042
0.042
0.042
0.042
0.042
0.042
-1.371
0.042
0.042
0.042
0.042
0.042
0.042
0.042
0.042
0.042
0.042
0.042
-1.417
0.042
-1.417
-1.382
0.042
0.042
0.042
0.042
0.042
-1.362
0.038
0.042
-1.382
0.042
0.042
0.042
0.042
0.042
0.038
0.042
0.042
0.042
0.042
0.042
0.038
0.042
0.038
0.042
0.042
0.042
0.042
0.042
0.042
0.042
0.042
0.042
0.042
0.042
0.042
0.042
0.042
0.042
0.042
-2.119
0.042
0.042
0.042
0.042
0.042
0.042
0.042
0.042
0.042
0.042
0.041
-1.409
0.042
0.042
0.042
0.042
0.042
0.042
0.042
0.042
0.042
0.042
0.042
0.042
0.042
0.042
-1.409
0.042
-1.380
0.039
0.042
0.042
0.042
0.042
0.042
0.042
0.042
0.042
0.038
0.042
0.042
0.042
0.042
0.042
0.042
0.042
0.042
0.042
0.042
0.042
0.038
0.042
0.042
0.042
0.042
0.042
0.039
0.042
0.042
-1.409
0.042
0.042
0.042
0.042
0.042
0.042
0.042
0.042
0.042
0.042
0.042
0.042
0.042
0.042
0.042
0.042
0.042
0.042
0.042
0.042
0.042
0.042
0.042
0.042
0.042
0.042
0.042
0.042
0.042
0.038
0.042
0.042
0.042
0.042
0.042
0.042
0.042
0.042
0.042
0.042
0.042
0.042
0.042
0.042
0.042
0.042
0.042
0.042
0.042
0.042
0.042
0.042
0.042
0.042
0.042
0.042
-1.382
0.042
0.042
0.042
0.042
0.042
0.042
0.042
0.042
0.042
0.042
0.042
0.042
0.042
0.042
0.033
0.042
0.042
0.042
0.042
0.042
0.042
0.042
0.042
0.042
0.042
0.042
0.038
0.042
0.042
0.042
0.042
0.042
0.042
0.042
0.042
0.042
0.042
0.042
0.042
0.042
0.042
0.042
0.042
0.042
0.042
0.042
0.042
-1.885
0.042
0.042
-1.387
0.042
0.042
0.042
0.042
0.042
0.042
0.042
0.042
0.042
0.042
0.042
0.042
0.042
0.042
0.041
0.042
0.042
0.042
0.042
0.042
0.042
0.042
0.042
0.042
0.042
0.042
-1.362
0.042
0.042
0.042
0.042
0.042
0.042
0.042
0.042
0.038
0.042
0.042
0.042
0.042
0.042
0.042
0.042
0.042
0.042
0.042
0.038
0.042
0.042
0.042
0.042
0.042
0.042
0.042
0.042
0.042
0.042
0.042
0.042
0.042
0.042
0.042
0.042
0.042
0.042
0.042
0.042
0.042
0.042
0.042
0.042
0.042
0.042
0.042
0.042
0.042
0.042
0.042
0.042
0.042
0.042
0.042
0.042
0.042
0.042
0.042
0.042
0.042
0.042
0.042
0.042
0.042
0.042
0.042
0.042
0.042
0.042
0.042
0.042
0.042
0.042
0.042
0.042
0.042
0.038
0.042
0.042
-1.379
0.042
0.042
0.042
0.042
0.042
0.042
0.042
0.042
0.042
0.042
0.042
0.042
0.042
0.042
0.042
0.038
0.042
0.042
0.042
0.042
0.042
0.042
-1.417
0.042
0.042
0.042
0.042
0.042
0.042
0.042
0.042
0.042
0.042
0.042
0.042
0.042
0.042
0.042
0.042
0.042
0.042
0.042
0.042
0.042
0.042
0.042
0.042
0.042
0.042
0.038
0.042
0.042
0.042
0.042
0.042
0.042
0.042
0.042
0.042
0.042
0.042
0.042
0.042
0.042
0.042
0.042
0.042
0.042
0.042
0.042
0.042
0.042
0.042
0.042
0.042
0.042
0.042
0.042
0.042
0.042
0.042
0.042
0.042
0.042
0.042
0.042
0.038
0.042
0.042
0.042
0.042
0.042
0.042
0.038
0.038
0.042
0.042
0.042
0.042
0.042
0.042
0.042
0.042
0.042
0.042
