fixedStep chrom=ENSGT00390000000618 start=1 step=1
-2.166
-2.146
-1.716
0.053
0.053
0.053
0.053
0.053
0.052
0.050
0.053
0.053
0.053
0.053
0.052
0.053
0.050
0.053
0.053
0.052
0.053
-1.519
-1.518
-1.518
0.053
0.053
0.053
0.046
0.051
0.052
0.051
0.051
0.053
0.052
0.052
0.053
0.053
0.053
0.052
0.053
0.052
0.052
0.053
0.053
0.053
0.053
0.053
0.052
0.052
0.053
0.052
0.052
0.053
0.051
0.052
0.053
0.052
0.053
0.053
0.051
0.053
0.053
0.048
0.053
0.053
0.052
0.053
0.053
0.052
0.053
0.053
0.051
0.053
0.053
0.052
0.052
0.053
0.052
0.053
0.053
0.052
0.053
0.051
0.053
0.051
0.053
0.053
0.040
0.053
0.052
0.053
0.052
0.052
0.046
0.053
0.051
0.052
0.053
0.051
0.052
0.047
0.038
0.047
0.047
0.047
0.047
0.047
0.045
0.047
0.047
0.047
0.047
0.047
0.047
0.047
0.047
0.047
0.047
0.047
0.045
0.047
0.047
0.047
0.047
0.047
0.047
0.047
0.047
0.045
0.047
0.047
0.047
0.047
0.047
0.047
0.047
0.047
0.046
0.047
0.047
0.047
0.047
0.047
0.047
0.047
0.047
0.047
0.047
0.047
0.047
0.047
0.047
0.047
0.047
0.047
0.047
0.047
0.047
0.047
0.047
0.047
0.047
0.047
0.047
0.047
0.045
0.047
0.047
0.047
0.047
0.047
0.047
0.047
0.047
0.047
0.047
0.045
0.047
0.047
0.047
0.047
0.047
0.047
0.047
0.047
0.047
0.047
0.047
0.047
0.047
0.047
0.047
0.047
0.047
0.047
0.047
0.047
0.047
0.047
0.047
0.047
0.047
0.047
0.047
0.047
0.047
0.049
0.046
0.049
0.049
0.049
0.049
0.049
0.049
0.049
0.049
0.049
0.049
0.049
0.049
0.049
0.046
0.049
0.049
0.049
0.049
0.049
0.045
0.038
0.049
0.049
0.049
0.049
0.049
0.049
0.049
0.049
0.049
0.049
0.038
0.049
0.049
0.048
0.049
0.049
0.049
0.049
0.049
0.049
0.049
0.049
0.049
0.046
0.049
0.047
0.049
0.049
0.049
0.049
0.049
0.049
0.049
0.049
0.049
0.049
0.049
0.049
0.049
0.049
0.049
0.049
0.049
0.049
0.049
0.049
0.049
0.049
0.049
0.047
0.049
0.049
0.038
0.049
0.049
0.049
0.049
0.049
0.049
0.049
0.049
0.049
0.049
0.049
0.049
0.049
0.049
0.049
0.049
0.049
0.046
0.049
0.049
0.049
0.049
0.049
0.049
0.049
0.049
0.049
0.049
0.049
0.046
0.049
0.049
0.049
0.049
0.049
0.049
0.049
0.049
0.052
0.047
0.047
0.052
-1.670
-1.675
-1.675
-1.676
-1.675
-1.675
-1.676
-1.675
-1.675
