fixedStep chrom=ENSGT00390000015991 start=1 step=1
0.000
0.000
0.000
0.053
0.056
-0.000
0.026
0.056
0.051
0.056
0.055
0.056
0.056
0.056
0.056
0.056
0.056
0.053
0.056
0.056
0.056
0.056
0.056
0.053
0.056
0.056
0.056
0.056
0.056
0.056
0.056
0.056
0.056
-1.077
0.056
0.056
0.056
0.056
0.056
0.056
0.056
0.056
0.056
0.056
0.053
0.053
0.056
0.056
0.056
0.056
0.039
0.053
0.056
0.056
0.055
0.039
0.056
0.056
0.056
0.056
0.056
0.056
0.056
0.056
0.053
0.056
0.056
0.056
0.056
0.056
0.056
0.056
0.056
0.056
0.056
0.056
0.056
0.056
0.056
0.056
0.053
0.056
0.056
0.055
0.056
0.056
0.056
0.056
0.056
0.056
-1.090
0.056
0.056
0.056
0.056
0.056
0.053
-1.090
0.056
0.053
0.056
0.056
0.055
0.056
0.056
0.056
0.056
0.056
0.056
0.056
0.053
-1.069
0.056
0.056
0.056
0.056
0.056
0.056
0.056
0.056
0.055
0.056
0.053
0.053
0.056
0.056
0.056
0.056
0.056
0.053
0.056
0.056
0.039
-1.969
0.056
0.056
0.055
0.056
0.056
0.056
-1.102
-1.090
0.056
0.056
0.053
0.055
0.053
0.041
0.056
-1.096
0.056
-1.096
-1.090
0.056
0.056
0.051
0.056
0.056
0.039
0.056
0.053
0.039
0.056
0.051
0.056
0.056
0.056
0.056
0.056
0.056
0.056
0.056
0.053
0.056
0.056
0.056
0.056
0.056
0.056
0.052
0.056
0.056
0.056
0.056
0.056
0.054
0.056
0.053
0.056
0.056
0.056
0.055
0.056
0.056
0.056
0.056
0.056
0.056
0.056
0.056
0.053
0.056
0.056
0.056
0.056
0.056
0.056
0.056
0.056
0.056
-1.266
-1.264
-1.266
0.056
0.056
0.056
0.056
0.056
0.053
0.056
0.039
0.051
0.056
0.056
0.053
0.056
0.056
0.056
0.056
0.056
0.056
0.056
0.056
0.056
0.053
0.056
0.056
0.056
0.056
0.056
0.056
0.056
0.053
0.056
0.056
0.056
0.056
0.056
0.056
0.056
0.056
0.056
0.056
0.056
0.056
0.056
0.056
0.055
0.056
0.056
0.056
0.056
0.056
0.056
0.056
0.056
0.056
0.056
0.056
0.056
0.056
0.056
0.053
0.053
0.056
0.056
0.056
0.056
0.039
0.056
0.056
0.056
0.056
0.056
0.056
0.056
0.056
0.056
0.056
0.056
0.053
0.056
0.056
0.056
0.056
0.056
0.056
0.056
0.056
0.053
0.056
0.053
0.056
0.056
0.056
0.053
0.056
0.056
-1.069
0.056
0.056
0.056
0.055
0.056
0.056
0.056
0.056
0.056
0.056
0.056
0.056
0.056
0.056
-1.911
0.056
0.056
0.056
0.056
0.056
0.056
0.056
0.056
0.053
0.056
0.056
0.056
0.056
0.056
0.056
0.056
0.056
0.056
0.056
0.056
0.055
0.056
0.056
0.053
0.056
0.056
0.056
0.056
0.056
0.056
0.056
0.056
0.056
0.056
0.056
0.056
0.056
0.056
0.056
0.056
0.056
0.056
0.056
0.056
0.056
0.056
0.056
0.056
0.056
0.056
0.056
0.056
0.056
0.056
0.056
0.056
0.056
0.053
0.056
0.056
0.056
-2.006
0.053
0.056
0.056
0.056
0.056
0.056
0.056
0.055
0.056
0.056
0.056
0.056
0.056
0.056
0.056
0.050
0.056
0.056
0.051
0.056
0.056
0.056
0.056
0.056
0.056
0.056
0.056
0.056
0.053
0.056
0.056
0.056
0.056
0.056
0.056
0.056
0.056
0.056
0.053
0.056
0.056
0.056
0.056
0.056
0.056
0.055
0.056
0.056
0.056
0.056
0.056
0.056
0.056
0.056
0.056
0.056
0.056
0.056
0.056
0.056
0.056
0.056
0.056
0.056
0.056
0.056
0.055
0.056
0.056
0.056
0.056
0.056
0.056
0.056
0.056
0.056
0.056
0.056
0.056
0.056
0.056
0.056
0.053
-1.955
0.056
0.056
0.056
-1.077
0.056
0.056
0.056
0.053
0.056
0.056
0.056
0.056
0.055
0.056
0.056
0.056
0.056
0.056
0.056
0.056
0.056
0.056
0.056
0.056
0.056
0.056
0.056
0.056
0.056
0.056
0.056
0.056
0.056
0.056
0.053
0.056
0.056
0.056
0.056
0.056
0.056
0.056
0.056
0.056
0.056
0.056
0.056
0.056
0.056
0.056
0.056
0.056
0.056
0.056
0.056
-1.102
0.056
0.056
0.056
0.056
0.056
0.056
0.056
0.056
0.056
0.056
0.056
0.056
0.056
0.053
