fixedStep chrom=ENSGT00390000009426 start=1 step=1
-0.551
-0.550
-0.552
-0.537
0.107
0.107
0.107
0.107
-3.737
0.107
0.107
0.093
0.107
0.107
0.107
0.107
-0.534
0.106
0.096
0.107
0.093
0.107
0.107
-0.535
0.107
0.107
0.102
0.103
0.107
0.105
0.107
0.107
0.107
0.096
0.107
0.107
0.107
-0.521
0.107
0.107
0.107
0.099
0.107
0.107
0.107
0.107
-0.534
0.107
0.052
0.052
0.052
-0.551
-0.552
-0.552
0.107
-0.521
0.096
-0.535
-0.971
-0.917
0.107
0.107
0.107
0.096
0.107
0.096
0.107
0.107
-0.537
-0.521
-0.534
0.096
-0.535
0.104
0.105
0.096
0.107
0.096
0.107
-0.537
0.096
0.000
0.000
0.000
0.000
0.000
0.000
0.000
0.000
0.000
-0.521
0.107
-0.863
0.096
0.107
0.096
0.107
0.107
0.107
0.107
0.096
0.107
0.107
0.107
-0.521
0.107
0.107
0.096
-0.521
0.107
0.107
0.107
0.107
0.096
0.104
0.107
0.104
0.105
0.096
-1.574
0.107
0.107
0.091
0.107
0.107
0.107
0.107
0.107
0.103
0.107
0.107
0.102
0.104
0.107
0.096
-0.537
0.107
0.107
0.107
0.095
0.099
0.104
0.107
0.104
0.107
0.107
0.107
0.107
0.107
0.107
0.096
0.107
0.104
0.107
0.107
-0.534
0.107
0.107
0.104
-0.537
0.107
0.104
0.096
0.107
0.107
0.107
0.107
0.107
0.107
0.107
0.106
0.096
0.107
0.099
0.107
0.107
0.105
0.107
-0.534
0.104
0.107
0.096
0.104
0.107
0.107
0.094
0.096
0.107
-0.521
0.107
0.107
0.107
0.103
0.107
0.107
0.107
0.107
0.095
0.107
0.107
0.107
0.096
0.107
0.107
0.107
0.107
0.105
0.107
0.107
-2.239
0.104
0.096
0.107
0.107
0.107
0.107
0.107
0.107
0.094
0.107
0.107
0.093
0.091
0.107
0.107
0.105
0.107
0.099
0.107
0.107
0.105
0.107
0.107
0.102
0.107
0.107
0.107
-0.534
0.107
0.107
0.103
0.107
0.105
0.107
0.107
0.107
0.107
0.107
0.107
-0.534
0.096
0.102
-0.537
0.107
0.107
0.107
0.107
0.107
0.107
0.107
0.099
0.107
0.107
0.107
0.095
0.107
0.107
0.107
0.107
0.096
0.096
0.096
0.107
0.107
0.107
0.107
0.107
0.107
0.093
0.107
0.107
0.107
0.107
0.106
0.107
0.107
0.107
0.107
0.107
0.107
0.100
0.107
0.107
0.107
0.107
0.107
-0.521
0.107
0.107
0.096
0.107
0.107
0.106
0.096
0.107
0.107
0.107
0.107
0.101
0.107
0.107
0.105
0.107
0.107
0.096
0.107
0.107
0.107
0.107
0.107
0.094
0.107
0.107
0.107
0.107
0.107
0.107
0.107
0.107
0.107
-0.537
0.107
0.107
0.107
0.095
0.106
0.096
0.107
0.093
0.107
0.107
0.106
0.107
0.107
0.105
0.107
0.107
0.107
0.107
0.107
-0.521
0.107
0.107
0.107
0.107
0.107
0.107
-3.248
0.107
-1.583
0.000
0.000
0.000
0.000
0.000
0.000
0.000
0.000
0.000
0.000
0.000
0.000
0.000
0.000
0.000
0.000
0.000
0.000
0.000
0.000
0.000
0.000
0.000
0.000
0.000
0.000
0.000
0.000
0.000
0.000
0.000
0.000
0.000
0.000
0.000
0.000
0.000
0.000
0.000
0.000
0.000
0.000
0.000
0.000
0.000
0.000
0.000
0.000
0.000
0.000
0.000
0.000
0.000
0.000
0.000
0.000
0.000
0.000
0.000
0.000
0.000
0.000
0.000
0.000
0.000
0.000
0.000
0.000
0.000
0.000
0.000
0.000
0.000
0.000
0.000
0.000
0.000
0.000
0.000
0.000
0.000
0.000
0.000
0.000
0.000
0.000
0.000
0.000
0.000
0.000
0.000
0.000
0.000
0.000
0.000
0.000
0.000
0.000
0.000
0.000
0.000
0.000
0.000
0.000
0.000
0.000
0.000
0.000
0.000
-0.551
-1.818
-0.551
-0.551
-0.589
-0.552
-1.173
-0.551
0.000
0.000
0.000
0.000
0.000
0.000
0.000
0.000
0.000
0.000
0.000
0.000
0.000
0.000
0.000
0.000
0.000
0.000
0.000
0.000
0.000
0.000
0.000
0.000
0.000
0.000
0.000
0.000
0.000
0.000
0.000
0.000
0.000
0.000
0.000
0.000
0.000
0.000
0.000
0.000
0.000
0.000
0.000
0.000
0.000
0.000
0.000
0.000
0.000
0.000
0.000
0.000
0.000
0.000
0.000
0.000
0.000
0.000
0.000
0.000
0.000
0.000
0.000
0.000
0.000
0.000
0.000
0.000
0.000
0.000
0.000
0.000
0.000
0.000
0.000
0.000
0.000
0.000
0.000
0.000
0.000
0.000
0.000
0.000
0.000
0.000
0.000
0.000
0.000
0.000
0.000
0.000
0.000
0.000
0.000
0.000
0.000
0.000
0.000
0.000
0.000
0.000
0.000
0.000
0.000
0.000
0.000
0.000
0.000
0.000
0.000
0.000
0.000
0.000
0.000
0.000
0.000
0.000
0.000
0.000
0.000
0.000
0.000
0.000
0.000
0.000
0.000
0.000
0.000
0.000
0.000
0.000
0.000
0.000
0.000
0.000
0.000
0.000
0.000
0.000
0.000
0.000
0.000
0.000
0.000
0.000
0.000
0.000
0.000
0.000
0.000
0.000
0.000
0.000
0.000
0.000
0.000
0.000
0.000
0.000
-0.550
-0.550
-1.173
-0.623
-1.162
-0.623
-0.571
-0.567
-0.552
-0.551
-1.173
-0.552
-1.176
-0.617
-1.162
-0.551
-1.798
-0.552
-1.176
-1.173
-1.174
-1.936
-1.162
-1.161
-0.875
-0.622
-1.162
-0.550
-0.550
0.000
0.000
0.000
0.000
0.000
0.000
0.000
0.000
0.000
0.000
0.000
0.000
0.000
0.000
0.000
