fixedStep chrom=ENSGT00390000006223 start=1 step=1
0.080
0.080
0.080
0.057
0.066
-0.750
-0.750
0.080
-0.769
0.074
0.074
-0.772
0.080
0.073
0.079
0.080
0.077
0.072
0.077
0.080
0.072
0.074
0.080
-1.508
0.066
0.080
0.080
0.080
0.080
0.080
0.074
0.080
0.080
0.080
0.074
0.080
0.077
0.080
-0.769
0.074
0.066
0.080
-1.115
-0.956
-1.686
0.080
0.080
0.080
0.080
0.074
0.066
0.080
0.080
0.080
0.080
0.080
0.080
0.080
0.080
0.078
0.080
0.080
0.067
0.080
0.080
0.080
0.078
0.080
-2.021
0.080
0.080
0.080
0.068
0.061
0.074
0.080
0.080
0.074
0.080
0.080
0.080
0.080
0.080
0.080
0.080
0.080
0.080
-1.463
-1.414
0.080
0.080
0.074
0.080
0.080
0.080
0.080
0.080
0.080
0.080
0.080
0.080
0.080
0.080
0.080
0.080
0.080
0.080
0.080
-0.772
0.080
0.080
0.080
0.080
0.080
0.080
0.080
0.080
0.080
0.074
0.080
0.080
0.080
0.079
0.080
0.080
0.074
0.078
0.080
0.080
0.080
0.080
-2.954
0.080
-2.003
0.080
0.080
0.080
0.078
0.080
0.080
0.080
0.080
0.080
0.071
0.080
0.080
0.077
0.080
-1.452
0.080
0.080
0.080
0.080
0.080
0.080
0.080
0.080
0.080
0.080
0.080
0.080
0.080
0.080
0.080
0.079
0.080
0.080
0.079
0.078
0.080
0.080
0.080
0.080
0.080
0.080
0.080
0.080
0.080
0.080
0.077
0.080
0.080
0.079
0.080
0.080
0.080
0.080
0.080
0.080
0.080
0.080
0.080
0.080
0.074
0.080
-0.769
0.074
0.077
0.080
0.080
0.080
0.080
0.080
0.080
0.077
-0.772
0.078
0.080
0.080
0.080
0.080
0.080
0.078
0.080
0.080
0.080
0.062
0.074
0.073
0.080
0.080
0.074
0.080
0.080
0.080
0.080
0.080
0.080
0.080
0.080
0.080
0.059
0.080
-1.463
0.080
0.080
0.080
0.080
0.080
0.078
0.074
0.080
0.080
0.064
0.077
0.080
0.079
0.080
0.080
0.080
0.080
0.080
0.080
0.080
0.080
0.080
0.080
0.080
0.080
0.080
0.080
0.080
0.080
0.080
0.080
0.080
0.080
0.080
0.080
0.080
0.080
0.080
0.080
0.080
0.080
0.072
0.080
0.080
0.080
0.080
0.080
0.079
0.080
0.080
0.080
0.080
0.080
0.057
0.080
0.080
0.078
0.080
0.058
0.080
0.080
0.080
0.079
0.080
0.080
0.080
0.080
0.080
0.074
0.080
0.080
0.080
0.080
0.080
0.080
0.080
0.080
0.080
0.080
0.080
0.080
0.080
0.080
0.080
0.080
0.080
0.078
0.080
0.080
0.080
0.080
0.080
0.080
0.071
0.080
0.080
0.080
0.080
0.080
0.080
0.080
0.080
0.080
0.080
0.080
0.080
0.080
-2.073
0.080
0.080
0.080
0.080
0.080
0.078
0.078
-0.772
0.075
0.080
0.080
0.080
0.080
0.080
0.078
0.080
0.080
0.080
0.080
0.080
0.078
0.080
0.080
0.080
0.080
0.080
0.080
0.079
0.080
0.080
0.077
0.077
0.080
0.080
0.080
0.080
0.066
0.080
0.080
0.080
0.080
0.080
0.073
0.080
0.077
0.080
0.080
0.080
0.080
0.078
0.061
0.074
-0.767
0.080
0.080
0.080
-1.408
0.068
0.068
-0.767
0.078
0.080
-0.769
0.080
0.078
0.080
0.062
0.059
0.080
0.080
0.080
0.080
0.080
0.080
0.080
0.080
0.080
0.077
0.080
0.080
0.080
0.073
0.072
0.080
0.080
0.080
0.074
0.080
0.080
0.080
0.078
0.080
0.080
0.080
0.080
0.080
0.080
0.080
-2.024
-2.927
0.056
-4.224
0.061
0.065
0.075
-1.171
-2.584
-1.507
-1.564
-2.682
-1.171
0.000
0.000
0.000
0.000
0.000
0.000
0.000
0.000
0.000
0.000
0.000
0.000
0.000
0.000
0.000
0.000
0.000
0.000
0.000
0.000
0.000
0.000
0.000
0.000
0.000
0.000
0.000
0.000
0.000
0.000
0.000
0.000
0.000
0.000
0.000
0.000
0.000
0.000
0.000
0.000
0.000
0.000
0.000
0.000
0.000
0.000
0.000
0.000
0.000
0.000
0.000
0.000
0.000
0.000
0.000
0.000
0.000
0.000
0.000
0.000
0.000
0.000
0.000
0.000
0.000
0.000
0.000
0.000
0.000
0.000
0.000
0.000
0.000
0.000
0.000
0.000
0.000
0.000
0.000
0.000
0.000
0.000
0.000
0.000
0.000
0.000
0.000
0.000
0.000
0.000
0.000
0.000
0.000
0.000
0.000
0.000
0.000
0.000
0.000
0.000
0.000
0.000
0.000
0.000
0.000
0.000
0.000
0.000
0.000
0.000
0.000
0.000
0.000
0.000
0.000
0.000
0.000
0.000
0.000
0.000
0.000
0.000
0.000
0.000
0.000
0.000
0.000
0.000
0.000
0.000
0.000
0.000
0.000
0.000
0.000
0.000
0.000
0.000
0.000
0.000
0.000
0.000
0.000
0.000
0.000
0.000
0.000
0.000
0.000
0.000
