fixedStep chrom=ENSGT00390000015987 start=1 step=1
0.000
0.000
0.000
0.000
0.000
0.000
0.000
0.000
0.000
0.000
0.000
0.000
0.000
0.000
0.000
0.000
0.000
0.000
0.000
0.000
0.000
0.000
0.000
0.000
0.000
0.000
0.000
0.000
0.000
0.000
0.000
0.000
0.000
0.000
0.000
0.000
0.000
0.000
0.000
0.000
0.000
0.000
0.000
0.000
0.000
0.000
0.000
0.000
0.000
0.000
0.000
0.000
0.000
0.000
0.000
0.000
0.000
0.000
0.000
0.000
0.000
0.000
0.000
0.000
0.000
0.000
0.000
0.000
0.000
0.000
0.000
0.000
0.000
0.000
0.000
0.000
0.000
0.000
0.000
0.000
0.000
0.000
0.000
0.000
0.000
0.000
0.000
0.000
0.000
0.000
0.000
0.000
0.000
0.000
0.000
0.000
0.000
0.000
0.000
0.000
0.000
0.000
0.000
0.000
0.000
0.000
0.000
0.000
0.000
0.000
0.000
0.000
0.000
0.000
0.000
0.000
0.000
0.000
0.000
0.000
0.000
0.000
0.000
0.000
0.000
0.000
0.000
0.000
0.000
0.000
0.000
0.000
0.000
0.000
0.000
0.000
0.000
0.000
0.000
0.000
0.000
0.000
0.000
0.000
0.000
0.000
0.000
0.000
0.000
0.000
0.000
0.000
0.000
0.000
0.000
0.000
0.000
0.000
0.000
0.000
0.000
0.000
0.000
0.000
0.000
0.000
0.000
0.000
0.000
0.000
0.000
0.000
0.000
0.000
0.000
0.000
0.000
0.000
0.000
0.000
0.000
0.000
0.000
0.000
0.000
0.000
0.000
0.000
0.000
0.000
0.000
0.000
0.000
0.000
0.000
0.000
0.000
0.000
0.000
0.000
0.000
0.000
0.000
0.000
0.000
0.000
0.000
0.000
0.000
0.000
0.000
0.000
0.000
0.000
0.000
0.000
0.000
0.000
0.000
0.000
0.000
0.000
0.000
0.000
0.000
0.000
0.000
0.000
0.000
0.000
0.000
0.000
0.000
0.000
0.000
0.000
0.000
0.000
0.000
0.000
0.000
0.000
0.000
0.000
0.000
0.000
0.000
0.000
0.000
0.000
0.000
0.000
0.000
0.000
0.000
0.000
0.000
0.000
0.000
0.000
0.000
0.000
0.000
0.000
0.000
0.000
0.000
0.000
0.000
0.000
0.000
0.000
0.000
0.086
0.086
0.086
0.075
0.083
0.086
0.086
0.086
0.086
0.086
0.086
0.082
0.086
0.086
0.075
0.086
0.086
0.086
0.086
0.086
0.086
0.086
0.086
0.086
0.086
0.083
0.086
0.086
0.086
0.081
0.086
0.086
0.086
0.086
0.086
0.075
0.086
0.075
0.075
0.086
0.086
0.083
0.086
0.086
0.086
0.086
0.086
0.086
0.086
0.086
0.085
0.086
0.086
0.086
0.086
0.083
0.086
0.086
0.086
0.086
0.075
0.086
0.084
0.086
0.086
0.086
0.086
0.086
0.086
0.086
0.086
0.086
0.086
0.086
0.082
0.086
0.086
0.082
0.086
0.086
0.086
0.086
0.086
0.086
0.086
0.086
0.086
0.086
0.086
0.086
0.086
0.086
0.082
0.086
0.086
0.085
0.086
0.086
0.086
0.086
0.083
0.083
0.086
0.086
0.086
0.086
0.086
0.086
0.086
0.086
0.085
0.086
0.086
0.086
0.086
0.086
0.081
0.083
0.083
0.086
0.086
0.086
0.078
0.086
0.086
0.086
0.085
0.086
0.068
0.085
0.086
0.080
0.086
0.086
0.079
0.086
0.086
0.086
0.086
0.086
0.086
0.086
0.086
0.084
0.086
0.086
0.069
0.086
0.086
0.083
0.083
0.086
0.083
0.086
0.086
0.086
0.086
0.086
0.083
0.086
0.086
0.085
0.086
0.086
0.086
0.086
0.086
0.086
0.084
0.086
0.086
0.086
0.072
0.074
0.083
0.086
0.086
