fixedStep chrom=ENSGT00510000048561 start=1 step=1
0.150
0.151
0.147
0.147
0.150
0.146
0.120
0.132
0.143
0.147
0.148
0.148
0.148
0.138
0.138
0.148
0.138
0.138
0.150
0.151
0.150
0.138
0.138
0.134
0.138
0.150
0.150
0.138
0.138
0.138
0.150
0.150
0.100
0.118
0.123
0.100
0.119
0.124
0.124
0.100
0.100
0.123
0.100
0.100
0.100
0.123
0.124
0.119
0.582
0.582
0.582
0.123
0.123
0.090
0.123
0.123
0.124
0.123
0.123
0.104
0.123
0.124
0.124
0.123
0.123
0.123
0.123
0.124
0.123
0.124
0.123
0.112
0.123
0.123
0.123
0.123
0.123
0.123
0.123
0.101
0.117
0.123
0.123
0.104
0.123
0.123
0.123
0.122
0.124
0.120
0.123
0.123
0.123
0.123
0.123
0.123
0.123
0.123
0.123
0.123
0.123
0.123
0.123
0.123
0.123
0.124
0.124
0.122
0.123
0.123
0.123
0.123
0.123
0.117
0.122
0.123
0.123
0.124
0.124
0.123
0.134
0.134
0.134
0.134
0.134
0.131
0.134
0.134
0.111
0.134
0.112
0.107
0.134
0.134
0.133
0.134
0.134
0.133
0.134
0.134
0.134
0.134
0.134
0.103
0.134
0.134
0.128
0.134
0.134
0.125
0.134
0.134
0.097
0.134
0.134
0.134
0.134
0.134
0.134
0.134
0.134
0.134
0.134
0.134
0.134
0.134
0.134
0.134
0.134
0.134
0.134
0.111
0.134
0.111
0.134
0.134
0.134
0.134
0.134
0.134
0.134
0.134
0.134
0.134
0.134
0.134
0.134
0.134
0.134
0.125
0.134
0.129
0.134
0.134
0.126
0.129
0.134
0.134
0.134
0.134
0.134
0.128
0.134
0.134
0.134
0.134
0.134
0.134
0.134
0.134
0.134
0.134
0.134
0.134
0.134
0.134
0.134
0.134
0.130
0.134
0.134
0.131
0.134
0.134
0.134
0.134
0.130
0.111
0.134
0.134
-2.955
-0.790
-0.791
-0.857
0.134
0.128
0.112
-0.895
-1.005
-1.352
0.134
0.134
0.125
0.097
0.134
0.134
0.134
0.134
0.134
0.134
0.134
0.133
0.134
0.134
0.126
0.134
0.097
0.134
0.134
0.134
0.134
0.134
0.134
0.121
0.125
0.125
0.123
0.134
0.134
0.132
0.134
0.134
0.134
0.134
0.150
0.150
0.150
0.150
0.141
0.150
0.151
0.150
0.151
0.150
0.146
0.143
0.151
0.138
0.150
0.150
0.140
0.150
0.151
0.150
0.150
0.150
0.143
0.150
0.150
0.150
0.150
0.150
0.150
0.150
0.151
0.148
0.150
0.150
0.143
0.150
0.150
0.150
0.150
0.151
0.150
0.130
0.150
0.150
0.150
0.151
-1.949
0.150
0.150
0.113
0.150
0.150
0.141
0.141
0.142
0.141
0.141
0.141
0.134
0.141
0.141
0.141
0.142
0.141
0.141
0.141
0.142
0.141
0.141
0.141
0.141
0.146
0.144
0.150
0.150
0.151
-2.014
0.150
0.151
0.138
0.150
0.150
0.148
0.134
0.151
0.150
0.150
0.150
0.113
0.150
0.151
0.150
0.151
0.150
0.150
0.150
0.151
0.150
0.150
0.121
0.150
0.150
0.151
0.150
0.150
0.150
0.140
0.150
0.150
0.150
0.150
0.150
0.148
0.150
0.151
0.150
0.150
0.150
0.150
0.150
0.151
0.150
0.151
0.151
0.150
0.151
0.151
0.144
0.151
0.150
0.143
0.150
0.150
0.150
0.151
0.150
0.143
0.120
0.143
0.150
0.151
0.150
0.138
0.150
0.150
0.150
0.117
0.143
0.138
0.150
0.150
0.147
0.150
0.150
0.150
0.150
0.151
0.150
0.150
0.150
0.143
0.150
0.150
0.150
0.150
0.150
0.143
0.150
0.151
0.150
0.150
0.150
0.123
0.138
0.150
0.120
0.150
0.151
0.150
0.150
0.150
0.150
0.150
0.150
0.135
0.150
0.150
0.148
0.150
0.150
0.150
0.150
0.150
0.150
0.150
0.150
0.150
0.150
0.139
0.121
0.141
0.141
0.136
0.121
0.121
0.121
0.119
0.121
0.121
0.142
0.141
0.110
0.120
0.121
0.121
0.582
0.582
0.582
0.141
0.141
0.134
0.141
0.107
0.109
0.108
-1.178
0.118
0.138
0.138
0.140
-1.984
0.142
0.121
0.121
0.137
0.124
0.121
0.107
0.141
0.117
0.142
0.121
0.121
-1.173
0.141
0.121
0.121
0.142
0.121
0.121
-1.789
0.107
0.137
0.121
-0.720
-0.719
-0.719
0.137
0.141
0.141
0.150
0.131
0.140
0.115
0.131
0.133
0.131
0.131
0.131
0.146
0.131
0.128
0.131
0.131
0.131
0.150
0.150
0.151
0.150
0.150
0.139
0.150
0.131
0.131
0.131
0.131
0.131
0.150
0.131
0.128
0.150
0.151
0.150
0.150
0.150
0.150
0.131
0.131
0.129
0.131
0.131
0.131
0.131
0.151
0.131
0.131
0.126
0.150
0.131
0.131
0.134
0.131
0.146
0.150
0.131
0.131
0.127
0.131
0.151
0.150
0.146
0.146
0.150
0.151
0.151
0.150
0.146
0.151
0.117
0.131
0.131
0.131
0.131
0.146
0.151
0.131
0.150
0.131
0.131
0.151
0.150
0.131
0.131
0.146
0.131
0.131
0.131
0.131
0.131
0.146
0.146
0.131
0.131
0.150
0.151
0.150
0.131
0.150
0.150
0.579
0.579
0.579
0.136
0.136
0.084
-0.247
-0.247
-0.304
0.146
0.130
0.130
0.146
0.151
0.146
0.130
0.150
0.146
0.150
0.150
0.111
0.150
0.130
0.130
0.146
0.146
-1.675
0.150
0.150
0.126
0.146
0.130
0.150
0.130
0.151
0.150
0.130
0.130
-2.797
0.130
0.151
0.104
0.579
0.579
0.579
0.579
0.579
0.579
0.117
0.130
0.150
0.146
0.151
0.130
0.150
0.146
-1.535
-0.699
-0.753
-0.997
0.130
0.151
0.148
0.130
0.151
0.142
0.130
0.130
0.121
0.130
0.130
0.146
0.151
0.151
0.150
0.150
0.150
0.132
0.146
0.130
0.126
0.130
0.130
0.139
-0.689
-0.688
-0.688
0.130
0.150
0.150
0.150
0.150
0.150
0.150
0.150
0.146
0.130
0.130
0.150
0.130
0.150
0.130
0.150
0.151
0.150
-0.688
-0.689
-0.781
-0.683
-0.689
-0.705
0.151
0.146
0.150
0.146
0.130
0.150
0.146
0.130
0.143
0.146
0.130
0.122
0.130
0.130
0.130
0.141
0.150
0.150
0.129
0.130
0.146
0.130
0.146
0.150
0.130
0.150
0.150
0.125
0.151
0.146
0.150
0.146
0.146
0.124
-1.619
0.144
0.144
0.151
0.120
0.150
0.134
0.124
0.124
0.124
0.133
-0.443
-0.447
-0.443
-0.829
-0.591
-0.656
0.136
0.136
0.133
-0.293
-0.293
-0.382
0.106
0.117
0.128
0.106
0.137
0.150
0.109
-0.704
0.107
0.150
0.150
0.126
0.127
0.144
0.120
0.144
0.151
0.117
0.124
0.115
0.144
0.124
0.124
0.128
0.144
0.144
-0.708
0.150
0.151
-0.902
0.124
-1.410
0.144
0.150
0.144
0.124
-0.622
-0.641
-0.763
-0.680
-0.622
-0.622
-0.836
-0.680
-0.622
0.106
0.128
-1.407
0.147
0.144
-1.110
0.150
0.125
0.124
0.125
0.108
-1.247
0.108
0.120
0.111
0.120
0.120
-0.704
0.124
0.144
0.128
-1.116
0.138
0.111
0.110
0.144
-0.918
-0.703
0.120
0.144
0.134
0.109
0.143
0.114
0.139
0.144
0.143
0.124
0.117
-0.708
-0.987
0.141
0.106
0.144
0.109
0.143
0.143
0.108
0.128
0.124
0.144
0.120
0.130
0.150
0.106
0.144
0.111
-0.941
-0.776
-0.959
-0.992
-0.991
-0.992
-0.990
-0.991
-1.095
-0.857
-0.948
-1.249
-0.948
-0.991
-0.768
-0.842
-0.841
-1.711
-1.029
-0.776
-1.037
-0.975
-0.969
-1.269
-1.038
-2.416
-1.979
-1.626
-0.837
-0.995
-0.842
-0.973
-0.975
-0.975
-0.969
-1.298
0.150
0.124
-1.406
0.111
0.123
0.106
0.108
0.128
0.124
0.147
0.124
-1.729
0.112
0.120
0.124
0.145
0.124
0.124
0.150
0.150
0.144
-1.364
-1.082
0.143
-1.075
-1.073
0.120
0.109
0.124
-1.117
-0.775
-0.941
-0.864
0.102
0.066
0.012
0.099
0.071
0.006
-0.575
-0.590
-1.056
0.596
0.596
0.596
0.055
0.075
0.075
0.121
0.140
0.124
0.150
0.150
0.150
0.147
0.111
0.125
-0.703
-0.703
0.113
0.116
0.147
0.123
-0.825
-0.622
-0.602
-0.908
0.122
0.112
-1.397
0.111
-1.755
0.123
0.140
0.150
0.137
-0.703
0.117
0.123
0.134
-2.214
0.120
0.109
0.134
0.151
-1.398
-1.075
0.125
-1.133
0.140
0.121
0.124
-1.075
0.124
-0.982
0.137
0.116
0.128
0.120
0.144
0.147
-1.977
0.109
0.142
0.126
-0.575
-0.611
-1.739
0.000
0.000
0.000
0.000
0.000
0.000
0.000
0.000
0.000
0.000
0.000
0.000
0.000
0.000
0.000
0.000
0.000
0.000
0.000
0.000
0.000
0.000
0.000
0.000
0.000
0.000
0.000
0.000
0.000
0.000
0.000
0.000
0.000
0.000
0.000
0.000
0.000
0.000
0.000
0.000
0.000
0.000
0.000
0.000
0.000
0.000
0.000
0.000
