fixedStep chrom=ENSGT00410000028922 start=1 step=1
0.122
0.123
0.122
0.123
0.123
0.123
0.122
0.122
0.096
0.122
0.122
0.118
0.122
0.122
0.122
0.122
0.122
-0.460
0.122
0.123
0.122
0.123
0.123
0.115
0.122
0.122
-0.442
0.122
0.122
0.122
0.123
0.123
0.109
0.122
0.122
0.121
0.122
0.123
0.118
0.122
0.123
0.114
0.122
0.122
0.109
0.122
0.122
0.122
0.122
0.122
0.113
0.123
0.122
0.122
0.123
0.123
0.109
0.122
0.122
0.123
0.123
0.122
0.123
0.109
0.123
0.123
0.122
0.113
0.122
0.091
0.123
0.122
0.122
0.122
0.122
0.122
0.122
0.122
0.123
0.123
0.122
0.094
0.123
-1.910
0.122
0.123
0.122
0.122
0.122
0.109
0.123
0.122
0.123
0.122
0.116
0.122
0.096
0.115
0.106
0.122
0.094
0.113
0.112
0.123
0.122
0.122
0.118
-1.228
0.122
0.121
0.123
0.109
0.109
0.096
-1.618
0.109
0.094
0.123
0.122
-0.442
0.123
0.122
0.096
0.096
0.094
0.094
0.094
-0.897
0.123
0.000
0.000
0.000
0.000
0.000
0.000
0.000
0.000
0.000
0.094
0.109
0.106
0.114
-0.460
0.122
0.123
0.122
0.109
0.123
0.122
0.114
-0.460
0.121
0.122
0.122
0.122
0.109
0.121
0.114
0.109
0.122
0.122
0.122
-1.093
0.091
0.115
0.113
0.086
0.091
0.122
0.105
0.123
0.109
0.094
-0.460
0.113
0.119
0.122
0.122
0.109
0.123
0.122
0.122
0.115
0.122
0.122
0.122
-0.464
0.115
-0.460
0.112
0.118
0.122
0.115
-0.883
0.123
-0.460
-0.460
0.122
0.091
0.109
0.123
0.123
0.122
0.122
0.094
-0.460
0.113
0.122
0.105
0.122
-1.165
-1.165
-1.165
-0.450
-0.408
-0.454
-1.505
-0.883
0.091
-0.442
-0.460
0.109
0.109
0.109
0.122
-1.014
-0.460
-0.460
-0.460
-0.895
0.108
0.113
0.122
0.109
0.122
0.122
0.122
0.109
0.091
0.091
-0.883
-0.460
-0.895
-0.442
-1.257
0.094
0.109
0.122
0.108
0.207
0.207
0.207
0.207
0.207
0.207
-1.465
0.122
0.109
-0.460
-1.278
-1.250
0.115
-0.460
-1.030
-0.460
0.119
-0.464
-0.460
-1.465
0.109
0.122
0.121
-0.464
0.122
-0.900
0.109
-0.460
-0.464
-0.460
-0.460
-0.460
-0.922
-0.464
0.122
0.108
0.122
0.105
-2.542
-1.466
-1.466
-2.486
-2.889
-3.177
-1.823
-0.245
-0.245
-0.246
