fixedStep chrom=ENSGT00390000004691 start=1 step=1
0.067
0.067
0.067
0.067
0.067
0.067
0.060
0.067
0.067
0.067
0.067
0.065
0.067
0.067
0.066
0.067
0.067
0.067
0.067
0.067
0.060
0.067
0.067
0.067
0.067
0.067
0.067
0.067
0.067
0.067
0.056
0.067
0.067
0.061
0.067
0.067
0.067
0.067
0.067
0.067
0.067
0.067
0.067
0.067
0.067
0.067
0.067
0.067
0.067
0.067
0.067
0.067
0.067
0.067
0.067
0.067
-0.976
0.061
0.067
0.067
0.067
0.067
0.067
0.067
0.067
0.067
0.067
0.067
0.067
0.067
0.067
0.067
0.067
0.067
0.067
0.067
0.067
0.067
0.067
0.067
0.067
0.067
0.067
0.067
0.067
0.067
0.055
0.067
0.055
0.055
0.048
0.064
0.052
0.064
0.064
0.067
0.067
0.055
0.067
0.055
0.067
0.055
0.067
0.064
0.055
0.067
0.067
0.067
0.067
0.067
-0.962
0.067
0.067
0.067
0.067
0.067
0.067
0.067
0.067
0.059
0.067
0.067
0.066
0.067
0.067
0.067
0.067
0.067
0.061
0.056
0.056
0.061
0.067
0.067
0.067
0.067
0.067
0.067
0.067
0.067
0.067
0.067
0.067
0.067
0.067
0.067
0.061
0.067
0.067
0.061
0.067
0.067
0.064
0.067
0.067
0.067
0.067
0.067
0.067
0.067
0.067
0.067
0.067
0.067
0.067
0.067
0.067
0.067
0.067
0.067
0.064
0.067
0.067
0.067
0.067
0.067
0.066
0.067
0.067
0.061
0.067
0.067
0.067
0.067
0.067
0.067
0.066
0.067
0.067
0.067
0.067
0.061
0.067
0.067
0.067
0.067
0.067
0.067
0.067
0.067
0.067
0.067
0.067
0.067
0.067
0.067
0.064
0.064
0.067
0.067
0.067
0.067
0.062
0.061
0.067
0.067
0.067
0.067
0.067
0.067
0.061
0.067
0.067
0.067
-1.750
0.067
0.067
0.067
0.067
0.067
0.061
0.067
0.067
0.061
0.061
0.067
0.067
0.059
0.067
0.067
0.067
0.067
0.067
0.067
0.067
0.067
0.067
0.067
0.067
0.067
0.067
0.067
0.067
0.067
0.067
0.067
0.067
0.064
0.067
0.067
0.067
0.067
0.067
0.067
0.067
0.067
0.067
0.067
0.067
0.067
0.067
0.067
0.067
0.067
0.067
-1.767
0.067
0.067
0.067
0.067
0.067
0.067
0.067
0.067
0.065
0.067
0.067
0.067
0.067
0.067
0.066
0.067
0.067
0.064
0.067
0.067
0.061
0.067
0.067
0.067
0.067
0.067
0.067
0.067
0.067
0.067
0.067
0.067
0.061
0.067
0.067
0.065
-0.979
0.061
-1.827
0.067
0.067
0.061
0.061
0.067
0.056
0.067
0.061
-2.387
0.067
0.067
0.064
0.067
0.067
0.067
0.067
0.061
0.061
0.067
0.067
0.067
0.067
0.067
0.067
0.067
0.067
0.067
0.067
0.067
0.067
0.067
0.067
0.067
0.067
0.067
0.067
0.067
0.067
-0.980
0.067
0.067
0.067
0.067
0.067
0.065
0.067
0.067
0.061
0.067
0.061
0.067
0.067
0.067
0.067
0.067
0.067
0.067
-1.750
0.061
0.067
0.067
0.067
0.067
0.067
0.067
0.067
0.067
0.067
-0.976
0.067
0.067
0.067
0.061
0.067
0.066
0.067
0.067
0.058
0.067
0.067
0.065
0.067
0.067
0.067
0.067
0.067
0.067
0.067
0.067
0.067
0.067
0.067
0.067
0.067
0.067
0.067
0.067
0.067
0.059
0.067
0.067
0.057
0.067
0.067
0.067
0.067
0.067
0.064
0.067
0.067
0.066
0.067
0.067
0.067
0.067
0.067
0.067
0.067
0.067
0.064
0.067
0.061
0.067
0.067
0.067
0.067
0.067
0.067
0.067
0.067
0.067
0.065
0.067
0.067
0.061
0.067
0.067
0.067
0.067
0.067
0.067
0.058
0.067
0.064
0.067
0.067
0.067
0.067
0.067
0.067
0.067
0.067
0.067
0.061
0.067
0.067
0.067
0.067
0.067
0.067
0.055
0.067
0.067
0.067
0.067
0.064
0.067
0.067
0.067
0.067
0.067
0.067
0.067
0.067
0.067
0.067
-1.748
0.061
0.061
0.067
0.067
0.067
-0.961
0.067
0.067
0.066
0.067
0.067
0.067
0.067
0.067
0.061
0.061
0.064
0.064
0.067
0.067
0.067
0.056
0.061
-0.980
0.067
0.067
0.061
0.067
0.067
0.067
0.067
0.067
0.067
0.067
0.067
0.062
0.061
0.061
0.067
0.067
0.067
0.067
0.067
0.067
0.067
0.067
0.067
0.067
0.061
0.067
0.061
0.067
0.061
0.067
0.067
0.067
0.064
0.067
0.065
0.066
0.067
0.061
0.067
0.067
0.067
0.067
0.067
0.067
0.067
