fixedStep chrom=ENSGT00390000006458 start=1 step=1
0.000
0.000
0.000
0.082
0.082
0.065
0.079
0.079
0.079
0.066
0.066
0.079
0.065
0.066
0.075
0.078
0.082
0.066
0.066
0.066
0.079
0.079
0.079
0.079
0.066
0.079
0.082
0.081
0.082
0.082
0.082
0.082
0.082
0.082
0.082
0.082
0.082
0.082
0.082
0.082
0.082
0.079
0.082
0.082
0.082
0.082
0.082
0.079
0.079
0.082
0.062
-1.449
0.082
0.082
0.082
0.082
0.082
0.082
0.082
0.082
0.082
0.082
0.082
0.082
0.082
0.070
0.079
0.082
0.082
0.082
0.082
0.078
0.079
0.082
0.066
0.082
0.082
0.078
0.082
0.082
0.082
0.082
0.079
0.066
0.082
0.082
0.077
0.079
0.082
0.079
0.082
0.082
0.082
0.062
0.082
0.082
0.082
0.082
0.082
0.082
0.082
0.078
0.082
0.082
0.078
0.082
0.082
0.082
0.082
0.082
0.082
0.082
0.082
0.082
0.082
0.082
0.082
0.082
0.082
0.082
0.082
0.082
0.082
0.082
0.082
0.082
0.082
0.082
0.082
0.082
0.082
0.082
0.082
0.082
-1.449
0.081
0.082
0.082
0.082
0.082
0.079
0.082
0.062
0.082
0.082
0.082
0.082
0.082
0.082
0.082
0.082
0.082
0.082
0.082
0.082
0.082
0.079
0.082
-2.908
0.076
0.082
0.079
0.079
0.082
0.070
0.082
0.079
0.074
0.082
0.082
0.082
0.082
0.078
0.082
0.082
0.082
0.082
0.082
0.082
0.079
0.082
0.082
0.079
0.082
0.082
0.082
0.082
0.082
0.082
0.081
0.082
0.082
0.081
0.082
-2.855
0.078
0.082
0.078
0.082
0.082
0.082
0.082
0.082
0.082
0.079
0.082
0.079
0.078
0.082
0.082
0.082
0.082
0.082
0.082
0.082
0.082
0.082
0.079
0.081
0.079
0.078
0.078
0.082
0.082
0.082
0.079
0.082
0.082
0.082
0.070
0.080
0.079
0.082
0.082
0.082
0.082
-1.440
0.082
0.082
0.065
0.082
0.065
0.082
0.082
0.082
0.082
0.082
0.082
0.079
0.082
0.082
0.079
0.082
0.082
0.075
0.079
0.082
0.082
0.082
0.065
0.082
0.082
0.082
0.082
0.082
0.082
0.079
0.066
0.070
0.066
-1.532
0.082
0.082
0.082
0.082
0.082
0.079
0.082
0.079
0.082
0.082
0.082
0.079
0.079
0.082
0.082
0.081
0.082
0.079
0.082
0.079
0.082
0.082
0.081
0.082
0.082
0.082
0.082
0.082
0.082
0.079
0.082
0.079
0.082
0.082
0.079
0.082
0.082
0.066
0.082
0.082
0.082
0.082
0.082
0.082
0.082
0.082
0.082
0.082
0.082
0.082
0.082
0.082
0.082
0.082
0.082
0.078
0.082
0.082
0.082
0.082
0.082
0.082
0.082
0.082
0.079
0.082
0.082
0.078
0.082
0.082
0.078
0.078
0.082
0.082
0.082
0.082
0.082
0.082
0.082
0.082
0.082
0.082
0.082
0.082
0.082
0.082
0.082
0.082
0.082
0.082
0.079
0.082
0.082
0.082
0.082
0.081
0.082
0.078
0.082
0.082
0.079
0.082
0.082
0.082
0.079
0.082
0.077
0.078
0.082
0.078
0.079
0.079
0.082
0.082
0.082
0.082
-1.324
-1.427
-1.322
0.082
0.082
0.082
0.082
0.082
0.078
0.082
0.082
0.079
0.082
0.079
0.082
0.082
0.082
0.082
0.082
0.082
0.079
0.078
0.082
0.076
-2.062
0.082
0.082
-0.386
-0.406
-0.384
-0.384
-0.384
-0.384
0.082
0.082
0.078
0.062
0.066
0.057
0.079
0.082
0.082
0.076
0.062
0.082
0.082
0.081
0.060
0.070
0.082
0.082
0.082
0.080
0.082
0.082
0.082
0.062
0.082
0.079
0.082
0.079
0.082
0.078
0.066
0.082
0.072
0.079
0.082
0.082
0.082
0.078
0.070
0.082
0.082
0.078
0.082
0.082
0.082
0.082
0.082
0.082
0.082
0.082
0.082
0.082
0.082
0.082
0.082
0.082
0.082
0.082
0.082
0.082
0.079
0.082
0.082
0.082
0.082
0.082
0.082
0.082
0.060
0.082
0.082
0.082
0.082
0.082
0.066
0.079
0.082
0.082
0.082
0.082
0.079
0.082
0.082
0.079
0.082
0.082
0.078
0.075
0.066
0.082
0.082
0.082
0.081
0.082
0.082
0.082
0.082
0.082
0.079
0.082
0.082
0.082
0.065
0.082
0.082
0.082
0.082
0.079
0.079
0.082
0.082
0.082
0.082
0.079
-1.558
0.082
0.082
0.082
0.082
0.078
0.082
0.082
0.066
0.079
0.082
0.082
0.082
0.082
0.082
0.082
0.082
0.082
0.082
0.082
0.082
0.082
0.066
0.077
0.082
0.082
0.079
0.082
0.082
0.082
0.082
0.082
0.078
0.082
0.082
0.082
0.082
0.081
0.082
0.079
0.082
0.062
0.082
0.082
0.082
0.082
0.082
0.078
0.082
0.082
-1.428
0.082
0.082
0.082
0.079
0.082
0.078
0.082
0.082
0.082
0.082
0.082
0.082
0.082
0.082
0.062
0.082
0.082
0.078
0.082
0.082
0.082
0.066
0.082
0.082
0.082
0.082
0.082
0.082
0.082
0.082
0.082
0.079
0.082
0.082
0.066
0.079
0.082
0.082
0.082
0.082
0.082
0.082
0.082
0.082
0.079
0.082
0.082
0.082
0.082
0.082
0.082
0.079
0.082
0.082
0.082
0.082
0.082
0.082
0.082
0.077
0.081
0.081
0.082
0.082
0.082
0.078
0.082
0.082
0.082
0.062
0.082
0.082
0.069
0.082
0.082
0.079
0.066
0.061
0.066
0.078
-1.456
0.082
0.082
0.079
0.079
0.082
0.082
0.082
0.079
0.082
0.078
0.079
0.079
0.082
0.079
0.079
0.082
0.082
0.082
0.082
0.082
0.082
0.082
0.082
0.082
0.082
0.082
0.082
0.082
0.082
0.082
0.082
0.082
-1.451
0.082
0.082
0.082
0.082
0.082
0.082
0.082
0.082
0.082
0.082
0.082
0.082
0.082
0.079
0.082
0.082
0.082
0.078
0.062
0.066
0.082
0.082
0.082
0.082
0.082
0.082
0.082
0.082
0.082
0.079
0.082
0.082
0.082
0.082
0.082
0.082
0.082
0.082
0.079
0.082
0.082
0.082
0.082
0.082
0.082
0.082
0.082
0.082
0.082
0.082
0.082
0.078
0.082
0.082
0.079
0.082
0.082
0.082
0.082
0.078
0.082
0.082
0.079
0.082
0.082
0.082
0.082
0.082
0.082
0.082
0.082
0.079
0.082
0.082
0.079
0.082
0.082
0.082
0.082
0.082
-1.428
0.082
0.082
0.082
0.082
0.082
0.062
0.082
0.082
0.081
0.079
0.082
0.082
0.082
0.082
-1.422
0.082
0.082
0.082
0.082
0.082
0.082
0.082
0.082
0.070
0.082
0.082
0.082
0.082
0.082
0.082
0.082
0.082
0.082
0.082
0.082
0.082
0.079
0.082
0.082
0.082
0.082
0.079
0.082
0.082
0.082
0.082
0.082
0.082
0.082
0.082
0.082
0.082
0.082
0.082
-1.558
0.082
0.082
0.082
0.082
0.082
0.082
0.082
0.082
0.082
0.082
0.082
0.082
0.082
0.082
0.082
0.079
0.082
0.082
0.082
0.082
0.082
0.079
0.079
0.082
0.082
0.075
0.082
0.082
0.082
0.082
0.082
0.082
0.079
0.082
0.081
0.082
0.082
0.082
0.082
0.082
0.082
0.082
0.082
0.082
0.079
0.082
0.082
0.082
0.082
0.082
0.082
0.082
0.082
0.082
0.078
0.078
0.082
0.082
0.082
0.082
0.082
0.082
0.079
0.082
0.079
0.082
0.082
0.082
0.082
0.082
0.082
0.082
0.082
0.078
0.082
0.078
0.079
0.082
0.079
0.079
0.082
0.082
0.082
0.082
0.070
0.082
0.082
0.082
0.066
0.077
0.082
0.082
0.082
0.078
0.079
0.082
0.082
0.082
0.082
0.082
0.082
0.082
0.082
0.082
0.082
0.082
0.082
0.082
0.082
0.082
0.082
0.082
0.079
0.082
0.082
0.079
0.082
0.082
0.079
0.082
0.082
0.082
0.082
0.082
0.078
0.082
0.082
0.082
0.078
0.082
0.079
0.082
0.078
0.079
0.082
0.082
0.082
0.082
0.082
0.079
