fixedStep chrom=ENSGT00390000011871 start=1 step=1
-0.813
-0.811
-0.814
-0.811
-1.023
-0.813
-0.813
-0.814
-0.813
-0.813
-0.814
-0.813
-0.813
-1.023
-1.609
-0.813
-0.814
-0.813
0.088
0.088
0.088
0.088
0.088
0.088
0.088
0.088
0.088
0.088
0.087
0.088
0.088
-1.475
0.088
0.088
-0.761
0.088
0.088
0.088
0.088
0.088
0.088
0.088
0.088
0.087
0.088
0.088
0.088
0.079
0.088
0.088
0.088
0.088
0.088
0.088
0.088
0.088
0.088
0.088
0.088
0.088
0.088
0.088
0.088
0.088
0.088
0.088
0.088
-0.759
0.088
0.088
0.080
0.088
0.088
0.088
0.088
0.088
0.076
0.088
0.088
0.088
0.088
0.088
0.088
0.088
0.088
0.081
0.088
-0.761
0.079
0.088
0.088
0.081
0.088
0.088
0.088
0.088
0.088
0.088
0.088
0.088
0.079
0.088
0.079
0.079
-0.742
-0.761
0.088
0.088
-0.692
-0.692
-0.692
-0.691
-0.692
-0.692
0.088
0.088
0.079
0.079
-1.473
0.088
-0.761
0.088
0.088
0.088
0.088
0.088
0.088
0.088
0.088
0.088
0.088
0.088
0.088
0.079
0.088
0.088
0.088
0.088
0.088
0.088
0.088
0.088
0.088
0.088
0.088
0.079
0.088
0.088
0.088
0.088
0.088
0.088
0.088
0.088
0.088
0.088
0.088
0.088
0.088
0.088
0.088
0.088
-0.764
0.088
0.088
0.088
0.088
0.088
0.088
-0.767
0.079
0.088
0.088
0.088
0.088
0.088
0.088
0.088
0.088
0.088
0.088
0.088
0.088
0.088
0.088
0.088
0.088
0.079
0.088
0.088
0.088
0.088
-0.692
-0.691
-0.692
-0.759
0.088
-0.761
-2.294
-0.692
-0.692
-0.742
0.079
0.079
0.088
0.088
0.078
0.088
0.088
-0.761
0.088
0.088
0.088
0.079
0.088
0.088
0.088
0.088
0.088
0.088
0.088
0.088
0.088
0.084
0.084
0.088
0.081
0.088
0.079
0.088
0.088
-4.308
-4.588
-5.090
-4.509
-4.749
-4.656
-4.218
-4.547
-5.577
-4.308
-4.308
-4.308
-4.218
-4.218
-5.159
-4.782
-5.023
-5.076
-1.471
-2.799
-0.737
0.088
0.085
-0.774
0.081
0.088
0.076
0.084
0.088
0.087
-0.145
-0.145
-0.145
-0.145
-0.145
-0.145
-2.265
-2.368
-2.406
-1.508
-3.191
-2.980
0.081
0.088
-2.078
-1.488
0.079
-1.486
0.079
-0.774
0.088
-0.737
0.088
0.081
0.088
-0.768
-0.768
0.081
-0.774
0.088
0.081
-0.774
-0.774
-0.774
-0.742
0.079
0.088
0.079
0.079
0.088
0.088
0.088
-0.768
-1.454
0.081
0.081
-0.767
0.079
-1.454
-1.454
0.088
0.079
0.079
-1.471
-0.768
0.081
0.088
-0.692
-0.692
-0.692
-0.974
-0.974
-0.974
-0.974
-0.974
-0.974
0.079
0.088
0.088
-1.511
-1.508
-1.507
0.088
0.088
0.088
0.076
0.088
0.076
0.076
0.088
0.088
-0.742
0.079
0.088
0.088
0.088
-1.999
0.088
0.088
-0.768
0.088
0.088
0.088
0.088
0.088
0.081
-1.468
0.079
0.079
0.088
0.088
0.088
0.079
0.088
0.088
-0.692
-0.691
-0.692
0.081
0.087
-0.761
0.088
-0.768
-1.994
0.088
0.088
0.088
0.079
-0.742
0.088
0.088
-0.742
0.088
0.088
0.088
0.088
0.088
0.079
0.088
0.088
0.088
0.088
0.088
0.088
0.088
0.088
0.079
0.080
0.081
0.088
0.088
0.087
0.079
0.088
0.088
0.088
0.087
0.076
0.088
0.088
0.079
0.088
0.081
0.088
0.088
0.079
0.088
0.088
0.088
0.088
0.088
0.088
0.088
0.079
-0.761
0.088
-1.486
-1.479
0.088
0.088
0.081
0.009
0.009
0.009
0.081
-0.764
-0.836
0.088
0.088
0.088
0.088
0.088
0.088
0.088
0.088
0.088
0.088
-0.764
-0.764
0.076
0.088
0.088
0.088
0.088
0.079
0.081
0.087
0.088
0.088
0.088
0.088
0.088
-0.774
0.074
0.088
0.088
-0.759
0.088
0.088
-1.753
0.088
0.088
0.088
0.088
0.088
-0.761
-0.691
-0.691
-0.691
-0.761
0.088
0.088
