fixedStep chrom=ENSGT00390000006305 start=1 step=1
0.000
0.000
0.000
0.000
0.000
0.000
0.000
0.000
0.000
0.000
0.000
0.000
0.000
0.000
0.000
0.000
0.000
0.000
0.000
0.000
0.000
0.000
0.000
0.000
0.000
0.000
0.000
0.000
0.000
0.000
0.000
0.000
0.000
0.000
0.000
0.000
0.000
0.000
0.000
0.000
0.000
0.000
0.000
0.000
0.000
0.000
0.000
0.000
0.000
0.000
0.000
0.000
0.000
0.000
0.000
0.000
0.000
0.000
0.000
0.000
0.000
0.000
0.000
0.000
0.000
0.000
0.000
0.000
0.000
0.068
0.068
0.068
0.068
0.068
0.068
0.068
0.068
0.067
0.068
0.068
0.068
0.068
0.068
0.068
0.063
0.068
0.068
0.068
0.068
0.068
0.068
0.068
0.068
0.068
0.068
0.068
0.068
0.068
0.067
0.068
0.068
0.068
0.068
0.068
0.068
0.068
0.068
0.068
0.068
0.068
0.068
0.068
0.068
0.068
0.068
0.068
0.068
0.068
0.068
0.068
0.066
0.068
0.066
0.068
0.068
0.068
0.068
0.068
0.068
0.068
0.068
0.068
0.068
0.068
0.068
0.068
0.068
0.068
0.068
0.068
0.068
0.068
0.068
0.068
0.068
0.068
0.068
0.068
0.068
0.068
0.068
0.068
0.068
0.063
0.068
0.068
0.068
0.068
0.060
0.068
0.068
0.063
0.068
0.068
0.068
0.068
0.068
0.068
0.068
0.068
0.068
0.068
0.068
0.066
0.068
0.055
0.068
0.068
0.068
0.068
0.068
0.066
0.068
0.063
0.068
-0.768
0.068
0.068
0.068
0.068
0.068
0.055
0.068
0.068
0.068
0.068
0.063
0.068
0.068
0.068
0.068
0.068
0.068
0.068
0.068
0.068
0.068
0.068
0.068
0.068
0.068
0.068
0.068
0.068
0.068
0.068
-0.210
-0.210
-0.210
0.068
0.068
0.068
0.068
0.068
0.068
0.068
0.068
0.065
0.068
0.068
0.068
0.068
0.068
0.068
0.068
0.068
0.068
0.068
0.068
0.068
0.068
0.068
0.063
0.068
0.068
0.068
0.068
0.068
0.066
0.055
0.068
0.060
0.068
0.068
0.063
0.068
0.068
0.068
0.068
0.068
0.068
0.068
0.068
0.067
-0.194
-0.194
-0.194
-0.378
-0.378
-0.378
0.068
0.068
0.068
0.068
0.068
0.068
0.068
0.068
0.060
0.068
0.068
0.068
0.055
0.068
0.068
0.068
0.068
0.068
0.063
0.068
0.061
0.068
0.068
0.068
0.068
0.063
0.068
0.068
0.066
0.068
0.068
0.068
0.065
0.068
0.068
0.050
0.068
0.068
-0.914
0.068
0.068
0.068
0.068
0.068
-0.895
0.066
0.061
0.068
0.068
0.068
0.068
0.068
0.068
0.068
0.063
0.068
0.068
0.068
0.068
0.068
0.068
0.068
0.068
0.068
0.063
0.068
0.068
0.068
0.065
0.068
0.068
0.068
0.068
0.067
0.068
0.065
0.068
0.068
0.068
0.068
0.068
-1.412
-1.411
-1.412
0.068
0.068
0.066
0.068
0.068
0.064
0.068
0.068
0.065
0.068
0.068
0.055
-1.266
-2.124
-1.266
-1.284
-1.265
-1.265
0.051
0.065
0.067
0.068
0.068
0.068
0.068
-2.249
0.068
0.068
0.068
0.068
0.068
0.068
0.068
0.068
0.068
0.068
0.068
0.068
0.068
0.068
0.063
0.068
0.063
0.068
0.068
0.068
0.068
0.063
0.068
0.068
0.061
0.068
0.066
0.060
0.068
0.065
0.068
0.068
0.068
0.068
0.068
0.066
0.068
0.068
0.063
0.068
0.068
0.068
0.061
0.068
0.068
0.068
0.068
0.068
0.064
0.068
0.068
0.068
0.068
0.068
0.068
0.068
0.068
0.068
0.068
0.068
0.068
0.068
0.067
0.068
0.068
0.068
0.068
0.068
0.068
0.063
0.068
0.068
0.068
0.068
0.068
0.060
0.068
0.068
0.060
0.068
0.068
0.068
0.068
0.063
0.068
0.068
0.063
0.068
0.068
0.068
0.068
0.068
0.068
0.068
0.066
0.068
0.068
0.068
0.068
-1.627
0.068
0.068
0.063
0.068
0.068
0.066
0.068
0.068
0.063
0.068
0.068
0.066
0.068
0.068
0.068
0.068
0.068
0.068
0.068
0.063
0.068
0.068
0.068
0.068
0.068
0.068
0.063
0.068
0.068
0.065
0.068
0.068
0.068
0.068
0.068
0.068
0.068
0.068
0.068
0.068
0.068
0.065
0.068
0.067
0.068
0.068
0.068
0.063
0.068
0.068
0.068
0.068
0.068
0.068
0.068
0.061
0.067
0.068
0.068
0.067
0.068
0.068
0.059
0.055
0.068
0.068
0.068
0.068
0.068
0.065
0.068
0.063
0.068
0.068
0.063
0.068
0.068
0.068
0.068
0.068
-0.910
0.068
0.068
0.068
0.068
0.068
0.054
-1.639
0.068
0.068
0.068
0.068
0.063
0.068
0.068
0.068
-0.912
-0.910
0.068
-1.685
-1.041
-1.041
