fixedStep chrom=ENSGT00390000012286 start=1 step=1
0.094
0.094
0.094
0.081
0.081
0.094
-0.699
0.094
0.081
-0.707
-0.709
0.092
-0.707
0.094
0.092
0.094
0.094
0.094
0.094
0.094
0.094
0.094
0.094
0.094
0.094
0.094
0.081
0.094
0.081
0.081
0.094
0.081
0.094
0.094
0.081
0.081
0.094
0.094
-1.332
0.094
0.081
0.069
-0.708
0.094
0.094
0.094
0.081
0.094
0.094
0.094
0.094
0.094
0.094
0.094
0.081
0.081
-0.709
-0.709
0.094
0.081
0.094
-1.341
0.094
0.094
0.094
0.092
0.094
-0.709
0.094
0.092
0.087
0.073
0.094
0.094
0.092
0.059
0.059
0.059
-1.286
-4.032
-2.682
0.091
0.094
0.094
0.094
-0.699
0.094
0.094
0.094
0.093
0.094
0.094
0.081
-1.958
-0.708
0.081
0.094
0.094
0.081
0.081
-0.699
0.094
0.094
0.094
0.081
0.094
0.094
0.073
0.094
0.094
-0.699
0.094
0.094
-0.708
0.094
0.094
-1.332
0.081
-0.699
0.094
-0.708
0.094
0.094
0.094
0.094
0.094
-1.944
0.094
0.094
0.094
0.094
0.091
0.094
0.094
0.094
0.094
0.081
0.094
0.094
0.094
-0.699
0.081
0.094
0.094
0.094
0.094
0.094
0.094
0.094
0.094
0.094
0.094
0.081
-0.707
0.094
-0.707
0.094
0.094
0.081
-0.708
0.094
-0.709
0.094
0.094
0.094
0.094
0.094
0.081
0.094
0.069
-0.709
0.094
0.094
0.081
0.091
0.083
-0.707
0.094
0.081
0.094
0.094
0.094
0.093
0.094
0.094
0.081
0.094
0.094
0.081
0.094
-0.707
0.094
0.094
0.094
0.094
0.094
0.094
0.094
0.094
0.094
0.094
0.081
0.094
0.094
0.094
-0.699
0.094
0.094
0.094
0.081
0.094
0.094
0.093
0.094
0.094
0.094
0.094
-0.699
0.094
0.094
0.094
0.094
0.094
-0.699
0.094
0.094
0.081
0.094
0.081
0.094
-0.707
-0.708
-0.699
0.081
0.081
0.094
0.081
0.094
0.094
0.094
0.094
0.094
0.081
0.094
0.094
0.094
0.094
0.094
0.081
0.081
0.094
0.094
0.094
0.094
0.094
0.094
0.094
0.094
0.094
0.094
0.081
0.094
0.093
0.091
0.094
0.094
0.094
0.093
0.094
0.094
0.081
0.094
0.094
-4.496
-7.114
-4.521
0.094
0.081
0.079
0.094
0.081
0.094
0.094
0.094
0.094
0.094
0.094
0.094
0.094
0.094
0.094
0.094
0.094
0.091
-0.709
0.094
0.094
0.094
0.081
0.092
0.079
0.093
0.094
0.094
0.094
0.094
0.094
0.094
0.094
0.084
0.084
-0.708
0.094
0.092
0.094
0.081
0.094
0.093
-0.707
0.094
0.093
0.091
0.081
0.094
0.094
0.081
0.094
0.094
0.094
0.094
0.094
0.094
0.094
-0.707
-0.707
-0.707
0.000
0.000
0.000
