fixedStep chrom=ENSGT00390000016309 start=1 step=1
0.100
0.100
0.100
0.096
0.100
0.100
0.100
0.084
0.100
0.100
0.075
0.100
0.100
0.094
0.100
0.094
0.094
0.100
0.095
0.096
0.075
0.100
0.100
0.075
0.100
0.100
0.100
0.095
0.100
0.092
0.075
0.075
0.075
0.100
0.100
0.084
0.100
0.100
0.100
0.094
0.100
0.093
0.092
0.100
0.085
0.100
0.100
0.100
0.100
0.094
0.100
0.094
0.100
0.100
0.096
0.100
0.094
0.100
0.100
0.100
0.094
0.100
0.100
0.100
0.100
0.099
0.100
0.100
0.100
0.096
0.075
0.100
0.100
0.100
0.100
0.100
0.100
0.100
0.084
0.100
0.096
0.100
0.100
0.100
0.100
0.100
0.100
0.099
0.096
0.100
0.100
0.100
0.100
-1.225
0.096
0.075
0.085
0.100
0.100
0.097
0.100
0.100
0.094
0.096
0.077
0.083
0.100
0.100
0.085
0.097
-1.977
0.100
0.100
0.096
0.100
0.089
0.090
0.075
0.100
0.092
0.092
0.096
0.099
0.093
0.077
0.100
0.100
0.100
0.092
0.100
0.100
0.100
0.090
0.100
0.100
0.096
0.100
0.100
0.097
0.097
0.100
0.097
0.100
0.075
0.100
0.100
0.100
0.083
0.098
0.074
0.100
0.100
0.100
0.100
0.100
0.100
0.084
-1.136
0.100
0.095
0.100
0.085
0.100
0.072
0.100
0.100
0.100
0.092
0.100
0.100
0.095
0.096
0.096
0.100
0.100
0.098
0.096
0.096
0.100
0.099
0.100
0.100
0.100
0.074
0.100
0.100
0.098
0.095
0.100
0.100
0.100
0.100
0.100
0.100
0.100
0.100
0.100
0.099
0.094
0.099
0.097
0.100
0.076
0.096
0.090
0.100
0.100
0.100
0.100
0.100
0.099
0.081
0.096
0.100
0.093
0.096
0.096
0.070
-3.760
-2.522
0.096
0.081
0.079
0.100
0.100
0.098
0.100
0.100
0.083
0.082
-1.164
0.100
0.073
0.085
0.100
0.100
0.096
0.074
0.074
0.100
0.100
0.100
0.094
0.100
0.082
0.098
0.100
0.100
0.085
0.097
0.100
0.094
0.076
0.081
0.094
0.100
0.100
0.097
0.091
0.089
0.100
0.100
0.100
0.100
0.100
0.100
0.100
0.100
0.092
0.075
0.079
0.085
0.100
0.097
0.100
0.100
0.100
0.100
0.100
0.100
0.100
0.100
0.100
0.100
0.100
-0.255
-0.249
-0.249
-0.250
-0.250
-0.250
0.061
0.061
0.061
-0.843
-0.934
-0.891
-1.756
0.085
-2.686
0.083
-1.770
0.100
0.084
0.099
0.100
0.100
0.096
0.096
0.085
0.096
0.095
0.100
0.100
0.100
0.100
0.100
0.084
0.090
0.100
0.100
0.100
0.100
0.100
0.100
0.100
0.075
0.097
0.096
0.100
0.100
0.100
0.100
0.100
0.100
0.100
0.100
0.100
0.100
0.088
0.100
0.100
0.075
0.095
0.100
0.100
0.098
0.100
0.100
0.100
0.100
0.100
0.100
0.099
0.100
0.100
-2.417
0.098
0.100
0.100
0.100
0.100
0.100
0.100
0.100
0.100
0.100
0.100
0.100
0.099
0.100
0.100
0.100
0.100
0.100
0.092
0.096
0.100
0.096
0.100
0.100
0.096
0.100
0.100
0.100
0.096
0.100
