fixedStep chrom=ENSGT00390000005096 start=1 step=1
0.085
0.085
0.085
0.085
0.085
0.085
0.085
0.085
0.085
0.085
0.085
0.085
0.085
0.085
0.085
0.085
0.085
0.085
0.085
0.085
0.085
0.085
0.085
0.085
0.085
0.085
0.078
0.074
0.085
0.085
0.085
0.085
0.085
0.085
0.074
0.068
0.085
0.085
0.083
0.085
0.085
0.085
0.085
0.085
0.085
0.085
0.085
0.085
0.085
0.085
0.085
0.085
0.085
0.085
0.085
0.076
-0.760
0.085
0.085
0.085
0.085
0.085
0.085
0.085
0.085
0.085
0.085
0.085
0.085
0.073
0.085
0.085
0.083
0.077
0.082
0.085
0.085
0.085
0.085
0.085
0.085
0.085
0.085
0.085
0.085
0.085
0.085
0.085
0.085
0.077
0.085
0.085
0.085
0.085
0.085
0.085
0.085
0.085
-1.437
-0.760
-0.756
-2.075
-0.114
-0.114
-0.114
-0.114
-0.114
-0.114
0.085
-0.756
0.085
-0.758
-0.758
-2.126
-0.758
0.085
0.085
-1.390
0.085
-0.758
-0.758
0.073
-0.758
0.080
0.067
-0.758
-0.914
-0.723
-0.723
-0.723
-0.723
-1.585
-0.723
-0.723
-0.723
0.085
0.076
0.082
0.085
0.085
-0.760
-0.758
0.076
0.085
0.085
0.085
0.085
-0.758
0.085
0.085
0.083
0.076
-0.760
0.085
0.085
0.076
-0.758
0.076
0.076
0.076
-0.742
0.085
0.085
0.076
-0.758
0.083
-0.742
0.085
0.076
-0.758
-0.758
-0.742
0.085
0.085
0.085
0.085
0.083
-0.742
-0.756
-1.390
0.085
0.076
0.076
-0.758
-0.758
0.085
0.076
-0.760
-0.758
0.076
0.085
0.067
0.085
0.085
0.085
0.085
0.085
0.085
0.085
0.085
0.077
0.077
0.085
0.085
0.085
0.085
0.085
0.085
0.085
0.083
0.085
0.085
0.085
0.085
0.085
0.085
0.083
0.082
0.085
0.085
0.085
0.085
0.085
0.085
0.073
0.082
0.085
0.085
0.085
0.085
0.085
-0.756
0.085
0.085
0.085
0.085
0.085
0.085
0.085
0.085
0.085
0.085
0.085
0.085
0.085
0.085
0.085
0.085
0.083
0.085
0.085
0.085
0.085
0.085
0.085
0.085
0.085
0.085
0.083
0.083
0.073
0.084
0.085
0.085
0.085
0.085
0.085
0.085
0.085
0.085
0.085
0.085
0.085
0.085
0.085
0.083
0.085
0.085
0.085
0.085
0.085
0.082
0.085
0.085
0.085
0.085
0.085
0.083
0.085
0.085
0.085
0.085
0.085
0.085
0.085
0.085
0.085
0.085
0.085
0.085
0.085
0.077
0.085
0.085
0.085
0.082
0.074
0.074
0.083
0.085
0.074
0.074
0.083
0.074
0.074
0.083
0.083
0.074
0.074
0.085
0.074
0.085
0.085
0.085
0.085
0.085
0.071
