fixedStep chrom=ENSGT00390000003343 start=1 step=1
0.103
0.103
0.103
0.103
0.098
0.082
0.079
0.100
0.098
0.081
-2.379
0.087
0.093
0.101
0.100
0.103
0.103
0.097
-1.446
-1.931
-0.988
-0.873
-0.873
-1.464
-1.007
-0.871
-2.502
0.092
0.103
0.077
-1.063
0.100
0.082
-1.063
0.099
0.103
-1.096
-1.208
-2.133
0.099
0.082
0.103
0.103
0.092
0.099
0.101
0.086
0.103
0.100
0.103
0.098
0.103
0.103
0.087
0.079
0.102
-1.063
-0.188
-0.188
-0.188
-0.895
-0.850
-0.932
-0.850
-0.850
-0.850
0.075
0.075
0.098
0.103
0.103
0.077
0.082
0.103
0.103
0.098
-1.257
0.103
0.103
0.103
0.098
0.103
0.103
0.103
0.103
0.103
0.103
0.103
0.103
0.103
0.103
0.103
0.098
0.079
0.103
-1.087
0.103
0.103
0.103
0.103
0.098
0.092
0.103
0.103
0.102
0.103
0.103
0.103
0.103
0.092
0.103
0.082
0.103
0.098
0.103
0.103
0.099
0.103
0.103
0.099
0.082
0.103
0.103
0.087
0.095
0.103
0.089
0.083
0.103
0.100
0.090
0.098
0.097
0.103
0.095
0.103
0.103
-1.853
0.103
0.095
0.073
0.103
0.103
0.103
0.103
0.103
0.103
0.103
0.103
0.098
0.103
0.103
0.096
0.103
0.103
0.086
0.102
0.103
0.103
0.103
0.103
0.099
0.103
0.103
0.079
0.103
0.103
0.103
0.098
0.103
0.082
0.103
0.103
0.103
0.103
0.103
0.103
0.092
0.103
0.100
0.103
0.103
0.103
0.103
0.103
0.098
0.103
0.103
0.103
0.103
0.103
0.100
0.103
0.103
0.103
0.103
0.103
0.089
0.103
0.103
0.103
0.103
0.095
0.103
0.103
0.084
0.103
0.103
0.103
0.099
0.079
0.103
0.103
0.103
0.098
0.100
0.103
0.103
0.103
0.092
0.103
0.103
0.103
0.103
0.103
0.087
0.103
0.103
0.103
0.103
0.079
0.079
0.079
0.096
0.103
0.103
0.103
0.103
0.103
0.103
0.095
0.079
0.103
0.103
0.103
0.103
0.090
0.103
0.103
0.103
0.103
0.080
0.103
0.103
0.098
0.103
0.103
0.092
0.093
0.103
0.103
0.103
0.103
0.103
0.103
0.103
0.103
0.079
0.103
0.098
0.103
0.103
0.103
0.100
0.103
0.103
0.103
0.103
0.094
0.000
0.000
0.000
0.000
0.000
0.000
0.000
0.000
0.000
0.000
0.000
0.000
0.103
0.103
0.098
0.082
0.098
0.098
0.088
0.087
0.100
0.103
0.103
0.103
0.103
0.103
0.098
0.098
0.103
0.087
0.102
0.103
0.103
0.101
0.103
0.082
0.081
0.103
0.103
0.098
0.103
0.103
0.089
0.103
0.096
0.103
0.103
0.103
0.103
0.103
0.103
0.103
0.103
0.098
0.103
0.100
0.103
0.082
0.103
0.103
0.103
0.103
0.103
0.103
0.100
0.077
0.083
0.079
0.090
-1.170
-1.751
-1.025
