fixedStep chrom=ENSGT00730000111628 start=1 step=1
0.067
0.067
0.067
0.067
0.067
0.067
0.067
0.067
0.067
0.067
0.067
0.067
0.067
0.067
0.059
0.067
0.067
0.067
0.058
0.067
0.067
0.067
0.067
0.055
0.067
0.059
0.067
0.067
0.067
0.067
0.067
0.067
0.066
0.067
0.067
0.067
0.067
0.067
0.067
0.067
0.059
0.067
0.067
0.059
0.067
0.067
0.067
0.067
0.067
0.067
-1.026
0.067
0.067
0.067
0.067
0.067
0.067
0.067
0.067
0.067
0.067
-1.669
0.067
0.067
0.067
0.063
0.067
0.067
0.067
0.067
0.067
0.067
0.059
0.067
0.066
0.067
0.067
0.067
0.067
0.059
0.067
0.067
0.067
0.067
0.067
0.067
0.067
0.067
0.067
0.067
0.067
0.067
0.067
0.066
0.067
0.059
0.067
0.064
0.064
0.067
0.067
0.067
0.067
0.067
0.067
-1.755
0.067
0.059
0.067
0.067
0.067
0.067
0.067
0.067
0.067
0.067
0.067
0.067
-1.025
0.067
0.067
0.067
0.059
0.055
0.067
-1.025
0.059
0.067
0.059
0.067
0.067
0.067
-1.025
0.067
0.055
0.067
0.067
0.064
0.067
0.067
0.067
-1.027
0.059
0.067
0.067
0.067
0.067
0.067
0.067
0.067
0.067
0.067
0.067
0.067
0.067
0.067
0.067
0.067
-1.015
0.059
0.067
0.067
0.067
0.067
0.067
-1.015
0.067
0.059
0.067
0.067
0.067
0.067
0.067
0.067
0.067
0.067
-1.025
0.064
0.066
0.067
-0.241
-0.241
-0.241
0.066
0.067
0.067
0.059
0.067
0.067
0.064
0.067
0.067
0.058
0.067
0.067
0.063
0.067
0.067
0.067
0.066
0.067
0.059
0.067
0.067
0.059
-1.026
0.067
0.067
0.067
0.067
0.067
0.067
-1.026
0.059
-1.025
0.059
0.067
0.067
0.067
-1.025
0.064
0.067
0.067
0.067
0.067
0.067
0.067
0.067
0.067
0.067
0.067
