fixedStep chrom=ENSGT00730000111317 start=1 step=1
0.075
0.075
0.075
0.075
0.075
0.075
0.075
0.075
0.074
0.065
0.075
0.064
0.075
0.075
0.075
0.075
0.075
0.075
0.075
0.075
0.075
0.075
0.075
0.070
0.072
0.075
0.075
0.075
0.075
0.074
0.075
0.075
0.073
0.075
0.075
0.075
0.075
0.075
0.075
0.075
0.075
0.075
0.075
0.075
0.072
0.075
0.075
0.075
0.075
0.075
0.075
0.075
0.075
0.075
0.075
0.075
0.075
0.075
0.075
0.075
0.075
0.075
0.063
0.075
0.075
0.075
0.075
0.075
0.068
0.075
0.075
0.075
0.075
0.075
0.072
0.075
0.075
0.075
0.070
0.075
0.073
0.075
0.075
0.075
0.075
0.075
0.073
0.075
0.075
0.075
0.075
0.075
0.072
0.075
0.075
0.075
0.075
0.075
0.072
0.075
0.075
0.075
0.075
0.075
0.072
0.075
0.075
0.065
0.075
0.075
0.075
0.075
0.075
0.075
0.075
0.075
0.073
0.075
0.075
0.075
0.075
0.075
0.075
0.075
0.075
0.075
0.075
0.075
0.075
0.075
0.075
0.065
0.075
0.075
0.075
0.075
0.075
0.075
0.075
0.075
0.075
0.075
0.075
0.074
0.075
0.075
0.072
0.068
0.075
0.075
0.075
0.075
0.075
0.075
0.075
0.072
0.075
0.075
0.075
0.075
0.075
0.075
0.075
0.075
0.056
0.075
0.075
0.073
0.073
0.075
0.075
0.075
0.075
0.075
0.075
0.075
0.075
0.075
0.075
0.075
0.075
0.075
0.074
0.075
0.075
0.062
0.075
0.075
0.075
0.075
0.075
0.072
0.075
0.075
0.072
0.075
0.075
0.075
0.075
0.075
0.061
0.075
0.075
0.075
0.075
0.075
0.074
0.075
0.075
0.065
0.075
0.075
0.072
0.075
0.075
0.075
0.075
0.075
0.064
0.075
0.075
0.075
0.075
0.075
0.075
0.075
0.075
0.075
0.075
0.075
0.056
0.075
0.075
0.075
0.075
0.075
0.064
0.075
0.075
0.075
0.075
0.075
0.073
0.075
0.075
0.073
0.075
0.075
0.075
0.075
0.075
0.072
0.075
0.075
0.071
0.075
0.075
0.073
0.075
0.075
0.075
0.075
0.075
0.073
0.075
0.075
0.073
0.075
0.075
0.075
0.075
0.075
0.075
0.075
0.075
0.075
0.075
0.075
0.075
0.075
0.075
0.075
0.075
0.075
0.075
0.075
0.075
0.075
0.075
0.075
0.070
0.075
0.075
0.075
0.075
0.075
0.075
0.075
0.075
0.075
0.075
0.075
0.075
0.075
0.075
0.075
0.075
0.075
0.075
0.072
0.075
0.075
0.075
0.075
0.075
0.075
0.075
0.072
0.075
0.075
0.072
0.075
0.075
0.075
0.075
0.075
0.075
0.075
0.075
0.062
0.075
0.075
0.075
0.075
0.075
0.075
0.075
0.075
0.075
0.075
0.075
0.062
0.075
0.075
0.064
0.075
0.075
0.075
0.075
0.075
0.075
0.075
0.075
0.072
0.075
0.075
0.075
0.075
0.075
0.075
0.075
0.075
0.075
0.075
0.075
0.075
0.075
0.075
0.070
0.075
0.075
0.075
0.075
0.075
0.075
0.075
0.075
0.072
0.075
0.075
0.075
0.075
0.075
0.075
0.075
0.075
0.073
0.075
0.075
0.075
0.075
0.075
0.072
0.075
0.075
0.075
0.075
0.075
0.075
0.075
0.075
0.075
0.075
0.075
0.075
0.075
0.075
0.072
0.075
0.075
0.065
0.075
0.075
0.064
0.075
0.075
0.075
0.075
0.075
0.075
0.075
0.075
0.072
0.075
0.075
0.075
0.075
0.075
0.073
0.075
0.075
0.072
0.075
0.075
0.075
0.075
0.075
-2.995
0.064
0.075
0.075
0.075
0.064
0.064
0.075
0.075
0.075
0.075
0.075
0.062
0.075
0.070
0.072
0.075
0.075
0.072
0.075
0.075
0.075
0.075
0.075
0.075
0.075
0.075
0.075
0.075
0.075
0.075
0.064
0.075
0.075
0.075
0.075
0.072
0.075
0.075
0.074
0.075
0.075
0.075
0.075
0.075
0.075
0.075
0.075
0.073
0.075
0.075
0.075
0.075
0.075
0.075
0.075
0.075
0.075
0.075
0.075
0.075
0.075
0.075
0.064
0.075
0.075
0.075
0.075
0.075
0.075
0.075
0.075
0.075
0.075
0.075
0.066
0.075
0.075
0.075
0.075
0.075
0.075
0.073
0.075
0.075
0.075
0.075
0.075
0.075
0.075
0.074
0.075
0.075
0.075
0.075
0.075
0.075
0.072
0.075
0.075
0.075
0.075
0.075
0.075
0.075
0.074
0.075
0.075
0.063
0.075
0.075
0.060
0.075
0.075
0.075
0.075
0.075
0.075
0.075
0.075
0.075
0.075
0.075
0.074
0.075
0.075
0.075
0.075
0.075
0.072
0.075
0.075
0.075
0.075
0.075
0.070
0.075
0.075
0.075
0.075
0.075
0.073
0.075
0.075
0.072
0.075
0.075
0.075
0.075
0.075
0.075
0.075
0.075
0.075
0.075
0.075
0.064
0.075
0.075
0.075
0.075
0.075
0.065
0.075
0.075
0.075
0.075
0.075
0.073
0.075
0.075
0.075
