fixedStep chrom=ENSGT00690000102487 start=1 step=1
0.050
0.050
0.050
0.050
0.050
0.050
0.050
0.050
0.050
0.050
0.050
0.050
0.050
0.050
0.050
0.050
0.050
0.043
0.050
0.050
-1.327
0.050
0.050
0.048
0.050
0.050
0.050
-1.327
0.043
0.050
0.043
0.050
0.043
0.050
0.048
0.050
0.050
0.050
0.050
0.050
0.050
0.050
0.050
0.050
0.050
0.050
0.050
0.050
-1.075
-1.075
-1.075
0.050
0.050
0.050
0.050
0.050
0.050
0.050
0.050
0.050
0.050
0.050
0.050
0.050
0.048
0.050
0.050
0.050
0.050
0.049
0.050
0.050
0.050
0.050
0.050
0.050
0.050
0.050
0.050
0.050
-1.331
0.050
0.050
0.050
0.050
0.050
0.050
0.050
0.043
0.043
0.043
0.050
0.050
0.050
-1.331
0.050
0.050
0.050
0.050
0.050
0.050
0.050
0.050
0.050
0.050
0.050
0.050
0.050
0.050
0.050
0.050
0.050
0.050
0.050
0.050
0.050
0.050
0.050
0.050
0.050
0.050
0.050
0.049
0.050
0.050
0.050
0.050
0.050
0.050
0.050
0.050
0.050
0.050
0.050
0.050
0.050
0.050
0.050
0.050
0.049
0.043
0.050
0.050
0.050
-1.331
0.050
0.050
0.050
0.050
0.050
0.050
0.050
0.050
0.050
0.050
0.048
0.050
0.050
0.050
0.050
0.043
0.043
0.050
0.050
-2.169
0.050
0.050
0.043
-1.327
0.050
0.050
-1.327
0.050
0.050
0.050
0.050
0.050
0.050
0.043
0.050
0.050
0.050
0.050
0.050
0.050
0.050
0.050
0.050
0.050
0.050
0.050
0.050
0.050
0.050
0.050
0.050
0.050
0.050
0.043
0.050
0.050
0.050
0.050
0.050
0.050
0.050
0.050
0.050
0.050
0.050
0.050
0.050
0.050
0.050
0.050
0.050
0.043
0.043
0.050
0.050
0.050
0.050
0.050
0.050
0.043
0.050
0.050
0.050
0.050
0.050
0.050
0.050
0.050
0.050
-1.331
0.050
0.050
0.050
0.050
0.050
0.050
0.050
0.050
0.050
0.049
0.050
0.050
0.050
0.050
0.050
0.050
0.048
0.043
0.050
0.050
0.050
0.050
0.050
0.043
-1.331
0.050
0.050
0.050
0.050
0.050
0.050
0.050
0.050
0.050
0.050
0.050
0.050
0.050
0.043
0.050
0.050
-1.321
0.050
0.050
0.050
0.050
0.050
0.050
0.050
0.050
0.050
0.050
0.048
0.048
0.050
0.050
0.050
0.050
0.050
