fixedStep chrom=ENSGT00390000006960 start=1 step=1
0.079
0.079
0.079
0.079
0.079
0.078
0.079
0.079
0.079
0.079
0.079
0.076
0.079
0.079
0.076
0.079
0.079
0.061
0.079
0.079
0.075
0.079
0.079
0.079
0.079
0.079
0.076
0.079
0.079
0.072
0.079
0.079
0.076
0.079
0.079
0.075
0.079
0.079
0.075
0.079
0.079
0.065
0.076
0.079
0.068
0.079
0.079
0.079
0.079
0.079
0.064
0.079
0.079
0.079
0.064
0.073
0.079
0.079
0.079
0.079
0.079
0.079
0.079
0.079
0.079
0.079
0.079
0.079
0.079
0.079
0.079
0.079
0.079
0.079
0.079
0.079
0.079
0.076
0.079
0.079
0.075
0.079
0.079
0.079
0.075
0.079
0.079
0.078
0.079
0.079
0.079
0.079
0.079
0.064
0.078
0.075
0.079
0.079
0.076
0.079
0.079
0.079
0.079
0.064
0.079
0.079
0.065
0.076
0.079
0.079
0.079
0.076
0.073
0.076
0.079
0.079
0.075
0.079
0.079
0.079
0.079
0.076
0.078
0.079
0.079
0.072
0.065
0.079
0.079
0.079
0.079
0.071
0.079
0.079
0.079
0.079
0.079
0.079
0.079
0.076
0.077
0.074
0.079
0.079
0.079
0.079
0.077
0.079
0.079
0.079
0.079
0.079
-3.884
0.065
0.079
0.075
0.071
0.079
0.079
0.064
0.079
0.079
0.079
0.079
0.078
0.079
0.079
0.079
0.079
0.079
0.075
0.079
-2.015
0.079
0.079
0.079
0.079
0.079
0.079
0.076
0.079
0.079
0.073
0.079
0.079
0.073
0.079
0.079
0.078
0.067
0.079
0.075
0.079
0.079
0.079
0.079
0.065
0.079
0.079
0.079
0.079
0.079
0.079
0.079
0.079
0.079
0.077
0.079
0.079
0.079
0.079
0.079
0.079
0.079
0.075
0.072
0.078
0.079
0.078
0.079
0.079
0.079
0.065
0.079
0.076
0.079
0.079
0.077
0.079
0.079
0.077
0.079
0.079
0.076
0.079
0.079
0.076
0.074
0.079
0.079
0.079
0.079
0.079
0.079
0.079
0.079
0.079
0.079
0.075
0.075
0.079
0.075
0.079
0.079
0.076
0.079
0.079
0.076
0.079
0.079
0.078
0.079
0.079
0.079
0.079
0.079
0.079
0.073
0.079
0.070
0.079
0.079
0.076
0.079
0.079
0.079
0.079
0.079
0.079
0.064
0.064
0.079
0.064
0.079
0.079
0.079
0.079
0.079
0.079
0.079
0.077
0.079
0.079
0.079
0.079
0.079
0.077
0.079
0.079
0.075
-2.692
0.079
0.079
0.079
0.079
0.076
0.079
0.079
0.079
0.078
0.079
0.079
0.079
0.079
0.079
0.079
0.079
0.075
0.075
0.078
0.077
0.079
0.076
0.075
0.079
0.079
0.074
0.079
0.079
0.079
0.079
0.076
0.076
0.063
0.079
0.079
0.079
0.079
0.076
0.079
0.079
0.078
0.076
0.079
0.076
0.079
0.079
0.079
0.079
0.079
0.079
0.079
0.079
0.076
0.079
0.079
0.079
0.079
0.079
0.079
0.079
0.079
0.075
0.079
0.079
0.079
0.065
0.079
0.077
0.079
0.079
0.079
0.079
0.079
0.078
0.079
0.079
0.079
0.079
0.079
0.079
0.079
0.079
0.074
0.079
0.079
0.079
0.079
0.075
0.076
0.079
0.079
0.075
0.079
0.079
0.078
0.079
0.079
0.079
0.079
0.079
0.077
0.064
0.079
-1.617
0.079
0.079
0.079
0.079
0.079
0.079
0.079
0.079
0.078
0.079
0.079
0.079
0.079
0.079
0.079
0.079
0.079
0.079
0.079
0.079
0.079
0.079
0.079
0.079
0.079
0.079
0.079
0.075
0.079
0.064
0.079
0.079
0.071
0.075
0.075
0.065
0.079
0.079
0.064
0.079
0.079
0.079
0.072
0.079
0.071
0.064
0.079
0.079
0.079
0.079
0.079
0.076
0.079
0.079
0.079
0.079
0.079
0.079
0.079
0.075
0.079
0.079
0.079
0.079
0.079
0.073
0.079
0.079
0.079
0.079
0.079
0.079
0.079
0.079
0.073
0.075
0.079
0.079
0.079
0.079
0.078
0.079
0.079
0.079
0.079
0.079
0.079
0.079
0.079
0.073
0.078
0.079
0.076
0.079
0.079
0.079
0.079
0.079
0.079
0.079
0.079
0.079
0.079
0.079
0.076
0.079
0.079
0.079
0.079
0.079
0.078
0.079
0.079
0.079
0.079
0.079
0.079
0.079
0.079
0.079
0.079
0.079
0.079
0.079
0.079
0.079
0.079
0.079
0.064
0.079
0.079
0.079
0.079
0.079
0.076
0.079
0.078
0.079
0.079
0.079
0.079
0.079
0.079
0.079
0.079
0.079
0.075
0.079
0.079
0.079
0.079
0.079
0.075
0.079
0.079
0.073
0.079
0.079
0.079
0.079
0.079
0.058
0.079
0.079
0.075
0.079
0.079
0.073
0.076
0.079
0.077
0.079
0.079
0.079
0.079
0.079
0.079
0.079
0.079
0.079
0.079
0.079
0.074
0.079
0.079
0.079
0.079
0.079
0.079
0.079
0.076
0.079
0.079
0.079
0.075
0.079
0.079
0.079
0.079
0.079
0.079
0.079
0.079
0.079
0.079
0.079
0.079
0.073
0.078
0.077
0.073
0.079
0.070
0.079
0.077
0.071
0.064
0.079
0.079
0.079
0.079
0.079
0.079
0.079
0.076
0.065
0.078
0.079
0.079
0.079
0.079
0.079
0.079
0.079
0.079
0.078
0.079
0.073
0.079
0.079
0.079
0.079
0.079
0.079
0.079
0.079
0.079
0.079
0.079
0.079
0.079
0.079
0.079
0.079
0.064
0.079
0.079
0.079
0.079
0.079
0.079
0.079
0.079
0.079
0.079
0.079
0.078
0.079
0.079
0.079
0.079
0.079
0.079
0.079
0.079
0.077
0.079
0.079
0.079
0.079
0.079
0.078
0.079
0.079
0.074
0.064
0.079
0.073
0.079
0.079
0.076
0.079
0.079
0.071
0.054
0.071
0.067
0.059
0.071
0.052
0.055
0.067
0.067
0.068
0.067
0.071
0.071
0.071
0.071
0.054
0.071
0.071
0.071
0.071
0.071
0.071
0.071
0.059
0.068
0.071
0.071
0.071
0.071
0.068
0.071
0.071
0.071
0.071
0.071
0.071
0.071
0.071
0.070
0.071
0.071
0.071
0.071
0.071
0.071
0.054
0.071
0.068
0.071
0.071
0.071
0.071
0.071
0.071
0.071
0.071
0.071
0.071
0.071
0.067
0.071
0.071
0.070
0.071
0.071
0.071
0.071
0.071
0.070
0.071
0.071
0.067
0.071
0.071
0.067
0.071
0.071
0.071
0.071
0.071
0.058
0.071
0.071
0.071
0.054
0.071
0.071
0.071
0.071
0.071
0.071
0.071
0.070
0.067
0.071
0.067
0.066
0.068
0.071
0.071
0.071
0.067
0.071
0.071
0.067
0.071
0.068
0.067
0.071
0.071
0.071
0.071
0.071
0.071
0.071
0.071
0.059
0.071
0.071
0.071
0.071
0.071
0.071
0.071
0.071
0.071
0.071
0.071
0.067
0.071
0.071
0.071
0.071
0.071
0.071
0.071
0.071
0.071
0.054
0.071
0.075
0.075
0.079
0.075
0.075
0.075
0.075
0.075
0.079
0.070
0.079
0.075
0.065
0.079
0.079
0.071
0.075
0.079
0.066
0.075
0.075
0.074
0.079
0.079
0.078
0.079
0.078
0.073
0.079
0.079
0.079
0.079
0.079
0.079
0.073
0.079
0.079
0.079
0.079
0.079
0.079
0.079
0.078
0.078
0.079
0.077
0.079
0.079
0.062
0.079
0.079
0.076
0.079
0.079
0.079
0.079
0.079
0.079
0.079
0.079
0.076
0.079
0.079
0.076
0.079
0.079
0.075
0.070
0.070
0.073
0.079
0.079
0.079
0.075
0.079
0.079
0.079
0.064
0.079
0.079
0.079
0.079
0.079
0.079
0.076
0.079
0.079
0.079
0.079
0.079
0.079
0.079
0.079
0.078
0.079
0.079
0.079
0.079
0.079
0.079
0.079
0.079
0.077
0.079
0.079
0.079
0.079
0.079
0.064
0.079
0.079
0.079
0.079
0.064
0.079
0.079
0.079
0.071
0.077
0.079
0.076
0.079
0.079
0.077
0.079
0.079
0.064
0.079
0.079
0.079
0.079
0.079
0.079
0.078
0.079
0.079
0.079
0.079
0.063
0.079
0.079
0.079
0.079
0.079
0.059
0.079
0.079
0.079
0.064
0.079
0.079
0.079
0.079
0.079
0.075
0.075
0.076
0.075
0.077
0.073
0.079
0.079
-2.198
0.065
0.079
0.079
0.079
0.079
0.079
0.079
0.079
0.079
0.079
0.079
0.074
0.077
0.079
0.079
0.079
0.079
0.076
0.079
0.079
0.075
0.079
0.079
0.079
0.079
0.079
0.079
0.079
0.075
0.079
0.079
0.079
0.079
0.079
0.079
0.075
0.079
0.079
0.078
0.079
0.079
0.079
0.079
0.078
0.079
