fixedStep chrom=ENSGT00730000111973 start=1 step=1
0.090
0.090
0.090
0.090
0.090
0.090
0.090
0.090
0.090
0.090
0.086
0.090
0.088
0.090
0.088
0.086
0.090
0.090
0.090
0.090
0.090
0.090
0.090
0.090
0.090
0.081
0.090
0.090
0.090
0.090
0.090
0.090
0.090
0.090
0.088
0.090
0.087
0.090
0.082
0.090
0.090
0.090
0.090
0.090
0.090
0.090
-0.697
0.090
0.086
0.090
0.090
0.082
0.090
0.090
0.090
0.090
0.090
0.090
-0.711
0.090
0.080
0.090
0.090
-0.713
0.090
0.082
-0.714
0.090
0.090
0.090
0.090
0.082
0.090
0.090
0.080
0.090
0.090
0.090
0.090
0.090
0.090
0.090
0.082
0.082
0.080
0.090
0.080
0.090
0.088
0.090
0.090
0.090
0.090
0.090
0.090
0.082
0.090
0.090
0.090
0.090
0.090
0.087
0.090
0.090
0.088
0.090
0.090
0.082
0.090
0.086
0.090
-0.713
0.090
0.082
0.090
0.090
0.082
-0.713
0.082
0.073
0.090
-0.697
0.090
0.090
0.090
0.090
0.090
0.090
0.090
0.090
0.090
0.090
0.090
0.082
0.086
0.090
0.090
0.090
0.090
0.090
0.090
0.090
0.090
0.081
-0.342
-0.408
-0.342
0.090
0.090
0.090
0.082
0.090
0.084
0.090
0.090
0.090
-0.713
0.082
0.090
0.086
0.090
0.090
0.090
0.090
0.088
0.090
0.090
0.090
0.090
0.090
0.089
0.090
0.087
0.090
0.090
0.090
0.090
0.090
0.090
0.090
0.090
0.086
-0.711
0.090
0.090
0.090
0.090
0.090
0.090
0.090
-0.697
0.090
0.082
0.089
0.089
0.090
0.090
0.090
0.090
0.090
0.082
0.090
0.090
0.090
0.090
0.090
0.089
-0.713
0.087
0.082
0.090
0.087
0.090
-0.713
0.082
0.090
0.090
0.090
0.090
0.090
0.090
0.090
0.090
0.090
0.090
0.090
0.088
0.090
0.090
0.090
0.090
0.090
0.090
0.090
0.090
0.089
0.090
0.090
0.090
0.090
0.090
0.088
0.090
-0.697
-0.713
0.090
0.090
0.090
0.088
-0.711
0.090
0.082
0.082
0.090
0.090
0.090
0.090
0.090
0.090
0.090
0.082
0.090
0.088
0.090
0.090
-0.711
0.090
0.090
0.090
0.090
0.090
0.086
0.090
0.090
0.083
-2.143
0.090
-2.106
0.090
0.000
0.000
0.000
0.000
0.000
0.000
0.000
0.000
0.000
0.000
0.000
0.000
0.000
0.000
0.000
0.000
0.000
0.000
0.000
0.000
0.000
0.000
0.000
0.000
0.000
0.000
0.000
0.000
0.000
0.000
0.000
0.000
0.000
0.000
0.000
0.000
0.000
0.000
0.000
0.000
0.000
0.000
0.000
0.000
0.000
0.000
0.000
0.000
0.000
0.000
0.000
0.000
0.000
0.000
0.000
0.000
0.000
0.000
0.000
0.000
0.000
0.000
0.000
0.000
0.000
0.000
0.000
0.000
0.000
0.000
0.000
0.000
0.000
0.000
0.000
0.000
0.000
0.000
0.000
0.000
0.000
0.000
0.000
0.000
0.000
0.000
0.000
0.000
0.000
0.000
0.000
0.000
0.000
0.000
0.000
0.000
0.000
0.000
0.000
0.000
0.000
0.000
0.000
0.000
0.000
0.000
0.000
0.000
0.000
0.000
0.000
0.000
0.000
0.000
0.000
0.000
0.000
0.090
0.077
0.090
0.090
-1.953
0.078
-1.946
0.082
-1.955
-0.125
-0.125
-0.125
-0.125
-0.125
-0.125
0.072
0.062
0.090
0.090
0.077
-0.711
-1.946
-2.861
0.063
0.078
0.077
-1.956
0.077
-1.956
0.077
0.090
0.089
0.090
0.090
-1.946
-1.956
