fixedStep chrom=ENSGT00390000017328 start=1 step=1
-1.147
-1.160
-1.144
-1.144
-1.145
-1.160
-1.173
-1.267
-1.147
-1.145
-1.145
-1.160
-1.144
-1.145
-1.145
-2.416
-2.386
-2.662
-1.441
-1.440
-2.874
-2.423
-1.147
-1.308
-1.147
-1.147
-1.147
0.067
0.071
0.066
-1.276
-1.493
-1.277
-1.277
-1.271
-1.277
-1.455
-1.271
-1.277
0.071
0.081
0.081
0.078
0.081
0.077
0.081
0.081
0.081
0.081
0.081
0.081
0.081
0.081
0.081
0.081
0.081
0.067
0.081
0.081
0.081
0.081
0.081
0.081
0.081
0.081
0.074
-1.493
-1.277
-1.276
0.081
0.081
0.081
0.081
0.081
0.081
0.069
0.081
0.076
0.081
0.078
0.081
0.081
0.081
0.078
0.081
0.081
0.081
0.081
0.081
0.081
0.077
0.073
0.077
0.081
0.081
0.078
0.081
0.081
0.081
0.081
0.078
0.081
0.081
0.081
0.081
0.081
0.081
0.081
0.081
0.081
0.077
0.081
0.081
0.081
0.081
0.081
0.081
0.081
0.081
0.081
0.081
0.081
0.081
0.077
0.081
0.079
0.081
0.081
0.077
0.081
0.081
0.081
0.078
0.081
0.081
0.081
0.081
0.081
0.071
0.081
0.081
0.081
0.081
0.078
0.081
0.081
0.081
0.081
0.081
0.081
0.081
0.081
0.079
0.081
0.078
0.077
0.081
0.081
0.081
0.077
0.081
0.081
0.081
0.081
0.081
0.079
0.077
0.077
0.081
0.081
-2.065
0.081
0.081
0.076
0.077
0.081
0.071
0.081
0.066
0.072
0.079
0.081
0.079
0.081
0.081
0.081
0.081
0.081
0.081
0.081
0.081
0.066
0.079
0.081
0.081
-2.258
-2.254
-2.258
-2.258
-2.258
-2.951
-2.258
-3.498
-2.258
0.081
0.081
0.081
0.081
0.081
0.081
0.081
0.081
0.081
0.081
0.081
0.078
0.081
0.081
0.081
0.066
0.081
0.078
0.081
0.081
0.081
0.081
0.081
0.081
0.081
0.081
0.074
0.081
0.081
0.081
0.078
0.081
0.081
0.066
0.081
0.081
0.081
0.081
0.081
0.081
0.081
0.081
0.077
0.081
0.071
0.078
0.081
0.079
0.081
0.081
0.081
-0.160
-0.160
-0.160
-0.652
-0.685
-0.652
0.071
0.081
0.081
-1.277
-1.277
-1.277
0.081
0.081
0.081
0.081
0.081
0.081
0.079
0.077
0.081
0.079
0.077
0.066
0.062
0.081
0.078
0.068
0.081
0.081
0.081
0.077
0.077
0.077
0.081
0.071
0.081
0.081
0.081
0.080
0.081
0.081
0.081
0.081
0.081
0.081
0.081
0.081
0.081
0.066
0.081
0.081
0.081
0.077
0.081
0.081
0.081
0.079
0.081
0.081
0.080
0.081
-1.427
0.077
0.081
0.081
0.081
0.081
0.081
0.081
0.081
0.081
0.081
0.081
0.066
0.081
0.081
0.077
0.081
0.081
0.069
0.081
0.081
0.077
0.081
0.081
0.060
-1.432
-1.277
-1.277
0.081
0.081
0.080
0.081
0.081
0.081
0.081
0.081
0.081
0.081
0.081
0.081
0.081
0.081
0.081
0.081
0.081
0.079
0.079
0.081
0.081
0.081
0.081
0.081
0.081
0.081
0.081
0.077
0.081
0.081
0.081
0.081
0.081
0.081
0.073
-1.425
0.081
0.081
0.081
0.081
0.081
0.066
0.081
0.081
0.081
0.081
0.081
0.071
0.081
0.081
0.081
0.081
0.081
0.081
0.079
0.076
0.080
0.081
0.081
0.081
0.078
0.081
0.081
0.069
0.081
0.081
0.081
0.081
0.079
0.081
0.079
0.079
0.081
0.081
0.081
0.078
0.077
0.062
0.078
0.081
0.078
0.071
0.081
0.081
0.076
0.081
0.076
0.079
0.081
0.074
0.080
0.081
0.081
0.077
0.081
0.081
0.081
0.081
0.081
0.081
0.081
0.081
0.081
0.081
0.081
0.078
0.081
0.081
0.081
0.081
0.081
0.081
0.081
0.081
0.081
0.081
0.081
0.081
0.081
0.081
0.081
0.081
0.081
0.081
0.081
0.063
0.081
0.081
0.081
0.081
0.081
0.078
0.079
0.077
0.078
0.081
0.081
0.081
0.081
0.081
0.081
0.081
0.078
0.081
0.081
0.081
0.080
0.081
0.081
0.081
0.081
0.081
0.077
0.081
0.069
0.081
0.081
0.078
0.061
0.081
0.081
0.079
0.081
0.081
0.081
0.081
0.077
0.077
0.081
0.081
0.072
0.079
0.081
0.077
0.081
0.081
0.066
0.064
0.081
0.081
0.081
0.081
0.080
0.081
0.081
0.080
0.081
0.081
0.081
0.081
0.081
0.081
0.081
0.081
0.081
0.081
0.079
0.079
0.081
0.077
0.075
0.081
0.081
0.069
0.081
0.081
0.076
0.062
0.081
0.081
0.078
0.081
0.081
0.081
0.081
0.062
0.079
0.081
0.081
0.081
0.081
0.081
0.081
0.081
0.078
0.081
0.081
0.081
0.081
0.081
0.081
0.074
0.081
0.081
0.071
0.081
0.081
0.081
0.081
0.077
0.078
0.081
0.077
0.075
0.081
0.079
0.078
0.077
0.077
0.077
0.081
0.081
0.081
0.081
0.062
0.078
0.081
0.073
0.081
0.081
-1.427
0.081
0.081
0.081
0.079
0.081
0.081
0.081
0.081
0.079
0.081
0.081
0.081
0.081
0.081
0.081
0.079
0.081
0.069
