fixedStep chrom=ENSGT00530000064280 start=1 step=1
0.134
0.135
0.134
0.134
0.134
0.134
0.124
0.130
0.134
0.126
0.112
0.135
0.135
0.134
0.120
0.134
0.135
0.129
0.134
0.135
0.124
0.135
0.113
0.134
0.134
-0.341
0.098
0.126
0.135
0.134
0.120
0.135
0.134
-0.321
0.124
0.134
0.119
0.135
0.134
0.113
0.135
0.135
-0.734
0.135
0.134
0.129
0.135
0.134
0.134
0.134
-0.321
0.134
0.135
0.124
0.134
0.134
0.134
0.134
0.134
0.113
-1.660
-1.534
0.124
0.134
0.134
-1.402
0.097
0.134
0.126
0.134
0.135
0.134
0.124
0.135
0.124
0.134
0.126
0.097
0.096
0.134
0.097
-1.842
0.135
0.096
0.134
0.134
-0.896
0.134
0.129
0.119
0.135
-0.341
0.124
0.135
0.097
0.120
0.135
0.134
0.134
-1.893
0.126
0.124
-0.898
0.126
-1.347
-1.322
0.134
0.124
0.124
0.134
-2.036
0.134
0.134
0.134
0.134
0.134
-0.345
0.135
0.134
0.122
0.134
0.134
0.122
0.126
0.135
0.126
0.126
0.135
0.126
0.134
0.133
0.134
0.135
0.134
0.134
0.134
0.135
-0.321
0.134
0.134
0.093
0.112
0.129
0.134
0.134
0.134
0.134
0.134
0.134
0.119
0.134
0.134
0.134
0.134
0.135
0.124
0.134
0.134
0.134
0.118
0.119
0.118
0.135
0.134
0.128
0.135
0.134
-1.847
0.112
0.126
-3.045
0.103
0.134
0.099
0.134
0.134
0.134
0.134
0.126
0.134
0.134
0.134
0.124
0.135
0.134
0.126
0.135
0.134
0.133
0.134
0.134
0.124
0.134
0.126
0.097
0.097
0.097
0.097
-0.558
-0.558
-0.568
