fixedStep chrom=ENSGT00390000010499 start=1 step=1
-0.848
-0.846
-0.848
0.084
0.084
0.084
0.084
0.084
0.084
0.084
0.084
0.084
0.084
0.084
0.082
0.084
0.084
0.084
0.084
0.084
0.084
0.084
0.084
0.084
0.084
0.084
0.084
0.084
0.084
0.083
0.084
0.084
0.081
0.084
0.081
0.081
0.081
0.081
0.074
0.081
0.081
0.081
0.081
0.081
0.083
0.084
0.084
0.077
0.079
0.084
0.079
0.084
0.084
0.072
0.084
0.084
0.079
0.079
0.079
0.079
0.084
0.084
0.084
0.084
0.084
0.083
0.079
0.084
0.084
-0.053
-0.053
-0.053
0.079
0.070
0.078
0.070
0.069
0.081
0.069
0.084
0.081
0.084
0.084
0.084
0.084
0.068
0.069
0.081
0.081
0.081
0.081
0.084
0.081
0.069
0.084
0.081
0.084
0.081
0.081
0.084
0.084
0.069
0.069
0.084
0.082
0.070
0.084
0.081
0.081
0.069
0.069
0.084
0.069
0.084
-1.109
-1.106
-1.109
-1.272
-1.106
-1.109
0.084
0.084
0.084
0.069
0.081
0.069
0.069
0.084
0.070
0.084
0.084
0.084
0.084
0.084
0.078
0.084
0.084
0.084
0.084
0.084
0.081
0.084
0.084
0.077
0.084
0.084
0.084
0.084
0.084
0.084
0.084
0.084
0.084
0.061
0.084
0.079
0.084
0.076
0.081
0.084
0.081
0.084
0.084
0.084
0.084
0.084
0.084
0.080
0.084
0.084
0.084
0.084
0.084
0.084
0.084
0.084
0.080
0.084
0.075
0.068
0.084
0.084
0.084
0.084
0.084
0.079
0.084
0.084
0.066
0.084
0.084
0.084
0.084
0.084
0.084
0.084
0.084
0.083
0.084
0.084
0.084
-3.450
0.084
0.069
0.084
0.068
0.068
0.084
0.084
0.084
0.077
0.084
0.084
0.084
0.084
0.084
0.084
0.084
0.084
0.075
0.084
0.075
0.084
0.084
0.068
-3.224
0.084
0.080
0.084
0.084
0.078
0.084
0.084
0.084
0.084
0.076
0.082
0.084
0.078
0.083
0.078
0.084
0.084
0.084
0.084
-2.009
-1.309
-1.309
-1.309
0.081
0.072
0.082
0.084
0.081
0.075
0.084
0.075
0.078
0.082
0.084
0.063
0.079
0.084
0.084
0.084
0.084
0.084
0.081
0.084
0.081
0.083
0.081
0.082
0.068
0.084
0.084
0.084
0.084
0.082
0.084
0.084
0.080
0.084
0.060
0.084
0.084
0.084
0.084
0.084
0.084
0.084
0.084
0.084
0.078
0.084
0.084
0.084
0.084
0.084
0.084
0.084
0.084
0.084
0.081
0.084
0.084
0.084
0.084
0.082
0.084
0.083
0.084
0.084
0.084
0.082
0.084
0.084
0.084
0.084
0.084
0.084
0.084
0.084
0.084
0.084
0.084
0.084
0.084
0.084
0.084
0.084
0.084
0.081
0.084
0.084
0.068
0.084
0.084
0.084
0.084
0.084
0.084
0.081
0.084
0.084
0.080
0.080
0.061
0.080
0.080
0.062
0.080
0.080
0.080
0.080
0.064
0.080
0.080
0.080
0.080
0.080
0.080
0.062
0.080
0.080
0.080
0.076
0.080
0.077
0.080
0.080
0.080
-0.482
-0.482
-0.482
-0.482
-0.482
-0.482
-0.490
-0.482
-0.483
-0.486
-0.482
-0.482
-0.482
-0.482
-0.482
-0.482
-0.482
-0.482
-0.482
-0.482
-0.492
-0.484
-0.482
-0.482
0.080
0.080
0.080
0.080
0.080
0.073
0.076
0.080
0.080
0.080
0.079
0.080
0.072
0.076
0.064
0.080
0.080
0.076
0.072
0.080
0.076
0.080
0.080
0.080
0.080
0.080
0.080
0.080
0.080
0.080
0.080
0.080
0.080
0.080
0.078
0.080
0.080
0.080
0.080
0.080
0.076
0.080
0.080
0.080
0.080
0.080
0.080
0.074
0.084
0.084
0.068
0.084
0.084
0.081
0.084
0.084
0.084
0.084
0.084
0.084
0.084
0.084
0.084
0.084
0.084
0.084
0.084
0.084
0.084
0.084
0.084
0.073
0.084
0.084
0.083
0.084
0.084
0.084
0.084
0.084
0.082
0.084
0.084
0.084
0.083
0.084
0.081
0.084
0.084
0.084
0.084
0.084
0.084
0.084
0.084
0.081
0.084
0.084
0.084
0.084
0.080
0.079
0.084
0.084
0.084
0.084
0.084
0.082
0.084
0.084
0.081
0.084
0.084
0.084
0.084
0.084
0.082
0.084
0.084
0.084
0.084
0.084
0.079
0.084
0.084
0.078
0.084
0.084
0.084
0.084
0.084
0.084
0.084
0.084
0.084
0.084
0.084
0.078
0.084
0.084
0.077
0.084
0.084
0.084
0.081
0.084
0.083
0.081
0.084
0.078
0.084
0.084
0.084
0.084
0.084
0.084
0.084
0.084
0.082
0.084
0.084
0.084
0.084
0.084
0.084
0.084
0.084
0.084
0.084
0.084
0.084
0.084
0.084
0.080
0.084
0.084
0.084
0.084
0.084
0.084
0.084
0.084
0.084
0.084
0.084
0.084
0.084
0.084
0.065
0.084
0.084
0.084
0.084
0.084
0.084
0.084
0.084
0.082
0.084
0.084
0.084
0.084
0.084
0.084
0.084
0.084
0.082
0.084
0.084
0.084
0.084
0.084
0.084
0.084
0.084
0.084
0.084
0.084
0.081
0.084
0.084
0.084
0.084
0.084
0.081
0.084
0.084
0.084
