fixedStep chrom=ENSGT00390000018056 start=1 step=1
0.074
0.074
0.074
0.074
0.074
0.074
0.074
0.074
0.074
0.074
0.074
0.074
0.074
0.074
0.072
0.074
0.074
0.074
0.074
0.074
0.074
-1.337
-1.337
-1.337
0.074
0.074
0.074
0.074
0.074
0.069
0.074
0.074
0.074
0.074
0.074
0.074
0.067
0.074
0.059
0.074
0.074
0.074
0.074
0.074
0.074
-2.075
0.074
0.070
0.074
0.074
0.073
0.074
0.074
0.071
0.074
0.070
0.074
-0.896
-0.955
-2.021
0.074
0.074
0.069
0.074
0.074
0.058
0.074
0.052
0.070
0.070
0.070
0.074
0.074
0.074
0.073
0.074
0.074
-2.109
0.074
0.074
0.074
0.074
0.074
0.072
0.074
0.074
0.074
0.074
0.074
0.074
0.074
0.074
0.074
0.074
0.074
0.070
0.074
0.074
0.074
0.074
0.074
0.068
0.074
0.074
0.074
0.074
0.074
0.074
0.074
0.074
0.074
0.074
0.074
0.074
0.074
0.074
0.073
0.074
0.055
0.059
0.074
0.074
0.074
-2.050
0.074
0.074
0.074
0.074
0.074
0.074
0.074
0.074
0.074
0.074
0.074
0.074
0.074
0.074
0.074
0.074
0.072
0.074
0.074
0.072
0.072
0.074
0.074
0.074
0.072
0.074
0.058
0.072
0.074
0.074
0.074
0.074
0.074
0.071
0.074
0.070
0.074
0.074
0.074
0.074
0.074
0.063
0.074
0.074
0.074
0.074
0.074
0.059
0.074
0.074
0.058
0.070
0.055
0.071
0.074
0.067
0.067
0.070
0.074
0.074
0.074
0.074
0.074
0.074
0.070
0.074
0.074
0.073
0.074
0.074
0.074
0.074
0.074
0.058
0.074
0.071
0.074
0.072
0.074
0.054
0.074
0.074
0.073
0.072
0.072
0.058
0.074
0.074
0.074
0.070
0.074
0.059
0.074
0.074
0.073
0.074
0.074
0.070
0.074
0.074
0.074
0.072
0.071
0.068
0.074
0.074
0.074
0.074
0.073
0.074
0.074
0.074
0.074
-1.172
-1.172
-1.363
-1.915
-1.169
-1.171
0.070
0.071
0.074
0.074
0.074
0.067
0.074
0.074
0.074
0.074
0.071
0.070
0.059
0.069
0.074
0.074
0.074
0.069
0.074
0.074
0.058
0.074
0.074
0.071
0.074
0.074
0.059
0.074
0.074
0.074
0.074
0.074
0.069
0.074
0.074
0.074
0.074
0.074
0.074
0.074
0.074
0.074
0.074
0.074
0.074
0.074
0.074
0.074
0.074
0.074
0.074
0.074
0.074
0.070
0.074
0.074
0.074
0.074
0.074
0.074
0.059
0.074
0.074
0.074
0.074
0.069
0.074
0.074
0.074
0.074
0.074
0.058
0.072
0.074
0.074
0.071
0.074
0.058
0.068
0.074
0.074
0.070
0.074
0.074
0.074
0.074
0.074
0.071
0.074
0.064
0.073
0.074
0.064
0.074
0.074
0.074
0.074
0.074
0.074
0.074
0.074
0.072
0.074
0.074
0.074
0.074
0.071
0.074
0.074
0.074
0.074
0.074
0.074
0.074
0.059
0.070
0.074
0.074
0.074
0.074
-1.694
-1.694
-1.694
-2.115
-2.067
-1.683
0.074
0.074
0.074
0.074
-2.097
0.070
-3.002
-3.002
-3.522
-1.808
-1.808
-2.284
0.074
0.074
0.071
0.074
0.074
0.071
0.074
0.074
0.071
0.074
0.074
0.072
0.074
0.058
0.074
0.074
0.074
0.074
0.074
0.058
0.070
0.074
0.074
0.067
0.074
0.074
0.070
0.074
0.074
0.074
0.072
0.074
0.074
0.074
0.074
0.074
0.074
0.074
0.074
0.073
0.074
0.074
0.059
0.070
0.074
0.074
0.074
0.074
0.074
0.074
0.074
0.074
0.074
0.074
0.070
0.074
0.074
0.074
0.074
0.074
-1.172
-1.171
-1.171
0.074
0.074
0.074
0.074
0.074
0.074
0.074
0.074
0.074
0.074
0.071
0.068
0.070
0.074
0.071
0.074
0.074
0.074
0.070
0.074
0.074
0.074
0.069
0.070
0.074
0.074
0.074
0.074
0.074
0.074
0.074
0.074
0.071
0.074
0.074
0.074
0.074
0.074
0.074
-2.180
0.064
0.074
0.073
0.074
0.074
0.074
0.074
0.074
0.074
0.074
0.070
0.074
0.071
0.074
0.074
0.074
0.070
0.074
0.070
0.074
0.074
0.074
0.064
0.074
0.074
0.074
0.070
0.060
0.070
0.074
0.073
0.074
0.073
0.074
0.074
0.074
0.074
0.074
0.059
0.074
0.074
0.070
0.074
0.070
0.074
0.074
0.074
0.071
0.074
0.074
0.064
0.074
0.072
0.074
0.072
0.071
0.064
0.074
0.072
0.071
0.071
0.071
0.074
0.074
0.074
0.074
0.074
0.074
0.074
0.064
0.074
0.074
0.074
0.072
0.074
0.074
0.074
0.074
0.074
0.070
0.074
0.074
0.072
0.074
0.074
0.074
0.068
0.074
0.067
0.059
0.070
0.055
0.070
0.074
0.074
0.074
0.074
0.071
0.074
0.074
0.074
0.074
0.074
0.061
0.070
0.074
0.058
0.074
0.071
0.071
0.074
0.074
0.074
0.074
0.059
0.059
0.074
0.074
0.074
0.074
0.074
0.074
0.074
0.074
0.064
0.074
0.074
0.074
0.074
0.074
0.074
0.074
0.074
0.074
0.074
0.074
0.070
0.074
0.074
0.073
0.074
0.074
0.064
0.074
0.074
0.074
0.074
0.070
0.074
0.071
0.074
0.069
0.074
0.074
0.074
0.074
0.074
0.074
0.074
0.074
0.073
0.074
0.074
0.072
0.074
0.074
0.074
0.074
0.074
0.074
0.074
0.074
0.070
0.074
0.074
0.074
0.074
0.074
0.074
0.074
0.074
0.073
0.070
0.073
0.074
0.074
0.074
0.074
0.071
0.074
0.074
0.074
0.074
0.072
0.074
0.074
0.074
0.069
0.074
0.074
0.074
0.074
0.074
0.074
0.074
0.074
0.074
0.074
0.074
0.074
0.074
0.074
0.074
0.074
0.074
0.064
0.074
0.074
0.074
0.074
0.074
0.074
0.070
0.074
0.074
0.074
0.070
0.074
0.074
0.074
0.074
0.074
0.074
0.074
0.074
0.074
0.074
0.074
0.074
0.074
0.074
0.070
0.074
0.074
0.074
0.074
0.074
0.074
0.074
0.074
0.074
0.074
0.074
0.074
0.074
0.074
0.059
0.074
0.074
0.074
0.074
0.074
0.074
0.074
0.074
0.074
0.074
0.074
0.074
0.074
0.074
0.071
0.074
0.074
0.074
0.074
0.074
0.067
0.074
0.074
0.074
0.074
0.074
0.074
0.074
0.074
0.071
0.074
0.074
0.074
0.074
0.074
0.070
0.073
0.074
0.058
0.074
0.074
0.074
0.074
0.074
0.064
0.074
0.074
0.074
0.074
0.074
0.074
0.074
0.074
0.070
0.074
0.074
0.070
0.071
0.058
0.074
0.074
0.072
0.067
0.074
0.074
0.074
0.070
0.070
0.074
0.074
0.074
0.074
0.074
0.074
0.074
0.074
0.074
0.074
0.074
0.074
0.074
0.071
0.070
0.074
0.074
0.072
0.072
0.069
0.074
0.074
0.074
0.074
0.064
-1.336
-1.336
-1.336
-1.336
-1.337
-1.336
0.074
0.074
0.074
0.074
0.072
0.074
0.074
0.074
0.058
-1.365
-1.598
-2.106
0.074
0.074
0.074
0.074
0.074
0.072
0.073
0.070
0.074
0.074
0.074
0.074
0.074
0.074
0.068
0.074
0.071
0.071
-3.168
0.068
0.074
0.074
0.074
0.071
0.074
0.074
0.071
0.071
0.074
0.074
0.064
0.074
0.074
-0.141
-0.141
-0.141
0.066
0.074
0.070
0.074
0.074
0.074
0.074
0.074
0.071
0.074
0.074
0.074
0.074
0.074
0.074
0.064
0.071
0.074
0.070
0.074
0.074
0.068
0.068
0.074
0.071
0.054
0.068
0.074
0.073
0.069
0.064
0.074
0.058
0.074
0.071
0.074
0.074
0.074
0.073
0.074
0.071
0.074
0.074
0.074
0.074
0.071
0.070
0.074
0.070
0.074
0.074
0.070
0.074
0.074
0.074
0.074
0.074
0.074
0.074
0.070
0.074
0.074
0.074
0.071
0.073
0.074
0.074
0.072
0.074
0.074
0.074
0.074
0.074
0.074
0.074
0.074
0.074
0.074
0.071
0.074
0.074
0.074
0.074
0.074
0.074
0.074
0.074
0.074
0.074
0.074
0.074
0.070
0.068
0.074
0.074
0.070
0.074
0.067
0.061
0.074
0.074
0.073
0.074
0.074
0.074
0.058
0.074
0.074
0.074
0.074
0.074
0.074
0.060
0.074
0.070
0.074
0.074
0.073
0.073
0.074
0.074
0.074
0.074
0.070
0.074
0.074
0.074
0.074
-2.917
0.071
0.074
0.074
0.074
0.074
0.064
0.074
0.074
0.068
0.074
0.070
0.064
0.072
0.073
0.074
0.074
0.074
0.070
0.068
0.072
0.064
0.074
-1.546
0.074
0.074
0.074
0.074
0.072
-2.030
0.055
0.074
0.074
0.072
0.074
0.074
0.074
0.074
0.054
0.069
0.070
0.070
0.074
0.074
0.059
0.058
0.074
0.074
-2.097
0.070
0.058
0.074
0.060
0.074
0.071
0.074
0.073
-1.546
0.074
0.074
0.070
-0.157
-0.157
-0.157
0.074
0.074
0.070
0.074
0.074
0.074
0.074
0.074
0.070
-1.191
-1.552
-2.835
0.059
0.074
0.072
0.071
0.074
0.070
0.074
0.074
0.070
0.074
0.074
0.074
0.074
0.074
0.074
0.074
0.074
0.072
0.057
0.073
0.074
0.070
0.059
0.068
0.072
0.071
0.055
-1.889
-1.889
-1.204
-1.409
-1.845
-1.976
0.070
0.060
0.068
0.072
0.059
0.059
0.070
0.074
0.054
0.074
0.072
0.059
0.058
0.067
0.071
0.058
0.052
0.059
0.069
0.073
0.068
0.059
0.059
0.068
0.074
0.074
0.074
0.074
0.071
0.058
0.074
0.073
0.074
0.073
0.074
0.074
0.074
0.074
0.074
0.074
0.067
0.058
0.064
0.064
0.074
0.073
0.074
0.074
0.072
0.074
0.073
0.074
0.071
0.058
0.074
0.074
0.074
0.074
0.074
0.068
0.072
0.074
0.071
0.074
0.074
0.074
0.074
0.074
0.071
0.074
0.074
0.071
0.071
0.074
0.074
0.074
0.070
0.074
0.074
0.074
0.070
0.073
0.074
0.074
0.064
0.070
0.074
0.074
0.063
0.074
0.074
0.074
0.074
0.074
0.071
0.074
0.074
0.074
0.073
0.072
0.074
0.074
0.074
0.058
0.070
0.058
0.074
0.074
0.067
0.072
0.074
0.074
0.074
0.074
0.074
0.071
0.064
0.074
0.074
0.069
0.074
0.074
0.072
0.074
0.074
0.071
0.074
0.074
0.055
0.074
0.074
0.054
0.074
0.074
0.073
0.074
0.074
0.058
0.074
0.074
0.074
0.072
0.074
0.074
0.074
0.074
0.072
0.074
0.074
0.074
0.073
0.074
0.074
0.067
0.058
0.072
0.074
0.074
0.074
0.074
0.074
0.059
0.074
0.074
0.070
0.074
0.074
0.074
0.074
0.070
0.074
0.074
0.074
0.074
0.074
0.074
0.074
0.074
0.074
0.071
0.074
0.074
0.074
0.074
0.074
0.069
0.074
0.074
0.059
0.074
0.074
0.074
0.074
0.058
0.074
0.074
0.074
0.074
0.071
0.067
0.074
0.072
0.074
0.074
0.074
0.074
0.070
0.074
0.074
0.074
0.074
0.074
0.074
0.074
0.073
0.074
0.074
0.071
0.074
0.074
0.074
0.074
0.074
0.070
0.073
0.074
0.059
0.074
0.074
0.074
0.074
0.074
0.074
0.074
0.074
0.074
0.074
0.074
0.074
0.074
0.073
0.074
0.074
0.074
0.074
0.074
0.074
0.074
0.074
0.074
0.074
0.074
0.074
0.074
0.070
0.074
0.074
0.070
0.074
0.074
0.074
0.074
0.074
0.071
0.074
0.074
0.074
0.074
0.074
0.073
0.074
0.071
0.071
0.074
0.074
0.074
0.074
0.074
0.074
0.074
0.074
0.074
0.074
0.074
0.074
0.074
0.074
0.074
0.074
0.074
0.074
0.070
0.074
0.074
0.074
0.074
0.071
0.074
0.074
0.074
0.073
0.074
0.070
0.074
0.074
0.074
0.074
0.074
0.074
0.074
0.074
0.067
0.071
0.074
0.074
0.074
0.074
0.074
0.074
0.071
0.074
0.074
0.074
0.074
0.074
0.074
0.067
0.074
0.074
0.074
0.074
0.074
0.074
0.074
0.074
0.073
0.074
0.074
0.074
0.074
0.074
0.074
0.074
0.074
0.074
0.074
0.070
0.070
0.074
0.074
0.074
0.073
0.074
0.074
0.074
0.073
0.071
0.071
0.074
0.074
0.074
0.074
0.074
0.074
0.074
0.074
0.074
0.074
0.074
0.074
0.074
0.074
0.074
0.074
0.074
0.074
0.074
0.070
0.074
0.074
0.074
0.074
0.074
0.072
0.073
0.074
0.074
0.074
0.074
0.074
0.074
0.074
0.074
0.074
0.074
0.074
0.074
0.074
0.074
0.059
0.071
0.059
0.074
0.074
0.074
0.074
0.074
0.071
0.074
0.073
0.074
0.074
0.074
0.074
0.074
0.074
0.074
0.074
0.074
0.074
0.072
0.071
0.074
0.074
0.074
0.074
0.074
0.074
0.074
0.074
0.074
0.074
0.074
0.074
0.059
0.074
0.074
0.074
0.074
0.074
0.074
0.074
0.074
0.068
0.074
0.074
0.071
0.074
0.070
0.070
0.074
0.074
0.074
0.074
0.074
0.074
0.074
0.074
0.071
0.072
0.074
0.074
0.074
0.074
0.074
0.072
0.074
0.074
0.074
0.074
0.074
0.074
0.074
0.074
0.074
0.074
0.069
0.074
0.071
0.071
0.074
0.074
0.070
0.074
0.074
0.068
0.074
0.074
0.068
0.074
0.073
0.067
0.074
0.072
0.074
0.074
0.059
0.074
0.074
0.074
0.061
0.071
0.074
0.074
0.074
0.070
0.071
0.074
0.074
0.074
0.058
0.064
0.066
0.072
0.071
0.070
0.073
0.059
0.070
0.074
0.067
0.074
0.074
0.074
0.074
0.074
0.074
0.067
0.070
0.074
0.074
0.070
0.074
0.074
0.074
0.074
0.074
0.074
0.074
0.070
0.074
0.074
0.074
0.074
0.074
0.074
0.074
0.074
0.074
0.070
0.074
0.073
0.074
0.074
0.073
0.059
0.074
0.074
0.074
0.074
0.074
0.074
0.074
0.070
0.074
0.074
0.074
0.071
0.072
0.074
0.074
0.074
0.064
0.074
0.072
0.064
0.074
0.074
0.074
0.074
0.074
0.074
0.064
0.074
0.068
0.074
0.059
0.074
0.064
0.074
0.074
0.074
0.074
0.074
0.074
0.074
0.074
0.074
0.074
0.058
0.074
0.071
0.070
0.070
0.072
0.052
0.074
0.074
0.074
0.074
0.074
0.074
0.070
0.060
0.070
0.072
0.070
-2.112
0.064
0.074
0.074
0.074
0.074
0.074
0.071
0.073
0.074
0.073
0.074
0.074
0.074
0.074
0.071
0.059
0.074
0.074
0.074
0.074
0.074
0.074
0.071
0.074
-1.191
-1.190
-1.190
0.070
0.058
0.067
0.067
0.073
0.070
0.070
0.074
0.059
0.073
0.074
0.058
0.074
0.069
0.072
0.071
0.073
0.074
0.074
0.074
0.074
0.072
0.069
0.056
0.071
0.074
0.058
0.070
0.056
0.074
0.071
0.074
0.070
0.074
0.074
0.074
0.070
0.074
0.058
0.068
0.074
0.074
0.058
0.074
0.070
0.071
0.074
0.074
0.074
0.074
0.074
0.074
0.074
0.068
0.074
0.071
0.074
0.074
0.070
0.074
0.074
0.074
0.063
0.055
0.070
0.067
0.058
0.074
0.074
0.074
0.055
0.073
0.074
0.074
0.072
0.074
0.072
0.072
0.074
0.074
0.074
0.070
0.074
0.074
0.074
0.057
0.058
-0.123
-0.123
-0.123
-1.240
-1.750
-1.731
-1.391
-1.171
-3.184
-1.240
-1.784
-1.350
-1.014
-1.016
-1.016
0.000
0.000
0.000
0.000
0.000
0.000
0.000
0.000
0.000
0.000
0.000
0.000
0.065
0.070
0.068
0.060
0.059
0.066
0.074
0.060
0.065
0.060
0.071
0.068
0.064
0.063
0.060
0.070
0.071
0.058
0.070
0.068
0.061
0.070
0.074
0.070
0.068
0.068
0.064
0.070
0.067
0.068
0.070
0.060
0.060
0.070
0.070
0.069
0.070
0.074
0.070
0.074
0.059
0.071
0.059
0.074
0.070
0.074
0.074
0.064
0.074
0.074
0.074
0.074
0.074
0.072
0.074
0.074
0.074
0.074
0.074
0.074
0.069
0.074
0.070
0.074
0.074
0.074
0.074
0.074
0.064
0.074
0.074
0.070
0.074
0.074
0.072
0.074
0.070
0.073
0.074
0.074
0.071
0.074
0.074
0.074
0.074
0.074
0.074
0.074
0.074
0.074
0.074
0.074
0.074
0.074
0.074
0.072
0.074
0.074
0.074
0.074
0.074
0.070
0.074
0.074
0.074
0.074
0.074
0.070
0.074
0.074
0.074
0.074
0.074
0.059
0.074
0.074
0.074
0.074
0.074
0.071
0.074
0.074
0.074
0.074
0.074
0.074
0.074
0.074
0.074
0.074
0.074
0.072
0.074
0.074
0.074
0.074
0.074
0.074
0.074
0.074
0.074
0.074
0.074
0.071
0.074
0.074
0.070
0.074
0.074
0.074
0.074
0.074
0.074
0.074
0.074
0.074
0.074
0.074
0.058
0.074
0.074
0.074
0.074
0.074
0.072
0.074
0.074
0.071
0.074
0.074
0.074
0.074
0.074
0.070
0.074
0.074
0.073
0.074
0.074
0.074
0.074
0.074
0.074
0.074
0.074
0.074
0.074
0.074
0.074
0.074
0.074
0.074
0.074
0.074
0.056
0.070
0.074
0.073
0.074
0.074
0.074
0.074
0.074
0.064
0.074
0.074
0.074
0.074
0.074
0.074
0.073
0.074
0.067
0.074
0.074
0.074
0.074
0.074
0.070
0.071
0.074
0.064
0.067
0.074
0.058
0.070
0.074
0.071
0.074
0.074
0.073
0.074
0.074
0.058
0.074
0.074
0.073
0.074
0.074
0.074
0.074
0.074
0.071
0.074
0.074
0.074
0.074
0.074
0.074
0.074
0.074
0.064
0.074
0.074
0.074
0.074
0.074
0.060
0.074
0.074
0.074
0.074
0.074
0.072
0.074
0.074
0.074
0.074
0.074
0.074
0.074
0.074
0.074
0.074
0.074
0.059
0.074
0.074
0.074
0.074
0.067
0.067
0.074
0.074
0.074
0.074
0.074
0.074
0.074
0.074
0.074
0.074
0.074
0.074
0.071
0.074
0.074
0.074
0.074
0.070
0.074
0.074
0.068
0.074
0.074
0.070
0.074
0.074
0.074
0.074
0.074
0.074
0.074
0.074
0.074
0.074
0.074
0.074
0.074
0.067
0.073
0.074
0.074
0.074
0.074
0.074
0.074
0.074
0.074
0.073
0.074
0.074
0.074
0.074
0.074
0.074
0.074
0.074
0.074
0.074
0.074
0.074
0.074
0.074
0.058
0.074
0.074
0.074
0.074
0.074
0.065
0.072
0.074
0.072
0.074
0.074
0.070
0.074
0.074
0.074
0.074
0.074
0.070
0.074
0.074
0.058
0.074
0.074
0.074
0.074
0.074
0.068
0.074
0.074
0.074
0.074
0.074
0.074
0.074
0.074
0.074
0.074
0.074
0.070
0.074
0.074
0.074
0.072
0.074
0.074
0.074
0.074
-1.568
0.074
0.074
0.074
0.074
0.074
0.074
0.068
0.074
0.074
0.074
0.073
0.074
0.074
0.074
0.071
0.074
0.074
0.074
0.074
0.074
0.074
0.074
0.074
0.074
0.074
0.074
0.070
0.074
0.074
0.058
0.074
0.074
0.074
0.074
0.074
0.074
0.074
0.074
0.074
0.074
0.074
0.057
0.074
0.074
0.055
0.074
0.074
0.074
0.074
0.074
0.070
0.074
0.074
0.073
0.074
0.074
0.074
0.074
0.074
0.070
0.074
0.074
0.068
0.074
0.074
0.074
0.074
0.074
0.070
0.074
0.074
0.074
0.067
0.074
0.074
0.074
0.074
0.070
0.074
0.074
0.071
0.074
0.074
0.074
0.074
0.074
0.074
0.074
0.070
0.073
0.074
0.074
0.068
0.074
0.074
0.074
0.074
0.074
0.074
0.074
0.074
0.074
0.074
0.074
0.074
0.074
0.074
0.074
0.074
0.074
0.053
0.000
0.000
0.000
0.000
0.000
0.000
0.000
0.000
0.000
0.074
0.064
0.074
0.064
0.064
0.064
-1.336
-1.332
-1.332
0.074
0.074
0.064
0.071
0.071
0.074
0.074
0.074
0.074
0.074
0.074
0.073
0.067
0.074
0.074
0.074
0.074
0.070
0.074
0.074
0.071
0.074
0.074
0.074
0.074
0.074
0.074
0.074
0.074
0.074
0.074
0.074
0.074
0.070
0.074
0.074
0.074
0.074
0.074
0.074
0.074
0.074
0.074
0.074
0.074
0.074
0.074
0.074
0.073
0.074
0.074
0.074
0.074
0.074
0.074
0.074
0.058
0.074
0.074
0.074
0.072
0.074
0.074
0.074
0.074
0.074
0.074
0.074
0.074
0.074
0.074
0.074
0.074
0.070
0.074
0.074
0.074
0.070
0.074
0.074
0.071
0.074
0.074
0.059
0.074
0.074
0.074
0.074
0.074
0.074
0.074
0.074
0.059
0.074
0.074
0.068
0.074
0.074
0.074
0.074
0.074
0.074
0.074
0.074
0.074
0.074
0.074
0.074
0.074
0.074
0.074
0.074
0.074
0.074
0.074
0.074
0.074
0.074
0.074
0.072
0.074
0.074
0.074
0.074
0.074
0.070
0.074
0.074
0.072
0.074
0.074
0.074
0.074
0.074
0.074
0.074
0.074
0.070
0.074
0.074
0.074
0.074
0.074
0.074
0.074
0.074
0.074
0.074
0.074
-2.097
0.074
0.074
0.074
0.074
0.074
0.074
0.074
0.074
0.073
0.074
0.074
0.074
0.074
0.074
0.072
0.074
0.074
0.074
0.074
0.074
0.074
0.074
0.068
0.074
0.074
0.074
0.074
0.074
0.074
0.074
0.074
0.074
0.074
0.074
0.074
0.074
0.064
0.074
0.071
0.000
0.000
0.000
0.000
0.000
0.000
0.000
0.000
0.000
0.000
0.000
0.000
0.000
0.000
0.000
0.000
0.000
0.000
0.000
0.000
0.000
0.000
0.000
0.000
0.000
0.000
0.000
0.000
0.000
0.000
0.000
0.000
0.000
0.000
0.000
0.000
