fixedStep chrom=ENSGT00390000000976 start=1 step=1
-0.778
-0.765
-0.782
0.084
0.084
0.074
0.074
-0.780
-0.782
-0.780
0.084
-0.780
-0.765
-0.765
-0.780
-0.778
-0.780
0.084
0.084
0.084
-0.780
-0.782
0.074
-0.782
0.074
0.074
0.074
-0.765
-0.780
-0.782
0.084
0.073
0.074
0.084
0.085
0.063
0.084
-0.765
-1.452
0.084
-0.778
0.074
0.084
0.084
-0.780
0.084
-0.780
0.074
-0.780
0.085
-0.782
0.084
-0.780
-1.459
-0.780
-0.782
-0.782
-0.133
-0.133
-0.133
-0.133
-0.133
-0.133
-0.780
0.084
0.073
0.084
0.084
0.084
0.074
0.084
0.084
0.074
0.084
0.080
0.084
0.085
0.084
0.084
0.084
0.084
0.084
0.085
0.073
0.084
0.084
0.080
0.084
0.084
0.074
0.085
0.085
0.080
0.084
0.084
0.072
0.080
0.085
0.084
0.084
0.085
-1.499
0.085
0.085
0.084
0.085
0.084
0.072
0.084
0.084
0.084
0.084
0.085
0.083
0.084
0.085
0.082
0.084
0.084
0.084
0.084
0.084
0.084
0.085
0.084
0.080
0.084
0.084
0.084
0.084
0.084
0.084
0.074
0.084
0.080
0.084
0.085
0.084
0.085
0.085
0.084
0.085
0.074
-0.780
0.084
0.085
0.084
0.084
0.084
0.083
0.084
0.084
0.084
0.084
0.085
0.073
0.084
0.084
0.084
0.083
0.074
0.084
0.084
0.074
0.084
0.084
0.085
0.082
0.084
0.084
0.068
0.084
0.084
0.081
0.084
0.085
0.084
0.084
0.084
0.084
0.084
0.084
0.084
0.084
0.084
0.084
0.084
0.085
0.084
0.084
0.084
0.074
0.084
0.084
0.063
0.084
0.074
0.072
0.084
0.085
0.084
0.084
0.085
0.080
0.084
0.084
0.085
0.084
0.084
0.070
0.073
0.085
0.074
0.084
0.085
0.080
0.084
0.084
0.068
-0.780
0.084
0.063
0.084
0.084
0.084
0.084
0.084
0.084
0.084
0.084
0.074
0.084
0.084
0.080
0.084
0.074
0.084
0.084
0.084
0.082
0.084
0.084
0.084
0.084
0.084
0.084
0.084
0.084
0.074
0.084
0.085
-1.758
0.080
0.085
0.084
0.084
0.084
0.084
0.084
0.084
0.080
0.082
0.085
-2.015
0.084
0.085
0.084
0.085
0.085
-0.780
0.084
0.085
0.084
0.084
0.084
0.079
0.084
0.084
0.084
0.074
0.084
-3.174
0.074
0.085
0.084
0.085
0.084
0.084
0.084
0.084
0.084
0.084
0.084
0.084
-0.689
-0.688
-0.689
0.085
0.085
0.080
0.084
0.084
0.084
0.084
0.084
0.084
0.084
0.084
0.082
0.084
0.084
0.063
0.074
0.084
0.084
0.084
0.084
0.084
0.084
0.085
0.084
0.084
0.084
0.084
0.084
0.084
0.084
0.084
0.084
0.084
0.084
0.084
0.084
0.084
0.084
0.085
0.084
0.084
0.074
0.084
0.084
0.063
0.074
0.084
0.084
0.084
0.084
0.084
0.085
0.085
0.080
0.085
0.084
0.084
0.084
0.085
0.084
0.084
0.085
0.084
0.084
0.074
0.084
0.084
0.084
0.082
-0.782
0.084
0.084
0.084
0.084
0.072
0.084
0.085
0.073
0.084
0.085
0.084
0.084
0.084
0.084
0.084
0.084
0.084
0.085
0.084
0.084
0.084
0.085
0.084
0.085
0.084
0.080
0.084
0.085
0.084
0.084
0.084
0.084
0.084
0.084
0.084
0.084
0.084
0.084
0.074
0.084
0.084
0.084
0.084
0.084
0.084
-0.780
0.084
0.074
0.085
0.080
0.084
0.084
0.084
0.085
0.084
0.083
0.084
0.084
0.084
0.074
0.084
0.084
0.085
0.085
0.080
0.084
0.084
0.072
0.084
0.084
0.080
0.084
0.084
0.084
0.084
0.085
0.080
0.084
0.085
0.084
0.084
0.084
0.084
0.084
0.084
-2.383
0.074
0.085
0.084
0.084
0.085
0.084
0.084
0.084
0.084
0.084
0.084
0.084
0.084
0.084
0.079
0.084
0.084
0.084
0.085
0.085
0.084
0.084
0.084
0.085
0.084
0.084
0.084
0.084
0.084
0.084
0.084
0.085
0.084
0.084
0.084
0.080
0.084
0.084
0.080
0.084
0.074
0.084
0.085
0.084
0.084
0.084
0.084
0.084
0.084
0.084
0.084
0.084
0.074
0.084
0.084
0.084
0.084
0.084
0.084
-2.015
0.084
0.085
0.081
0.084
0.085
0.084
0.084
0.085
0.084
0.084
0.084
0.084
0.085
0.085
0.084
0.084
0.084
0.084
0.084
0.084
0.084
0.084
0.084
0.081
0.084
0.085
0.074
0.084
0.085
0.080
0.084
0.084
0.082
-0.689
-0.689
-0.689
-0.689
-0.689
-0.689
-0.689
-0.689
-0.689
-0.689
-0.689
-0.689
-1.030
-0.688
-0.689
-0.689
-0.689
-0.689
-0.689
-0.689
-0.689
-0.689
-0.689
-0.689
