fixedStep chrom=ENSGT00390000000427 start=1 step=1
0.000
0.000
0.000
0.000
0.000
0.000
0.072
0.072
0.072
0.072
0.072
0.072
0.072
0.072
0.072
0.069
0.072
0.062
0.072
0.072
0.072
0.072
0.072
0.072
0.071
0.072
0.072
0.072
0.072
0.072
0.072
0.072
0.072
0.072
0.072
0.072
0.072
0.072
0.072
0.072
0.072
0.072
0.072
0.072
0.052
0.072
0.072
0.072
0.072
0.072
0.072
0.072
0.072
0.068
0.072
0.072
0.057
0.072
0.072
0.072
0.072
0.072
0.072
0.072
0.072
0.072
0.072
0.072
0.072
0.072
0.072
0.072
0.068
0.068
0.057
0.072
0.072
0.072
0.072
0.072
0.069
0.072
0.072
0.072
0.072
0.072
0.072
0.072
0.072
0.072
0.072
0.072
0.069
0.072
0.072
0.072
0.072
0.072
0.068
0.072
0.072
0.072
0.072
0.072
0.071
0.072
0.072
0.071
0.072
0.072
0.072
0.059
0.072
-1.702
0.072
0.072
0.069
0.072
0.072
0.068
0.069
0.072
0.072
0.072
0.072
0.068
0.068
0.072
0.072
0.072
0.071
0.057
0.072
0.072
0.067
0.072
0.072
0.072
0.057
0.072
0.072
0.072
0.072
0.071
0.072
0.072
0.057
0.072
0.072
0.054
0.069
0.072
0.062
0.068
0.072
0.072
0.072
0.068
-1.704
0.072
0.072
0.072
0.072
0.072
0.071
0.072
0.072
0.072
0.072
0.072
0.066
0.072
0.072
0.072
0.072
0.072
0.072
0.072
0.072
0.072
0.072
0.072
0.069
0.072
0.072
0.072
0.072
0.072
0.067
0.068
0.072
0.072
0.068
0.072
0.068
0.072
0.072
0.072
0.072
0.072
0.062
0.072
0.072
0.072
0.072
0.072
0.072
0.072
0.072
0.072
0.072
0.072
0.072
0.066
0.072
0.072
0.072
0.072
0.072
0.072
0.072
0.068
0.072
0.072
0.072
0.072
0.072
0.072
0.072
0.072
0.072
0.072
0.072
0.072
0.072
0.072
0.070
0.072
0.072
0.071
0.072
0.072
0.072
0.072
0.072
0.071
0.072
0.072
0.072
0.072
0.072
0.072
0.057
0.072
0.072
0.072
0.072
0.069
0.072
0.072
0.072
0.072
0.072
0.069
0.069
0.069
0.072
0.072
0.072
0.072
0.072
0.072
0.057
0.072
0.072
0.072
0.072
0.069
0.070
0.068
0.069
0.066
0.072
0.072
0.069
0.072
0.072
0.057
0.072
0.072
0.068
0.072
0.072
0.057
0.072
0.072
0.072
0.072
0.072
0.072
0.072
0.072
0.066
0.072
0.072
0.072
0.072
0.072
0.068
0.072
0.072
0.072
0.072
0.072
0.068
0.072
0.072
0.071
0.072
0.072
0.069
0.072
0.072
0.069
0.072
0.072
0.072
0.072
0.072
0.072
0.069
0.072
-2.738
0.072
0.072
0.072
0.072
0.072
0.072
0.072
0.072
-3.409
0.072
0.072
0.068
0.072
0.072
0.058
0.069
0.072
0.072
0.057
0.068
0.057
0.068
0.072
0.072
0.072
0.072
0.072
0.072
0.072
0.072
0.072
0.072
0.072
0.072
0.072
0.069
0.059
0.072
0.069
0.072
0.068
0.071
0.072
0.069
0.072
0.072
0.072
0.072
0.072
0.072
0.072
0.072
0.072
0.069
0.072
0.072
0.072
0.072
0.072
0.070
0.072
0.072
0.072
0.068
0.072
0.072
0.072
0.072
-1.640
0.072
0.072
0.072
0.072
0.059
0.072
0.072
0.072
0.059
0.072
0.072
0.068
0.072
0.072
0.072
0.072
0.072
0.072
0.072
0.072
0.072
0.072
0.072
0.071
0.072
0.072
0.058
0.072
0.072
0.072
0.072
0.072
0.072
0.072
0.072
0.072
0.072
0.072
0.072
0.068
0.072
0.072
0.070
0.072
0.072
0.057
0.072
0.072
0.072
0.072
0.072
0.072
0.068
0.070
0.072
0.072
0.072
0.058
0.072
0.068
0.072
0.072
0.072
0.072
0.057
0.072
0.072
0.072
0.072
0.072
0.072
0.072
0.072
0.072
0.072
0.072
0.072
0.069
0.068
0.068
0.069
0.072
0.068
0.069
0.057
0.072
0.069
0.072
0.072
0.072
0.072
0.072
0.072
0.072
0.072
0.059
0.064
-1.682
0.069
0.072
0.072
0.069
0.062
0.072
0.057
-0.506
-0.506
-0.506
-0.417
-0.417
-0.417
0.068
0.072
0.072
0.072
0.072
0.072
0.072
0.068
0.072
0.072
0.072
0.072
0.072
0.072
0.072
0.068
0.072
0.072
0.072
0.058
0.072
0.068
0.072
0.072
0.072
0.072
0.072
0.072
0.072
0.072
0.072
0.071
0.072
0.068
0.066
0.072
0.072
0.072
0.071
0.069
0.069
0.067
0.072
0.072
0.072
-1.640
0.069
0.070
0.072
0.072
-1.681
0.072
0.072
0.072
0.072
0.072
0.072
0.072
0.072
0.072
0.072
0.072
0.072
0.072
0.072
0.069
0.072
0.072
0.072
0.069
0.072
0.072
0.072
0.072
0.062
0.072
0.072
0.072
0.072
0.072
0.069
0.072
0.072
0.072
0.072
0.072
0.072
0.072
0.072
0.072
0.072
0.072
0.072
0.072
0.072
0.057
0.072
0.072
0.072
0.072
0.072
0.055
0.072
0.072
0.057
0.072
0.072
0.072
0.072
0.072
0.072
0.072
0.072
0.069
0.072
0.072
0.072
0.072
0.072
0.072
0.072
0.072
0.072
0.072
0.072
0.059
0.072
0.069
0.070
0.072
0.072
0.072
0.072
0.072
0.071
0.072
0.072
0.072
0.072
0.072
0.072
0.072
0.072
0.072
-1.823
0.072
0.072
0.072
0.072
0.072
0.072
0.072
0.072
0.068
0.072
0.072
0.072
0.072
0.072
0.072
0.072
0.066
0.066
0.072
-1.707
0.072
0.072
0.072
0.072
0.072
0.069
0.068
0.069
0.069
0.072
0.072
0.071
0.072
0.072
0.072
0.072
0.072
0.069
0.072
0.069
0.072
-1.271
-1.778
-1.237
-1.237
-1.237
-1.830
-1.300
-1.363
-1.506
-1.300
-1.237
-1.237
0.072
0.072
0.072
0.072
0.072
0.069
0.072
0.072
-1.671
0.072
0.072
0.072
0.058
0.072
0.070
-2.090
-1.269
-1.269
-2.020
-2.020
-2.020
