fixedStep chrom=ENSGT00390000006836 start=1 step=1
0.000
0.000
0.000
0.048
0.045
0.048
0.048
0.048
0.048
0.048
0.048
0.048
0.048
0.048
0.048
0.048
0.048
0.048
0.048
0.048
0.048
0.048
0.048
0.048
0.048
0.048
0.048
0.048
0.048
0.048
0.048
0.048
0.048
0.048
0.048
0.048
0.048
0.048
0.048
0.048
0.048
0.048
0.048
0.048
0.048
0.048
0.048
0.048
0.048
0.048
0.048
0.048
0.035
0.045
0.048
0.047
0.048
0.048
0.048
0.048
0.048
0.048
0.048
0.045
0.048
0.048
0.048
0.048
0.048
0.048
0.048
0.048
0.048
0.048
0.048
0.048
0.048
0.048
0.048
0.048
0.048
0.048
0.048
0.048
0.048
0.048
0.048
-1.712
-1.707
-2.839
-2.301
-2.543
-1.707
0.000
0.000
0.000
0.000
0.000
0.000
0.000
0.000
0.000
0.000
0.000
0.000
0.000
0.000
0.000
0.000
0.000
0.000
0.000
0.000
0.000
0.000
0.000
0.000
0.048
0.048
0.045
0.048
0.048
0.048
0.048
0.048
0.048
0.048
0.035
0.047
0.045
0.048
0.045
0.048
0.048
0.048
0.048
0.048
0.048
0.047
0.048
0.048
0.048
0.048
0.048
0.048
0.048
0.045
0.045
0.048
0.048
0.045
0.048
0.048
0.048
0.048
0.048
0.048
0.048
0.048
0.048
0.048
0.048
0.048
0.048
0.045
0.048
0.048
0.048
0.048
0.048
0.048
0.048
0.048
0.048
0.048
0.048
0.048
0.045
0.048
0.045
0.048
0.048
0.048
0.048
0.048
0.048
0.048
0.048
0.048
0.048
0.048
0.044
0.048
0.048
0.048
0.048
0.048
0.048
0.048
0.048
0.048
0.048
0.048
0.048
0.047
0.048
0.048
0.048
0.048
0.048
0.048
0.048
0.048
0.048
0.048
0.042
0.048
0.048
0.048
0.048
0.048
0.048
0.048
0.048
0.035
0.048
0.048
0.047
0.048
0.048
0.048
0.048
0.048
0.048
0.048
0.048
0.048
0.048
0.048
0.048
0.048
0.045
0.045
0.048
0.045
0.048
0.048
0.048
0.048
0.048
0.048
0.048
0.048
0.048
0.048
0.048
0.048
0.035
0.048
0.045
0.048
0.048
0.048
0.048
0.048
0.048
0.048
0.048
0.048
0.048
0.048
0.048
0.048
0.048
0.048
0.048
0.048
0.048
0.048
0.048
0.048
0.048
0.048
0.047
0.048
0.048
0.045
0.045
0.048
0.048
0.048
0.048
0.048
0.048
0.048
0.048
0.048
0.048
0.048
0.048
0.048
0.048
0.048
0.048
0.048
0.048
0.048
0.048
0.048
0.048
0.048
0.048
0.048
0.048
0.048
0.048
0.048
0.048
0.048
0.045
0.047
0.047
0.039
0.048
0.048
0.048
0.048
0.048
0.048
0.048
0.048
0.048
0.048
0.048
0.048
0.047
0.048
0.048
0.046
0.048
0.048
0.048
0.048
0.048
0.048
0.048
0.048
0.048
0.045
0.048
0.048
0.048
0.045
0.045
0.048
0.048
0.048
0.048
0.048
0.048
0.048
0.048
0.048
0.048
0.048
0.048
0.048
0.048
0.048
0.048
0.048
0.048
0.048
0.048
0.048
0.048
0.048
0.048
0.045
0.048
0.048
0.048
0.048
0.048
0.048
0.048
0.048
0.048
0.048
0.035
0.048
0.048
0.048
0.048
0.048
0.048
