fixedStep chrom=ENSGT00550000074895 start=1 step=1
0.071
0.071
0.071
0.068
0.064
0.071
0.071
0.071
0.076
0.071
0.091
0.086
0.091
0.091
0.091
0.082
0.091
0.091
0.091
0.091
0.091
-0.009
-0.009
-0.009
0.091
0.091
0.091
0.089
0.086
0.090
0.091
0.086
0.083
0.089
0.091
0.085
0.091
0.091
0.089
0.090
0.091
0.085
0.091
0.091
0.089
0.091
0.091
0.091
0.091
0.091
0.066
0.091
0.091
0.086
0.091
0.091
0.091
0.071
0.091
0.067
0.091
0.090
0.091
0.091
0.091
0.085
0.087
0.091
0.087
0.086
0.086
0.071
0.091
0.091
0.083
0.086
0.091
0.090
0.091
0.091
0.091
0.071
0.091
0.091
0.091
0.091
0.091
0.091
0.091
0.089
0.091
0.091
0.091
0.091
0.091
0.091
0.091
0.091
0.086
0.091
0.091
0.091
0.091
0.091
0.089
0.091
0.091
0.090
0.091
0.091
0.091
0.091
0.091
0.091
0.091
0.091
0.091
0.091
0.091
0.085
0.091
0.091
0.091
0.091
0.091
0.091
0.091
0.091
0.091
0.091
0.091
0.091
0.086
0.087
0.091
0.091
0.091
0.091
0.091
0.091
0.091
0.091
0.089
0.075
0.091
0.091
0.085
0.091
0.091
0.090
0.086
0.091
0.091
-0.952
-0.954
-0.954
0.091
0.091
0.066
0.091
0.091
0.091
0.091
0.091
0.087
0.091
0.091
0.091
0.091
0.089
0.091
0.091
0.091
0.091
0.091
0.091
0.091
0.086
0.091
0.090
0.086
0.091
0.091
0.091
0.091
0.091
-0.954
-0.954
-0.954
0.091
0.082
0.091
0.082
0.091
0.091
0.091
0.082
0.085
0.071
0.091
0.086
0.091
0.091
0.091
0.091
0.091
0.091
0.091
0.091
0.091
0.085
0.091
0.091
0.091
0.091
0.091
0.091
0.091
0.090
0.091
0.091
0.090
0.085
0.086
0.090
0.091
0.091
0.091
0.091
0.091
0.091
0.091
0.091
0.091
0.091
0.091
0.091
0.090
0.091
0.091
0.091
0.071
0.090
0.091
0.091
0.086
0.091
0.091
0.091
0.089
0.081
0.091
0.091
0.091
0.089
0.091
0.091
0.091
0.091
0.091
0.091
0.091
0.090
0.091
0.082
0.091
0.090
0.091
0.091
0.091
0.089
0.091
0.091
0.091
0.091
0.091
0.090
0.091
0.070
0.091
0.087
0.091
0.091
0.091
0.091
0.091
0.091
0.091
0.091
0.089
0.091
0.091
0.091
0.091
0.091
0.091
0.091
0.091
0.091
0.091
0.091
0.091
0.091
0.091
0.091
0.091
0.091
0.091
0.089
0.081
0.091
0.067
0.091
0.091
0.091
0.091
0.091
0.090
0.091
0.091
0.091
0.091
0.071
0.091
0.091
0.091
0.091
0.091
0.091
0.091
0.091
0.091
0.091
0.079
0.091
0.091
0.089
0.091
0.091
0.091
0.091
0.091
0.091
0.091
0.086
0.091
0.091
0.091
0.091
0.091
0.091
0.091
0.091
0.088
0.091
0.091
0.091
0.091
0.091
0.091
0.091
0.091
0.091
0.091
0.089
0.090
0.091
0.091
0.091
0.091
0.091
0.090
0.067
0.091
0.089
0.089
0.086
0.090
0.091
0.091
0.091
0.091
0.091
0.091
0.091
0.091
0.088
0.091
0.091
0.091
0.091
0.090
0.091
0.091
0.091
0.091
0.091
0.091
0.091
0.091
0.091
0.091
0.091
0.091
0.089
0.091
0.067
0.091
0.091
0.091
0.086
0.091
0.091
0.091
0.086
0.091
0.082
0.091
0.091
0.090
0.091
0.091
0.090
0.091
0.091
0.086
0.091
0.079
0.085
-0.954
-0.954
-0.962
0.085
0.091
0.088
0.088
0.091
0.091
0.091
0.091
0.091
0.091
0.091
0.091
0.091
0.091
0.091
0.082
0.091
0.091
0.091
0.091
0.067
0.067
0.067
0.067
0.091
0.091
0.088
0.067
0.086
0.066
-1.717
0.086
0.067
0.079
0.086
0.067
0.086
0.091
0.091
-1.143
0.091
0.086
0.091
0.091
0.066
0.089
0.086
0.086
0.086
0.091
0.074
0.086
0.071
-2.405
-1.762
0.086
0.091
0.089
0.067
0.090
