fixedStep chrom=ENSGT00510000047351 start=1 step=1
0.071
0.071
0.071
0.071
0.071
0.071
0.071
0.071
0.069
0.069
0.071
0.057
0.061
0.061
0.061
0.061
0.069
0.061
0.071
0.069
0.066
0.067
0.061
0.061
0.071
0.056
0.061
0.061
0.065
0.070
0.050
0.071
0.056
0.050
0.071
0.062
0.071
0.071
0.069
0.061
0.061
0.061
-0.169
-0.169
-0.169
-0.169
-0.169
-0.169
0.071
0.071
0.071
0.056
0.071
0.071
0.071
0.071
0.067
0.071
0.071
0.070
0.071
0.071
0.071
0.065
0.071
0.071
0.071
0.071
0.071
0.071
0.071
0.053
0.071
0.065
0.065
0.067
0.071
0.071
0.071
0.071
0.071
0.071
0.071
0.071
0.071
0.070
0.053
0.071
0.071
0.070
0.059
0.060
0.071
0.064
0.053
0.055
0.071
0.071
0.071
0.071
0.071
0.071
0.071
0.071
0.071
0.071
0.071
0.071
0.071
0.069
0.071
0.071
0.071
0.071
0.071
0.071
0.071
0.067
0.053
0.065
0.071
0.071
0.061
0.067
0.071
0.053
0.067
0.071
0.070
0.069
0.059
0.053
0.061
0.065
0.058
-0.169
-0.169
-0.169
0.071
0.071
0.070
0.071
0.071
0.071
0.071
0.065
0.060
0.071
0.071
0.071
0.071
0.071
0.069
0.071
0.071
0.067
0.071
0.071
0.071
0.071
0.071
0.062
0.071
0.071
0.071
0.071
0.071
0.071
0.071
0.071
0.071
0.071
0.071
0.069
0.071
0.071
0.060
0.071
0.071
0.071
0.071
0.071
0.071
0.071
0.071
0.071
0.071
0.071
0.071
0.071
0.071
0.071
0.071
0.071
0.071
0.071
0.071
0.071
0.071
0.071
0.069
0.071
0.071
0.070
0.071
0.071
0.062
0.071
0.071
0.070
0.071
0.071
0.069
0.071
0.071
0.071
0.071
0.071
0.070
0.071
0.071
0.071
0.071
0.071
0.071
0.068
0.071
0.071
0.071
0.071
0.071
0.071
0.071
0.070
0.071
0.071
0.071
0.071
0.071
0.071
0.071
0.071
0.060
0.053
0.071
0.071
0.071
0.071
0.068
0.071
0.071
0.060
0.071
0.071
0.059
0.071
0.071
0.053
0.069
0.071
0.071
0.067
0.069
0.071
0.067
0.071
0.069
0.071
0.071
0.070
0.071
0.067
0.060
0.071
0.071
0.071
0.071
0.071
0.067
0.071
0.071
0.071
0.071
0.071
0.071
0.071
0.071
0.071
0.071
0.071
0.070
0.071
0.071
0.069
0.071
0.071
0.070
0.071
0.071
0.071
0.071
0.071
0.071
0.071
0.071
0.071
0.071
0.071
0.071
0.071
0.071
0.071
0.065
0.071
0.067
0.071
0.071
0.071
0.053
0.066
0.071
0.071
0.071
0.071
0.071
0.071
0.069
0.071
0.071
0.071
0.071
0.071
0.070
0.071
0.071
0.071
0.071
0.071
0.071
0.071
0.071
0.071
0.071
0.071
0.071
0.071
0.071
0.071
0.071
0.071
0.067
0.071
0.071
0.069
0.071
0.071
0.071
0.053
0.053
0.071
0.071
0.071
0.069
0.071
0.071
0.071
0.071
0.071
0.070
0.067
0.071
0.071
0.071
0.071
0.071
0.071
0.071
0.071
0.067
0.071
0.071
0.053
0.071
0.071
0.071
0.071
0.067
0.071
0.071
0.071
0.053
0.071
0.071
0.062
0.071
0.071
0.071
0.071
0.071
0.071
0.071
0.060
0.065
0.071
0.071
0.071
0.071
0.067
0.062
0.062
0.062
0.062
0.062
0.060
0.062
0.062
0.062
0.062
0.062
0.062
0.062
0.059
0.062
0.062
0.062
0.057
0.062
0.062
0.059
0.062
0.062
0.062
0.062
0.062
0.048
0.062
0.062
0.054
0.062
0.062
0.062
0.062
0.062
0.062
0.062
0.062
0.059
0.062
0.062
0.062
0.059
0.054
0.062
0.054
0.062
0.060
0.062
0.062
0.062
0.048
0.062
0.059
0.062
0.062
0.061
0.060
0.062
0.062
0.062
0.062
0.062
0.062
0.062
0.062
0.062
0.062
0.060
0.059
0.062
0.062
0.062
0.062
0.062
0.060
0.062
0.062
0.062
0.062
0.062
0.062
0.062
0.059
0.062
0.062
0.062
0.062
0.062
0.062
0.062
0.062
0.059
0.062
0.062
0.062
0.062
0.062
0.048
0.062
0.062
0.062
0.062
0.062
0.062
0.062
0.062
0.062
0.062
0.062
0.060
0.062
0.062
0.059
0.062
0.062
0.060
0.062
0.062
0.049
0.060
0.062
0.062
0.062
0.062
0.060
0.062
0.062
0.052
0.062
0.062
0.062
0.053
0.062
-2.451
0.062
0.062
0.060
0.062
0.062
0.062
0.071
0.071
0.071
0.071
0.071
0.071
0.071
0.071
0.071
0.071
0.065
0.071
0.071
0.071
0.071
0.071
0.071
0.071
0.071
0.071
0.065
0.071
0.071
0.071
0.071
0.071
0.071
0.071
0.071
0.071
0.071
0.071
0.071
0.071
0.071
0.071
0.071
0.071
0.071
0.071
0.071
0.071
0.071
0.071
0.071
0.071
0.071
0.071
0.071
0.071
0.071
0.071
0.071
0.071
0.071
0.071
0.050
0.071
0.071
0.071
0.071
0.071
0.061
0.071
0.071
0.071
0.069
0.071
0.071
0.071
0.071
0.067
0.071
0.071
0.071
0.071
0.071
0.062
0.071
0.071
0.071
0.071
0.071
0.071
0.071
0.070
0.069
0.071
0.071
0.071
0.070
0.071
0.071
0.069
0.070
0.064
0.071
0.071
0.071
0.071
0.071
0.070
0.071
0.071
0.057
0.071
0.071
0.057
0.071
0.071
0.069
0.071
0.071
-3.037
0.071
0.071
0.071
0.071
0.071
0.069
0.071
0.071
0.071
0.071
0.071
0.071
0.071
0.071
0.071
0.071
0.071
0.067
0.071
0.068
0.071
0.070
0.071
0.071
0.071
0.071
0.071
0.071
0.071
0.071
0.071
0.071
0.071
0.071
0.071
0.071
