fixedStep chrom=ENSGT00390000012331 start=1 step=1
0.000
0.000
0.000
0.000
0.000
0.000
0.000
0.000
0.000
0.000
0.000
0.000
0.000
0.000
0.000
0.000
0.000
0.000
0.000
0.000
0.000
0.000
0.000
0.000
0.000
0.000
0.000
0.000
0.000
0.000
0.000
0.000
0.000
0.000
0.000
0.000
0.000
0.000
0.000
0.000
0.000
0.000
0.000
0.000
0.000
0.000
0.000
0.000
0.000
0.000
0.000
0.000
0.000
0.000
0.000
0.000
0.000
0.000
0.000
0.000
0.000
0.000
0.000
0.000
0.000
0.000
0.000
0.000
0.000
0.000
0.000
0.000
0.000
0.000
0.000
0.000
0.000
0.000
0.000
0.000
0.000
0.000
0.000
0.000
0.000
0.000
0.000
0.000
0.000
0.000
0.000
0.000
0.000
-1.532
-1.525
-1.533
-1.533
-1.525
-1.533
-1.533
-1.533
-1.533
-1.525
-1.525
-1.533
-1.532
-1.532
-1.533
-1.533
-1.532
-1.533
-1.532
-1.533
-1.533
0.069
0.069
0.067
0.069
0.069
0.069
0.069
0.069
0.067
0.069
0.069
0.069
0.069
0.069
0.069
0.066
0.069
0.069
0.067
0.069
0.069
0.069
0.069
0.063
0.069
0.069
0.069
0.069
0.069
0.069
0.069
0.069
0.069
0.069
0.069
0.069
0.069
0.069
0.069
0.069
0.069
0.069
0.069
0.069
0.068
0.069
0.069
0.069
0.069
0.069
0.059
0.069
0.069
0.066
0.069
0.069
0.069
0.069
0.069
0.069
0.069
0.069
0.059
0.069
0.069
0.058
0.066
0.069
0.069
0.063
0.069
0.067
0.069
0.069
0.069
0.069
0.069
0.069
0.069
0.069
0.064
0.069
0.069
0.069
0.069
0.069
-1.359
0.069
0.069
0.067
0.069
0.069
0.069
0.067
0.069
0.064
0.066
0.069
0.067
0.069
0.069
0.069
0.069
0.069
0.068
0.067
0.069
0.067
0.069
0.069
0.069
0.069
0.069
0.063
0.069
0.069
0.056
0.069
0.069
0.069
0.069
0.069
0.067
-2.202
0.069
0.069
0.069
0.069
0.059
0.069
0.069
0.069
0.069
0.069
0.069
0.069
0.069
0.069
0.069
0.069
0.069
0.069
0.069
0.069
0.069
0.069
0.069
0.069
0.069
0.068
0.069
0.069
0.069
0.069
0.069
0.069
0.069
0.069
0.064
0.069
0.069
0.069
0.069
0.069
-0.888
0.069
0.069
0.069
0.069
0.069
0.069
0.069
0.069
0.069
0.069
0.069
0.069
0.069
0.069
0.069
0.069
0.069
0.069
0.069
0.069
0.069
0.061
0.069
0.069
0.069
0.069
0.066
0.069
0.069
0.068
0.069
0.069
0.069
0.069
0.069
0.066
0.069
0.069
0.069
0.069
0.069
0.069
0.069
0.069
0.069
0.069
0.069
0.069
0.069
0.069
0.069
0.069
0.069
0.069
0.069
0.069
0.063
0.069
0.069
0.066
0.069
0.069
0.064
0.069
0.069
0.069
0.069
0.069
0.063
0.069
0.069
0.069
0.068
0.069
0.069
0.069
0.069
0.067
0.069
0.069
0.069
0.069
0.069
0.069
0.069
0.069
0.069
0.064
0.069
0.067
0.069
0.069
0.069
0.069
0.069
0.069
0.064
0.069
0.059
0.069
0.069
0.066
0.069
0.069
0.069
0.069
0.069
0.069
0.069
0.069
0.069
0.069
0.069
0.063
0.069
0.069
0.069
0.067
0.069
0.069
0.069
0.069
-2.181
0.069
0.069
0.069
0.069
0.069
0.069
0.069
0.069
0.069
0.069
0.069
0.059
0.069
0.069
0.069
0.069
0.069
0.069
0.069
0.069
0.069
0.069
0.069
0.069
0.069
0.069
0.069
0.069
0.069
0.069
0.069
0.069
0.063
0.069
0.069
0.064
0.069
0.068
0.069
0.069
0.069
0.069
0.069
0.069
0.069
0.069
0.069
0.063
0.069
0.069
0.067
0.069
0.069
0.063
0.069
0.069
0.069
0.069
0.069
0.069
0.069
0.069
0.069
0.069
0.069
0.064
0.064
0.069
0.064
0.069
0.069
0.069
0.069
0.069
0.069
0.069
0.069
0.069
0.069
0.069
0.069
0.067
0.069
0.069
0.064
0.069
0.069
0.069
-0.908
0.069
0.069
0.069
0.067
0.069
0.069
0.069
0.069
0.069
0.069
0.069
0.069
0.064
0.069
0.069
0.069
0.069
0.069
-0.908
0.069
0.069
0.068
0.069
0.069
0.061
0.069
0.069
0.056
0.069
0.069
0.069
0.069
0.069
0.069
0.069
0.069
0.069
-0.888
0.069
0.066
0.069
0.069
0.069
0.068
0.069
0.069
0.069
0.069
0.069
0.069
0.069
0.069
-0.908
-0.901
0.064
0.000
0.000
0.000
0.000
0.000
0.000
0.000
0.000
0.000
0.000
0.000
0.000
0.000
0.000
0.000
0.000
0.000
0.000
0.000
0.000
0.000
-3.081
-3.077
-7.887
-1.789
-1.790
-2.330
-3.166
0.053
0.062
-1.605
-1.607
0.058
0.053
0.058
-1.607
0.064
0.069
0.053
-1.901
-1.304
-1.879
-1.901
-1.073
-4.309
-2.227
-2.227
-2.227
-2.227
-2.227
-2.227
-2.227
-2.224
-2.227
-2.227
-2.227
-2.594
