fixedStep chrom=ENSGT00390000011355 start=1 step=1
0.077
0.077
0.077
0.077
0.077
0.077
0.077
0.077
0.070
0.077
0.077
0.077
0.077
0.077
0.076
0.077
0.077
0.077
0.077
0.077
0.077
0.077
0.077
0.077
0.076
0.077
0.074
0.077
0.077
0.077
0.077
0.077
0.077
0.077
0.077
0.077
0.077
0.077
0.077
0.077
0.077
0.077
0.077
0.065
0.077
0.077
0.077
0.077
0.077
0.065
0.077
0.077
0.077
0.077
0.077
0.077
0.077
0.077
0.077
0.077
0.077
0.071
0.077
0.077
0.077
0.073
0.077
0.077
0.077
0.077
0.077
0.077
0.077
0.077
0.077
0.077
0.077
0.066
0.077
0.077
0.077
0.077
0.077
0.073
0.077
0.077
0.077
0.077
0.077
0.077
0.077
0.077
0.077
0.077
0.077
0.077
0.077
0.077
0.077
0.077
0.077
0.077
0.077
0.077
0.077
0.077
0.077
0.077
0.077
0.077
0.077
0.077
0.077
0.077
0.077
0.077
0.077
0.077
0.077
0.074
0.077
0.077
0.077
0.077
0.077
0.077
0.077
0.077
0.073
0.077
0.077
0.077
0.077
0.077
0.077
0.076
0.077
0.057
0.077
0.077
0.077
0.077
0.077
0.074
0.077
0.077
0.077
0.077
0.077
0.077
0.077
0.077
0.077
0.077
0.077
0.074
0.077
0.077
0.073
0.077
0.077
0.075
0.077
0.077
0.077
0.077
0.077
0.077
0.077
0.077
0.074
0.077
0.077
0.069
0.077
0.077
0.077
0.077
0.077
0.077
0.077
0.077
0.077
0.077
0.077
0.077
0.077
0.077
0.077
0.077
0.077
0.077
0.077
0.077
0.077
0.077
0.077
0.077
0.077
0.077
0.077
0.057
0.077
0.057
0.077
0.077
0.077
0.077
0.077
0.077
0.077
0.077
0.075
0.077
0.077
0.074
0.077
0.077
0.075
0.077
0.077
0.077
0.077
0.077
0.077
0.077
0.077
0.070
0.077
0.077
0.077
0.077
0.077
0.077
0.077
0.077
0.076
0.077
0.077
0.077
0.077
0.077
0.075
0.077
0.077
0.077
0.077
0.077
0.073
0.077
0.077
0.070
0.077
0.077
0.077
0.077
0.077
0.077
0.077
0.077
0.077
0.077
0.077
0.077
0.077
0.077
0.073
0.077
0.077
0.076
0.077
0.077
0.072
0.077
0.077
0.075
0.077
0.077
0.070
0.077
0.077
0.075
0.074
0.077
0.074
0.077
0.077
0.077
0.077
0.077
0.077
0.077
0.077
0.075
0.077
0.077
0.077
0.077
0.077
0.077
0.076
0.077
0.077
0.073
0.077
0.077
0.077
0.077
0.074
0.077
0.077
0.075
0.077
0.077
0.073
0.074
0.077
0.074
0.077
0.077
0.077
0.077
0.077
0.077
0.077
0.077
0.077
0.077
0.077
0.077
0.077
0.077
0.077
0.077
0.077
0.077
0.077
0.077
0.057
0.077
0.077
0.077
0.077
0.077
0.077
0.077
0.077
0.071
0.077
0.077
0.075
0.077
0.077
0.073
0.077
0.077
0.077
0.077
0.077
0.075
0.077
0.077
0.077
0.077
0.077
0.077
0.077
0.077
0.075
0.077
0.077
0.077
0.077
0.077
0.076
0.077
0.077
0.077
0.077
0.077
0.077
0.077
0.077
0.075
0.077
0.077
0.071
0.077
0.077
0.077
0.077
0.077
0.077
0.077
0.077
0.073
0.077
0.077
0.077
0.077
0.077
0.077
0.077
0.077
0.077
0.077
0.077
0.077
0.077
0.077
0.075
0.077
0.077
0.077
0.077
0.077
0.076
0.077
0.077
0.077
0.077
0.077
0.077
0.077
0.077
0.075
0.077
0.077
0.077
0.077
0.077
0.077
0.077
0.077
0.077
0.077
0.077
0.077
0.077
0.077
0.077
0.077
0.077
0.076
0.077
0.077
0.074
0.077
0.077
0.074
0.077
0.077
0.077
0.077
0.077
0.075
0.077
0.077
0.070
0.077
0.077
0.077
0.077
0.077
0.065
0.077
0.077
0.077
0.077
0.077
0.073
0.077
0.077
0.077
0.077
0.077
0.077
0.077
0.077
0.075
0.077
0.077
0.077
0.077
0.077
0.077
0.077
0.077
0.077
0.077
0.077
0.077
0.077
0.077
0.074
0.077
0.077
0.077
0.077
0.077
0.073
0.077
0.077
0.077
0.077
0.077
0.077
0.077
0.077
0.067
0.077
0.077
0.075
0.077
0.077
0.077
0.077
0.077
0.077
0.077
0.077
0.065
0.077
0.077
0.077
0.077
0.077
0.077
0.077
0.077
0.077
0.077
0.077
0.077
0.077
0.077
0.066
0.077
0.077
0.077
0.077
0.077
0.072
0.077
0.077
0.077
0.077
0.075
0.077
0.077
0.077
0.077
0.077
0.077
0.077
0.077
0.077
0.077
0.077
0.077
0.077
0.077
0.077
0.077
0.077
0.077
0.074
0.077
0.077
0.077
0.077
0.077
0.077
0.077
0.077
0.075
0.077
0.077
0.077
0.077
0.077
0.077
0.077
0.077
0.077
0.077
0.077
0.069
0.077
0.077
0.074
0.077
0.077
0.077
0.077
0.077
0.073
0.077
0.077
0.077
0.077
0.077
0.077
0.077
0.077
0.077
0.077
0.077
0.065
0.075
0.077
-2.087
0.077
0.077
0.077
0.077
0.077
0.077
0.077
0.077
0.066
0.077
0.077
0.074
0.077
0.077
0.077
0.077
0.077
0.073
0.054
0.077
0.055
0.077
0.077
0.073
0.077
0.077
0.075
0.077
0.077
0.077
0.077
0.077
0.077
0.077
0.077
0.077
0.077
0.077
0.077
0.077
0.077
0.077
0.077
0.077
0.077
0.077
0.077
0.077
0.077
0.074
0.077
0.077
0.077
0.077
0.077
0.077
0.077
0.077
0.077
0.077
0.077
0.077
0.060
0.077
0.077
0.077
0.077
0.077
0.074
0.077
0.077
0.077
0.077
0.077
0.074
0.077
0.077
0.076
0.077
0.071
0.070
0.071
0.070
0.070
0.070
0.070
0.066
0.070
0.071
0.069
0.070
0.071
0.070
0.070
0.070
0.070
0.071
0.070
0.070
0.070
0.071
0.070
0.071
0.070
0.069
0.057
0.070
0.070
0.071
0.070
0.066
0.070
0.070
0.062
0.071
0.070
-2.251
0.071
0.071
0.071
0.070
0.070
0.049
0.070
0.071
0.071
0.070
0.070
0.071
0.071
0.071
0.071
0.070
0.071
0.071
0.071
0.070
0.064
0.070
0.070
0.071
0.070
0.071
0.071
0.071
0.070
0.068
0.070
0.071
0.049
0.071
0.071
0.063
0.071
0.070
0.068
0.071
0.070
0.071
0.070
0.071
0.071
0.071
0.070
0.070
0.077
0.077
0.076
0.077
0.077
0.077
0.077
0.077
0.077
0.077
0.077
0.077
0.077
0.077
0.071
0.077
0.077
0.077
0.077
0.077
0.077
0.077
0.077
0.077
0.077
0.077
0.077
0.077
0.077
0.077
0.077
0.077
0.077
0.077
0.077
0.074
0.077
0.077
0.075
0.077
0.077
0.057
0.077
0.077
0.077
0.077
0.073
0.077
0.077
0.077
0.075
0.077
0.077
0.077
0.077
0.077
0.077
0.077
0.077
0.077
0.077
0.077
0.077
0.077
0.077
0.057
0.077
0.077
0.077
0.077
0.077
0.077
0.077
0.077
0.071
0.077
0.077
0.077
0.077
0.077
-2.253
0.077
0.077
0.066
0.077
0.077
0.077
0.077
0.077
0.074
0.077
0.077
0.067
0.077
0.077
0.077
0.077
0.077
0.075
0.077
0.077
0.077
0.077
0.077
0.077
0.077
0.077
0.077
0.071
0.077
0.077
0.077
0.077
0.073
0.077
0.077
0.074
0.077
0.077
0.073
0.077
0.074
0.077
0.077
0.077
0.077
0.077
0.077
0.069
0.077
0.077
0.077
0.069
0.077
0.077
0.077
0.077
0.075
0.077
0.077
0.074
0.077
0.056
0.077
0.074
0.077
0.077
-1.501
0.077
0.073
0.071
0.077
0.053
0.077
0.077
0.077
0.077
0.077
0.072
0.077
0.077
0.069
0.066
0.077
0.075
0.077
0.077
0.076
0.077
0.077
0.070
0.077
0.077
0.077
0.077
0.077
0.077
0.077
0.077
0.077
0.077
0.077
0.077
0.077
0.077
0.076
0.077
0.077
0.077
0.077
0.077
0.077
0.077
0.077
0.074
0.077
0.077
0.077
0.077
0.077
0.057
0.077
0.077
0.057
0.077
0.077
0.061
0.077
0.077
0.074
0.077
0.077
0.054
0.077
0.077
0.056
0.077
0.077
0.076
0.077
0.077
0.077
0.077
0.077
0.055
0.077
0.077
0.075
-0.115
-0.115
-0.115
-1.260
-1.261
-1.261
0.077
0.077
0.077
0.066
0.066
0.077
0.074
0.077
0.061
0.077
0.077
0.076
0.077
0.077
0.077
0.077
0.077
0.059
0.077
0.066
-2.924
0.077
0.077
0.071
0.077
0.077
0.073
0.077
0.077
0.066
0.077
0.077
0.071
0.077
0.077
0.077
0.077
0.077
0.077
0.077
0.077
0.077
0.077
0.077
0.077
0.071
0.071
0.071
0.071
0.071
0.068
0.071
0.071
0.068
0.071
0.071
0.064
0.071
0.071
0.071
0.071
0.071
0.069
0.071
0.071
0.071
-0.172
-0.172
-0.172
-0.172
-0.172
-0.172
0.071
0.077
0.057
0.077
0.077
0.077
0.077
0.077
0.077
0.074
0.077
0.071
0.077
0.077
0.060
0.077
0.077
0.077
0.077
0.077
0.077
0.077
0.077
0.075
0.077
0.077
0.077
0.077
0.077
0.077
0.077
0.077
-2.217
0.077
0.077
0.075
0.077
0.077
0.077
0.077
0.077
0.077
0.077
0.077
0.077
0.077
0.077
0.070
0.077
0.077
0.071
0.077
0.077
0.077
0.077
0.077
0.073
0.077
0.077
0.074
0.077
0.077
0.075
0.077
0.077
0.077
0.077
0.077
0.074
0.077
0.077
0.069
0.077
0.077
0.077
0.077
0.077
0.077
0.077
0.077
0.068
0.077
0.077
0.076
0.077
0.077
0.077
0.077
0.077
0.077
0.077
0.077
0.077
0.077
0.077
0.077
0.077
0.077
0.077
0.077
0.077
0.077
0.077
0.077
0.077
0.077
0.077
0.077
0.077
0.077
0.075
0.077
0.077
0.077
0.077
0.077
0.077
0.077
0.077
0.074
0.077
0.077
0.069
0.077
0.077
0.077
0.077
0.077
0.077
0.077
0.077
0.077
0.077
0.077
0.077
0.077
0.077
0.077
0.077
0.077
0.077
0.077
0.077
0.077
0.077
0.077
0.077
0.077
0.077
0.077
0.077
0.077
0.077
0.077
0.077
0.077
0.077
0.077
0.077
0.077
0.073
0.077
0.077
0.077
0.077
0.077
0.077
0.074
0.077
0.077
0.073
0.077
0.077
0.067
0.077
0.077
0.077
0.077
0.077
0.077
0.077
0.077
0.077
0.077
0.077
0.077
0.077
0.074
0.077
0.077
0.077
0.077
0.077
0.077
0.077
0.077
0.077
0.077
0.077
0.077
0.065
0.077
0.077
0.070
0.077
0.077
0.062
0.077
0.077
0.074
0.077
0.077
-2.093
0.077
0.077
0.076
0.077
0.077
0.077
0.077
0.077
0.073
0.077
0.077
0.074
0.077
0.077
0.077
0.077
0.077
0.065
0.077
0.077
0.077
0.077
0.077
0.075
0.077
0.077
-3.139
0.077
0.077
0.077
0.076
0.077
0.077
0.077
0.077
0.074
0.077
0.077
0.074
0.077
0.077
0.077
0.077
0.077
0.077
0.077
0.077
0.073
0.072
0.077
0.077
0.077
0.077
0.074
0.077
0.077
0.077
0.077
0.077
0.077
0.077
0.077
0.075
0.077
0.077
0.077
0.071
0.070
0.076
0.077
0.073
0.070
0.077
0.077
0.077
0.077
0.077
0.077
0.077
0.077
0.077
0.077
0.077
0.074
0.077
0.077
0.074
0.077
0.077
0.077
0.077
0.077
0.065
0.077
0.077
0.077
0.077
0.077
0.077
0.077
0.077
0.077
0.077
0.077
0.077
0.077
0.077
0.077
0.077
0.077
0.077
0.077
0.077
0.072
0.077
0.077
0.077
0.077
0.077
0.069
