fixedStep chrom=ENSGT00410000029455 start=1 step=1
0.035
0.035
0.035
0.035
0.035
0.035
0.035
0.035
0.035
0.035
0.035
0.035
0.035
0.035
0.035
0.027
0.035
0.035
0.035
0.035
0.035
0.035
0.035
0.035
0.035
0.035
0.028
0.034
0.035
0.035
0.035
0.027
0.035
0.035
0.035
0.035
0.035
0.035
0.035
0.035
0.035
0.035
0.035
0.035
0.035
0.035
0.035
0.035
0.035
0.035
0.035
0.035
0.035
0.035
0.035
0.035
0.035
0.033
0.035
0.035
0.035
0.035
0.035
0.034
0.035
0.035
0.035
0.035
0.035
0.035
0.035
0.035
0.034
0.035
0.035
0.035
0.035
0.035
0.035
0.035
0.027
0.035
0.035
0.035
0.035
0.035
0.035
0.032
0.035
0.035
0.035
0.035
0.035
0.035
0.035
0.035
0.035
0.033
0.033
0.035
0.035
0.035
0.035
0.035
0.035
0.035
0.035
0.035
0.035
0.035
0.035
0.035
0.035
0.035
0.035
0.035
0.035
0.035
0.035
0.035
0.035
0.035
0.035
0.035
0.035
0.032
0.035
0.035
0.035
0.035
0.035
0.035
0.035
0.035
0.035
0.035
0.035
0.035
0.035
0.035
0.035
0.035
0.035
0.035
0.035
0.035
0.035
0.035
0.035
0.035
0.032
0.035
0.035
0.035
0.035
0.035
0.035
0.035
0.035
0.035
0.035
0.035
0.035
0.035
0.035
0.035
0.034
0.035
0.035
0.035
0.035
0.035
0.035
0.035
0.035
0.035
0.035
0.035
0.032
0.035
0.035
0.035
0.035
0.032
0.035
0.035
0.035
0.035
0.033
0.035
0.035
0.035
0.035
0.035
0.035
0.035
0.035
0.035
0.035
0.035
0.035
0.035
0.035
0.035
0.035
0.035
0.035
0.035
0.035
0.035
0.035
0.035
0.035
0.035
0.035
0.035
0.035
0.035
0.032
0.035
0.035
0.035
0.035
0.035
0.035
0.035
0.035
0.035
0.035
0.035
0.035
0.035
0.035
0.035
0.035
0.035
0.035
0.035
0.035
0.035
0.035
0.035
0.035
0.035
0.035
0.035
0.035
0.035
0.035
0.035
0.035
0.035
0.035
0.035
0.035
0.035
0.035
0.035
0.035
0.035
0.035
0.035
0.035
0.035
0.035
0.035
0.032
0.035
0.035
0.035
0.035
0.035
0.035
0.035
0.035
0.035
0.028
0.035
0.035
-1.345
0.035
0.035
0.035
0.035
0.032
0.035
0.035
0.035
0.035
0.035
0.035
0.035
0.035
0.027
0.035
0.035
0.035
0.032
0.035
0.035
-0.820
-0.820
-0.820
-0.820
-0.820
-0.820
0.035
0.035
0.035
0.035
0.035
0.035
0.028
0.035
0.035
0.035
0.035
0.035
0.035
0.035
0.035
0.035
0.035
0.035
0.035
0.032
0.035
0.035
0.035
0.035
0.035
0.034
0.035
0.035
0.035
0.035
0.035
0.035
0.035
0.035
0.035
0.035
0.035
0.035
0.035
0.000
0.000
0.000
