fixedStep chrom=ENSGT00390000017819 start=1 step=1
0.055
0.055
0.055
0.055
0.055
0.055
0.055
0.055
0.049
0.055
0.055
0.055
0.055
0.055
0.055
0.055
0.055
0.055
0.055
0.055
0.055
0.055
0.055
0.055
0.055
0.055
0.055
0.055
0.055
0.055
0.055
0.055
0.051
0.055
0.055
0.054
0.055
0.055
0.055
0.055
0.055
0.055
0.055
0.055
0.054
0.055
0.055
0.054
0.055
0.055
0.055
0.055
0.055
0.055
0.055
0.055
0.053
0.055
0.055
0.055
0.055
0.055
0.055
0.055
0.055
0.055
0.055
0.055
0.055
0.055
0.055
0.053
0.055
0.055
0.055
0.055
0.055
0.045
0.055
0.055
0.055
0.055
0.055
0.054
0.055
0.055
0.051
0.055
0.055
0.055
0.055
0.055
0.055
0.055
0.055
0.055
0.055
0.055
0.055
0.055
0.055
0.055
0.055
0.055
0.054
0.055
0.055
0.053
0.055
0.055
0.054
0.055
0.055
-2.194
0.055
0.055
0.055
0.055
0.055
0.055
0.055
0.055
0.055
0.055
0.055
0.055
0.055
0.055
0.055
0.055
0.055
0.052
0.055
0.055
0.050
0.055
0.055
0.053
0.055
0.055
0.055
0.055
0.055
0.055
0.055
0.055
0.055
0.055
0.055
0.054
0.055
0.055
0.055
0.055
0.055
0.055
0.055
0.055
0.054
0.055
0.055
0.051
0.055
0.055
0.055
0.055
0.055
0.055
0.055
0.055
0.051
0.055
0.055
0.055
0.055
0.055
0.054
0.055
0.055
0.054
0.055
0.055
0.055
0.055
0.055
0.055
0.050
0.055
0.055
0.055
0.055
0.055
0.055
0.055
0.055
0.043
0.055
0.052
0.055
0.054
0.055
0.055
0.055
0.055
0.053
0.055
0.055
0.055
0.055
-2.528
0.055
0.055
0.053
0.052
0.055
0.055
0.055
0.047
0.055
0.055
0.053
0.055
0.055
0.055
0.055
0.055
0.055
0.054
0.055
0.055
0.055
0.055
0.055
0.052
0.055
0.055
0.052
0.055
0.055
0.055
0.055
0.055
0.055
0.055
0.055
0.055
0.055
0.055
0.055
0.055
0.055
0.055
0.055
0.055
0.055
0.055
0.055
0.055
0.055
0.055
0.055
0.055
0.055
0.055
0.055
0.055
0.055
0.055
0.055
0.055
0.055
0.055
0.055
0.055
0.055
0.055
0.055
0.055
0.055
0.055
0.055
0.055
0.055
0.055
0.051
0.055
0.055
0.055
0.055
0.055
-2.678
0.055
0.055
-1.996
0.055
0.055
0.054
0.055
0.055
0.055
0.055
0.055
0.055
0.055
0.055
0.055
0.055
0.055
0.055
0.055
0.055
0.055
0.055
0.055
0.053
0.055
0.055
0.055
0.055
0.055
0.049
0.055
0.055
0.045
0.055
0.055
0.053
0.055
0.055
0.053
0.055
0.055
0.055
0.055
0.055
0.055
0.055
0.055
0.055
0.055
0.055
0.055
0.055
0.055
0.055
0.055
0.055
0.053
0.055
0.055
0.055
0.055
0.055
0.055
0.055
0.055
0.055
0.055
0.055
0.052
0.055
0.055
0.055
0.055
0.043
0.055
0.055
0.055
0.055
0.055
0.055
0.055
0.055
0.055
0.055
0.055
0.055
0.055
0.055
0.055
0.055
0.054
0.055
0.047
0.055
0.055
0.055
0.055
0.055
0.055
0.055
0.055
0.044
0.055
0.055
0.055
0.055
0.055
0.055
0.053
0.055
0.055
0.055
0.055
0.055
0.055
0.055
0.054
0.055
0.055
0.055
0.055
0.055
0.055
0.055
0.055
0.055
0.055
0.055
0.053
0.055
0.055
0.055
0.055
0.055
0.055
0.055
0.055
0.055
0.055
0.055
0.054
0.055
0.055
0.055
0.055
0.049
0.055
0.055
0.055
0.055
0.055
0.055
0.055
0.055
0.055
0.055
0.055
0.055
0.055
0.055
0.055
0.055
0.055
0.055
0.055
0.055
0.055
0.055
0.055
0.055
0.055
0.055
0.055
0.055
0.055
0.055
0.055
0.055
0.055
0.055
0.055
0.055
0.055
0.055
0.055
0.055
0.055
0.055
0.055
0.055
0.055
0.055
0.055
0.055
0.055
0.055
0.055
0.053
0.055
0.055
0.042
0.055
0.055
0.055
0.055
0.055
0.055
0.055
0.055
0.055
0.055
0.055
0.043
0.055
0.055
0.055
0.055
0.055
0.055
0.055
0.055
0.055
0.055
0.055
0.052
0.055
0.055
0.055
0.055
0.055
0.051
0.055
0.055
0.055
0.055
0.055
0.055
0.055
0.055
0.054
0.055
0.055
0.052
0.055
0.055
0.055
0.055
0.055
0.052
0.055
0.055
0.055
0.055
0.055
0.040
0.055
0.055
0.054
0.055
0.055
0.055
0.055
0.055
0.055
0.055
0.055
0.055
0.055
0.055
0.055
0.055
0.055
0.053
0.055
0.055
0.050
0.055
0.055
0.040
0.055
0.055
0.055
0.055
0.055
0.055
0.055
0.055
0.052
0.055
0.055
0.052
0.055
0.055
0.055
0.053
0.055
0.047
0.055
0.055
0.055
0.055
0.055
0.055
0.055
0.055
0.055
0.055
0.055
0.055
0.055
0.055
0.053
0.055
0.055
0.052
0.055
0.055
0.055
0.055
0.055
0.055
0.055
0.055
0.055
0.055
0.053
0.055
0.055
0.055
0.055
0.055
0.055
0.055
0.055
0.055
0.053
0.055
0.055
0.052
0.055
0.055
0.042
0.055
0.055
0.055
0.055
0.055
0.055
0.055
0.055
0.055
0.054
0.055
0.054
0.055
0.055
0.055
0.055
0.055
0.055
0.055
0.055
0.055
0.055
0.055
0.055
0.055
0.055
0.055
0.055
0.055
0.055
0.055
0.055
0.055
0.055
0.055
0.055
0.055
0.055
0.055
0.055
0.055
0.053
0.055
0.055
0.055
0.055
0.055
0.053
0.055
0.055
0.055
0.055
0.055
0.054
0.055
0.055
0.045
0.055
0.055
0.055
0.055
0.055
0.053
0.055
0.055
0.055
0.055
0.055
0.054
0.055
0.055
0.055
0.055
0.055
0.055
0.055
0.055
0.053
0.055
0.055
0.055
0.055
0.055
0.055
0.055
0.055
0.055
0.055
0.055
0.053
0.055
0.055
0.055
0.054
0.055
0.055
0.055
0.055
0.055
0.055
0.055
0.051
0.055
0.055
0.055
0.055
0.055
0.055
0.055
0.055
0.055
0.055
0.055
0.055
0.055
0.055
0.055
0.055
0.055
0.042
0.055
0.055
0.055
0.055
0.055
0.055
0.055
0.055
0.055
0.055
0.055
0.055
0.055
0.055
0.055
0.055
0.055
0.055
0.055
0.055
0.049
0.055
0.055
0.055
0.055
0.055
0.055
0.055
0.055
0.052
0.051
0.055
0.052
0.047
0.055
0.043
0.055
0.055
0.055
0.053
0.055
0.055
0.055
0.055
0.045
0.055
0.055
0.053
0.055
0.055
0.055
0.055
0.055
0.055
0.055
0.055
0.055
0.055
0.055
0.043
0.055
0.055
0.045
0.055
0.055
0.055
0.055
0.055
0.055
0.055
0.055
0.055
0.055
0.055
0.053
0.055
0.055
0.055
0.055
0.055
0.054
0.055
0.055
0.051
