fixedStep chrom=ENSGT00390000014448 start=1 step=1
0.079
0.079
0.079
0.079
0.079
0.070
0.070
0.079
0.079
0.079
0.079
0.079
0.079
0.079
0.079
0.079
0.077
0.076
0.079
0.079
0.079
0.079
0.079
0.078
0.079
0.079
0.077
0.079
0.079
0.079
0.079
0.079
-0.795
0.079
0.079
0.079
0.079
0.079
0.079
0.079
0.079
0.079
0.079
0.079
0.079
0.079
0.079
0.079
0.079
-0.800
0.079
0.079
0.072
0.079
0.079
0.079
0.079
0.079
0.079
0.061
0.079
0.079
0.079
0.079
0.079
0.077
0.079
0.079
0.079
0.079
0.079
0.070
0.079
0.079
0.079
0.079
0.079
0.072
0.079
0.079
0.079
0.079
0.079
0.079
0.079
0.079
0.079
0.079
0.079
0.077
0.079
0.079
0.079
0.079
0.079
0.079
0.079
0.079
0.078
0.079
0.079
0.079
0.077
0.079
0.079
0.079
0.079
0.079
0.079
0.079
-3.827
0.079
0.079
0.072
0.079
0.072
0.079
0.079
0.079
0.077
0.079
0.079
0.079
0.079
0.079
0.072
0.079
0.079
0.072
0.079
0.079
0.072
-2.092
0.079
-1.664
0.079
0.079
0.079
0.079
0.079
0.072
0.077
0.079
0.079
0.079
0.079
0.072
0.079
0.079
0.070
0.079
0.079
0.079
0.079
0.079
0.079
0.079
0.079
0.072
0.079
0.079
0.079
0.079
0.079
0.079
0.077
0.079
0.076
0.079
0.079
0.077
0.079
0.079
0.077
0.079
0.079
0.071
0.079
0.079
0.079
0.079
0.079
0.071
0.079
0.079
-0.780
0.079
0.079
0.079
0.079
0.079
0.079
0.079
0.079
-1.473
0.079
0.079
0.077
0.079
0.079
0.072
0.079
0.079
0.079
0.079
0.079
0.073
0.077
0.079
0.077
0.070
0.079
0.079
0.079
0.079
0.079
0.079
0.079
0.079
0.079
0.072
0.079
0.079
0.079
0.079
0.079
0.079
0.064
0.079
0.079
0.079
0.079
0.079
0.078
0.079
0.079
0.079
0.079
0.079
0.079
0.079
0.079
0.079
0.079
0.079
-1.679
0.079
0.079
0.077
0.079
0.079
0.079
0.079
0.079
0.079
0.079
0.079
0.079
0.076
0.079
0.079
0.079
0.079
0.072
0.079
0.079
-0.795
0.079
0.079
0.077
0.078
0.079
0.072
0.077
0.079
0.078
0.079
0.076
0.079
0.071
0.079
-1.483
-1.505
0.071
0.065
0.077
0.077
0.071
0.079
0.079
0.071
0.079
0.079
0.079
0.079
0.079
0.079
0.079
0.079
0.079
0.079
0.079
0.072
-3.439
0.072
0.073
0.076
0.079
0.061
-0.795
0.079
-1.458
0.079
0.065
0.078
0.070
0.079
0.072
0.079
0.079
0.071
0.077
0.078
0.068
0.079
0.079
0.072
0.069
0.079
0.079
0.079
0.079
0.079
0.079
0.079
0.079
0.079
0.079
0.079
0.079
0.070
0.079
0.079
0.079
-2.306
0.079
0.079
0.076
0.079
0.079
0.079
0.070
0.077
0.079
0.079
0.079
0.079
0.070
0.079
0.077
-0.795
-0.795
0.079
0.079
0.076
0.079
0.079
0.079
0.079
0.079
0.079
0.079
0.079
0.079
0.079
-0.795
0.078
0.079
0.079
0.079
0.079
0.079
0.079
0.072
0.070
0.079
0.077
0.079
0.079
0.079
0.079
0.079
0.079
0.079
0.079
0.079
0.072
0.079
0.079
0.079
0.079
0.078
0.079
0.079
0.079
0.079
0.079
0.079
-0.780
0.079
0.071
0.079
0.079
0.079
0.079
0.079
0.060
0.079
0.079
0.079
0.079
0.079
-2.148
0.079
0.079
-0.800
0.076
0.079
-1.377
0.079
0.079
0.071
0.079
0.079
0.079
0.079
0.079
0.079
0.079
0.072
0.079
0.079
0.079
0.071
0.079
0.079
0.079
0.079
0.079
0.072
0.079
0.072
0.079
0.079
0.079
0.076
0.079
0.079
0.079
0.079
0.079
0.079
0.079
0.079
0.076
0.076
0.079
0.079
0.079
0.079
-2.163
0.079
0.079
-1.333
0.079
0.079
0.079
0.079
0.079
0.079
0.079
0.079
0.079
0.079
0.079
0.079
0.079
0.079
0.079
0.079
0.079
0.059
0.079
0.079
-0.798
0.079
0.079
0.078
0.079
0.079
0.079
0.079
0.079
0.079
0.079
0.079
0.079
0.079
0.079
0.079
0.072
0.079
0.071
0.079
0.079
0.079
0.079
0.079
0.079
0.072
0.079
0.079
0.079
0.079
0.079
0.079
0.079
0.079
0.079
0.079
0.079
0.079
0.079
0.079
0.079
0.079
0.079
0.079
0.079
0.079
0.072
0.071
0.079
-1.472
0.077
-2.044
0.079
0.079
0.057
0.079
0.079
0.079
0.079
0.078
0.079
0.079
0.079
0.072
0.077
0.072
0.072
-0.800
0.079
0.079
0.079
0.075
0.077
0.079
0.079
0.079
0.079
0.079
0.079
0.079
0.079
0.071
0.071
0.079
0.079
0.079
0.079
-2.097
0.079
0.079
0.079
0.079
-0.795
0.070
0.076
0.079
0.079
0.076
0.079
0.079
0.079
0.079
0.079
