fixedStep chrom=ENSGT00390000000376 start=1 step=1
-0.586
-0.585
-0.586
-0.586
-0.586
-0.680
-0.680
-0.585
-0.613
0.085
0.084
0.088
0.094
0.086
0.085
-1.182
0.072
0.085
-1.207
0.076
0.084
-1.042
-1.841
-1.283
-1.486
-2.874
-2.339
-1.281
-1.843
-1.842
-2.873
-1.842
-1.283
-0.658
0.083
-1.169
0.094
0.094
0.093
0.094
0.093
-1.837
0.089
-0.659
0.079
0.081
0.094
0.094
-2.381
-1.835
-1.922
0.094
0.072
0.093
0.094
0.076
-0.692
-0.648
-1.729
0.094
-0.648
-0.659
-4.037
0.093
0.094
-1.141
0.072
0.094
0.094
-1.176
-1.202
-1.807
-0.660
0.083
0.083
-0.648
-0.659
-0.659
-0.658
0.083
-1.200
-0.660
0.094
-0.660
0.094
0.094
-0.660
0.094
0.094
-0.660
-1.809
-0.659
0.089
0.093
0.083
-0.660
0.094
0.094
-1.182
-1.643
-1.828
-0.659
0.094
0.083
0.083
-0.660
0.077
-1.175
-0.659
0.087
-1.184
0.094
0.094
0.094
0.094
0.094
-0.648
0.089
0.094
-0.658
0.094
0.094
0.094
0.083
-0.658
-0.659
-0.658
0.092
-0.660
-0.750
0.087
0.082
-1.190
0.094
-0.659
0.083
-0.648
0.094
-0.658
-0.658
0.094
-1.184
-0.659
-0.659
0.094
0.094
0.081
-1.733
0.089
-0.648
0.083
0.094
0.076
-0.648
-0.659
-0.659
0.094
0.083
-1.118
0.094
0.094
0.093
-0.658
0.094
0.093
0.083
0.083
0.081
-2.516
0.094
0.094
-1.651
0.094
-0.648
0.094
0.094
0.083
0.094
-0.659
0.094
0.094
0.083
-1.165
0.083
-0.660
-0.660
0.094
0.094
0.083
-0.660
-0.658
0.082
-0.658
0.083
0.082
-0.658
-0.660
-0.648
-0.586
-0.586
-0.586
-0.585
-0.591
-0.717
-0.739
-0.591
-0.591
0.091
0.089
0.091
0.091
0.091
0.089
0.091
0.080
0.090
0.091
0.091
0.091
0.091
0.091
0.079
0.092
0.092
0.092
0.083
0.092
0.091
0.091
0.091
0.090
0.091
0.091
0.091
0.080
0.092
0.091
0.091
0.091
0.091
0.091
0.079
0.091
0.091
0.091
0.091
0.091
0.091
0.090
0.091
0.091
0.091
0.091
0.091
0.091
0.091
0.092
0.091
0.091
0.091
0.091
0.091
0.091
0.091
0.091
0.091
0.091
0.091
0.092
0.091
0.091
0.091
0.091
0.080
0.091
0.092
0.091
0.091
-1.191
0.091
0.089
0.080
0.091
0.091
0.092
0.091
0.089
0.080
0.091
0.089
0.092
0.092
0.092
0.091
0.091
0.080
0.091
0.091
0.092
0.092
0.091
0.091
0.091
0.091
0.091
0.089
0.080
0.080
0.092
0.091
0.091
0.092
0.091
0.080
-0.701
0.089
0.091
0.080
0.091
0.080
0.092
0.091
0.091
0.078
0.089
-0.699
0.091
0.091
0.092
0.092
0.091
0.092
0.091
0.091
0.091
0.091
0.091
0.090
0.080
0.094
0.094
-0.648
0.094
0.094
0.094
0.094
0.094
0.093
0.093
0.087
0.092
0.094
-0.648
0.094
0.094
0.094
0.094
0.094
0.094
0.094
0.094
0.094
0.094
0.094
0.083
0.094
0.094
0.094
0.090
0.094
0.094
0.083
0.094
0.094
-0.658
0.094
0.094
0.094
0.094
0.094
0.094
0.094
0.086
0.087
0.094
0.094
0.094
0.094
0.094
0.089
-0.648
0.094
0.093
0.094
0.092
0.093
0.094
0.094
0.093
0.094
0.094
0.094
0.094
0.094
0.094
-1.221
-1.221
-1.221
-1.223
-1.221
-1.221
-1.221
-1.223
-1.213
-1.213
-1.221
-1.221
0.094
0.094
0.094
0.094
0.094
0.094
0.094
0.085
0.094
-0.648
0.094
0.092
0.094
0.094
0.094
0.094
0.094
0.088
0.094
0.094
0.092
0.094
0.094
0.094
0.094
0.083
0.094
0.094
0.094
0.089
0.094
0.094
0.085
0.094
0.094
0.094
0.094
0.094
0.094
0.088
0.094
0.088
0.093
0.084
0.094
0.094
0.094
0.094
0.094
0.094
0.094
0.094
0.094
0.094
0.093
-0.648
0.094
0.094
0.094
0.092
0.094
0.094
0.094
0.094
0.094
0.094
0.094
0.094
0.093
0.094
0.094
0.094
0.094
0.094
0.092
0.094
0.094
0.094
0.094
0.094
0.094
0.094
0.094
0.085
0.094
0.094
0.094
0.094
0.094
0.094
0.094
0.094
0.094
0.094
0.094
0.094
0.094
0.094
0.094
0.094
0.094
0.094
0.094
0.094
0.094
0.094
0.094
0.094
0.094
0.094
0.094
0.094
0.094
0.094
0.094
0.094
0.094
0.094
0.094
0.092
0.094
0.093
0.094
0.094
0.094
0.094
0.080
0.086
0.094
0.094
0.094
0.094
-1.165
0.094
0.093
0.094
0.090
0.080
0.000
0.000
0.000
0.000
0.000
0.000
0.000
0.000
0.000
