fixedStep chrom=ENSGT00390000018266 start=1 step=1
-0.426
-0.425
-0.427
-0.427
-0.426
-0.425
-0.426
-0.426
-0.426
-0.427
-0.425
-0.427
-0.426
-0.427
-0.427
-0.426
-0.425
-0.427
-0.426
-0.425
-0.427
-1.480
0.075
0.075
0.082
0.082
-0.804
0.083
-2.104
0.075
0.081
0.083
0.082
0.083
-1.455
0.076
-0.097
-0.097
-0.097
-0.571
-0.482
-0.571
-0.427
-0.427
-0.427
-0.427
-0.571
-0.482
-0.482
-0.425
0.000
0.000
0.000
0.000
0.000
0.000
0.000
0.000
0.000
0.000
0.000
-0.427
-0.571
-0.571
-0.571
-0.571
-0.571
-0.482
-0.571
-0.427
-0.427
-0.571
-0.571
-0.571
-0.571
-0.427
-0.427
0.000
0.000
0.000
0.000
0.000
0.000
0.000
0.000
0.000
0.000
0.000
0.000
0.000
0.000
0.000
0.000
0.000
0.000
0.000
0.000
0.000
0.000
0.000
0.000
0.000
0.000
0.000
0.000
0.000
0.000
0.000
0.000
0.000
0.000
0.000
0.000
0.000
0.000
0.000
0.000
0.000
0.000
0.000
0.000
0.000
0.000
0.000
0.000
0.000
0.000
0.000
0.000
0.000
0.000
0.000
0.000
0.000
0.000
0.000
0.000
0.000
0.000
0.000
0.000
0.000
0.000
0.000
0.000
0.000
0.000
0.000
0.000
0.000
-0.427
-0.426
-0.571
-1.633
-1.635
-2.507
0.082
0.083
0.076
-2.436
-1.553
-1.855
-2.708
-1.828
-2.708
0.074
0.080
-2.339
0.075
0.075
0.077
-2.607
-3.519
-3.093
0.077
0.060
-1.928
0.075
0.081
0.063
0.000
0.000
0.000
0.000
0.000
0.000
0.000
0.000
0.000
0.000
0.000
0.000
0.000
0.000
0.000
0.000
0.000
0.000
0.000
0.000
0.000
0.000
0.000
0.000
0.000
0.000
0.000
0.000
0.000
0.000
0.000
0.000
0.000
0.082
0.082
0.082
0.082
0.083
0.082
0.082
0.082
0.083
0.082
0.083
0.082
0.082
0.082
0.082
0.082
0.083
0.074
0.082
0.083
0.082
0.082
0.082
0.082
0.082
0.082
0.082
0.083
0.082
0.083
0.082
0.082
0.082
0.082
0.082
0.082
0.082
0.083
0.082
0.082
0.082
0.083
0.082
0.082
0.082
0.082
0.082
0.082
0.082
0.082
0.082
0.082
0.082
0.082
0.082
0.082
0.080
0.083
0.082
0.082
0.082
0.083
0.082
0.082
0.082
0.083
0.082
0.082
0.082
0.082
0.082
0.082
0.082
0.083
0.083
0.082
0.082
0.082
0.082
0.082
0.080
0.082
0.082
0.082
0.083
0.082
0.082
0.082
0.083
0.082
0.082
0.082
0.082
0.082
0.082
0.082
0.082
0.083
0.077
0.083
0.083
0.083
0.083
0.083
0.083
0.082
0.083
0.082
0.082
0.083
0.082
0.075
0.083
0.082
0.082
0.082
0.082
0.082
0.083
0.082
0.082
0.083
0.083
0.083
0.082
0.082
0.083
0.083
0.082
0.082
0.082
0.083
0.082
0.083
0.082
0.082
0.082
0.082
0.083
0.082
0.083
0.082
0.082
0.083
0.083
0.083
0.082
0.082
0.083
0.082
0.082
0.083
0.082
0.082
0.082
0.083
0.083
0.082
0.082
0.082
0.082
0.082
0.083
0.082
0.082
0.082
0.082
0.082
0.082
0.082
0.082
0.082
0.082
0.082
0.082
0.082
0.083
0.082
0.082
0.082
0.082
0.082
0.082
0.083
0.082
0.083
0.082
0.082
0.083
0.082
0.082
0.082
0.083
0.082
0.082
0.082
0.083
0.082
0.082
0.082
0.080
0.083
0.083
0.082
0.082
0.082
0.083
0.082
0.082
0.082
0.082
-0.793
0.063
0.060
0.060
0.078
-0.814
0.083
-1.561
-1.633
0.060
-1.619
0.064
-0.816
0.078
-0.804
0.077
-1.543
0.060
0.060
0.078
0.077
0.082
0.078
0.000
0.000
0.000
0.000
0.000
0.000
0.000
0.000
0.000
0.000
0.000
0.000
0.000
0.000
0.000
0.000
0.000
0.000
0.000
0.000
0.000
0.000
0.000
0.000
0.000
0.000
0.000
0.000
0.000
0.000
0.000
0.000
0.000
0.000
0.000
0.000
0.000
0.000
0.000
0.000
0.000
0.000
0.000
0.000
0.000
0.000
0.000
0.000
0.000
0.000
0.000
0.000
0.000
0.000
0.000
0.000
0.000
0.000
0.000
0.000
0.000
0.000
0.000
0.000
0.000
0.000
0.000
0.000
0.000
0.000
0.000
0.000
0.000
0.000
0.000
0.000
0.000
0.000
0.000
0.000
0.000
0.000
0.000
0.000
0.000
0.000
0.000
0.000
0.000
0.000
0.000
0.000
0.000
0.000
0.000
0.000
0.000
0.000
0.000
0.000
0.000
0.000
0.000
0.000
0.000
0.000
0.000
0.000
0.000
0.000
0.000
0.000
0.000
0.000
0.000
0.000
0.000
0.000
0.000
0.000
0.000
0.000
0.000
0.000
0.000
0.000
0.000
0.000
0.000
0.000
0.000
0.000
0.000
0.000
0.000
0.000
0.000
0.000
0.000
0.000
0.000
0.000
0.000
0.000
0.000
0.000
0.000
0.000
0.000
0.000
0.000
0.000
0.000
0.000
0.000
0.000
0.000
0.000
0.000
