fixedStep chrom=ENSGT00390000000728 start=1 step=1
0.000
0.000
0.000
0.000
0.000
0.000
0.000
0.000
0.000
0.000
0.000
0.000
0.000
0.000
0.000
0.000
0.000
0.000
0.000
0.000
0.000
0.000
0.000
0.000
0.000
0.000
0.000
0.000
0.000
0.000
0.000
0.000
0.000
0.000
0.000
0.000
0.000
0.000
0.000
0.000
0.000
0.000
0.000
0.000
0.000
0.000
0.000
0.000
0.000
0.000
0.000
0.000
0.000
0.000
0.000
0.000
0.000
0.000
0.000
0.000
0.000
0.000
0.000
0.000
0.000
0.000
0.000
0.000
0.000
0.000
0.000
0.000
0.000
0.000
0.000
0.000
0.000
0.000
0.000
0.000
0.000
0.000
0.000
0.000
0.000
0.000
0.000
0.000
0.000
0.000
0.000
0.000
0.000
0.000
0.000
0.000
0.000
0.000
0.000
0.000
0.000
0.000
0.000
0.000
0.000
0.000
0.000
0.000
0.000
0.000
0.000
0.000
0.000
0.000
0.000
0.000
0.000
0.000
0.000
0.000
0.000
0.000
0.000
0.000
0.000
0.000
0.000
0.000
0.000
0.000
0.000
0.000
0.000
0.000
0.000
0.000
0.000
0.000
0.000
0.000
0.000
0.000
0.000
0.000
0.000
0.000
0.000
0.143
0.145
0.143
0.131
0.143
0.143
-0.294
-0.293
-1.033
0.143
0.143
0.142
-0.284
-0.293
0.129
0.132
0.145
0.143
0.131
0.143
-0.392
-0.293
0.145
-0.293
0.143
0.143
-0.490
-0.295
0.145
0.142
0.143
0.145
0.132
0.131
0.145
-0.293
-0.284
0.145
-0.293
0.143
-0.293
0.143
0.131
0.132
0.142
0.145
0.145
0.143
0.145
0.143
0.143
0.143
0.143
0.142
0.132
0.145
0.143
0.124
0.145
0.143
0.143
0.143
0.143
-0.292
0.145
0.143
-1.072
0.132
-0.825
0.143
-0.294
0.143
0.143
0.143
0.132
0.145
0.143
0.143
0.145
0.145
0.142
0.131
0.145
-0.295
0.143
0.143
-0.294
0.143
0.143
0.142
0.143
0.143
-0.486
0.143
0.143
0.132
0.143
0.143
0.142
0.143
0.143
-0.293
0.143
0.143
0.142
0.143
0.145
-0.519
0.143
0.145
0.143
0.143
0.145
0.143
0.143
0.143
0.143
0.143
0.145
0.143
0.132
0.145
0.143
0.143
0.145
-0.293
0.131
0.143
0.143
-0.292
-0.293
0.132
-0.294
0.143
-0.353
0.143
0.145
0.132
0.145
0.143
0.143
0.145
0.143
0.130
0.145
0.143
0.132
0.143
0.145
0.143
0.145
0.145
0.098
0.476
0.476
0.476
0.476
0.476
0.476
0.113
0.112
0.112
0.143
0.145
-0.391
0.000
0.000
0.000
0.000
0.000
0.000
0.000
0.000
0.000
0.136
0.145
0.107
0.143
0.143
-0.720
0.112
0.137
0.098
0.143
0.145
0.143
0.112
0.143
-1.641
0.143
0.112
0.130
0.112
0.137
-0.584
0.143
0.112
0.143
0.143
0.143
0.124
0.136
0.137
-0.295
0.145
0.137
0.132
0.143
0.143
0.124
0.143
0.143
-0.321
0.136
0.112
0.110
0.131
0.137
0.112
0.143
0.112
0.124
0.112
0.143
0.113
0.112
0.112
0.124
0.112
0.112
0.136
0.112
0.145
0.112
0.000
0.000
0.000
0.000
0.000
0.000
0.000
0.000
0.000
0.000
0.000
0.000
0.000
0.000
0.000
0.000
0.000
0.000
0.000
0.000
0.000
0.000
0.000
0.000
0.000
0.000
0.000
0.000
0.000
0.000
0.000
0.000
0.000
0.000
0.000
0.000
0.000
0.000
0.000
0.000
0.000
0.000
0.000
0.000
0.000
0.000
0.000
0.000
0.000
0.000
0.000
0.000
0.000
0.000
0.000
0.000
0.000
0.000
0.000
0.000
0.145
0.143
0.143
0.113
0.135
0.106
0.000
0.000
0.000
0.000
0.000
0.000
0.000
0.000
0.000
0.000
0.000
0.000
0.000
0.000
0.000
0.000
0.000
0.000
0.000
0.000
0.000
0.000
0.000
0.000
0.000
0.000
0.000
0.000
0.000
0.000
0.000
0.000
0.000
0.000
0.000
0.000
0.000
0.000
0.000
0.000
0.000
0.000
0.000
0.000
0.000
0.000
0.000
0.000
0.000
0.000
0.000
0.000
0.000
0.000
0.000
0.000
0.000
0.000
0.000
0.000
0.000
0.000
0.000
0.000
0.000
0.000
0.000
0.000
0.000
0.000
0.000
0.000
0.000
0.000
0.000
0.000
0.000
0.000
0.000
0.000
0.000
0.000
0.000
0.000
0.000
0.000
0.000
0.000
0.000
0.000
0.000
0.000
0.000
0.000
0.000
0.000
0.000
0.000
0.000
0.000
0.000
0.000
0.000
0.000
0.000
0.000
0.000
0.000
0.000
0.000
0.000
0.000
0.000
0.000
0.000
0.000
0.000
0.000
0.000
0.000
0.000
0.000
0.000
0.000
0.000
0.000
0.000
0.000
0.000
0.000
0.000
0.000
0.000
0.000
0.000
0.000
0.000
0.000
0.000
0.000
0.000
0.000
0.000
0.000
0.000
0.000
0.000
0.000
0.000
0.000
0.000
0.000
0.000
0.000
0.000
0.000
0.000
0.000
0.000
0.000
0.000
0.000
0.000
0.000
0.000
0.000
0.000
0.000
0.000
0.000
0.000
0.000
0.000
0.000
0.000
0.000
0.000
0.000
0.000
0.000
0.000
0.000
0.000
0.000
0.000
0.000
0.000
0.000
0.000
0.000
0.000
0.000
0.000
0.000
0.000
0.000
0.000
0.000
0.000
0.000
0.000
0.000
0.000
0.000
0.000
0.000
0.000
0.000
0.000
0.000
0.000
0.000
0.000
0.000
0.000
0.000
0.123
0.145
-0.293
-0.293
0.136
0.113
0.145
0.122
0.130
0.000
0.000
0.000
0.000
0.000
0.000
0.000
0.000
0.000
0.000
0.000
0.000
0.000
0.000
0.000
0.000
0.000
0.000
0.000
0.000
0.000
0.000
0.000
0.000
0.000
0.000
0.000
0.000
0.000
0.000
0.000
0.000
0.000
0.000
0.000
0.000
0.000
0.000
0.000
0.000
0.000
0.000
0.000
0.000
0.000
0.000
0.000
0.000
0.000
0.000
0.000
0.000
0.000
0.000
0.129
-0.284
-1.765
0.145
0.143
0.143
-0.295
0.113
-0.294
0.000
0.000
0.000
0.000
0.000
0.000
0.000
0.000
0.000
0.000
0.000
0.000
0.000
0.000
0.000
0.000
0.000
0.000
0.000
0.000
0.000
0.000
0.000
0.000
0.000
0.000
0.000
0.000
0.000
0.000
0.000
0.000
0.000
0.000
0.000
0.000
0.000
0.000
0.000
0.000
0.000
0.000
0.000
0.000
0.000
0.000
0.000
0.000
