fixedStep chrom=ENSGT00390000005814 start=1 step=1
0.133
0.134
0.133
0.134
0.134
0.101
0.134
0.134
0.132
0.134
0.134
0.134
0.134
0.134
0.129
0.129
0.134
-3.241
0.134
0.134
0.129
0.129
0.134
0.134
0.134
0.134
0.134
0.134
0.134
0.134
0.130
0.134
0.124
0.134
0.125
0.116
0.134
0.134
0.134
0.134
0.134
0.134
0.134
0.134
0.134
0.134
0.134
0.134
0.130
0.134
0.112
0.134
0.134
0.129
0.134
0.134
0.105
0.134
0.134
0.134
0.134
0.134
0.126
0.134
0.134
0.119
0.134
0.134
0.121
0.134
0.130
0.131
0.134
0.134
0.134
0.134
0.134
0.134
0.134
0.134
0.134
0.134
0.134
0.134
0.134
0.134
0.115
0.132
0.134
0.134
0.134
0.134
0.134
0.130
0.134
0.134
0.134
0.134
0.134
0.134
0.134
0.123
0.134
0.134
0.132
0.134
0.134
0.125
0.134
0.134
0.134
0.134
0.115
0.134
0.134
0.134
0.134
0.115
0.134
0.134
0.134
0.134
0.130
-0.760
-0.764
-0.798
-0.760
-0.760
-0.764
0.386
0.386
0.386
0.386
0.386
0.386
0.129
0.115
0.126
0.134
0.134
0.134
0.134
0.134
0.134
0.124
0.112
0.130
0.134
0.134
0.134
0.134
0.134
0.124
0.134
0.134
0.110
0.134
0.112
0.096
0.134
0.134
0.134
0.134
0.134
0.128
-0.758
-0.758
-0.758
-3.291
-3.291
-2.979
-1.019
-1.019
-1.019
0.000
0.000
0.000
0.000
0.000
0.000
0.000
0.000
0.000
0.000
0.000
0.000
0.000
0.000
0.000
0.000
0.000
0.000
0.000
0.000
0.000
0.000
0.000
0.000
0.000
0.000
0.000
0.000
0.000
0.000
0.000
0.000
0.000
0.000
0.000
0.000
0.000
0.000
0.000
