fixedStep chrom=ENSGT00390000001315 start=1 step=1
0.000
0.000
0.000
0.000
0.000
0.000
0.000
0.000
0.000
0.062
0.062
0.062
0.062
0.062
0.056
0.062
0.062
0.062
0.062
0.059
0.061
0.062
0.062
0.055
0.059
0.062
0.059
-1.057
0.062
0.062
0.062
-1.057
0.062
0.062
0.062
0.062
0.062
0.062
0.062
0.062
0.062
0.062
0.062
0.062
0.056
0.058
0.062
0.062
0.062
0.062
0.062
0.062
0.062
0.062
0.056
0.062
0.062
0.062
0.062
0.062
0.062
0.062
0.062
0.062
0.062
-3.652
0.062
0.062
0.062
0.062
0.062
0.062
0.056
0.056
0.062
0.062
0.062
0.062
0.062
0.062
0.056
-1.040
0.062
-1.056
0.062
0.062
0.061
0.062
0.062
0.062
0.058
0.056
0.062
0.062
0.062
0.062
0.062
0.062
0.062
0.062
0.062
0.062
0.062
0.062
0.062
0.056
0.062
0.062
0.062
0.062
0.056
0.062
0.062
0.062
0.061
0.062
0.062
0.062
0.062
0.059
0.062
0.062
0.062
0.062
0.062
0.060
0.062
0.062
0.062
0.062
0.062
0.062
0.062
0.062
0.056
0.062
0.062
0.062
0.062
0.062
0.062
0.062
0.062
0.062
0.062
0.062
-3.045
0.062
0.062
0.061
0.062
0.062
0.062
0.062
0.062
0.056
0.062
0.062
0.062
0.062
-1.056
0.062
0.062
0.062
-2.345
0.062
0.062
0.062
0.062
0.062
0.062
0.062
0.062
0.062
0.060
0.062
0.062
0.062
0.062
0.062
0.062
0.062
0.062
0.062
0.062
0.062
0.062
0.062
0.062
0.062
0.062
0.062
0.062
0.062
-1.056
0.062
0.062
0.061
0.062
0.062
0.062
0.062
0.062
0.062
0.062
0.062
0.062
0.062
0.062
0.062
0.062
0.062
0.062
0.062
0.062
0.062
0.062
0.062
-1.040
0.062
0.062
0.056
0.062
0.062
0.050
0.062
0.062
0.059
0.062
0.062
0.062
0.062
0.062
0.062
0.062
0.062
0.062
0.062
0.062
0.061
0.062
0.062
0.059
0.062
0.062
0.059
0.062
0.062
0.060
0.062
0.062
0.062
0.062
0.062
0.062
0.062
0.062
0.062
0.062
0.062
0.062
-1.055
0.062
0.062
0.062
0.062
0.062
0.062
0.062
0.062
0.062
0.062
0.062
0.062
0.062
0.056
0.062
0.062
0.062
0.062
0.062
0.057
0.056
0.062
0.062
0.062
0.062
0.060
0.062
0.062
0.062
0.062
0.060
0.062
0.062
0.062
0.061
0.062
0.056
-1.041
0.062
0.062
0.062
0.062
0.062
0.062
0.062
0.062
0.062
0.056
0.056
0.062
0.062
0.062
0.062
0.062
0.062
0.062
0.062
0.062
0.062
0.062
0.062
0.062
0.062
0.062
0.062
0.062
0.062
0.062
0.062
0.062
0.059
0.062
0.062
-1.914
0.062
0.062
0.062
0.062
0.062
-1.057
0.062
0.062
-1.904
0.062
0.062
0.062
0.062
0.062
0.055
0.062
0.061
0.062
0.062
0.062
0.062
0.062
0.062
0.062
0.062
0.062
0.059
0.062
0.062
0.057
0.062
0.062
0.056
0.062
0.062
0.062
0.062
0.062
0.062
0.062
0.062
0.062
0.062
0.062
0.062
0.062
0.059
0.062
0.055
0.062
0.062
-1.288
0.056
0.062
0.062
0.062
0.062
0.056
0.062
0.059
0.062
0.062
0.062
0.062
0.062
0.062
0.062
0.062
0.062
0.059
0.062
0.062
0.062
0.062
0.062
0.062
0.062
0.062
0.062
0.059
0.062
0.061
0.062
0.062
0.062
0.062
0.056
0.062
0.062
0.062
0.062
0.062
0.062
0.062
0.062
0.062
0.062
0.062
0.062
0.062
0.062
0.059
0.062
0.062
0.059
0.062
0.062
0.062
0.062
0.062
0.062
0.062
0.062
0.062
0.062
0.062
0.062
0.062
-1.057
0.056
-2.248
0.059
-1.872
0.056
0.062
0.062
0.062
0.059
0.062
0.062
0.062
0.062
-1.055
0.055
0.062
0.062
0.062
0.062
0.062
0.062
0.062
0.062
0.062
0.062
0.062
0.062
0.056
0.061
0.062
0.058
0.062
0.062
0.056
0.062
0.062
0.062
0.062
0.062
0.062
0.062
0.062
-2.475
0.056
0.062
0.062
0.062
0.062
0.062
0.056
0.062
0.062
0.062
0.062
0.062
0.062
0.062
0.062
0.062
0.062
0.062
0.062
0.062
-2.370
0.062
0.062
0.062
0.062
0.062
0.056
0.062
0.062
0.062
0.062
0.062
0.062
0.057
0.062
0.062
0.062
0.062
0.062
0.062
0.062
0.062
0.062
0.062
0.062
0.062
0.062
0.062
0.056
0.062
0.056
0.062
0.062
0.062
0.062
0.062
-1.770
0.062
0.062
0.062
0.062
0.062
0.062
0.062
0.062
-1.055
0.058
0.062
0.055
0.062
0.062
0.062
0.062
0.056
0.062
0.056
0.062
0.060
0.062
0.062
0.062
0.062
0.062
0.062
0.062
0.062
0.062
0.062
0.062
0.062
0.062
0.062
0.062
0.062
0.062
0.062
0.062
0.062
0.062
0.062
0.062
0.062
0.062
0.062
0.060
0.062
0.062
0.062
0.062
0.062
0.062
0.062
0.062
0.062
0.062
0.062
0.062
0.062
0.062
0.062
0.062
0.062
0.062
0.062
0.062
0.062
0.062
0.062
-1.575
0.062
0.062
0.061
0.062
0.056
0.062
0.062
0.062
0.062
0.062
0.062
0.062
0.062
0.062
0.062
0.062
0.062
0.062
0.062
0.062
0.062
0.062
0.062
0.062
0.062
0.062
0.062
0.062
0.062
0.062
0.062
0.062
0.062
0.062
0.062
0.062
0.062
0.062
0.062
0.062
0.062
0.061
0.062
0.062
0.062
0.062
0.062
0.062
0.062
0.062
0.062
0.062
0.062
0.062
0.062
0.062
0.062
0.062
0.062
0.062
0.062
0.062
0.059
0.062
0.062
0.062
0.062
0.062
0.062
0.062
0.062
0.056
0.059
0.062
-1.057
0.061
0.062
0.062
-1.056
0.062
0.060
0.062
0.050
0.062
0.062
0.062
0.062
0.056
0.056
-2.576
0.062
0.062
0.062
0.062
0.062
0.062
0.062
0.062
0.055
0.062
0.062
-1.057
0.062
0.062
-1.795
0.062
0.062
0.061
0.062
0.062
-1.053
0.062
0.062
0.062
0.062
0.062
0.060
0.062
0.062
0.062
0.062
0.062
0.057
0.062
0.062
0.057
0.062
0.062
0.062
0.062
0.062
0.062
0.062
0.062
0.048
0.062
0.062
0.056
0.062
0.062
0.062
0.062
0.062
0.056
0.062
0.062
0.062
0.062
0.062
0.056
0.062
0.062
0.062
0.062
0.062
0.062
0.062
0.060
0.062
0.062
0.062
0.056
0.062
0.062
0.062
0.062
0.062
0.056
0.062
0.062
0.062
0.062
0.062
0.062
0.062
0.062
0.060
0.062
0.062
0.062
0.062
0.062
0.062
0.062
0.062
0.062
0.062
0.062
0.062
0.056
0.062
-1.055
0.062
0.062
0.062
-0.432
-0.432
-0.432
0.061
0.062
0.056
-1.052
0.062
0.060
0.062
0.062
0.059
0.062
0.062
0.062
-0.432
-0.432
-0.432
0.056
-1.057
0.062
0.062
0.062
0.056
0.062
0.062
-1.057
0.062
0.062
0.056
-1.056
0.062
0.062
0.062
0.062
0.062
0.062
0.055
0.062
0.062
0.062
0.062
0.062
0.062
0.062
0.062
0.062
0.062
0.062
0.062
0.057
