fixedStep chrom=ENSGT00730000111348 start=1 step=1
0.135
0.135
0.135
0.135
0.135
-0.806
0.135
0.135
0.106
0.131
0.135
0.125
0.125
0.135
0.128
0.125
0.091
0.135
0.125
0.135
0.135
-0.653
0.126
0.127
0.135
0.135
0.123
0.135
0.091
0.135
-1.119
0.125
0.124
0.135
0.135
0.106
0.091
0.135
0.106
0.105
0.135
0.124
-1.309
0.135
0.135
0.135
0.135
0.135
0.135
0.135
-2.754
0.091
0.135
-1.223
0.135
0.135
0.125
0.135
0.135
0.135
0.126
0.125
0.133
0.125
0.135
-0.739
0.135
0.135
0.125
0.135
0.135
-2.591
0.135
0.135
0.135
0.135
0.135
0.135
0.135
0.135
-0.700
0.127
0.135
-1.195
0.124
0.125
0.125
0.135
0.135
0.135
0.106
0.128
-0.739
0.135
0.135
-1.289
0.135
0.135
0.135
0.135
0.135
0.135
0.135
0.135
0.135
0.135
0.125
0.122
0.135
0.135
0.133
0.125
0.135
0.120
0.135
0.135
0.135
0.091
0.135
0.131
0.135
0.126
-1.229
0.135
0.135
0.126
0.125
0.135
0.133
0.128
0.135
0.135
0.135
0.127
-0.793
0.125
0.135
0.135
0.135
0.135
0.135
0.125
0.131
0.091
0.135
0.121
0.132
0.135
0.128
0.133
0.135
0.135
0.133
0.135
0.135
0.091
0.135
0.135
0.091
0.135
0.135
0.135
0.135
0.135
-0.655
0.135
0.135
0.127
0.135
0.127
0.124
0.135
0.135
0.133
0.135
0.135
0.125
0.135
0.135
0.124
0.135
0.135
0.106
0.135
0.127
0.106
0.135
0.135
0.131
0.106
0.135
-0.796
0.135
0.135
-1.394
0.135
0.135
0.089
0.135
0.135
0.128
0.135
0.135
0.135
-0.712
0.135
0.124
0.135
0.135
-0.655
0.106
0.135
0.129
0.135
0.135
0.135
0.135
0.135
0.102
0.125
0.135
0.091
0.106
0.135
0.125
0.091
0.118
0.091
0.125
0.135
0.135
0.091
0.089
-0.655
0.106
0.091
-0.712
0.125
0.091
-1.101
0.135
0.135
0.106
0.135
0.135
0.126
0.128
0.128
-1.154
0.135
0.135
0.135
0.135
0.135
-0.793
0.125
0.133
0.091
0.135
0.125
-0.956
0.135
0.135
0.131
0.103
0.106
-0.806
0.091
0.127
0.132
0.135
0.128
0.124
0.135
0.120
0.135
-0.692
0.107
-0.739
0.128
0.135
0.091
0.135
0.135
-1.592
-0.838
0.135
0.135
0.135
0.135
0.132
0.135
0.135
0.104
-1.308
0.128
0.135
0.132
0.124
0.112
0.135
0.135
0.124
0.112
0.135
0.104
0.125
0.125
-1.998
0.135
0.135
0.131
0.135
0.135
0.131
0.135
0.135
0.135
0.135
0.135
0.091
0.091
0.135
0.091
0.091
0.135
0.091
0.135
0.135
0.135
0.135
0.135
0.124
0.135
0.135
0.135
0.135
0.135
0.129
0.135
0.135
0.135
0.135
0.135
-2.165
0.135
0.135
0.091
0.135
0.135
0.133
0.135
0.135
0.131
0.125
0.135
0.091
0.135
0.135
0.135
0.135
0.135
0.124
0.122
0.123
-0.956
0.125
0.135
-0.655
0.135
0.135
0.129
0.135
0.130
0.103
0.135
0.135
0.103
0.135
0.135
-0.711
-0.739
0.135
0.133
0.125
0.135
-0.655
0.135
0.135
0.126
0.135
0.135
0.124
0.135
0.135
0.135
0.135
0.135
0.135
0.135
0.135
0.135
0.135
0.135
0.135
0.129
0.135
0.135
0.135
0.135
0.135
0.135
0.135
0.122
0.135
0.135
0.115
0.135
0.135
0.135
0.135
0.135
0.122
0.091
0.135
0.128
0.135
0.135
0.125
0.135
0.135
0.135
0.135
0.135
0.115
-0.692
0.106
0.129
-1.186
0.125
0.123
0.091
0.135
-0.739
-2.529
0.133
0.104
0.122
0.135
0.123
-0.859
0.124
0.106
0.106
-1.330
0.091
-1.355
0.135
-0.838
0.091
0.135
0.091
0.091
0.126
0.106
0.091
0.125
-1.329
0.091
0.135
0.122
0.091
0.135
0.107
0.091
0.128
-0.739
-0.806
0.126
0.089
0.135
0.135
0.131
0.135
0.135
0.126
-2.097
0.127
0.135
0.091
0.132
0.135
0.135
0.135
0.125
0.122
0.135
0.126
0.135
0.135
0.135
0.135
0.135
-1.518
0.135
0.135
0.106
0.133
0.135
0.125
0.135
0.135
0.125
0.135
0.135
0.125
0.135
0.135
0.103
0.135
0.135
0.133
0.128
0.135
0.135
0.135
0.135
0.091
0.135
0.135
0.125
0.135
0.135
0.132
0.133
0.135
0.131
0.135
0.106
-0.712
0.135
0.135
0.135
0.135
0.135
0.128
0.135
0.135
0.091
0.135
0.135
0.123
0.125
0.135
0.106
0.135
0.135
0.128
0.132
0.135
0.128
0.135
0.135
0.098
0.135
0.135
0.125
0.135
0.135
0.135
0.125
0.135
-0.712
0.128
0.128
0.135
0.126
0.128
-2.153
0.135
0.135
0.106
-0.956
-0.711
0.133
0.135
0.135
0.126
0.135
0.135
0.135
0.125
0.135
-1.316
0.131
0.107
-1.360
0.135
0.128
-1.592
0.135
0.125
0.102
0.135
0.135
0.123
0.128
0.135
0.124
0.106
0.135
0.123
0.124
0.135
-0.667
0.091
0.123
0.125
0.135
0.128
-1.119
0.135
0.135
0.122
0.135
0.135
0.130
0.135
0.135
0.125
0.135
0.135
0.121
0.135
0.135
0.125
0.135
0.125
0.135
0.135
0.135
0.091
-1.237
0.127
0.135
0.135
0.135
0.124
0.125
0.126
0.089
0.119
0.128
-1.354
0.125
0.135
0.091
0.131
0.091
0.135
0.123
0.135
0.135
0.091
-0.712
0.135
0.135
0.135
-1.164
0.135
0.135
0.123
0.131
0.131
0.125
0.135
0.135
0.133
0.135
0.123
0.135
0.132
0.135
0.106
0.112
0.126
0.135
-0.739
0.135
0.135
0.121
0.135
0.124
0.091
0.125
0.132
0.091
0.135
-0.669
0.135
0.135
0.131
0.135
0.135
0.123
0.135
0.135
0.125
-0.711
0.128
-1.308
0.091
0.135
0.106
0.128
-0.716
0.106
-1.391
0.126
0.135
-0.712
0.131
0.129
0.125
0.135
-1.362
-1.413
0.135
0.135
0.135
0.135
0.101
0.106
0.135
-1.234
0.127
0.125
-1.289
0.135
0.127
0.127
0.131
0.135
-1.289
0.098
0.135
0.124
0.135
0.135
0.128
0.135
0.135
0.135
0.135
0.135
0.131
0.135
0.135
-0.669
0.135
0.135
0.129
0.135
0.135
-1.355
0.135
0.135
0.103
0.135
0.135
0.091
0.135
0.135
0.089
0.135
0.135
0.135
0.135
0.135
0.133
0.133
0.135
-1.381
0.135
0.135
0.127
0.135
0.135
0.135
0.135
0.135
0.130
0.117
0.121
-1.327
0.135
0.135
0.122
0.135
0.135
0.123
0.107
0.135
0.135
0.135
0.135
0.135
0.127
0.135
0.123
0.131
0.125
0.125
0.135
0.106
0.128
0.135
0.135
0.126
0.131
0.131
0.124
0.132
0.133
0.123
-0.711
0.126
0.091
0.107
0.135
0.128
0.135
0.129
0.135
0.135
0.135
0.091
0.106
0.125
-1.694
0.091
0.135
-1.223
0.135
0.135
0.124
0.128
0.135
0.132
0.135
0.133
0.123
0.135
0.126
0.106
0.125
0.135
0.133
0.135
0.135
0.106
0.135
0.135
0.129
0.135
0.135
0.135
0.135
0.135
0.106
0.135
0.091
0.122
0.135
0.135
0.128
0.135
0.135
0.125
0.106
0.135
0.135
0.135
0.135
0.125
0.125
0.135
0.135
0.135
0.126
-0.669
0.135
0.135
0.135
-1.530
0.135
0.091
0.135
0.135
0.091
0.091
0.135
-1.802
0.107
0.135
-1.365
0.135
0.135
-0.712
0.091
0.135
0.135
0.127
0.135
0.123
0.135
0.135
-0.711
0.125
0.128
0.091
0.091
0.091
0.126
0.135
0.135
0.124
0.135
0.091
0.125
0.126
0.131
0.135
0.135
0.135
0.132
0.135
0.135
0.131
0.135
0.106
0.135
0.135
0.135
0.135
0.135
0.135
0.125
0.126
0.135
0.123
-0.459
-0.458
-0.458
0.230
0.230
0.230
0.119
0.135
0.123
0.135
0.135
0.125
0.135
0.135
0.135
0.135
0.125
0.091
0.135
0.125
0.103
0.125
0.127
0.113
-0.838
0.135
0.132
-0.956
0.135
0.091
0.135
0.135
0.130
0.106
0.135
0.091
0.135
0.135
-0.669
0.135
0.123
0.091
0.133
0.124
0.121
-0.793
0.128
-1.193
0.108
0.135
0.135
0.135
0.135
0.122
0.135
0.135
0.104
0.135
0.135
0.095
0.125
0.135
0.135
0.135
0.135
-1.796
0.135
0.135
0.091
0.135
0.135
0.135
0.135
0.135
0.129
-0.838
0.135
-1.518
0.107
0.135
0.125
0.128
0.135
0.135
-1.324
-0.838
-1.592
0.103
0.135
-1.223
-1.195
-1.138
-0.796
