fixedStep chrom=ENSGT00390000017736 start=1 step=1
0.000
0.000
0.000
0.000
0.000
0.000
0.000
0.000
0.000
0.000
0.000
0.000
0.000
0.000
0.000
0.000
0.000
0.000
0.000
0.000
0.000
0.000
0.000
0.000
0.000
0.000
0.000
0.000
0.000
0.000
0.000
0.000
0.000
0.000
0.000
0.000
0.000
0.000
0.000
0.000
0.000
0.000
0.000
0.000
0.000
0.000
0.000
0.000
0.000
0.000
0.000
0.000
0.000
0.000
0.000
0.000
0.000
0.000
0.000
0.000
0.000
0.000
0.000
0.000
0.000
0.000
0.000
0.000
0.000
0.000
0.000
0.000
0.000
0.000
0.000
0.000
0.000
0.000
0.000
0.000
0.000
0.000
0.000
0.000
0.000
0.000
0.000
0.000
0.000
0.000
0.000
0.000
0.000
0.000
0.000
0.000
0.000
0.000
0.000
0.000
0.000
0.000
0.000
0.000
0.000
0.000
0.000
0.000
0.000
0.000
0.000
0.000
0.000
-1.013
-1.169
-1.043
-1.013
-1.013
-1.009
-1.013
0.458
0.458
0.458
-1.055
-1.161
-1.013
-1.013
-1.013
-1.012
-1.013
-1.013
-1.319
-1.603
-1.791
-1.606
0.000
0.000
0.000
0.000
0.000
0.000
0.000
0.000
0.000
-1.418
-1.635
-1.136
-1.442
-1.418
-1.279
-1.472
-1.010
-1.006
-1.350
-2.144
-1.019
-1.767
-1.066
-1.462
-1.345
-1.066
-0.971
-0.795
0.177
-0.816
0.175
0.199
0.167
-2.880
-2.033
-2.493
0.196
0.189
0.178
0.000
0.000
0.000
0.000
0.000
0.000
0.000
0.000
0.000
0.198
0.199
0.192
-0.510
0.137
0.190
0.197
0.188
0.191
0.137
0.197
0.125
0.195
0.197
0.188
0.199
0.197
0.188
0.191
0.189
0.137
0.197
0.189
0.137
0.137
0.133
0.128
0.193
0.194
0.187
0.133
0.187
0.193
0.133
0.186
0.133
-0.832
-1.360
-0.902
-1.007
-0.931
-0.878
0.129
0.188
0.169
0.177
0.177
0.138
0.193
0.194
0.133
0.133
0.133
-0.775
0.133
0.197
0.196
0.133
0.133
0.186
-0.976
-0.838
0.000
0.000
0.000
0.000
0.000
0.000
0.000
0.000
0.000
0.000
0.000
0.000
0.000
0.000
0.000
0.000
0.000
0.000
0.000
0.000
0.000
0.000
0.000
0.000
0.000
0.000
0.000
0.000
0.000
0.000
0.000
0.000
0.000
0.000
0.000
0.000
0.000
0.000
0.000
0.000
0.000
0.000
0.000
0.000
0.000
0.000
0.000
0.000
0.000
0.000
0.000
0.000
0.000
0.000
0.000
0.000
0.000
0.000
-3.249
-3.077
-3.053
-1.210
-1.019
-1.454
-0.971
-1.006
-1.305
1.101
1.101
1.101
-0.463
0.164
0.160
0.186
0.194
0.133
0.193
0.185
-1.549
-2.058
0.000
0.000
0.000
0.000
0.000
0.000
0.000
0.000
0.000
0.000
0.000
0.000
0.194
0.186
0.133
0.187
-0.459
-1.378
-2.358
-3.852
-1.003
-1.369
-3.084
-2.688
-1.574
-3.127
0.174
0.191
0.181
0.189
0.126
0.185
0.132
0.135
0.137
0.196
0.195
0.137
0.195
0.191
0.195
0.245
0.244
0.248
0.248
0.245
0.245
0.176
-2.072
-0.772
0.199
0.199
-2.249
-1.735
0.199
0.199
0.135
0.194
0.188
0.183
-1.667
0.000
0.000
0.000
0.000
0.000
0.000
0.000
0.000
0.000
0.000
0.000
0.000
0.000
0.000
0.000
0.000
0.000
0.000
0.000
0.000
0.197
0.184
0.130
0.188
0.189
-1.278
0.000
0.000
0.000
0.000
0.000
0.000
0.000
0.000
0.000
0.000
0.000
0.000
0.000
-3.506
-1.358
-1.302
-1.358
-1.596
-1.596
-1.531
-1.629
-1.599
-1.599
-1.596
-1.289
-1.655
-1.954
-1.340
-3.210
0.193
0.182
0.124
0.190
0.186
0.188
0.185
0.186
0.122
0.167
0.168
-0.957
0.167
0.186
0.166
0.124
0.168
0.179
0.185
0.124
0.159
-0.890
-0.651
-1.225
-0.646
-0.658
-0.801
-0.657
-0.651
-0.836
0.124
0.186
0.133
0.170
0.190
0.170
0.171
0.168
0.170
0.171
0.170
0.180
0.159
0.190
0.179
0.170
0.185
0.180
0.124
0.159
0.182
0.188
0.188
-3.795
-0.948
-0.605
0.165
0.160
0.168
0.166
0.170
0.177
0.157
0.190
0.186
0.179
0.120
0.190
0.172
-0.614
0.182
0.151
-0.616
0.186
0.186
-0.809
0.184
-1.429
0.190
0.167
0.184
0.190
0.190
0.188
-0.607
-0.359
0.170
0.186
0.182
0.171
0.180
0.190
-0.533
0.188
0.186
0.124
0.188
0.186
0.186
0.179
0.188
0.184
0.190
0.186
0.185
0.177
0.190
0.174
0.180
0.190
0.187
0.186
0.186
0.182
0.186
0.186
0.152
0.186
0.186
0.186
0.186
0.190
0.188
0.190
0.186
0.180
0.124
0.180
0.183
0.188
0.186
0.180
0.124
0.180
0.124
0.186
0.190
0.138
0.190
0.186
0.190
0.179
0.124
0.122
0.124
0.186
-0.783
0.124
0.186
0.118
0.186
0.186
0.179
0.124
0.186
0.180
0.124
0.190
0.124
0.124
0.179
0.186
0.186
0.137
0.200
0.197
0.197
0.135
0.199
0.200
0.132
0.200
0.197
0.191
0.199
0.197
0.137
0.137
0.197
0.137
0.197
0.137
0.197
0.137
0.189
0.195
0.000
0.000
0.000
0.000
0.000
0.000
0.000
0.000
0.000
0.000
0.000
0.000
0.000
0.000
0.000
0.000
0.000
0.000
0.000
0.000
0.000
0.000
0.000
0.000
0.000
0.000
0.000
0.000
0.000
0.000
0.000
0.000
0.000
0.000
0.000
0.000
0.000
0.000
0.000
0.000
0.000
0.199
0.137
0.131
0.199
0.349
0.345
0.349
0.137
0.137
0.188
0.128
0.128
0.191
0.197
0.191
0.137
0.200
0.197
0.189
-1.118
-1.202
-0.994
0.137
0.137
0.183
0.190
0.200
0.197
0.197
0.137
0.134
0.137
0.189
-0.510
0.000
0.000
0.000
0.000
0.000
0.000
0.000
0.000
0.000
0.000
0.000
0.000
0.197
0.195
0.137
0.349
0.349
0.346
0.414
0.414
0.413
0.185
0.195
-0.935
0.196
0.191
0.196
0.000
0.000
0.000
