fixedStep chrom=ENSGT00390000010231 start=1 step=1
0.065
0.065
0.065
0.065
0.065
0.065
0.065
0.065
0.065
0.065
0.065
0.062
-1.729
-1.469
-1.801
0.061
0.063
0.065
0.063
0.064
0.064
0.065
0.065
0.064
0.063
0.064
0.064
0.065
0.065
0.065
0.065
0.065
0.065
0.065
0.065
0.065
0.062
0.057
0.065
0.065
0.065
0.061
0.065
0.065
0.065
0.065
0.065
0.065
-1.763
0.065
0.065
0.065
0.065
0.065
0.063
0.065
0.065
0.065
0.064
0.065
0.065
0.065
0.065
0.058
-2.310
0.061
0.065
0.065
0.062
0.065
0.065
0.065
0.065
0.065
0.065
0.065
0.065
0.065
0.065
0.065
0.058
0.065
0.065
0.065
0.065
0.065
0.051
0.065
0.065
0.065
0.065
0.065
0.065
0.065
0.065
0.065
0.065
0.065
0.065
0.064
0.064
0.065
0.065
0.053
0.065
0.053
0.065
0.063
0.065
0.053
0.065
0.063
0.065
0.053
0.065
0.065
0.063
0.053
0.053
0.053
0.065
0.063
0.065
0.053
0.065
0.065
0.065
0.053
0.048
0.063
0.063
0.053
-0.245
-0.245
-0.245
-2.283
0.064
0.065
0.053
0.065
0.065
0.053
0.053
0.065
0.065
0.053
0.053
0.065
0.065
0.065
0.053
0.065
0.063
0.048
0.063
0.053
0.063
0.065
0.053
0.065
0.050
0.063
0.051
0.053
0.063
0.065
0.063
0.065
0.065
0.065
0.065
0.065
0.065
0.065
0.065
0.065
0.063
0.063
0.065
0.065
0.065
0.065
0.065
0.065
0.065
0.063
0.065
0.065
0.062
0.065
0.065
0.065
0.065
0.065
0.065
0.065
0.065
0.065
0.065
0.065
0.065
0.065
0.065
0.065
0.065
0.062
0.065
0.065
0.065
0.065
0.065
0.065
0.065
0.065
0.065
0.065
0.065
0.065
0.065
0.064
0.063
0.058
0.065
0.064
0.065
0.065
0.065
0.065
0.065
0.065
0.065
0.065
0.065
0.063
0.056
0.064
0.062
0.065
0.065
0.065
0.062
0.065
0.062
0.062
0.065
0.065
0.065
0.065
0.065
0.065
0.065
0.065
0.065
0.065
0.065
0.065
0.065
0.065
0.065
0.065
0.065
0.065
0.065
0.065
0.065
0.065
0.058
0.065
0.062
0.063
0.065
0.065
0.065
0.065
0.064
0.051
0.063
0.065
0.062
0.065
0.065
0.065
0.065
0.065
0.056
0.065
0.065
0.065
0.065
0.065
0.062
0.065
0.065
0.065
0.065
0.064
0.065
0.057
0.065
0.065
0.065
0.065
0.064
0.065
0.065
0.065
0.065
0.065
0.065
0.065
0.065
0.062
0.065
0.065
0.064
0.065
0.065
0.065
0.065
0.065
0.062
0.065
0.065
0.065
0.065
0.065
0.065
0.065
0.065
0.062
0.065
0.065
0.065
0.065
0.065
0.065
0.065
0.063
0.065
0.065
0.065
0.065
0.065
0.064
0.065
0.065
0.065
0.065
0.065
0.065
0.065
0.051
0.065
0.065
0.065
0.065
0.065
0.065
0.065
0.064
0.065
0.065
0.065
0.065
0.065
0.065
0.065
0.065
0.065
0.065
0.065
0.064
0.065
0.064
0.062
0.065
0.065
0.065
0.065
0.065
0.065
0.065
0.065
0.065
0.065
0.064
0.065
0.065
0.065
0.065
0.065
0.065
0.065
0.065
0.065
0.065
0.065
0.065
-2.812
0.065
0.065
0.065
0.065
0.065
0.065
0.063
0.065
0.065
0.064
0.065
0.065
0.065
0.065
0.065
0.063
0.065
0.063
0.065
0.065
0.065
0.065
0.065
0.065
0.065
0.065
0.065
0.065
0.065
0.065
0.065
0.065
0.065
0.065
0.057
0.065
0.062
0.065
0.065
0.065
0.052
0.063
0.051
0.065
0.065
0.065
0.065
0.065
0.057
0.065
0.065
0.065
0.056
0.063
0.065
0.065
0.065
0.065
0.065
0.065
0.065
0.065
0.064
0.065
0.065
0.065
0.065
0.055
0.064
0.065
0.065
0.065
0.065
0.065
0.064
0.065
0.065
0.065
0.065
0.065
0.065
0.065
0.065
0.065
0.062
0.065
0.065
0.065
0.065
0.065
0.065
0.065
0.061
0.065
0.065
0.065
0.065
0.065
0.065
0.065
0.065
0.065
0.065
0.065
0.058
0.065
0.065
0.065
0.065
0.063
0.065
0.065
0.065
0.058
0.065
0.065
0.064
0.065
0.065
0.065
0.065
0.065
0.065
0.065
0.065
0.064
0.065
0.065
0.065
0.065
0.065
0.062
0.065
0.065
0.065
0.065
0.065
0.065
0.065
0.065
0.065
0.065
0.065
0.065
0.065
0.065
0.065
0.065
0.065
0.064
0.065
0.065
0.064
0.065
0.065
0.062
0.065
0.065
0.065
0.065
0.065
0.065
0.051
0.065
0.064
0.065
0.065
0.065
0.064
0.065
0.051
0.065
0.065
0.058
0.065
0.065
0.065
0.065
0.065
0.063
0.065
0.065
0.065
0.065
0.065
0.065
0.065
0.065
0.065
0.051
0.065
0.056
0.065
0.065
0.065
0.065
0.065
0.063
0.065
0.065
0.065
0.065
0.065
0.065
0.065
0.065
0.062
0.065
0.065
0.065
0.065
0.065
0.065
0.065
0.064
0.065
0.065
0.064
0.065
0.056
0.065
0.065
0.065
0.065
0.065
0.065
0.065
0.065
0.065
0.065
0.065
0.065
0.065
0.065
0.057
0.065
0.065
0.065
0.065
0.051
0.065
0.063
0.065
0.065
0.065
0.065
0.065
0.065
0.065
0.065
0.065
0.065
0.048
0.062
0.065
0.000
0.000
0.000
0.000
0.000
0.000
0.000
0.000
0.000
0.000
0.000
0.000
0.000
0.000
0.000
0.000
0.000
0.000
0.000
0.000
0.000
0.000
0.000
0.000
0.000
0.000
0.000
0.000
0.000
0.000
0.000
0.000
0.000
0.000
0.000
0.000
0.000
0.000
0.000
0.000
0.000
0.000
0.000
0.000
0.000
0.000
0.000
0.000
0.000
0.000
0.000
0.000
0.000
0.000
0.000
0.000
0.000
0.000
0.000
0.000
0.000
0.000
0.000
0.000
0.000
0.000
0.000
0.000
0.000
0.000
0.000
0.000
0.000
0.000
0.000
0.000
0.000
0.000
0.000
0.000
0.000
0.000
0.000
0.000
0.000
0.000
0.000
0.000
0.000
0.000
0.000
0.000
0.000
0.000
0.000
0.000
0.000
0.000
0.000
0.000
0.000
0.000
0.000
0.000
0.000
0.000
0.000
0.000
0.000
0.000
0.000
0.000
0.000
0.000
0.000
0.000
0.000
0.000
0.000
0.000
0.000
0.000
0.000
0.000
0.000
0.000
0.000
0.000
0.000
0.000
0.000
0.000
0.000
0.000
0.000
0.000
0.000
0.000
0.000
0.000
0.000
0.000
0.000
0.000
0.000
0.000
0.000
0.000
0.000
0.000
0.000
0.000
0.000
0.000
0.000
0.000
0.000
0.000
0.000
0.000
0.000
0.000
0.000
0.000
0.000
0.000
0.000
0.000
0.000
0.000
0.000
0.000
0.000
0.000
0.000
0.000
0.000
0.000
0.000
0.000
0.000
0.000
0.000
0.000
0.000
0.000
0.000
0.000
0.000
0.000
0.000
0.000
0.000
0.000
0.000
0.000
0.000
0.000
0.000
0.000
0.000
0.000
0.000
0.000
0.000
0.000
0.000
0.000
0.000
0.000
0.000
0.000
0.000
0.000
0.000
0.000
0.000
0.000
0.000
0.000
0.000
0.000
0.000
0.000
0.000
0.000
0.000
0.000
0.000
0.000
0.000
0.000
0.000
0.000
0.000
0.000
0.000
0.000
0.000
0.000
0.000
0.000
0.000
