fixedStep chrom=ENSGT00390000003154 start=1 step=1
0.071
0.071
0.071
0.071
0.071
0.071
0.071
0.071
0.051
0.071
0.064
0.067
-0.931
0.071
-1.797
0.071
0.071
0.071
0.071
0.071
0.071
0.064
0.071
-0.949
0.071
0.071
-0.946
0.070
0.067
0.066
0.071
0.071
0.071
-0.136
-0.000
-0.136
0.071
0.071
0.067
0.067
0.071
0.069
0.071
0.071
0.071
0.071
0.071
0.070
0.071
0.071
0.071
-0.946
0.071
0.071
0.071
0.071
0.071
0.071
0.071
0.071
0.071
0.071
0.071
0.071
0.071
0.071
0.071
0.071
0.071
0.071
0.071
0.071
0.071
0.071
0.071
0.071
0.067
0.071
0.064
0.071
0.064
0.071
0.064
0.071
0.071
0.071
0.064
0.071
0.064
0.071
0.071
0.071
0.071
0.067
0.071
0.067
0.071
0.071
0.071
0.071
0.071
0.064
0.071
0.071
0.067
0.067
0.071
0.052
0.071
0.071
0.071
0.071
0.071
-2.160
0.071
0.071
0.064
0.068
-2.011
0.067
0.071
0.064
0.071
-0.147
-0.147
-0.147
0.071
0.071
0.071
0.071
-0.949
0.071
0.071
0.071
-0.932
0.071
0.071
0.071
0.071
0.071
0.071
0.071
0.071
0.071
0.071
0.071
0.071
0.065
0.071
0.071
0.071
0.071
0.071
0.071
0.066
0.071
0.071
-0.948
0.071
0.064
0.064
0.071
0.051
0.071
0.071
0.071
0.071
0.071
-0.946
-0.949
0.071
0.071
0.071
0.071
0.071
0.071
-1.757
-0.946
0.071
0.071
0.071
0.071
0.071
0.071
0.071
0.071
0.064
0.071
0.071
0.071
0.071
0.071
0.071
0.071
0.071
0.071
0.071
0.071
0.071
0.071
0.071
0.071
0.071
0.071
0.071
0.071
-0.932
0.071
0.071
0.071
0.071
0.071
0.071
0.071
0.071
0.064
0.071
0.071
0.071
0.071
0.071
0.071
0.071
0.071
0.064
0.071
0.065
-0.932
-0.948
0.066
0.064
0.071
0.071
-0.946
0.071
0.071
0.051
0.071
0.071
0.064
0.071
0.071
0.071
0.071
0.071
0.071
0.071
0.071
0.071
0.071
0.071
0.071
0.071
0.063
0.071
0.071
0.071
0.071
