fixedStep chrom=ENSGT00390000001566 start=1 step=1
0.073
0.073
0.073
0.073
0.073
0.073
0.073
0.073
0.073
0.073
0.073
0.073
0.073
0.073
0.073
0.073
0.073
0.073
0.073
0.073
0.068
0.073
0.073
0.069
0.073
0.073
0.073
0.073
0.073
0.069
0.073
0.073
0.073
0.073
0.073
0.073
0.073
0.073
0.071
0.073
0.073
0.069
0.073
0.073
0.073
0.073
0.073
0.073
0.073
0.073
0.072
0.073
0.073
0.073
0.073
0.073
0.070
0.073
0.073
0.068
0.073
0.073
0.073
0.073
0.073
0.067
0.073
0.073
0.073
0.073
0.073
0.059
0.069
0.073
0.072
0.073
0.073
0.071
0.073
0.073
0.073
0.073
0.073
0.071
0.073
0.073
0.073
0.073
0.073
0.073
0.073
0.073
0.073
0.073
0.073
0.073
0.073
0.073
0.073
0.073
0.073
0.073
0.073
0.073
0.073
0.073
0.073
0.073
0.073
0.073
0.073
0.073
0.073
0.073
0.073
0.073
0.073
0.073
0.073
0.073
0.073
0.073
0.073
0.064
0.064
0.064
0.064
0.064
0.063
0.064
0.064
0.064
0.064
0.064
0.064
0.064
0.064
0.058
0.064
0.064
0.064
0.064
0.064
0.064
0.064
0.064
0.064
0.064
0.064
0.062
0.064
0.064
0.064
0.064
0.064
0.064
0.064
0.064
0.064
0.064
0.064
0.064
0.064
0.064
0.064
0.064
0.064
0.064
0.064
0.064
0.062
0.064
0.064
0.064
0.064
0.064
0.064
0.064
0.064
0.062
0.064
0.064
0.064
0.064
0.064
-1.838
0.064
0.064
0.064
0.064
0.064
0.062
0.064
0.064
0.064
0.064
0.064
0.064
0.064
0.064
0.064
0.062
0.064
0.064
0.064
0.064
0.064
0.064
0.064
0.064
0.064
0.064
0.061
0.064
0.064
0.056
0.064
0.064
0.061
0.064
0.064
0.062
0.064
0.064
0.064
0.064
0.064
0.064
0.064
0.064
0.064
0.064
0.064
0.064
0.064
0.064
0.064
0.064
0.064
0.063
0.064
0.064
0.064
0.064
0.064
0.064
0.064
0.064
0.063
0.064
0.064
0.064
0.057
0.064
0.064
0.064
0.064
0.064
0.064
0.064
0.064
0.064
0.064
0.063
0.064
0.064
0.064
0.064
0.064
0.064
0.064
0.064
0.062
0.064
0.064
0.063
0.064
0.064
0.063
0.064
0.064
0.064
0.064
0.064
0.064
0.064
0.064
0.064
0.064
0.064
0.064
0.064
0.064
0.064
0.064
0.064
0.064
0.064
0.064
0.064
0.064
0.064
0.064
0.073
0.073
0.073
0.073
0.073
0.073
0.073
0.073
0.073
0.073
0.065
0.071
0.073
0.073
0.073
0.073
0.073
0.073
0.073
0.073
0.073
0.073
0.073
0.073
0.073
0.073
0.066
0.073
0.073
0.073
0.073
0.073
0.073
0.073
0.073
0.069
0.073
0.073
0.069
0.073
0.073
0.073
0.073
0.073
0.073
0.073
0.071
0.069
0.073
0.073
0.071
0.073
0.073
0.071
0.073
0.073
0.073
0.073
0.073
0.073
0.073
0.073
0.070
0.073
0.073
0.061
0.073
0.073
0.073
0.073
0.073
0.073
0.073
0.073
0.069
0.073
0.073
0.073
0.073
0.073
0.073
0.073
0.073
0.073
0.073
0.073
0.073
0.069
0.073
0.073
0.073
0.073
0.073
0.073
0.073
0.073
0.070
0.073
0.073
0.073
0.073
0.073
0.073
0.073
0.053
0.073
0.073
0.071
0.073
0.073
0.073
0.073
0.073
0.073
0.073
0.073
0.073
0.073
0.073
0.073
0.073
0.073
0.073
0.073
0.073
0.073
0.073
0.073
0.073
0.073
0.073
0.073
0.073
0.073
0.073
0.073
0.073
0.073
0.073
0.073
0.073
0.073
0.073
0.073
0.073
0.073
0.073
0.073
0.073
0.073
0.073
0.073
0.063
0.073
0.073
0.073
0.073
0.073
0.073
0.073
0.073
0.069
0.073
0.073
0.073
0.073
0.073
0.073
0.073
0.073
0.073
0.073
0.073
0.073
0.073
0.073
0.073
0.073
0.073
0.073
0.073
0.073
0.073
0.073
0.073
0.073
0.073
0.073
0.072
0.073
0.073
0.073
0.073
0.073
0.073
0.073
0.073
0.073
0.073
0.073
0.073
0.073
0.073
0.073
0.073
0.073
0.073
0.000
0.000
0.000
0.000
0.000
0.000
0.000
0.000
0.000
0.069
0.073
0.065
-2.133
0.058
-2.795
-0.145
-0.145
-0.145
0.069
0.073
0.058
0.058
0.073
0.058
0.058
0.073
0.073
0.073
0.073
0.069
-1.179
-1.179
-1.180
-1.177
-1.177
-1.177
-1.180
-1.179
-1.177
-1.180
-1.180
-2.456
0.073
0.058
0.058
0.073
0.073
0.070
0.058
0.069
0.058
0.069
0.069
0.073
0.058
0.058
0.056
0.073
0.069
0.069
0.058
0.073
0.070
0.068
0.073
0.058
-1.180
-1.179
-1.179
-1.180
-1.179
-1.179
-1.180
-1.179
-1.179
0.069
0.069
0.070
0.058
0.058
0.058
0.053
0.073
0.058
0.058
0.073
0.073
0.073
0.058
0.058
0.058
0.069
0.073
0.058
0.069
0.073
0.073
0.073
0.072
0.073
0.073
0.073
0.073
0.073
0.073
0.073
0.073
0.073
0.073
0.073
0.073
0.073
0.073
0.070
0.073
0.073
0.070
0.073
0.073
0.069
0.073
0.073
0.073
0.073
0.073
0.073
0.073
0.073
0.069
0.073
0.072
0.073
0.073
0.073
0.072
0.073
0.073
0.073
0.073
0.073
0.073
0.073
0.073
0.072
0.073
0.073
0.073
0.073
0.073
0.073
0.073
0.073
0.073
0.073
0.073
0.073
0.073
0.073
0.073
0.073
0.073
0.070
0.072
0.073
0.066
0.073
0.073
0.073
0.073
0.073
0.067
0.073
0.073
0.073
0.073
0.073
0.073
0.073
0.073
0.073
0.073
0.073
0.073
0.073
0.073
0.073
0.062
0.069
0.069
0.073
0.073
0.073
0.073
0.073
0.069
0.073
0.073
0.071
0.073
0.069
0.072
0.073
0.073
0.073
0.073
0.073
0.073
0.073
0.073
0.073
0.073
0.073
0.073
0.073
0.073
0.073
0.073
0.073
0.073
0.073
0.073
0.069
0.073
0.073
0.073
0.073
0.073
0.068
0.073
0.073
0.073
0.073
0.073
0.073
0.073
0.073
0.073
0.073
0.073
0.073
0.073
0.073
0.073
0.073
0.073
0.072
0.062
0.073
0.070
0.073
0.073
0.069
0.069
0.073
0.073
0.073
0.073
0.073
0.073
0.073
0.073
0.073
0.073
0.070
0.073
0.073
-2.112
0.073
0.073
0.071
0.073
0.073
0.073
0.073
0.073
0.055
0.073
0.073
0.073
0.073
0.073
0.073
0.073
0.073
0.073
0.073
0.073
0.072
0.073
0.073
0.073
0.073
0.069
0.071
0.073
0.073
0.069
0.073
0.073
0.073
0.073
0.073
0.073
0.073
0.073
0.073
0.073
0.073
0.073
0.073
0.073
0.073
0.073
0.073
0.073
0.073
0.073
0.073
0.073
0.073
0.073
0.073
0.073
0.073
0.073
0.073
0.069
0.073
0.073
0.073
0.062
0.070
0.065
0.073
0.073
0.073
0.073
0.073
0.072
0.073
0.073
0.073
0.067
0.073
0.062
0.073
0.073
0.072
-2.066
-1.664
-1.653
0.073
0.073
0.072
0.073
0.073
0.073
0.073
0.073
0.073
0.073
0.073
0.073
0.073
0.073
0.070
0.073
0.073
0.073
0.073
0.073
0.073
0.073
0.073
0.073
0.073
0.073
0.073
0.073
0.073
0.073
0.062
0.073
0.073
0.072
0.062
0.068
0.068
0.073
0.073
0.073
0.073
0.073
0.064
0.053
0.063
0.064
0.062
0.045
0.064
0.064
0.064
0.064
0.064
0.064
0.064
0.064
0.062
0.064
0.064
0.064
0.064
0.062
0.060
0.064
0.057
0.062
0.064
0.062
-1.790
0.064
0.064
0.061
0.064
0.064
0.064
0.064
0.064
0.064
0.064
0.064
0.064
0.064
0.064
0.064
0.064
0.064
0.064
0.064
0.064
0.064
0.064
0.064
0.064
0.064
0.064
0.064
0.062
0.064
0.060
0.064
0.064
0.064
0.064
0.064
0.055
0.064
0.064
0.064
0.064
0.064
0.064
0.064
0.064
0.064
0.064
0.064
0.064
0.064
0.064
0.060
0.062
0.064
0.060
0.064
0.064
0.064
0.064
0.064
0.064
0.064
0.064
0.064
0.062
0.064
0.064
0.052
0.064
0.063
0.064
0.064
0.064
0.064
0.064
0.064
0.064
0.064
0.064
0.062
0.064
0.064
0.064
0.064
0.064
0.064
0.064
0.064
0.064
0.064
0.058
0.064
0.064
0.064
0.064
0.064
0.062
0.064
0.064
0.064
0.064
0.064
0.063
0.064
0.064
0.064
0.064
0.064
0.064
0.064
0.064
0.064
0.064
0.064
0.064
0.064
0.064
0.063
0.064
0.064
0.057
0.064
0.064
0.064
0.064
0.064
0.064
0.064
0.064
0.064
0.000
0.000
0.000
0.000
0.000
0.000
0.000
0.000
0.000
0.047
0.061
0.047
0.073
0.069
0.073
0.058
0.073
-2.120
0.073
0.073
0.069
0.058
0.058
0.058
0.069
0.069
0.068
-1.180
-2.000
-1.294
0.073
0.073
0.054
0.069
0.073
0.069
0.058
0.069
0.073
0.073
0.058
0.057
-2.132
0.073
0.058
0.069
0.058
0.058
0.073
0.055
-3.064
0.073
0.073
0.072
0.065
0.058
0.058
0.073
0.073
0.067
0.058
0.058
0.073
0.073
0.069
0.073
0.072
0.070
0.069
-1.180
-1.179
-1.180
-1.746
-2.013
-1.407
-1.180
-1.179
-1.407
-1.180
-1.966
-3.545
-1.401
-1.177
-1.180
-1.180
-1.179
-1.180
0.073
0.073
-3.004
0.073
0.073
-2.144
0.058
0.069
0.066
0.069
0.058
0.053
0.057
0.073
0.062
0.055
0.058
0.055
-2.814
-1.399
-4.221
0.073
0.073
0.055
0.073
-2.128
0.053
-2.132
0.069
0.055
0.058
0.069
0.073
-1.180
-1.180
-1.932
-1.180
-1.180
-1.942
0.069
0.073
0.071
0.073
0.069
0.069
0.073
0.073
0.070
0.070
0.073
0.061
0.073
0.073
0.073
0.073
0.073
0.073
0.073
0.073
0.073
0.073
0.073
0.072
0.073
0.073
0.072
0.073
0.073
0.073
0.073
0.073
0.073
0.073
0.073
0.053
0.073
0.073
0.073
0.073
0.073
0.069
0.073
0.073
0.073
0.073
0.073
0.069
0.073
0.073
0.073
0.073
0.073
0.069
0.073
0.073
0.069
0.073
0.073
0.067
0.073
0.073
0.066
0.073
0.073
0.073
0.073
0.073
0.073
0.073
0.073
0.073
0.070
0.073
0.073
0.073
0.073
0.073
0.073
0.073
0.063
0.064
0.064
0.064
0.064
0.064
0.063
0.064
0.064
0.063
0.064
0.064
0.064
0.064
0.064
0.064
0.064
0.064
0.064
0.064
0.064
0.063
0.064
0.064
0.062
0.064
0.064
0.064
0.064
0.064
0.064
0.064
0.064
0.064
0.064
0.064
0.062
0.064
0.064
0.058
0.064
0.064
0.063
0.064
0.064
0.058
0.064
0.064
0.064
0.064
0.064
0.064
0.064
0.064
0.064
0.064
0.064
0.064
0.064
0.064
0.064
0.064
0.064
0.064
0.064
0.064
0.064
0.064
0.064
0.064
0.064
0.064
0.064
0.064
0.064
0.064
0.064
0.064
0.064
0.064
0.064
0.064
0.064
0.064
0.064
0.064
0.064
0.064
0.064
0.064
-1.963
0.064
0.064
0.064
0.064
0.064
0.064
0.064
0.064
0.064
0.064
0.064
0.064
0.064
0.064
0.063
0.064
0.064
0.059
0.064
0.064
0.063
0.064
0.064
0.064
0.064
0.064
-2.475
0.064
0.064
0.064
0.064
0.064
0.063
0.064
0.064
0.064
0.064
0.064
0.064
0.064
0.064
0.064
0.064
0.064
0.064
0.064
0.064
0.063
0.064
0.064
0.064
0.064
0.064
0.064
0.064
0.064
0.064
0.064
0.064
0.064
0.073
0.073
0.073
0.073
0.073
0.073
0.073
0.073
0.073
0.073
0.073
0.073
0.073
0.073
0.073
0.073
0.073
0.073
0.073
0.073
0.073
0.073
0.073
0.072
0.073
0.073
0.071
0.073
0.073
0.059
0.073
0.073
0.073
0.073
0.073
0.068
0.073
0.073
0.073
0.073
0.073
0.073
0.073
0.073
0.072
0.073
0.073
0.073
0.073
0.073
0.073
0.073
0.073
0.073
0.073
0.073
0.073
0.073
0.073
0.073
0.073
0.073
0.073
0.073
0.073
0.073
0.073
0.073
0.071
0.073
0.073
0.069
0.073
0.071
0.072
0.073
0.073
0.073
0.073
0.073
0.069
0.073
0.073
0.067
0.073
0.073
0.073
0.073
0.073
0.073
0.073
0.073
0.073
0.073
0.073
0.069
0.073
0.073
0.073
0.070
0.073
0.073
0.073
0.073
0.072
0.073
0.073
0.058
0.073
0.073
0.073
0.073
0.073
0.069
0.073
0.073
0.073
0.073
0.073
0.073
0.073
0.069
0.070
0.073
0.073
0.073
0.073
0.073
0.073
0.073
0.073
0.071
0.073
0.073
0.070
0.073
0.073
0.073
0.073
0.073
0.070
0.073
0.073
0.057
0.073
0.073
0.053
0.073
0.073
0.073
0.073
0.073
0.072
0.073
0.073
0.061
0.073
0.073
0.073
0.073
0.073
0.073
0.073
0.073
0.073
0.057
0.073
0.073
0.073
0.073
0.073
0.073
0.073
0.072
0.073
0.073
0.073
0.073
0.072
0.073
0.073
0.071
0.071
0.073
0.069
0.073
0.073
0.069
0.069
0.073
0.073
0.073
0.062
0.073
0.064
0.069
0.073
0.073
0.073
0.073
0.073
0.073
0.073
0.073
0.073
0.073
0.073
0.069
0.069
0.069
0.073
0.069
0.073
0.073
0.073
0.069
0.073
0.073
0.073
0.073
0.073
0.069
0.073
0.073
0.073
0.073
0.068
0.072
0.071
0.073
0.073
0.073
0.073
0.073
0.073
0.073
0.073
0.073
0.073
0.073
0.073
0.073
0.073
0.073
0.073
0.066
0.073
0.073
0.072
0.057
0.073
0.069
0.073
0.073
0.073
0.073
0.073
0.069
0.073
0.073
0.073
0.073
0.073
0.073
0.073
0.073
0.073
0.073
0.073
0.073
0.073
0.073
0.070
0.073
0.073
0.073
0.073
0.073
0.073
0.073
0.073
0.073
0.073
0.073
0.073
0.073
0.073
0.071
0.073
0.073
0.073
0.073
0.073
0.072
0.073
0.073
0.071
0.069
0.073
0.073
0.073
0.073
0.073
0.073
0.073
0.073
0.073
0.073
0.073
0.073
0.073
0.073
0.073
0.073
0.072
0.073
0.073
0.073
0.073
0.073
0.073
0.073
0.073
0.072
0.073
0.073
0.073
0.073
0.073
0.073
0.073
0.073
0.073
0.069
0.073
0.073
0.073
0.073
0.073
0.073
0.073
0.070
0.073
0.073
0.073
0.073
0.073
0.073
0.073
0.073
0.061
0.073
0.073
0.071
0.073
0.073
0.070
0.073
0.073
0.072
0.073
0.073
0.073
0.062
0.073
0.065
0.072
0.073
0.073
0.073
0.073
0.073
0.073
0.073
0.073
0.073
0.073
0.073
0.073
0.073
0.073
0.073
0.073
0.073
0.073
0.073
0.071
0.073
0.073
0.069
0.073
0.073
0.070
0.073
0.073
0.069
0.073
0.073
0.073
0.073
0.073
0.073
0.073
0.073
0.073
0.073
0.073
0.073
0.073
0.073
0.073
0.073
0.073
0.073
0.073
0.072
0.067
0.073
0.073
0.069
0.073
0.073
0.072
0.073
0.073
0.062
0.073
0.073
0.073
0.073
0.073
0.068
0.073
0.073
0.073
0.073
0.073
0.072
0.073
0.073
0.073
0.073
0.073
0.073
0.073
0.073
0.072
0.073
0.073
0.072
0.073
0.073
0.073
0.073
0.073
0.073
0.071
0.073
0.067
0.073
0.073
0.073
0.073
0.073
0.073
0.073
0.073
0.073
0.070
0.073
0.069
0.073
0.073
0.070
0.073
0.073
0.070
0.073
0.073
0.068
0.073
0.073
0.065
0.073
0.073
0.073
0.069
0.069
0.069
0.069
0.069
0.069
0.069
0.069
0.069
0.069
0.069
0.069
0.069
0.069
0.069
0.069
0.069
0.069
0.069
0.069
0.069
0.069
0.065
0.069
0.069
0.069
0.065
0.069
0.069
0.069
0.065
0.069
0.062
0.069
0.069
0.069
0.069
0.069
0.064
0.069
0.069
0.065
0.069
0.069
0.064
0.069
0.069
0.069
0.065
0.069
0.069
0.069
0.069
0.052
0.069
0.069
0.065
0.069
0.069
0.052
0.069
0.069
0.067
0.069
0.069
0.069
0.069
0.069
0.058
0.069
0.069
0.069
0.069
0.069
0.069
0.069
0.069
0.065
0.069
0.069
0.065
0.069
0.069
0.050
0.069
0.069
0.067
0.069
0.069
0.069
0.069
0.069
0.069
0.069
0.069
0.068
0.069
0.069
0.069
0.069
0.069
0.065
0.069
0.069
0.069
0.069
0.069
0.069
0.069
0.069
0.069
0.069
0.069
0.069
0.069
0.069
0.067
0.069
0.069
0.069
0.054
0.069
0.068
0.069
0.069
0.069
0.069
0.069
0.069
0.069
0.069
0.066
0.069
0.069
0.067
0.069
0.069
0.069
0.069
0.069
0.067
0.069
0.069
0.069
0.069
0.069
0.067
0.069
0.069
0.069
0.069
0.069
0.067
0.069
0.069
0.069
0.069
0.069
0.069
0.069
0.069
0.069
0.069
0.069
0.069
0.069
0.069
0.058
0.069
0.069
0.069
0.069
0.069
0.069
0.069
0.069
0.069
0.069
0.069
0.069
0.069
0.069
0.062
0.069
0.069
0.065
0.061
0.069
0.069
0.069
0.069
0.069
0.069
0.069
0.069
0.069
0.069
0.069
0.057
0.073
0.073
0.071
0.073
0.073
0.073
0.073
0.072
0.073
0.073
0.073
0.073
0.073
0.073
0.073
0.070
0.073
0.073
0.073
0.073
0.073
0.073
0.073
0.073
0.073
0.073
0.073
0.073
0.073
0.073
0.073
0.073
0.073
0.073
0.073
0.073
0.073
0.069
0.073
0.073
0.073
0.073
0.073
0.073
0.073
0.073
0.073
0.073
0.073
0.073
0.073
0.073
0.072
0.073
0.073
0.073
0.073
0.073
0.073
0.073
0.073
0.073
0.073
0.073
0.069
0.073
0.073
0.068
0.073
0.073
0.072
0.073
0.073
0.070
0.073
0.073
0.073
0.073
0.073
0.072
0.073
0.073
0.073
0.073
0.073
0.073
0.073
0.073
0.073
0.073
0.073
0.073
0.073
0.073
0.068
0.073
0.073
0.073
0.073
0.073
0.057
0.073
0.073
0.073
0.073
0.073
0.072
0.073
0.073
0.069
0.073
0.073
0.073
0.073
0.073
0.069
0.073
0.073
0.073
0.073
0.073
0.073
0.073
0.073
0.058
0.073
0.073
0.073
0.073
0.073
0.073
0.073
0.073
0.073
0.073
0.073
0.065
0.073
0.073
0.072
0.073
0.073
0.069
0.073
0.073
0.063
0.073
0.073
0.073
0.073
0.073
0.073
0.073
0.073
0.073
0.073
0.073
0.073
0.069
0.072
0.062
