fixedStep chrom=ENSGT00390000013108 start=1 step=1
0.094
0.095
0.094
0.094
0.094
0.095
0.094
0.095
0.091
0.094
0.094
0.094
0.095
0.094
0.094
0.094
0.094
0.089
0.077
0.095
0.094
0.085
0.095
0.092
0.094
0.094
0.091
0.082
0.094
0.095
0.094
0.095
0.094
0.091
0.095
0.094
0.095
0.080
0.094
0.094
0.095
0.080
0.089
0.095
0.094
0.094
0.094
0.094
0.095
0.094
0.086
0.091
0.094
0.091
0.091
0.094
0.094
0.094
0.091
0.094
0.077
0.095
0.073
0.094
0.090
0.094
0.094
0.094
0.089
0.094
0.094
0.094
0.081
0.091
0.094
0.094
0.091
0.079
0.091
0.094
0.094
0.091
0.092
0.091
0.091
0.095
0.091
0.087
0.092
0.094
0.095
0.095
0.094
0.077
0.076
0.073
0.094
0.094
0.094
0.080
0.086
0.094
0.094
0.095
0.094
0.094
0.094
0.094
0.091
0.094
0.095
0.090
0.095
0.094
0.094
0.094
0.094
0.094
0.091
0.092
0.086
0.095
0.094
0.094
0.094
0.094
0.094
0.094
0.094
0.080
0.087
0.081
0.094
0.094
0.094
0.094
0.094
0.095
0.094
0.091
0.091
0.095
0.094
0.094
0.091
0.080
0.094
0.091
0.094
0.094
0.091
0.095
0.094
0.075
0.094
0.088
0.091
0.095
0.094
0.091
0.092
0.091
0.094
0.094
0.091
0.087
0.095
0.094
0.094
0.095
0.095
0.094
0.094
0.095
0.094
0.091
0.094
0.091
0.094
0.094
0.094
0.094
0.094
0.094
0.091
0.091
0.094
0.094
0.077
0.094
0.094
0.081
0.094
0.094
0.094
0.094
0.094
0.091
0.094
0.094
0.091
0.094
0.092
0.076
0.095
0.095
0.094
0.095
0.094
0.094
0.094
0.094
0.094
0.094
0.094
0.077
0.094
0.094
0.094
0.094
0.094
0.091
0.094
0.095
0.094
0.094
0.095
0.087
0.094
0.094
0.094
0.094
0.094
0.091
-1.184
0.095
0.094
0.095
0.094
0.094
0.094
0.094
0.091
0.094
0.094
0.094
0.094
0.075
0.091
0.080
0.094
0.094
0.094
0.094
0.077
0.091
0.072
-1.736
-1.901
0.091
0.074
0.092
0.078
0.094
0.086
0.094
0.085
0.073
0.080
-1.363
0.094
0.085
-2.419
0.075
0.094
-2.510
0.076
-1.907
0.075
-2.460
0.065
0.092
-1.074
-2.252
-1.226
-1.074
-1.224
-1.075
-1.213
-1.070
-2.187
-1.224
-1.074
-1.074
-1.697
-1.075
-3.452
0.032
0.032
0.032
0.094
0.094
0.094
0.085
0.094
0.094
0.094
0.081
-1.881
0.075
0.095
0.092
0.094
0.091
0.094
0.066
0.087
0.094
0.091
0.093
0.094
0.094
0.095
0.092
0.094
0.094
0.094
0.080
0.094
0.091
0.094
0.095
-2.591
0.094
0.094
0.094
0.094
0.094
0.094
0.094
0.094
0.094
0.094
0.095
0.080
0.095
0.091
0.074
0.093
0.094
0.094
-1.735
0.095
0.094
0.094
0.094
0.091
0.072
0.091
0.094
0.077
0.092
0.094
0.092
0.078
-3.688
0.078
-2.664
0.094
0.095
0.094
0.088
0.082
0.094
0.095
0.094
0.095
0.092
0.082
0.078
0.066
0.082
0.082
0.076
0.094
0.094
0.082
0.092
0.069
0.080
0.081
0.092
0.094
0.082
0.072
0.079
0.082
0.086
0.084
0.085
0.088
0.088
0.083
0.084
0.088
0.087
0.088
0.088
0.088
0.088
0.088
0.088
0.088
0.084
0.084
0.088
0.088
0.088
0.094
0.094
0.094
0.095
0.094
0.094
0.094
0.094
0.091
0.090
0.094
0.094
0.091
0.094
0.094
0.095
0.094
0.094
0.094
0.091
0.094
0.094
0.094
0.094
0.086
0.094
0.095
0.094
0.095
0.095
0.094
0.094
0.094
0.094
0.094
0.095
0.091
0.095
-3.233
-2.062
-1.860
-1.979
-1.975
-1.978
