fixedStep chrom=ENSGT00390000002416 start=1 step=1
0.056
0.056
0.056
0.056
0.056
0.056
0.055
0.056
0.052
0.056
0.056
0.056
0.056
0.056
0.056
0.056
0.056
0.056
0.056
0.056
0.056
0.056
0.056
0.056
0.056
0.056
0.056
0.056
0.056
0.056
0.056
0.056
0.052
0.056
0.056
0.056
0.056
0.056
0.056
0.054
0.056
0.056
-1.455
-2.283
-1.455
0.053
0.045
0.052
0.056
0.056
0.056
0.056
0.056
0.051
-1.101
0.056
0.056
0.056
0.056
0.053
0.056
0.056
0.056
0.056
0.055
0.056
0.054
0.056
0.053
0.056
0.056
0.056
0.056
0.056
0.052
0.056
0.056
0.056
0.055
0.056
-2.607
0.056
0.056
0.056
0.056
0.056
0.056
0.056
0.056
0.056
0.056
0.056
0.056
0.056
0.056
0.056
0.056
0.056
0.056
0.056
0.056
0.056
0.056
0.056
0.056
0.056
0.056
0.056
0.056
0.056
0.056
0.056
0.056
0.056
0.056
0.056
0.045
0.056
0.056
0.056
0.056
0.056
0.056
0.056
0.056
0.056
0.056
0.056
0.056
0.056
0.056
0.056
0.056
0.053
0.056
0.056
0.056
-1.089
0.056
0.056
0.056
0.056
0.056
0.056
0.056
0.056
0.055
0.053
0.056
0.056
0.056
0.056
0.056
0.056
0.056
0.056
0.056
0.056
0.056
0.056
0.056
0.056
0.056
0.056
-1.098
0.052
0.056
0.056
0.056
0.056
0.056
0.056
0.056
0.056
0.056
0.056
0.042
0.056
0.055
-1.911
0.056
0.056
0.056
0.056
0.056
0.056
0.056
0.053
0.055
0.056
0.056
0.045
0.056
0.056
0.056
0.056
0.053
0.056
0.056
-1.084
0.056
0.052
0.056
0.056
0.056
0.056
0.056
0.056
0.056
0.056
0.056
0.056
0.056
0.055
0.056
0.055
0.056
0.056
0.056
0.056
0.056
0.056
0.056
0.056
0.055
0.056
0.056
0.056
0.056
0.054
0.056
0.056
0.056
0.055
0.056
0.056
0.055
0.056
0.056
0.056
0.056
0.056
0.056
0.055
0.056
0.056
0.056
0.056
0.056
0.056
0.056
0.056
0.056
0.056
0.056
0.053
0.056
0.046
0.056
0.056
0.056
0.056
0.056
0.056
0.056
0.056
0.056
0.056
0.056
0.056
0.056
0.056
0.051
0.056
0.056
0.056
0.056
0.056
0.056
0.056
0.056
0.056
0.053
0.056
0.056
0.056
0.056
0.054
0.056
0.056
0.052
0.056
0.056
0.056
0.056
0.056
0.052
0.056
0.056
0.056
0.056
0.055
0.055
0.055
0.056
0.055
0.056
0.056
0.056
0.056
0.056
0.056
0.056
0.056
0.056
0.056
0.056
0.056
0.056
0.056
0.056
0.056
0.056
0.056
0.056
-1.082
0.056
0.056
0.056
0.056
0.056
0.056
0.056
0.056
0.056
0.052
0.056
0.056
0.052
0.056
0.056
0.056
0.055
0.056
0.056
0.056
0.056
0.056
0.056
0.056
0.056
0.056
0.056
0.056
0.056
0.056
0.056
0.056
0.056
0.047
0.056
0.056
0.056
0.056
0.056
0.056
0.056
0.056
0.056
0.056
0.056
0.056
0.056
0.056
0.056
0.056
0.056
0.056
0.056
0.056
0.056
0.056
0.056
0.056
0.056
0.056
0.052
0.056
0.056
0.052
0.056
0.056
0.056
0.056
0.056
0.056
0.056
0.056
0.055
0.056
0.056
0.055
0.056
0.056
0.056
0.056
0.056
0.054
0.056
0.056
0.056
0.056
0.056
0.056
0.056
0.056
0.056
0.056
0.056
0.056
0.056
0.056
0.056
0.055
0.056
0.054
0.056
0.056
0.052
0.056
0.056
0.053
0.056
0.055
0.056
0.056
0.056
0.052
0.056
0.052
0.056
