fixedStep chrom=ENSGT00390000012258 start=1 step=1
0.000
0.000
0.000
0.000
0.000
0.000
0.000
0.000
0.000
0.000
0.000
0.000
0.000
0.000
0.000
0.000
0.000
0.000
0.000
0.000
0.000
0.000
0.000
0.000
0.000
0.000
0.000
0.000
0.000
0.000
0.000
0.000
0.000
0.000
0.000
0.000
0.000
0.000
0.000
0.000
0.000
0.000
0.000
0.000
0.000
0.000
0.000
0.000
0.000
0.000
0.000
0.000
0.000
0.000
0.000
0.000
0.000
0.000
0.000
0.000
0.000
0.000
0.000
0.000
0.000
0.000
0.109
0.110
0.109
0.109
0.109
0.109
0.109
0.109
0.109
0.110
0.110
0.109
0.109
0.109
0.109
0.110
0.109
0.100
0.109
0.109
0.109
0.108
0.109
0.109
0.109
0.102
0.109
0.109
0.109
0.110
0.110
0.110
0.091
0.109
0.109
0.109
0.109
0.109
0.089
0.109
0.110
0.110
0.109
0.110
0.109
0.109
0.109
0.109
0.109
0.109
0.109
0.103
0.110
0.109
0.109
0.109
0.092
0.110
0.109
0.102
0.108
0.110
0.109
0.109
0.101
0.109
0.109
0.109
0.109
0.109
0.109
0.109
0.109
0.109
0.109
0.109
0.109
0.109
0.109
0.109
0.101
0.109
0.109
0.109
0.110
0.109
0.110
0.109
0.109
0.109
0.109
0.109
0.109
0.109
0.109
0.102
0.109
0.109
0.109
0.109
0.109
0.109
0.110
0.109
0.103
0.109
0.109
0.109
0.110
0.109
0.109
0.109
0.110
0.091
0.109
0.110
0.109
0.109
0.109
0.109
0.109
0.109
0.110
0.110
0.110
0.109
0.109
0.109
0.110
0.109
0.109
0.109
0.109
0.109
0.110
0.109
0.109
0.109
0.106
0.114
0.113
0.113
0.113
0.113
0.113
0.113
0.114
0.113
0.113
0.104
0.113
0.113
0.113
0.114
0.114
0.105
0.114
0.113
0.113
0.113
0.113
0.113
0.113
0.113
0.113
0.113
0.113
0.113
0.113
0.113
0.114
0.113
0.113
0.113
0.113
0.114
0.114
0.113
0.113
0.114
0.114
0.114
0.113
0.113
0.113
0.092
0.113
0.113
0.114
-0.551
0.113
0.097
0.113
0.107
0.113
0.114
-0.550
0.107
-0.551
0.097
0.113
0.114
-0.551
0.106
0.097
-0.547
0.113
-0.551
0.107
0.096
-0.551
-0.551
-0.546
-0.547
-0.551
0.113
0.096
-0.547
-0.551
-0.550
0.096
-0.551
0.096
-1.089
0.107
0.097
0.096
-0.547
-1.449
-1.172
-1.449
-1.406
-1.218
-1.617
0.097
0.098
-1.371
-0.550
-0.547
0.097
-0.550
0.107
0.113
0.096
0.113
-0.547
0.114
0.114
0.097
-0.550
-0.547
-0.547
0.113
-0.551
-0.550
0.113
0.096
0.113
0.113
-0.548
-0.547
0.096
0.096
-0.551
-0.551
-0.551
-1.404
0.097
-0.550
0.096
-0.795
-0.547
0.113
0.096
0.096
0.106
0.096
0.096
-0.548
0.097
0.097
-0.547
-0.551
0.097
-0.547
0.113
-0.551
0.097
0.114
-0.547
0.113
-0.548
-0.547
0.113
0.113
-0.548
0.097
0.097
0.097
-0.550
0.096
0.096
-0.548
0.114
-0.547
-0.551
0.113
0.113
0.106
-1.085
-1.287
0.097
-0.550
0.096
-0.551
0.113
0.097
-0.547
0.113
0.096
0.096
0.113
0.113
0.096
0.113
0.096
0.113
0.000
0.000
0.000
0.000
0.000
0.000
0.000
0.000
0.000
0.000
0.000
0.000
0.000
0.000
0.000
0.000
0.000
0.000
0.000
0.000
0.000
0.000
0.000
0.000
0.000
0.000
0.000
-1.406
-1.406
-1.284
0.108
0.113
0.113
0.096
-0.547
0.113
0.113
0.097
0.105
0.000
0.000
0.000
0.000
0.000
0.000
0.000
0.000
0.000
