fixedStep chrom=ENSGT00720000108835 start=1 step=1
0.121
0.121
0.121
0.121
0.121
0.118
0.121
0.121
0.115
0.098
0.098
0.121
0.098
0.098
0.121
0.121
0.121
0.116
0.098
0.121
0.121
0.117
0.117
0.113
0.116
0.100
0.121
0.000
0.000
0.000
0.000
0.000
0.000
0.000
0.000
0.000
0.000
0.000
0.000
0.000
0.000
0.000
0.000
0.000
0.000
0.000
0.000
0.000
0.000
0.000
0.000
0.000
0.000
0.000
-0.474
-0.475
-0.475
0.121
0.121
0.121
0.121
0.121
0.117
0.113
0.120
0.121
0.102
0.121
0.121
0.121
0.121
0.117
0.093
0.113
0.112
0.118
0.115
0.121
0.121
0.121
0.118
0.116
0.121
0.121
0.121
0.121
0.121
0.121
0.121
0.121
0.104
0.121
0.102
0.087
0.121
0.121
0.121
0.121
0.109
0.121
0.093
0.120
0.121
0.121
0.117
-0.806
-0.806
-1.147
-0.865
-1.162
-1.450
-1.595
-1.185
-0.806
-0.803
-0.807
-0.806
-0.806
-0.806
-0.807
-2.060
-1.121
-1.182
-0.803
-0.860
-0.939
0.000
0.000
0.000
0.000
0.000
0.000
0.000
0.000
0.000
0.000
0.000
0.000
0.000
0.000
0.000
0.000
0.000
0.000
0.000
0.000
0.000
0.000
0.000
0.000
0.000
0.000
0.000
0.000
0.000
0.000
0.000
0.000
0.000
0.000
0.000
0.000
-1.185
-1.162
-1.185
-0.803
-0.807
-1.420
-1.578
-0.803
-0.807
-0.806
-0.806
-1.271
-0.861
-0.803
-0.807
-0.864
-0.807
-0.806
-0.822
-2.113
-0.806
-1.180
-1.577
-0.807
-0.923
-1.426
0.000
0.000
0.000
0.000
0.000
0.000
0.000
0.000
0.000
0.000
0.000
0.000
0.000
0.000
0.000
0.000
0.000
0.000
0.000
0.000
0.000
0.000
0.000
0.000
0.000
0.000
0.000
0.000
0.000
0.000
0.000
-1.577
-0.881
-0.867
-2.020
-1.157
-1.181
0.121
0.121
0.114
0.107
0.121
0.121
0.100
0.121
0.117
0.100
0.117
0.100
0.097
-1.300
0.093
0.121
0.121
0.120
0.121
0.121
0.121
0.117
0.121
0.118
0.121
0.121
0.109
0.000
0.000
0.000
0.000
0.000
0.000
0.000
0.000
0.000
0.000
0.000
0.000
0.000
0.000
0.000
0.000
0.000
0.000
0.000
0.000
0.000
0.000
0.000
0.000
0.000
0.000
0.000
0.000
0.000
0.000
0.000
0.000
0.000
0.000
0.000
0.000
0.000
0.000
0.000
0.000
0.000
0.000
0.000
0.000
0.000
0.000
0.000
0.000
0.000
0.000
0.000
0.000
0.000
0.000
0.000
0.000
0.000
0.000
0.000
0.000
0.000
0.000
0.000
0.000
0.000
0.000
0.000
0.000
0.000
0.000
0.000
0.000
0.000
0.000
0.000
0.000
0.000
0.000
0.000
0.000
0.000
0.000
0.000
0.000
0.000
0.000
0.000
0.000
0.000
0.000
0.000
0.000
0.000
0.000
0.000
0.000
0.000
0.000
0.000
0.000
0.000
0.000
0.000
0.000
0.000
0.000
0.000
0.000
0.000
0.000
0.000
0.000
0.000
0.000
0.000
0.000
0.000
0.000
0.000
0.000
0.000
0.000
0.000
0.000
0.000
0.000
0.000
0.000
0.000
0.000
0.000
0.000
0.000
0.000
0.000
0.000
0.000
0.000
0.000
0.000
0.000
0.000
0.000
0.000
0.000
0.000
0.000
0.000
0.000
0.000
0.000
0.000
0.000
0.000
0.000
0.000
0.000
0.000
0.000
0.000
0.000
0.000
0.000
0.000
0.000
0.000
0.000
0.000
0.000
0.000
0.000
0.000
0.000
0.000
0.000
0.000
0.000
0.000
0.000
0.000
0.000
0.000
0.000
-2.525
0.098
0.098
0.121
0.121
0.114
0.121
0.121
0.121
0.121
0.121
0.111
0.120
0.121
0.121
0.121
0.121
0.121
0.121
0.121
0.121
0.102
0.117
0.121
0.121
0.121
0.114
0.116
0.117
0.113
0.091
0.121
-1.871
0.121
0.117
0.121
0.121
0.113
0.101
0.112
0.121
0.116
0.115
0.118
0.108
0.121
0.116
0.120
0.121
0.121
0.118
0.121
0.098
0.111
0.098
0.098
0.116
0.121
0.121
0.100
0.121
0.121
0.121
0.121
0.121
0.121
0.121
0.121
0.121
0.121
0.117
0.121
0.121
0.121
0.119
0.112
0.121
0.121
0.121
0.121
0.121
0.107
0.121
0.117
0.117
0.089
0.119
0.110
0.121
0.110
0.097
0.121
0.121
0.121
0.116
0.116
0.121
0.121
0.117
0.121
0.121
0.116
0.117
0.121
0.121
0.091
0.121
0.120
0.121
0.118
0.116
0.118
0.121
0.118
0.102
0.115
0.121
0.112
0.098
0.116
0.084
0.121
0.121
-0.216
-0.216
-0.216
0.121
0.121
0.121
-1.048
-1.048
-1.048
