fixedStep chrom=ENSGT00390000014994 start=1 step=1
-0.358
-0.358
-0.358
-1.202
-1.283
-1.942
0.081
0.084
0.085
0.084
0.084
0.084
0.079
0.085
0.065
0.084
0.084
0.080
0.085
0.084
0.084
0.080
0.084
0.080
0.080
0.084
0.084
0.080
0.085
0.084
0.084
0.080
0.079
0.065
0.085
0.084
0.080
0.085
0.084
0.065
0.080
0.084
0.084
0.080
0.084
0.080
0.084
0.084
0.084
0.084
0.084
0.085
0.084
0.084
0.084
0.084
0.085
0.084
0.084
0.084
0.084
0.084
0.084
0.084
0.085
0.084
0.084
0.085
0.084
0.085
0.084
0.080
0.084
0.084
0.084
0.084
0.085
0.084
0.084
0.084
0.085
0.084
0.084
0.084
0.084
0.084
0.084
0.085
0.084
0.085
0.084
0.084
0.081
0.084
0.084
0.084
0.084
0.084
0.079
0.084
0.084
0.084
0.084
0.084
0.084
0.084
0.084
0.080
0.076
0.084
0.080
0.084
0.084
0.081
0.084
0.084
0.084
0.080
0.084
0.077
0.079
0.084
0.084
0.084
0.084
0.076
0.084
0.081
0.080
0.080
0.084
0.085
0.080
0.084
-1.500
0.080
0.084
0.080
0.084
0.084
0.084
0.081
0.084
0.084
0.084
0.084
0.084
0.078
0.084
0.084
0.085
0.085
0.085
0.084
0.084
0.084
0.084
0.067
0.084
0.084
0.084
0.084
0.084
0.085
0.084
0.084
0.084
0.080
0.084
0.084
0.084
0.084
0.085
0.079
0.084
0.085
0.084
0.084
0.084
0.084
0.084
0.084
0.084
0.084
0.081
0.084
0.084
0.084
0.065
0.084
0.084
0.084
0.084
0.084
0.084
0.084
0.084
0.084
0.084
0.084
0.081
0.084
0.085
0.071
0.084
0.084
0.079
0.084
0.085
0.084
0.085
0.084
0.084
0.084
0.084
0.079
0.085
0.084
0.084
0.084
0.084
-2.930
0.084
0.084
0.084
0.085
0.085
0.081
0.084
0.084
0.084
0.084
0.084
0.084
-1.202
-1.202
-1.284
0.084
0.080
-1.434
0.084
0.084
0.084
0.084
0.085
0.059
0.059
0.084
0.084
0.071
0.084
0.084
0.084
0.084
0.078
0.084
0.085
0.084
0.084
0.084
0.080
0.084
0.084
0.084
0.084
0.084
0.084
0.084
0.084
0.079
0.080
0.076
0.084
0.084
0.085
0.084
0.085
0.085
0.085
0.071
0.084
0.085
0.071
0.079
0.076
0.080
0.078
0.058
0.084
0.084
0.084
-1.203
-1.283
-1.530
-1.284
-1.284
-1.398
-1.530
-1.203
-1.284
-1.281
-1.532
-1.283
-0.358
-0.358
-0.372
-0.358
-0.358
-0.358
