fixedStep chrom=ENSGT00390000001801 start=1 step=1
0.064
0.064
0.064
0.064
0.064
0.061
0.064
0.064
0.064
0.054
0.064
0.064
0.064
0.064
0.056
0.064
0.064
0.064
0.048
0.063
0.064
0.048
0.056
0.064
0.062
0.064
0.064
0.057
0.064
0.060
0.064
0.064
0.063
0.064
0.064
0.062
0.064
0.064
0.063
0.064
0.064
0.063
0.064
0.064
0.056
0.063
0.064
0.064
0.064
0.064
0.064
0.064
0.064
0.055
0.064
0.064
0.062
0.064
0.064
0.064
0.064
0.064
0.064
0.064
0.064
0.064
0.064
0.064
0.064
0.064
0.064
0.064
0.064
0.064
0.062
0.064
0.064
0.063
0.064
0.064
0.064
0.064
0.064
0.064
0.064
0.064
0.064
0.064
0.064
0.063
0.064
0.064
0.064
0.064
0.064
0.064
0.064
0.064
0.064
0.056
0.064
0.061
0.064
0.064
0.064
0.064
0.064
0.056
0.064
0.064
0.053
0.064
0.064
0.048
0.064
0.064
0.064
0.064
0.064
0.064
0.064
0.064
0.064
0.064
0.064
0.064
0.064
0.064
0.064
0.064
0.062
0.064
0.064
0.064
0.064
0.064
0.064
0.064
0.064
0.062
0.051
0.064
0.064
0.064
0.053
0.064
0.064
0.064
0.064
0.064
0.064
0.064
-2.611
0.064
0.064
0.062
0.064
0.064
0.064
0.064
0.064
0.062
0.064
0.064
0.064
0.064
0.064
0.061
0.064
0.064
0.048
0.064
0.064
0.064
0.064
0.064
0.064
0.064
0.064
0.064
0.064
0.064
0.064
0.064
0.064
0.061
0.064
0.064
0.064
0.064
0.064
0.064
0.064
0.064
0.062
0.064
0.064
0.064
0.064
0.064
0.063
0.064
0.064
0.060
0.064
0.064
0.064
0.064
0.064
0.064
0.064
0.064
0.064
0.064
0.064
0.064
0.064
0.064
0.064
0.064
0.064
0.064
0.064
0.064
0.062
0.064
0.064
0.064
0.064
0.064
0.064
0.064
0.064
0.061
0.064
0.064
0.061
0.064
0.064
0.064
0.064
0.064
0.064
0.064
0.064
0.064
0.064
0.064
0.064
0.064
0.064
0.062
0.064
0.064
0.064
0.064
0.064
0.062
0.064
0.064
0.061
0.064
0.064
0.064
0.064
0.064
0.061
0.064
0.064
0.056
0.064
0.064
0.064
0.064
0.064
0.064
0.064
0.064
0.064
0.064
0.064
0.053
0.064
0.064
0.053
0.064
0.064
0.064
0.061
0.064
0.064
0.064
0.064
0.064
0.063
0.064
0.048
0.064
0.064
0.064
0.064
0.064
0.062
0.063
0.064
0.064
0.064
0.064
0.064
0.064
0.064
0.064
0.064
0.064
0.064
0.064
0.064
0.064
0.064
0.064
0.064
0.064
0.062
0.064
0.064
0.064
0.064
0.064
0.064
0.057
0.064
0.062
0.062
0.064
0.064
0.062
0.064
0.064
0.056
0.064
0.064
0.064
0.064
0.064
0.061
0.064
0.064
0.063
0.064
0.064
0.063
0.064
0.064
0.064
0.064
0.064
0.064
0.064
0.064
0.064
0.064
0.064
0.064
0.064
0.064
0.064
0.064
0.064
0.064
0.064
0.064
0.053
0.064
0.064
0.064
-0.717
-0.718
-0.718
-0.484
-0.486
-0.486
0.064
0.064
0.064
0.064
0.064
0.064
0.064
0.064
0.064
0.064
0.064
0.064
0.064
0.064
0.057
0.063
0.064
0.064
0.064
0.064
0.064
0.064
0.064
0.064
0.064
0.064
0.064
0.064
0.064
0.061
0.064
0.064
0.064
0.064
0.064
0.064
0.064
0.064
0.053
0.064
0.064
0.064
0.064
0.064
0.064
0.064
0.064
0.062
0.064
0.064
0.064
0.064
0.064
0.064
0.064
0.064
0.061
0.064
0.064
0.063
0.064
0.064
0.064
0.064
0.064
0.061
0.057
0.064
0.064
0.064
0.064
0.064
0.064
0.064
0.060
0.064
0.064
0.064
0.064
0.064
0.062
0.064
0.064
0.064
0.064
0.064
0.064
0.064
0.064
0.061
0.064
0.064
0.064
0.064
0.061
0.061
0.064
0.064
0.063
0.064
0.064
0.063
0.061
0.064
0.064
0.064
0.064
0.063
0.061
0.064
0.064
0.064
0.064
-3.491
0.064
0.064
0.064
0.064
0.064
0.061
0.064
0.064
0.064
0.064
0.064
0.064
0.064
0.064
0.064
0.064
0.064
0.062
0.061
0.048
0.063
0.064
0.064
0.063
0.054
0.064
0.064
0.064
0.061
0.061
0.064
0.064
0.064
0.064
0.064
0.064
0.064
0.064
0.064
0.064
0.064
0.064
0.064
0.064
0.059
0.064
0.064
0.064
0.064
0.064
0.064
0.061
0.064
0.057
0.061
0.060
-2.344
0.064
0.064
0.056
0.062
0.064
0.064
0.063
0.061
0.064
0.062
0.064
0.063
0.063
0.060
0.064
0.048
0.064
0.064
0.064
0.064
0.064
0.064
0.064
-2.074
0.064
0.064
0.062
0.064
0.057
0.064
0.053
0.064
0.064
0.056
0.048
0.064
0.064
0.064
0.064
0.064
0.064
0.060
0.064
-1.958
0.064
0.064
0.064
0.064
0.064
0.064
0.061
0.062
0.064
0.064
0.064
0.064
0.064
0.000
0.000
0.000
0.000
0.000
0.000
0.000
0.000
0.000
0.000
0.000
0.000
0.000
0.000
0.000
0.062
0.059
0.064
0.061
0.048
0.064
0.064
0.064
0.060
0.064
0.063
0.059
0.064
0.064
0.064
0.048
0.064
0.064
0.064
0.064
0.064
0.048
0.048
0.064
0.064
0.064
0.061
0.064
0.061
0.064
0.064
0.064
0.063
0.064
0.064
0.062
0.064
0.064
0.062
0.064
0.051
0.064
0.064
0.053
0.061
0.064
0.064
0.061
0.064
0.064
0.064
-1.728
-1.504
-1.498
-1.498
-1.504
-1.995
-1.257
-1.259
-1.242
-1.242
-1.244
-1.242
0.064
0.064
0.062
0.062
0.046
0.048
0.064
0.063
0.064
0.064
0.064
0.064
0.064
0.064
0.062
0.063
0.064
0.062
0.064
0.064
0.064
0.064
0.064
0.062
0.064
0.064
0.059
0.064
0.059
0.064
0.062
0.064
0.053
0.053
0.060
0.049
0.064
0.064
0.063
0.064
0.064
0.063
0.062
0.064
0.062
0.064
0.064
0.062
0.064
0.064
0.064
0.064
0.064
0.064
0.064
0.064
0.064
0.064
0.064
0.064
0.064
0.048
0.048
0.064
0.064
0.062
0.063
0.064
0.062
0.048
0.064
0.061
0.064
0.064
0.064
0.064
0.064
0.053
0.064
0.064
0.064
0.064
0.064
0.064
0.064
0.064
0.064
0.064
0.064
0.062
0.064
0.064
0.064
0.064
0.064
0.061
0.064
0.064
0.064
0.064
0.064
0.064
0.064
0.064
0.064
0.064
0.064
0.060
0.064
0.064
0.061
0.064
0.064
0.064
0.064
0.064
0.064
0.064
0.064
0.063
0.064
0.064
0.061
0.064
0.064
0.064
0.064
0.064
0.064
0.064
0.064
0.063
0.064
0.064
0.063
0.064
0.064
0.064
0.060
0.060
0.060
0.060
0.060
0.060
0.060
0.060
0.058
0.060
0.060
0.060
0.060
0.060
0.060
0.060
0.060
0.060
0.060
0.060
0.058
0.060
0.060
0.058
0.060
0.060
0.056
0.060
0.060
0.060
0.056
0.060
0.056
0.060
0.060
0.060
0.060
0.060
0.058
0.060
0.060
0.058
0.060
0.060
0.058
0.058
0.060
0.058
0.058
0.060
0.058
0.058
0.060
0.060
0.060
0.060
0.060
0.060
0.060
0.060
0.060
0.060
0.060
0.060
0.060
0.060
0.060
0.060
0.048
0.060
0.060
0.060
0.060
0.060
0.052
0.060
0.060
0.060
0.060
0.060
0.060
0.060
0.060
0.048
0.060
0.060
0.060
0.060
0.060
0.060
0.060
0.060
0.060
0.060
0.060
0.060
0.060
0.060
0.060
0.060
0.060
0.056
0.060
0.060
0.060
0.060
0.060
0.058
0.060
0.060
0.056
0.060
0.060
0.060
0.060
0.060
0.060
0.060
0.060
0.060
0.060
0.060
0.060
0.060
0.060
0.060
0.060
0.060
0.059
0.060
0.060
0.060
0.060
0.060
0.060
0.060
0.060
0.060
0.060
0.060
0.060
0.060
0.060
0.060
0.060
0.060
0.060
0.060
0.060
0.060
0.060
0.060
0.060
0.060
0.060
0.056
0.060
0.060
0.059
0.058
0.060
0.056
0.060
0.060
0.060
-1.030
0.060
0.056
0.060
0.060
0.060
0.060
0.060
0.060
0.060
0.060
0.060
0.060
0.060
0.060
0.060
0.060
0.060
0.060
0.060
0.058
0.058
0.058
0.058
0.058
0.058
0.058
0.058
0.058
0.058
0.058
0.058
0.057
0.058
0.058
0.058
0.058
0.058
0.050
0.058
0.058
0.058
0.058
0.058
0.058
0.058
0.058
0.058
0.058
0.058
0.058
0.058
0.058
0.058
0.058
0.058
0.058
0.058
0.058
0.058
0.058
0.058
0.056
0.058
0.058
0.058
0.058
0.058
0.058
0.058
0.058
0.056
0.058
0.058
0.058
0.058
0.058
0.058
0.058
0.058
0.058
0.058
0.058
0.058
0.058
0.058
0.058
0.064
0.064
0.064
0.064
0.064
0.062
0.064
0.064
0.064
0.064
0.064
0.064
0.064
0.064
0.064
0.063
0.064
0.062
0.064
0.064
0.064
0.064
0.064
0.063
0.064
0.064
0.064
0.064
0.064
0.064
0.064
0.064
0.064
0.064
0.064
0.064
0.064
0.064
0.064
0.064
0.064
0.064
0.064
0.064
0.063
0.064
0.064
0.060
0.064
0.064
0.064
0.064
0.064
0.062
0.064
0.064
0.064
0.064
0.064
0.064
0.064
0.064
0.064
0.064
0.064
0.064
0.064
0.064
0.064
0.064
0.064
0.064
0.064
0.061
0.064
0.064
0.064
0.064
0.064
0.064
0.064
0.064
0.064
0.063
0.064
0.064
0.061
0.064
0.064
0.061
0.063
0.064
0.064
0.064
0.064
0.064
0.064
0.064
0.064
0.061
0.064
0.061
0.064
0.064
0.062
0.064
0.062
0.061
0.064
0.064
0.064
0.064
0.064
0.064
0.064
0.064
0.052
0.064
0.064
0.064
0.062
0.064
0.064
0.057
0.064
0.064
0.064
0.064
0.064
0.064
0.064
0.064
0.064
0.064
0.064
0.064
0.064
0.064
0.064
0.064
0.063
0.064
0.064
0.062
0.064
0.064
0.063
0.064
0.064
0.064
0.064
0.064
0.061
0.064
0.064
0.064
0.064
0.064
0.064
0.064
0.064
0.064
0.064
0.064
0.064
0.061
0.064
0.064
0.064
0.064
0.057
0.064
0.064
0.064
0.064
0.064
0.064
0.064
0.064
0.064
0.064
0.058
0.064
0.064
0.064
0.064
0.064
0.064
0.064
0.064
0.064
0.064
0.064
0.064
0.064
0.064
0.064
0.064
0.062
0.064
0.064
0.062
0.060
0.064
0.063
0.064
0.048
0.064
0.064
0.054
0.062
0.064
0.063
0.057
0.064
0.064
0.064
0.064
0.064
0.064
0.064
0.064
0.064
0.064
0.063
0.064
0.057
0.053
0.064
0.064
0.063
0.064
0.064
0.062
0.062
0.064
0.063
0.064
0.064
0.057
-0.636
-0.636
-0.873
0.064
0.064
0.064
0.064
0.064
0.064
0.057
0.064
0.061
0.062
0.048
0.064
0.064
0.064
0.064
0.064
0.064
0.064
0.064
0.064
0.064
0.064
0.057
0.056
0.061
0.064
0.064
