fixedStep chrom=ENSGT00550000074939 start=1 step=1
0.085
0.085
0.085
0.085
0.085
0.076
0.085
0.085
0.085
0.081
0.073
0.070
0.085
0.085
0.085
0.085
0.083
-2.692
0.085
0.082
0.062
0.085
0.085
0.077
0.085
0.085
0.075
0.082
0.085
0.076
0.072
0.064
0.077
0.085
0.085
0.081
0.085
0.083
0.065
0.085
0.077
0.085
0.085
0.085
0.084
0.085
0.081
0.085
0.085
0.080
0.084
0.085
0.085
0.079
0.085
0.077
0.084
0.085
0.085
0.085
0.085
0.085
0.085
0.085
0.085
0.085
0.085
0.085
0.081
0.085
0.073
0.085
0.085
0.085
0.076
0.085
0.085
0.085
0.085
0.085
0.085
0.085
0.085
0.085
0.085
0.082
0.068
0.085
0.085
0.081
0.085
0.078
0.067
0.085
0.085
0.085
0.085
0.085
0.085
0.085
0.085
0.085
0.085
0.085
0.085
0.073
0.081
0.081
0.085
0.071
0.085
0.081
0.085
0.085
0.085
0.085
0.073
0.085
0.085
0.065
0.085
0.083
0.084
0.085
0.081
0.085
0.085
0.084
0.085
0.085
0.079
0.085
0.085
0.085
0.073
0.085
0.085
0.085
0.085
0.085
0.085
0.085
0.084
0.085
0.085
0.085
0.083
0.085
0.085
0.085
0.085
0.085
0.085
0.085
0.085
0.085
0.085
0.085
0.082
-0.054
-0.054
-0.054
-0.054
-0.054
-0.054
0.085
0.078
0.073
0.078
0.078
0.078
0.078
0.078
0.078
0.078
0.078
0.078
0.078
0.078
0.078
0.078
0.078
0.078
0.078
0.078
0.078
0.078
0.078
0.078
0.078
0.078
0.078
0.078
0.078
0.078
0.078
0.078
0.068
0.078
0.078
0.075
0.078
0.078
0.077
0.078
0.078
0.062
0.078
0.078
0.078
0.078
0.078
0.075
0.078
0.078
0.078
0.078
0.078
0.078
0.078
0.078
0.078
0.078
0.078
0.074
0.078
0.078
0.069
0.078
0.078
0.075
0.078
0.078
0.078
0.078
0.078
0.084
0.083
0.076
0.083
0.072
0.076
0.076
0.085
0.076
0.085
0.085
0.085
0.085
0.085
0.085
0.085
0.085
0.085
0.084
0.085
0.085
0.085
0.085
0.085
0.082
0.079
0.085
0.085
0.085
0.085
0.076
0.085
0.085
-2.662
0.083
0.085
0.081
0.085
0.085
0.083
0.085
0.085
0.085
0.085
0.085
0.085
0.085
0.085
0.082
0.085
0.085
0.085
0.085
0.085
0.082
0.079
0.085
0.083
0.085
0.079
0.085
0.085
0.085
0.085
0.085
0.085
0.081
0.085
0.085
0.085
0.085
0.085
0.065
0.085
0.085
0.083
0.081
0.085
0.084
0.085
0.085
0.085
0.085
0.085
0.084
0.079
0.082
0.085
0.085
0.085
0.083
0.082
0.085
0.085
0.085
0.085
0.085
0.085
0.083
0.077
0.085
0.085
0.085
0.085
0.083
0.085
0.085
0.085
0.085
0.085
0.085
0.085
0.085
0.085
0.085
0.085
0.085
0.085
0.085
0.085
0.066
0.085
0.085
0.081
0.085
0.085
0.085
0.085
0.085
0.085
0.085
0.085
0.082
0.085
0.085
0.085
0.085
0.085
0.085
0.085
0.085
0.085
0.085
0.085
0.083
0.085
0.085
0.085
0.085
0.085
0.072
0.085
0.085
0.085
0.085
0.085
0.073
0.085
0.085
0.085
0.085
0.085
0.081
0.085
0.085
0.081
0.085
0.085
0.084
0.085
0.085
0.079
0.085
0.085
0.085
0.085
0.084
0.085
0.085
0.085
0.085
0.085
0.085
0.085
0.085
0.085
0.081
0.085
0.085
0.081
0.085
0.085
0.085
0.085
0.085
0.082
0.085
0.085
0.068
0.085
0.085
0.085
0.085
0.085
0.082
0.085
0.085
0.081
0.085
0.083
0.085
0.077
0.085
0.085
0.081
0.085
0.085
0.085
0.085
0.083
0.067
0.083
0.082
0.069
0.085
0.071
0.081
0.085
0.000
