fixedStep chrom=ENSGT00390000007696 start=1 step=1
0.068
0.068
0.068
0.068
0.068
0.068
0.068
0.068
0.064
0.068
0.068
0.068
0.068
0.068
0.060
0.066
0.068
0.068
0.068
0.068
0.065
0.068
0.068
0.068
0.068
0.068
0.064
0.068
0.068
0.064
0.068
0.068
0.068
0.068
0.068
0.063
0.068
0.068
0.068
0.068
0.068
0.067
0.068
0.068
0.064
0.068
0.068
0.068
0.068
0.068
0.062
-0.187
-0.187
-0.187
0.068
0.068
0.063
0.063
0.067
0.066
0.068
0.063
0.067
0.063
0.068
0.062
0.063
0.068
0.068
0.068
0.068
0.052
0.068
0.068
0.068
0.068
0.068
0.064
0.068
0.068
0.068
0.068
0.068
0.068
0.068
0.064
0.065
0.067
0.068
0.063
0.068
0.063
0.063
0.063
0.059
0.063
0.063
0.063
0.067
0.063
0.063
0.062
0.068
0.068
0.068
0.068
0.068
0.068
0.068
0.068
0.068
0.068
0.068
0.068
0.068
0.068
0.062
0.068
0.068
0.067
0.068
0.068
0.068
0.068
0.068
0.068
0.068
0.068
0.068
0.068
0.068
0.052
0.068
0.068
0.068
0.068
0.068
0.068
0.068
0.068
0.068
0.068
0.068
0.068
0.068
0.068
0.068
0.068
0.068
0.068
0.063
0.068
0.068
0.068
0.068
0.064
0.068
0.068
0.068
0.068
0.068
0.068
0.068
0.068
0.068
0.068
0.068
0.068
0.068
0.068
0.068
0.068
0.051
0.068
0.068
0.068
0.066
0.068
0.068
0.068
0.068
0.068
0.068
0.068
0.068
0.068
0.068
0.068
0.066
0.068
0.068
0.068
0.068
0.068
0.068
0.068
0.068
0.067
0.068
0.068
0.068
0.051
0.068
0.068
0.068
0.068
0.068
0.068
0.068
0.068
0.068
0.068
0.068
0.068
0.068
0.062
0.068
0.065
0.068
0.068
0.068
0.068
0.068
0.068
0.068
0.068
0.068
0.068
0.068
0.068
0.068
0.068
0.068
0.068
0.068
0.068
0.051
0.068
0.068
0.068
0.068
0.068
0.068
0.052
0.068
0.052
0.065
0.068
0.052
0.068
0.068
0.052
0.068
0.065
0.063
-0.220
-0.220
-0.220
0.065
0.065
0.052
0.061
0.068
0.052
0.068
0.065
0.052
0.065
0.068
0.068
0.052
0.052
0.052
0.068
0.068
0.068
0.052
0.068
0.068
0.068
0.068
0.052
0.068
0.065
0.065
-0.220
-0.220
-0.220
0.068
0.059
0.058
0.059
0.059
0.059
0.059
0.059
0.055
0.059
0.059
0.059
0.049
0.055
0.058
0.059
0.059
0.059
0.059
0.052
0.059
0.059
0.059
0.059
0.052
0.057
0.059
0.059
0.059
0.058
0.058
0.059
0.054
0.059
0.059
0.055
0.052
0.057
0.059
0.059
0.059
0.059
0.059
0.059
0.055
0.059
0.059
0.059
0.059
0.058
0.057
0.049
0.059
0.059
0.059
0.059
0.059
0.059
0.059
0.059
0.059
0.059
0.059
0.059
0.059
0.057
0.059
0.059
0.057
0.059
0.059
0.059
0.059
0.059
0.059
0.059
0.057
0.059
0.059
0.059
0.059
0.059
0.059
0.059
0.059
0.059
0.059
0.059
0.059
0.057
0.059
0.059
0.059
0.058
0.059
0.057
0.059
0.058
0.059
0.059
0.059
0.059
0.059
0.059
0.059
0.059
0.059
0.059
0.059
0.059
0.059
0.059
0.059
0.059
0.059
0.059
0.059
0.059
0.059
0.059
0.059
0.059
0.059
0.059
0.059
0.050
0.059
0.059
0.059
0.059
0.059
0.059
0.059
0.059
0.059
0.059
0.059
0.059
0.059
0.059
0.059
0.059
0.059
0.059
0.059
0.059
0.059
0.059
0.059
0.059
0.059
0.059
0.059
0.059
0.059
0.058
0.059
0.059
0.059
0.059
0.059
0.059
0.059
0.059
0.059
0.059
0.059
0.059
0.059
0.059
0.059
0.059
0.059
0.059
0.059
0.058
-3.824
0.059
0.058
0.057
0.059
0.059
0.055
0.059
0.059
0.059
0.059
0.059
0.057
0.059
0.059
0.059
0.059
0.058
0.055
0.059
0.059
0.059
0.059
0.059
0.059
0.059
0.057
0.059
0.059
0.059
0.059
0.059
0.059
0.059
0.059
0.059
0.055
0.059
0.059
0.059
0.059
0.059
0.059
0.059
0.059
0.058
0.059
0.059
0.059
0.059
0.059
0.058
0.059
0.059
0.059
0.059
0.059
0.057
0.059
0.059
0.059
0.059
0.059
0.059
0.059
0.059
0.059
0.059
0.059
0.059
0.059
0.059
0.059
0.059
0.059
0.050
0.059
0.059
0.057
0.059
0.059
0.059
0.059
0.059
0.059
0.059
0.059
0.059
0.059
0.059
0.059
0.059
0.059
0.059
0.059
0.059
0.055
0.059
0.059
0.059
0.057
0.059
0.059
0.059
0.059
0.059
0.059
0.059
0.059
0.059
0.059
0.059
0.059
0.059
0.059
0.059
0.059
0.059
0.055
0.059
0.059
0.059
0.059
0.055
0.059
0.059
0.059
0.059
0.059
0.055
0.059
0.059
0.059
0.059
0.059
0.059
0.059
0.059
0.059
0.055
0.059
0.059
0.059
0.059
0.059
0.059
0.059
0.057
0.059
0.059
0.059
0.059
0.059
0.057
0.059
0.059
0.054
0.059
0.059
0.059
0.059
0.059
0.058
0.059
0.059
0.059
0.059
0.059
0.057
0.059
0.059
0.059
0.059
0.059
0.059
0.059
0.059
0.057
0.059
0.059
0.055
0.059
0.059
0.059
0.059
0.059
0.059
0.059
0.059
0.059
0.059
0.059
0.055
0.059
0.059
0.059
0.059
0.059
0.059
0.059
0.059
0.059
0.059
0.059
0.059
0.059
0.059
0.059
0.059
0.059
0.059
0.059
0.059
0.057
0.059
0.059
0.057
0.059
0.059
0.059
0.059
0.057
0.059
0.059
0.059
0.059
0.059
0.059
0.057
0.059
0.059
0.059
0.055
0.059
0.059
0.059
0.059
0.059
0.059
0.059
0.059
0.059
0.059
0.059
0.059
0.059
0.054
0.056
0.056
0.056
0.059
0.059
0.059
0.059
0.059
0.059
0.059
0.059
0.059
0.059
0.059
-1.056
0.059
0.059
0.059
0.059
0.059
0.059
0.059
0.059
0.059
0.059
0.059
0.059
0.059
0.059
0.059
0.059
0.059
0.059
0.059
0.059
0.059
0.059
0.059
0.059
0.059
0.059
0.055
0.059
0.059
0.057
0.059
0.059
0.059
0.059
0.057
0.059
0.059
0.059
0.055
0.059
0.059
0.059
0.059
0.049
0.059
0.059
0.059
0.059
0.059
0.059
0.059
0.059
0.059
0.059
0.059
0.059
0.059
0.059
0.059
0.059
0.059
0.059
0.059
0.059
0.059
0.059
0.059
0.059
0.059
0.059
0.059
0.059
0.059
0.059
0.059
0.059
0.057
0.059
0.059
0.059
0.059
0.059
0.059
0.059
0.059
0.059
0.059
0.059
0.059
0.059
0.059
0.059
0.059
0.055
0.059
0.059
0.059
0.050
0.057
0.059
0.059
0.059
0.059
0.059
0.059
0.059
0.059
0.059
0.059
0.059
0.059
0.059
0.059
0.059
0.059
0.059
0.059
0.059
0.049
0.059
0.059
0.059
0.059
0.059
0.059
0.059
0.059
0.059
0.057
0.059
0.059
0.059
0.058
0.059
0.059
0.059
0.059
0.059
0.059
0.059
-1.059
0.059
0.059
0.059
0.059
0.059
0.058
0.057
0.059
0.059
0.059
0.059
0.057
0.059
0.059
0.059
0.059
0.059
0.059
0.059
0.059
0.059
0.059
0.059
0.059
0.059
0.059
0.068
0.068
0.068
0.068
0.068
0.068
0.064
0.068
0.068
0.068
0.067
0.068
0.068
0.068
0.068
0.068
0.067
0.068
0.068
-0.723
-0.432
-0.439
-1.183
-1.183
-1.219
0.068
0.066
0.068
0.068
0.068
0.068
0.068
0.068
0.068
0.068
0.068
0.065
0.068
0.064
0.067
0.068
0.068
0.068
0.068
0.068
0.051
0.068
0.068
0.068
0.067
0.068
0.068
0.068
0.068
0.066
0.068
0.068
0.059
0.068
0.068
0.068
0.068
0.068
0.065
0.068
0.068
0.068
0.068
0.066
0.065
0.065
0.068
0.068
0.068
0.068
0.068
0.068
0.068
0.068
0.068
0.068
0.051
0.068
0.065
0.063
0.068
0.068
0.068
0.068
0.068
-3.076
0.068
0.068
0.058
0.068
0.068
0.059
0.068
0.068
0.068
0.064
0.068
0.068
0.065
0.068
0.068
0.068
0.068
0.068
0.068
0.052
0.048
0.068
0.068
0.062
0.068
0.068
0.068
0.068
0.068
0.052
0.052
0.064
0.067
0.067
0.068
0.068
0.068
0.068
0.068
0.068
0.068
0.050
0.068
0.068
0.065
0.068
0.068
0.067
0.068
0.066
0.068
0.068
0.068
0.064
0.068
0.068
0.068
0.068
0.066
0.068
0.051
0.068
0.068
0.068
0.065
0.068
0.068
0.068
0.067
0.065
0.068
0.058
0.063
0.068
0.068
0.068
0.068
0.068
0.063
0.068
0.067
0.064
0.068
0.062
0.068
0.068
0.065
0.068
0.068
0.068
0.068
0.068
0.068
0.065
0.068
0.068
0.067
0.062
0.068
0.068
0.068
0.068
-2.216
-1.681
0.067
-1.654
0.051
0.051
0.051
0.068
0.067
-1.908
-1.183
-1.183
-1.211
-1.183
-1.451
-1.181
-1.183
-1.449
-1.183
-1.183
-1.183
-1.183
-1.181
-3.446
-1.181
-1.183
-1.183
0.068
0.068
0.068
0.068
0.068
0.068
0.063
0.068
0.068
0.068
0.068
0.068
0.057
0.068
0.068
0.068
0.068
0.068
0.068
0.054
0.068
0.068
0.068
0.068
0.068
0.068
0.068
0.068
0.068
0.068
0.064
0.068
0.068
0.068
0.068
0.068
0.068
0.068
0.068
0.068
0.068
0.068
0.068
0.065
0.068
0.068
0.068
0.068
0.068
0.068
0.064
0.068
0.068
0.068
0.068
0.068
0.066
0.058
0.068
0.068
0.068
0.068
0.067
0.067
0.068
0.068
0.068
0.068
0.068
0.068
0.068
0.068
0.068
0.068
0.068
0.068
0.068
0.064
0.068
0.068
0.068
0.068
0.068
0.068
0.068
0.068
0.068
0.068
0.068
0.068
0.068
0.068
0.065
0.068
0.052
0.067
0.068
0.067
0.068
0.068
0.068
0.068
0.058
0.067
0.068
0.068
0.068
0.067
0.056
0.068
0.068
0.068
0.068
0.068
0.068
0.068
0.064
0.068
0.067
0.068
0.066
0.064
0.068
0.068
0.068
0.068
0.068
0.068
0.068
0.068
0.068
0.068
0.068
0.068
0.068
0.068
0.068
0.068
0.068
0.068
0.064
0.068
0.068
0.068
0.068
0.068
0.068
0.068
0.068
0.063
0.068
0.068
0.068
0.068
0.068
0.068
0.068
0.068
0.067
0.068
0.068
0.064
0.068
0.068
0.068
0.068
0.068
0.051
0.068
0.068
0.068
0.068
0.068
0.068
0.068
0.068
0.068
0.068
0.068
0.068
0.068
0.068
0.068
0.068
0.068
0.068
0.068
0.068
0.068
0.065
0.068
0.068
0.068
0.068
0.068
0.068
0.068
0.068
0.068
0.068
0.068
0.068
0.068
0.068
0.068
0.068
0.052
0.068
0.068
0.068
0.067
0.068
0.068
0.065
0.068
0.061
0.063
0.068
0.068
0.068
0.068
0.068
0.051
0.064
0.068
0.068
0.068
0.068
0.067
0.068
0.058
0.068
0.068
0.068
0.068
0.068
0.068
0.068
0.068
0.064
0.068
0.068
0.068
0.068
0.068
0.068
0.068
0.068
0.063
0.065
0.068
0.066
0.068
0.068
0.068
-1.411
-1.411
-1.412
-1.711
-1.411
-1.411
0.063
0.067
0.067
0.068
-1.701
0.056
0.052
0.068
0.068
0.065
0.066
0.063
0.068
0.068
0.066
0.068
0.068
0.065
-1.635
-1.411
-1.411
0.059
0.051
0.068
0.068
0.068
0.068
0.068
0.068
0.065
0.068
0.051
0.068
-0.224
-0.224
-0.224
0.068
0.068
0.068
0.068
0.068
0.065
0.048
0.064
0.066
-1.156
-1.157
-0.694
