fixedStep chrom=ENSGT00390000015775 start=1 step=1
0.076
0.076
0.076
0.076
0.076
0.076
0.076
0.076
0.073
0.064
0.076
0.059
0.075
0.073
0.076
0.076
0.076
0.076
0.076
0.076
0.076
0.076
0.073
0.076
0.076
0.076
0.066
0.074
0.076
0.076
0.073
0.076
0.076
-1.531
0.065
0.073
0.076
0.063
0.076
0.065
0.071
0.071
0.076
0.076
0.076
0.071
0.071
0.076
0.076
0.057
0.060
0.076
0.076
0.063
0.076
0.065
0.076
0.076
0.076
0.073
0.066
0.068
0.076
0.073
0.073
0.076
0.063
0.065
0.076
0.076
0.076
0.076
0.076
0.076
0.076
0.076
0.076
0.076
0.076
0.076
0.076
0.076
0.076
0.073
0.076
0.076
0.076
0.076
0.076
0.068
0.076
0.073
0.076
0.074
0.073
0.062
0.076
0.076
0.073
0.076
0.076
0.076
0.076
0.066
0.075
0.076
0.076
0.076
0.076
0.076
0.076
0.076
0.076
0.076
0.072
0.076
0.076
0.076
0.076
0.071
0.076
0.076
0.076
0.076
0.076
0.074
0.076
0.076
0.076
0.076
0.076
0.076
0.076
0.076
0.076
0.076
0.076
0.076
0.076
0.076
0.076
0.076
0.076
0.061
0.076
0.076
0.076
0.076
0.076
0.076
0.076
0.076
0.076
0.076
0.076
0.073
0.076
0.073
0.076
0.060
0.076
0.073
0.065
0.076
0.073
0.076
0.076
0.076
0.076
0.076
0.076
0.076
0.074
0.076
0.076
0.076
0.076
0.076
0.076
0.076
0.076
0.076
0.076
0.076
0.076
0.076
0.071
0.071
0.071
0.071
0.071
0.071
0.071
0.071
0.071
0.071
0.071
0.071
0.071
0.071
0.071
0.071
0.054
0.071
0.071
0.071
0.071
0.071
0.071
0.071
0.071
0.071
0.071
0.071
0.071
0.071
0.071
0.071
0.071
0.071
0.071
0.070
0.071
0.071
0.067
0.071
0.071
0.051
0.071
0.071
0.071
0.071
0.071
0.066
0.071
0.071
0.067
0.071
0.071
0.071
0.063
0.071
0.071
0.067
0.052
0.058
0.071
0.071
0.071
0.071
0.071
0.071
0.071
0.071
0.054
0.064
0.071
0.071
0.071
0.071
0.067
0.071
0.071
0.068
0.071
0.071
0.071
0.071
0.071
0.070
0.071
0.071
0.071
0.071
0.071
0.063
0.071
0.071
-1.669
0.071
0.071
0.056
0.071
0.064
0.071
0.064
0.064
0.070
0.071
0.064
0.049
0.071
0.071
0.065
0.064
0.064
0.071
0.064
0.071
0.068
0.064
0.067
0.050
0.067
0.067
0.067
0.067
0.067
0.067
0.076
0.076
0.076
0.076
0.076
0.076
0.076
0.076
0.073
0.076
0.076
0.076
0.076
0.076
0.074
0.076
0.076
0.057
0.076
0.076
0.065
0.076
0.076
0.072
0.076
0.076
0.075
0.076
0.076
0.063
0.076
0.076
0.073
0.076
0.076
0.076
0.076
0.076
0.073
-0.129
-0.129
-0.129
-1.219
-1.215
-1.985
0.076
0.076
0.076
0.076
0.076
0.076
0.057
0.073
0.074
0.076
0.076
0.076
0.076
0.076
0.076
0.076
0.068
0.073
0.076
0.072
0.076
