fixedStep chrom=ENSGT00510000049083 start=1 step=1
0.078
0.078
0.078
0.078
0.075
0.072
0.078
0.076
-2.062
0.078
0.078
0.078
0.078
0.078
0.078
0.078
0.061
0.078
0.078
0.078
0.078
0.063
0.078
0.078
0.078
0.078
0.078
0.071
0.078
0.078
0.078
0.078
0.078
0.078
0.078
0.078
0.078
0.078
0.078
0.078
0.078
0.078
0.078
0.078
0.075
0.078
0.078
0.078
0.078
0.078
0.078
0.077
0.078
0.078
0.067
0.078
0.059
0.078
0.078
0.063
0.078
0.078
0.078
0.078
0.078
0.074
0.078
0.078
0.078
0.078
0.078
0.078
0.078
0.078
0.073
0.078
0.078
0.076
0.078
0.078
0.076
0.078
0.078
0.068
0.000
0.000
0.000
0.000
0.000
0.000
0.000
0.000
0.000
0.078
0.078
0.078
0.078
0.078
0.071
0.078
0.078
0.078
0.078
0.078
0.076
0.078
0.063
0.078
0.078
0.078
0.077
0.078
0.078
0.064
0.078
0.078
0.078
0.078
0.078
0.078
0.078
0.078
0.078
0.078
0.078
0.076
0.078
0.078
0.071
0.078
0.078
0.078
0.078
0.078
0.078
0.078
0.078
0.078
0.078
0.078
0.078
0.078
0.078
0.078
0.078
0.078
0.078
0.078
0.078
0.078
0.078
0.078
0.068
0.078
0.078
0.075
0.078
0.078
0.078
0.078
0.078
0.066
0.078
0.078
0.078
-1.392
-1.392
-2.109
-1.291
-1.291
-1.286
-0.102
-0.102
-0.102
0.078
0.078
0.072
0.078
0.078
0.063
0.078
0.078
0.078
0.078
0.078
0.059
0.078
0.078
0.078
0.078
0.078
0.075
0.078
0.078
0.074
0.078
0.078
0.076
0.078
0.078
0.071
0.074
0.078
0.078
0.078
0.078
0.078
0.078
0.078
0.072
0.078
0.078
0.075
0.078
0.078
0.075
0.078
0.078
0.074
0.078
0.078
0.068
0.078
0.078
0.074
0.074
0.078
0.078
0.078
0.078
0.078
0.078
0.078
0.073
0.078
0.078
0.075
0.078
0.078
0.077
0.078
0.078
0.076
0.078
0.078
0.068
0.078
0.078
0.074
0.074
0.078
0.078
0.078
0.078
0.078
0.078
0.078
0.077
0.078
0.078
0.078
0.078
0.078
0.074
0.078
0.078
0.074
-0.794
-0.794
-0.806
0.078
0.078
0.076
0.078
0.078
0.075
0.074
0.078
0.075
0.078
0.078
0.078
0.078
0.078
0.059
0.078
0.078
0.074
0.000
0.000
0.000
0.000
0.000
0.000
0.000
0.000
0.000
-1.146
-1.146
-1.895
0.078
0.078
0.063
0.078
0.078
0.073
-2.170
-2.100
0.063
-1.354
-1.353
-1.900
-1.290
-1.810
-1.143
-1.146
-1.146
-1.896
0.000
0.000
0.000
0.000
0.000
0.000
0.000
0.000
0.000
0.078
0.078
0.078
0.073
0.075
0.078
0.078
0.078
0.078
0.078
0.078
0.076
0.078
0.078
0.078
0.078
0.078
0.078
0.078
0.078
0.054
0.078
0.078
0.074
0.078
0.078
0.078
0.078
0.077
0.078
0.078
0.078
0.078
0.078
0.078
0.078
0.078
0.078
0.078
0.070
0.078
0.078
0.078
0.078
0.073
0.078
0.078
0.076
0.078
0.078
0.059
0.078
0.078
-2.479
0.078
0.078
0.057
0.078
0.078
0.063
0.078
0.078
0.078
0.078
0.078
0.078
0.078
0.078
0.078
0.078
0.078
0.074
0.078
0.078
0.057
0.078
0.078
0.078
0.078
0.078
0.077
0.078
0.078
0.071
0.078
0.078
0.078
0.078
0.078
0.078
0.078
0.078
0.078
0.078
0.078
0.078
0.078
0.078
0.076
0.078
0.078
0.076
0.078
0.078
0.078
0.078
0.078
0.078
0.078
0.078
0.078
0.078
0.078
0.078
0.078
0.078
0.078
0.074
0.078
0.078
0.078
0.078
-1.465
0.078
0.078
0.074
0.078
0.078
0.078
0.078
0.078
0.078
0.078
0.076
0.078
0.078
0.078
0.078
0.078
0.078
0.078
0.078
0.078
0.078
0.078
0.078
0.078
0.078
0.078
0.078
0.078
0.078
0.078
0.078
0.078
0.078
0.078
0.078
0.078
0.078
0.078
0.078
0.078
0.078
0.078
0.078
0.078
0.078
0.070
0.078
0.078
0.078
0.078
0.077
0.078
0.078
0.078
0.078
0.078
0.074
0.078
0.074
0.078
0.078
0.078
0.078
0.078
0.078
0.076
0.078
0.078
0.078
0.078
0.078
0.077
0.078
0.075
0.075
0.078
0.078
0.070
0.073
0.078
0.078
0.078
0.078
0.078
0.077
0.078
0.078
0.078
0.078
0.074
0.078
0.073
0.078
0.078
0.077
0.078
0.078
0.078
0.078
0.078
0.078
0.078
0.078
0.078
0.078
0.078
0.078
0.076
0.078
0.078
0.078
0.078
0.078
0.078
0.078
0.078
0.078
0.078
0.078
0.078
0.078
0.078
0.078
0.078
0.078
0.074
0.078
0.078
0.078
0.078
0.078
0.071
0.078
0.078
0.077
0.078
0.078
0.078
0.078
0.078
0.078
0.078
0.078
0.078
0.078
0.078
0.072
0.078
0.078
0.075
0.078
0.078
0.075
0.078
0.078
0.074
0.078
0.078
0.078
0.078
0.078
0.078
0.078
0.078
0.078
0.078
0.078
0.078
0.078
0.078
0.075
0.078
0.078
0.078
0.078
0.078
0.078
0.078
0.078
0.076
0.078
0.078
0.078
0.078
0.078
0.057
0.078
0.078
0.078
0.075
0.078
-1.445
0.078
0.078
0.078
0.078
0.078
0.074
0.078
0.078
0.078
0.078
0.078
0.078
0.078
0.078
0.072
0.074
0.078
0.078
0.078
0.078
0.063
0.078
0.078
0.078
0.078
0.078
0.078
0.078
0.078
0.078
0.078
0.078
0.074
0.076
0.078
0.078
0.078
0.078
0.073
0.078
0.078
0.078
0.078
0.078
0.076
0.073
0.078
0.078
0.078
0.071
0.078
0.078
0.078
0.076
0.078
0.073
0.071
0.078
0.078
0.078
0.078
0.078
0.077
0.071
0.073
0.056
0.078
0.078
0.077
0.078
0.078
0.063
0.078
0.078
0.063
0.078
0.078
0.071
0.078
0.078
0.059
0.078
0.075
0.075
0.071
0.078
0.078
0.078
0.078
0.078
0.078
0.078
0.067
0.078
0.078
0.075
0.078
0.078
-1.608
0.078
0.078
0.058
0.078
0.078
0.073
0.078
0.078
0.076
0.078
0.078
0.078
0.078
0.078
0.078
0.078
0.078
0.078
0.078
0.078
0.067
0.078
0.078
0.077
0.078
0.078
0.071
0.078
0.078
0.078
0.078
0.078
0.078
0.078
0.078
0.078
0.078
0.078
0.078
0.078
0.078
0.077
0.078
0.078
0.071
0.078
0.078
0.078
0.078
0.078
0.078
