fixedStep chrom=ENSGT00390000001440 start=1 step=1
0.086
0.086
0.086
0.086
0.086
-2.915
0.079
0.086
0.079
0.086
0.086
0.084
0.086
0.086
0.086
0.086
0.086
0.086
0.086
0.081
0.065
0.072
0.086
0.086
0.086
0.086
0.076
0.086
0.086
0.070
0.086
0.086
0.084
0.080
0.086
-1.334
0.069
0.086
0.084
0.086
0.086
0.083
0.084
0.086
0.086
0.086
0.086
0.086
0.082
0.086
0.081
0.086
0.086
0.086
0.086
0.069
0.079
0.086
0.086
0.086
0.086
0.086
0.083
0.086
0.086
0.081
0.086
0.086
0.085
0.082
0.086
0.083
0.086
0.086
0.068
0.086
0.082
0.084
0.086
0.086
0.086
0.086
0.086
0.086
0.085
0.086
0.074
0.086
0.086
0.084
0.086
0.086
0.079
0.086
0.086
0.084
0.086
0.086
0.086
0.086
0.086
-3.822
0.086
0.086
0.086
0.086
0.086
0.072
0.082
0.086
0.086
0.086
0.086
0.086
0.086
0.086
0.083
0.082
0.086
0.081
0.086
0.086
0.081
0.085
0.086
0.086
0.086
0.086
0.081
0.086
0.086
0.086
0.086
0.086
0.083
0.082
0.086
0.086
0.086
0.086
0.086
0.086
0.082
0.086
0.086
0.086
0.086
0.086
0.086
0.084
0.086
0.086
0.086
0.086
0.086
0.086
0.086
0.086
0.080
0.086
0.086
0.086
0.082
0.086
0.081
0.086
0.086
0.081
0.086
0.086
0.079
0.086
0.086
0.086
0.086
0.086
0.080
0.069
0.086
0.085
0.086
0.069
0.086
0.086
0.086
0.086
0.086
0.086
0.086
0.085
0.081
0.086
0.086
0.086
0.079
0.086
0.086
0.086
0.086
0.082
-1.810
0.086
0.086
0.084
0.086
0.086
0.083
0.086
0.086
0.081
0.086
0.086
0.081
0.086
0.086
0.086
0.086
0.086
0.083
0.086
0.086
0.086
0.082
0.086
0.076
0.086
0.086
0.086
0.086
0.082
0.086
0.086
0.086
0.084
0.065
0.086
0.079
0.086
0.086
0.083
0.086
0.086
0.086
0.086
0.086
0.072
0.081
0.086
0.082
0.065
0.086
0.086
0.086
0.086
0.086
0.086
0.086
0.086
0.072
0.086
0.086
0.086
0.086
0.084
0.086
0.086
0.086
0.086
0.086
0.065
0.079
0.086
0.086
0.086
0.086
0.086
0.086
0.086
0.086
0.086
0.086
0.086
0.082
0.084
0.086
0.083
0.086
0.086
0.086
0.086
0.086
-0.043
-0.043
-0.043
-1.213
-1.731
-1.054
0.065
0.071
0.079
0.086
0.081
0.065
0.084
0.086
0.078
-1.054
-1.055
-1.230
-0.043
-0.043
-0.043
0.086
0.086
0.086
0.082
0.086
0.081
0.086
0.086
0.081
0.086
0.086
0.071
0.086
0.086
0.086
0.086
0.086
0.086
0.086
0.076
0.086
0.086
0.083
0.081
0.076
0.086
0.070
0.082
0.086
0.086
