fixedStep chrom=ENSGT00630000089880 start=1 step=1
0.000
0.000
0.000
-1.061
-1.043
-1.064
-1.160
-1.058
0.000
0.000
0.000
0.000
0.000
0.000
0.000
0.000
0.000
0.000
0.000
0.000
0.000
0.000
0.000
0.000
0.000
0.000
0.000
0.000
0.000
0.000
0.000
0.000
0.000
0.000
0.000
0.000
0.000
0.000
0.000
0.000
0.000
0.000
0.000
0.000
0.000
0.000
0.000
0.000
0.000
0.000
0.000
0.000
0.000
0.000
0.000
0.000
0.000
0.000
0.000
0.000
0.000
0.000
0.000
0.000
0.000
0.000
0.000
0.000
0.000
0.000
0.000
0.000
0.000
0.000
0.000
0.000
0.000
0.000
0.000
0.000
0.000
0.000
0.000
0.000
0.000
0.000
0.000
0.000
0.000
0.000
0.000
0.000
0.000
0.000
0.000
0.000
0.000
0.000
0.000
0.000
0.000
0.000
0.000
0.000
0.000
0.000
0.000
0.000
0.000
0.000
0.000
0.000
0.000
0.000
0.000
0.000
0.000
0.000
0.000
0.000
0.000
0.000
0.000
0.000
0.000
0.000
0.000
0.000
0.000
0.000
0.000
0.000
0.000
0.000
0.000
0.000
0.000
0.000
0.000
0.000
0.000
0.000
0.000
0.000
0.000
0.000
0.000
0.000
0.000
0.000
0.000
0.000
0.000
0.000
0.000
0.000
0.000
0.000
0.000
0.000
0.000
0.000
0.000
0.000
0.000
0.000
0.000
0.000
0.000
0.000
0.000
0.000
0.000
0.000
0.000
0.000
0.000
0.000
0.000
0.000
0.000
0.000
0.000
0.000
0.000
0.000
0.000
0.000
0.000
0.000
0.000
0.000
0.000
0.000
0.000
0.000
0.000
0.000
0.000
0.000
0.000
0.000
0.000
0.000
0.000
0.000
0.000
0.000
0.000
0.000
0.000
0.000
0.000
0.000
0.000
0.000
0.000
0.000
0.000
0.000
0.000
0.000
0.000
0.000
0.000
0.000
0.000
0.000
0.000
0.000
0.000
0.000
0.000
0.000
0.000
0.000
0.000
0.000
0.000
0.000
0.000
0.000
0.000
0.000
0.000
0.000
0.000
0.000
0.000
0.000
0.000
0.000
0.000
0.000
0.000
0.000
0.000
0.000
0.000
0.000
0.000
0.000
0.000
0.000
0.000
0.000
0.000
0.000
0.000
0.000
0.000
0.000
0.000
0.000
0.000
0.000
0.000
0.000
0.000
0.000
0.000
0.000
0.000
0.000
0.000
0.000
0.000
0.000
0.000
0.000
0.000
0.000
0.000
0.000
0.000
0.000
0.000
0.000
0.000
0.000
0.000
0.000
0.000
0.000
0.000
0.000
0.000
0.000
0.000
0.000
0.000
0.000
0.000
0.000
0.000
-1.043
-0.869
-1.188
-2.071
-2.034
-1.160
-1.339
-2.043
-1.188
-1.739
-1.188
-1.064
-1.061
-1.526
-1.871
-1.823
-1.058
-1.188
-1.157
-1.165
-1.527
-1.527
-1.058
-1.254
-1.527
-1.061
-1.064
0.144
0.132
0.132
0.144
0.133
0.132
0.131
0.146
0.143
-0.277
0.146
-1.018
0.146
0.146
0.146
0.144
0.144
0.143
0.144
0.144
0.141
0.133
0.146
0.144
0.126
-0.277
0.138
0.139
0.146
0.132
0.146
-0.274
0.146
0.133
-0.272
0.133
0.146
0.123
0.133
0.145
0.144
0.143
0.144
0.144
0.132
0.144
0.144
0.132
0.146
0.144
0.145
0.144
0.146
0.144
0.144
0.139
0.133
0.132
0.146
0.144
-1.076
0.144
0.133
0.145
0.145
0.131
0.135
0.111
0.133
-1.408
-1.413
-1.658
-3.012
-2.462
-2.556
0.133
0.137
0.140
-0.520
0.133
0.144
-0.274
-0.523
-0.413
0.132
0.132
0.111
0.132
0.144
-0.507
0.143
-0.495
-0.462
0.132
-0.520
-0.274
-1.607
0.144
-0.871
0.132
0.137
-0.551
-1.572
0.138
0.146
-0.273
0.146
0.110
0.144
0.132
0.141
0.144
0.143
-0.287
0.131
0.144
0.143
0.131
0.133
-0.879
0.146
0.146
0.123
-0.276
0.146
0.139
0.000
0.000
0.000
0.000
0.000
0.000
0.000
0.000
0.000
0.144
0.139
-0.276
0.132
0.101
-0.534
0.132
0.144
-0.274
-0.529
-0.529
0.130
0.130
0.139
0.135
0.126
-1.063
0.143
0.144
0.144
0.112
0.131
-0.272
0.141
-0.462
-0.549
0.146
0.123
0.144
0.137
-0.277
0.143
0.143
-0.273
-0.272
0.144
-0.457
0.122
0.133
-0.465
0.146
0.139
0.144
0.144
0.137
-0.272
-0.277
0.146
0.131
-0.272
0.132
0.143
0.144
-0.274
0.112
-0.539
0.146
0.137
0.132
0.136
0.144
0.144
0.131
-0.277
-0.272
-0.273
-1.670
0.145
0.133
0.132
0.138
0.144
0.144
0.144
-1.064
0.109
0.139
-1.068
-0.273
0.144
0.133
-0.522
-0.277
-0.520
0.144
0.146
-0.541
0.131
-0.277
0.146
-0.275
0.129
-0.274
0.130
0.145
0.141
0.133
0.144
-0.273
0.133
0.146
0.145
0.000
0.000
0.000
0.000
0.000
0.000
0.000
0.000
0.000
0.000
0.000
0.000
0.000
0.000
0.000
0.000
0.000
0.000
0.146
0.145
0.146
0.122
0.144
0.144
-0.277
0.143
-1.606
-0.277
-0.277
-0.274
-0.277
0.132
-0.295
0.144
0.130
-0.730
0.124
0.139
0.143
0.145
-0.277
-0.273
0.144
0.144
0.144
0.137
0.129
0.139
0.132
0.143
0.129
0.140
-0.286
0.144
-1.387
-1.409
-1.243
-1.428
-1.224
-1.214
0.126
0.123
0.143
-0.520
0.144
0.138
-0.739
0.133
0.133
-1.550
0.134
-0.990
0.112
0.127
-0.492
0.144
0.144
0.132
0.144
0.131
0.132
0.144
0.143
0.132
-1.777
0.146
-0.277
0.144
-0.273
0.142
0.144
0.132
0.133
0.145
0.146
0.121
0.146
0.146
0.144
0.144
0.146
0.146
0.144
0.145
0.145
0.144
0.146
0.146
0.144
0.144
0.124
0.144
0.144
0.130
-0.277
0.144
0.144
0.144
0.145
0.128
0.144
0.145
0.120
0.133
0.145
0.144
0.144
-0.272
0.137
0.144
0.144
0.143
0.143
0.146
-1.075
0.146
0.145
-0.272
0.103
0.144
0.141
0.146
0.132
0.146
-0.273
0.146
0.139
0.144
0.132
-0.457
0.137
0.133
0.145
0.144
0.136
0.127
0.135
0.133
-0.274
-0.277
0.146
0.146
-0.273
0.145
0.000
0.000
0.000
0.000
0.000
0.000
0.000
0.000
0.000
0.000
0.000
0.000
0.000
0.000
0.000
0.000
0.000
0.000
0.000
0.000
0.000
0.000
0.000
0.000
0.000
0.000
0.131
0.137
0.132
0.145
-0.277
0.142
0.132
0.125
0.144
0.132
-0.272
-0.662
-0.273
0.144
0.146
0.138
0.143
0.144
-0.276
-0.526
0.146
0.144
0.146
0.139
0.145
-0.457
-0.277
-0.274
0.122
0.146
0.144
0.146
0.144
0.132
-1.069
-0.277
0.144
0.139
-0.276
0.137
-0.277
0.146
0.146
0.133
0.144
0.132
0.139
0.144
0.144
-0.272
0.139
0.132
0.137
0.137
0.145
-0.274
0.146
0.144
0.145
0.143
0.146
0.140
0.124
0.144
0.146
0.146
0.131
-0.551
0.145
0.144
0.132
0.145
0.142
0.144
0.129
0.132
0.132
0.144
0.133
0.137
0.145
0.144
0.138
-0.272
0.143
-1.003
0.134
0.144
0.143
0.144
0.143
0.125
0.144
0.144
0.143
-0.276
-0.276
-0.276
0.139
0.144
0.145
0.132
0.144
-0.276
0.146
0.144
0.146
0.132
0.142
0.146
-0.529
0.144
0.145
0.146
0.144
0.146
0.144
0.144
0.142
0.144
0.144
0.132
0.142
-0.273
0.143
0.146
0.146
0.145
0.144
0.144
0.146
0.145
0.144
0.146
0.144
0.132
0.144
0.132
0.145
-0.319
0.136
0.144
0.144
0.145
0.146
-0.234
0.150
0.137
-0.231
0.148
-0.233
0.150
0.140
0.147
0.128
0.138
0.128
0.136
-1.002
0.149
0.149
0.150
0.151
0.131
0.150
0.150
0.140
0.150
0.140
-0.892
0.147
0.147
-0.230
0.148
0.150
0.149
0.150
0.150
0.137
0.150
0.150
0.149
0.151
0.150
0.149
-0.230
-0.233
-0.448
0.149
0.149
0.151
-1.495
0.148
0.138
-0.233
0.148
0.146
0.151
0.148
0.137
0.128
0.148
-0.343
0.138
-0.233
-0.233
0.138
0.136
0.141
0.151
0.151
0.148
0.150
0.149
0.138
0.150
0.148
0.138
-0.993
0.148
0.137
0.151
0.150
-0.974
0.148
0.148
0.151
0.150
-0.230
0.149
-0.230
-0.234
0.140
0.150
0.149
-0.882
0.150
0.150
0.137
0.137
-0.961
0.138
0.138
0.138
-0.979
0.150
-0.231
0.148
0.150
0.150
0.136
0.148
0.143
0.148
0.150
0.134
0.147
0.148
0.150
0.148
0.150
0.150
0.137
-0.233
0.136
-0.233
0.151
-0.230
0.151
0.000
0.000
0.000
0.000
0.000
0.000
0.000
0.000
0.000
0.000
0.000
0.000
0.000
0.000
0.000
0.000
0.000
0.000
0.000
0.000
0.000
0.000
0.000
0.000
0.000
0.000
0.000
0.000
0.000
0.000
0.000
0.000
0.000
0.000
0.000
0.000
0.000
0.000
0.000
0.000
0.000
0.000
0.000
0.000
0.000
0.000
0.000
0.000
0.000
0.000
0.000
0.000
0.000
0.000
0.000
0.000
0.000
0.000
0.000
0.000
0.000
0.000
0.000
0.000
0.000
0.000
0.000
0.000
0.000
0.000
0.000
0.000
0.000
0.000
0.000
0.000
0.000
0.000
0.000
0.000
0.000
0.000
0.000
0.000
0.000
0.000
0.000
0.000
0.000
0.000
0.000
0.000
0.000
0.000
0.000
0.000
0.000
0.000
0.000
0.000
0.000
0.000
0.000
0.000
0.000
0.000
0.000
0.000
0.000
0.000
0.000
0.000
0.000
0.000
0.000
0.000
0.000
0.000
0.000
0.000
0.000
0.000
0.000
0.000
0.000
0.000
0.000
0.000
0.000
0.000
0.000
0.000
0.000
0.000
0.000
0.000
0.000
0.000
0.000
0.000
0.000
0.000
0.000
0.000
0.000
0.000
0.000
0.000
0.000
0.000
0.000
0.000
0.000
0.000
0.000
0.000
0.000
0.000
0.000
0.000
0.000
0.000
0.000
0.000
0.000
0.000
0.000
0.000
0.000
0.000
0.000
0.000
0.000
0.000
0.000
0.000
0.000
0.000
0.000
0.000
0.000
0.000
0.000
0.000
0.000
0.000
0.000
0.000
0.000
0.000
0.000
0.000
0.000
0.000
0.000
0.000
0.000
0.000
0.000
0.000
0.000
0.000
0.000
0.000
0.000
0.000
0.000
0.000
0.000
0.000
0.000
0.000
0.000
0.000
0.000
0.000
0.000
0.000
0.000
0.000
0.000
0.000
0.000
0.000
0.000
0.000
0.000
0.000
0.000
0.000
0.000
0.000
0.000
0.000
0.000
0.000
0.000
0.000
0.000
0.000
0.000
0.000
0.000
0.000
0.000
0.000
0.000
0.000
0.000
0.000
0.000
0.000
0.000
0.000
0.000
0.000
0.000
0.000
0.000
0.000
0.000
0.000
0.000
0.000
0.000
0.000
0.000
0.000
0.000
0.000
0.000
0.000
0.000
0.000
0.000
0.000
0.000
0.000
0.000
0.000
0.000
0.000
0.000
0.000
0.000
0.000
0.000
0.000
0.000
0.000
0.000
0.000
0.000
0.000
0.000
0.000
0.000
0.000
0.000
0.000
0.000
0.000
0.000
0.000
0.150
0.142
0.151
0.149
0.151
0.148
0.150
-0.230
0.149
0.150
0.111
0.151
0.149
0.151
0.149
0.138
-0.234
0.149
-0.230
0.138
0.150
0.150
0.150
0.151
0.151
0.136
0.150
0.150
-2.020
-0.981
0.131
-0.822
-0.230
-0.230
0.136
-0.230
-0.450
-0.466
0.149
0.150
0.138
0.138
0.151
0.151
0.131
0.151
-0.230
0.138
0.138
0.140
0.150
0.150
0.151
0.150
-0.230
0.146
-0.503
0.150
-0.234
0.149
-1.999
0.150
0.150
0.150
0.151
0.139
-0.233
0.134
0.148
-0.233
-0.231
0.149
0.150
0.138
0.150
0.137
0.148
0.143
0.150
-0.233
0.137
0.148
0.151
0.136
0.135
-0.756
0.151
0.149
0.150
0.150
0.150
0.150
0.150
-0.445
0.150
0.151
0.149
0.150
0.149
0.138
0.137
0.148
0.138
0.149
0.150
0.149
-0.230
0.151
0.151
0.149
0.148
-0.234
0.151
0.130
-0.489
0.148
-0.471
-0.230
0.120
0.140
0.150
0.150
0.138
0.150
-0.233
0.138
-0.230
0.149
0.143
0.148
-1.138
0.138
0.148
-0.234
0.150
0.150
0.138
-0.234
0.150
0.149
0.150
0.150
0.138
0.150
-0.379
0.150
0.150
0.150
0.150
-0.230
0.141
0.143
0.143
0.131
0.144
-0.231
0.137
-0.231
0.138
0.150
0.136
-0.832
0.150
0.148
0.138
-0.230
-0.230
0.150
0.150
0.138
0.134
0.138
-0.230
0.149
0.000
0.000
0.000
0.000
0.000
0.000
0.000
0.000
0.000
0.000
0.000
0.000
0.000
0.000
0.000
0.000
0.000
0.000
0.000
0.000
0.000
0.000
0.000
0.000
0.000
0.000
0.000
0.000
0.000
0.000
0.000
0.000
0.000
0.000
0.000
0.000
0.000
0.000
0.000
0.000
0.000
0.000
0.000
0.000
0.000
0.000
0.000
0.000
0.000
0.000
0.000
0.000
0.000
0.000
0.000
0.000
0.000
0.000
0.000
0.000
0.000
0.000
0.000
0.000
0.000
0.000
0.000
0.000
0.000
0.000
0.000
0.000
0.000
0.000
