fixedStep chrom=ENSGT00390000006043 start=1 step=1
0.000
0.000
0.000
0.000
0.000
0.000
0.000
0.000
0.000
0.000
0.000
0.000
0.000
0.000
0.000
0.000
0.000
0.000
0.072
0.073
0.072
0.072
0.072
0.073
0.073
0.072
0.072
0.073
0.073
0.072
0.072
0.072
0.072
0.072
0.072
0.073
0.072
0.072
0.072
0.072
0.073
0.072
0.072
0.072
0.072
0.073
0.072
0.073
0.072
0.072
0.072
0.072
0.072
0.073
0.073
0.073
0.072
0.072
0.073
0.073
0.072
0.073
0.071
0.072
0.073
0.072
0.073
0.072
0.064
0.072
0.072
0.072
0.064
0.073
0.072
0.073
0.073
0.072
0.072
0.072
0.064
0.063
0.073
0.072
0.072
0.073
0.072
0.072
0.072
0.064
0.072
0.073
0.057
0.072
0.073
0.073
0.064
0.073
0.072
0.073
0.072
0.072
0.072
0.072
0.064
0.072
0.072
0.072
0.073
0.072
0.073
0.073
0.072
0.072
0.072
0.072
0.063
0.072
0.072
0.072
0.072
0.072
0.064
0.072
0.072
-0.932
0.072
0.064
0.072
0.072
0.072
0.070
0.073
0.073
0.073
0.072
0.072
0.072
0.072
0.072
0.072
0.072
0.072
0.071
0.064
0.072
0.072
0.072
0.072
0.064
0.072
0.072
0.073
0.072
0.072
0.072
0.073
0.073
0.072
0.069
0.072
0.072
0.072
0.064
0.064
0.072
0.072
0.073
0.072
0.072
0.072
0.073
0.073
0.072
0.072
0.072
0.071
0.072
0.072
0.064
0.069
0.071
0.072
-3.616
-3.752
-3.754
-1.891
-1.898
-1.906
0.072
0.072
0.072
0.072
0.072
-1.663
0.073
0.072
-0.919
0.072
0.072
0.072
0.072
0.072
0.064
0.072
0.072
0.072
-0.925
0.072
0.072
0.073
0.072
0.073
0.072
0.072
0.072
0.072
0.072
-0.930
0.072
0.072
0.072
0.065
0.073
0.072
-0.929
0.072
0.072
0.072
0.063
0.064
0.072
-0.928
0.064
0.072
0.072
0.071
0.073
0.072
0.073
0.072
0.072
0.072
0.072
0.072
0.071
0.072
0.072
-0.925
0.072
0.073
0.072
-0.930
0.072
-0.919
0.072
0.071
0.072
0.072
0.072
0.063
0.072
0.072
0.072
0.072
0.072
0.072
0.072
0.072
0.072
0.072
0.072
-1.017
0.072
0.072
0.072
0.072
0.072
0.073
0.072
0.073
0.071
0.072
0.073
0.073
0.072
0.072
0.072
0.072
0.072
0.072
0.073
0.073
0.072
0.064
0.063
0.064
0.072
0.071
0.072
0.072
0.072
0.073
0.072
0.067
0.071
0.072
0.072
0.072
0.072
0.072
0.063
0.072
0.072
0.072
0.072
0.064
0.071
0.064
0.073
0.072
0.072
0.072
0.072
0.072
0.073
0.072
0.072
0.072
0.064
0.073
0.072
0.073
0.072
0.072
0.064
0.072
0.072
0.072
0.072
0.073
0.064
0.072
0.072
0.072
0.073
0.072
0.073
0.072
0.073
0.072
0.072
0.073
-0.925
0.072
0.072
0.064
0.072
0.072
0.063
0.072
0.072
0.064
0.072
0.072
0.072
0.072
0.072
0.072
0.072
0.073
0.064
0.072
0.072
0.072
0.072
0.072
0.072
0.072
0.072
0.064
0.072
0.072
0.064
0.072
0.072
0.072
0.072
0.072
-0.930
0.072
0.060
0.070
0.072
0.072
0.064
0.072
0.073
0.072
0.073
0.073
0.064
0.072
0.073
0.064
0.072
0.072
0.060
0.073
0.073
0.072
0.072
0.072
0.064
0.073
0.072
0.072
0.072
0.073
0.063
0.072
0.072
0.072
0.072
0.072
0.064
0.073
0.072
0.073
0.073
0.073
0.073
0.072
0.072
0.072
0.072
0.073
0.064
0.073
0.072
0.071
0.072
0.072
-0.925
0.072
0.072
0.071
0.072
0.073
0.072
0.072
0.073
0.073
0.072
0.072
0.072
0.073
0.072
0.073
0.072
0.072
0.071
0.072
0.072
0.072
0.073
0.072
0.073
0.072
0.072
0.064
0.072
0.072
-2.294
0.073
0.073
0.071
0.072
0.072
0.064
0.073
0.073
0.072
0.073
0.072
0.073
0.072
0.072
0.064
0.072
0.072
0.072
0.073
0.072
0.073
0.073
0.072
0.072
0.072
0.072
0.072
0.072
0.073
0.070
0.073
0.072
0.064
0.072
0.072
0.072
0.072
0.072
0.072
0.072
0.072
0.072
0.072
0.072
0.072
0.072
0.072
-1.675
0.073
0.072
0.071
0.072
0.072
0.070
0.072
0.072
0.070
0.072
0.072
0.063
0.072
0.072
0.063
0.072
0.073
0.067
0.073
0.073
0.064
0.072
0.073
0.072
0.073
0.072
0.071
0.073
0.073
0.064
0.072
0.072
0.071
0.072
0.072
0.072
0.073
0.072
0.072
0.072
0.072
0.073
0.072
0.073
0.072
0.072
0.072
0.072
0.072
0.073
0.072
0.067
0.072
0.072
0.072
0.072
0.072
0.072
0.072
0.072
0.072
0.073
0.072
0.072
0.072
0.072
0.073
0.072
0.072
0.072
0.073
0.072
0.072
0.072
0.071
0.072
0.072
0.072
0.072
0.073
0.073
0.072
0.072
0.072
0.072
0.069
0.069
0.069
0.069
0.063
0.069
0.069
0.069
0.069
0.069
0.069
0.069
0.069
0.069
0.069
0.069
0.069
0.069
0.069
0.069
0.069
0.069
0.069
0.069
0.069
0.069
0.069
0.069
0.069
0.069
0.069
0.069
0.069
0.069
0.069
0.069
0.069
0.069
0.069
0.069
0.069
0.069
0.069
0.060
0.069
0.069
0.069
0.069
0.069
0.069
0.069
0.069
0.069
0.069
0.069
0.067
0.069
0.069
-0.996
0.069
0.069
0.069
0.069
0.069
0.069
0.069
0.069
0.069
0.060
0.069
0.069
0.069
0.069
0.069
0.069
0.069
0.069
0.069
0.069
0.069
0.069
0.069
0.069
0.069
0.069
0.069
0.069
0.069
0.069
0.069
0.069
0.060
0.069
0.069
-0.989
0.069
0.069
0.069
0.069
0.069
0.060
0.069
0.069
0.069
0.069
0.069
0.069
0.069
0.069
0.067
0.066
0.069
0.069
0.069
0.069
0.069
0.069
0.069
0.060
0.069
0.069
0.069
0.069
0.069
0.060
0.069
0.069
0.060
0.069
0.069
-0.996
0.069
0.069
0.060
0.069
0.069
0.069
0.069
0.069
0.066
0.069
0.069
0.069
0.069
0.060
0.060
0.060
0.069
0.069
-1.685
-3.488
-1.685
0.069
0.060
0.069
0.069
0.069
0.069
0.060
0.060
0.069
0.069
0.069
0.069
0.069
0.069
0.069
0.069
0.069
0.067
0.069
0.069
0.069
0.069
0.069
0.060
0.069
0.069
0.069
0.069
0.069
0.069
0.069
0.069
0.067
0.069
0.069
0.060
0.069
0.069
0.069
0.069
0.069
0.060
0.069
0.066
0.060
0.069
0.069
0.069
0.069
0.069
0.061
0.069
0.069
0.069
0.069
0.069
0.069
0.069
0.069
0.060
0.069
0.069
0.069
0.069
0.069
0.065
0.069
0.069
0.069
0.069
0.069
0.069
0.069
0.069
0.066
0.069
0.069
0.060
0.069
0.069
0.067
0.069
0.069
0.069
0.069
-0.989
0.066
0.069
0.069
0.062
-1.499
-1.499
-1.498
0.069
0.072
0.070
0.072
0.072
0.066
0.072
0.072
0.064
0.072
0.072
0.072
0.072
0.072
0.073
0.072
0.073
0.071
0.073
0.072
0.072
0.073
0.073
0.070
-0.930
0.072
0.072
0.072
0.073
0.072
0.072
0.072
-0.925
0.072
0.072
0.064
0.072
0.072
-1.009
0.072
0.072
0.064
0.072
0.072
0.073
0.073
0.073
0.072
0.072
0.073
0.073
0.072
0.073
0.073
0.073
0.072
0.072
0.073
0.073
0.071
0.072
0.072
0.072
0.072
0.073
0.072
0.072
0.072
0.072
0.073
0.073
0.072
0.072
0.073
0.072
0.072
0.072
-2.201
0.072
0.072
0.064
0.072
0.072
0.063
0.072
0.072
0.072
0.071
0.073
0.071
0.073
0.072
0.070
0.072
0.073
0.072
0.072
0.073
0.073
0.072
0.073
0.072
0.072
0.072
0.072
0.072
0.072
0.071
0.072
0.072
0.072
0.072
0.072
0.072
0.072
0.072
0.072
0.072
0.072
0.064
0.072
0.072
0.072
0.072
0.073
0.064
0.073
0.073
0.072
0.072
0.072
0.073
0.071
0.073
0.064
0.072
0.072
0.073
0.073
0.072
0.063
0.071
0.073
-0.930
0.073
0.072
-0.925
0.072
0.072
0.064
0.064
0.072
-1.665
0.072
0.072
0.072
0.072
0.073
0.058
0.072
0.073
0.064
0.072
0.072
0.073
0.073
0.073
0.064
0.072
0.072
0.072
0.072
0.072
-0.925
0.072
0.072
0.072
0.072
0.072
0.071
0.072
0.073
-0.928
0.073
0.072
0.072
0.073
0.072
0.064
0.072
0.072
0.070
0.072
0.073
0.064
0.072
0.072
0.072
0.072
0.072
0.072
0.072
0.072
0.064
0.072
0.072
-0.919
-0.919
0.064
-2.313
0.073
0.072
0.072
0.072
0.072
0.072
0.072
0.072
-0.925
0.064
0.073
0.064
0.072
0.072
0.072
0.072
0.072
0.072
0.072
0.072
0.072
0.072
0.073
0.072
0.072
0.073
0.072
0.072
0.072
0.064
0.072
0.072
0.072
0.072
0.073
0.072
0.072
0.072
0.072
0.072
0.072
0.064
0.072
0.072
0.072
0.072
0.073
0.072
0.072
0.072
-0.919
0.072
0.073
0.073
0.073
0.072
0.071
0.072
0.072
0.072
0.072
0.072
0.064
0.072
0.072
0.072
0.072
0.072
0.073
0.072
0.073
0.072
0.072
0.072
0.072
0.072
0.072
0.072
0.072
0.072
0.072
0.072
0.072
0.072
0.072
0.073
0.069
0.072
0.073
0.072
0.072
0.072
0.072
0.072
0.064
0.072
0.072
0.072
0.072
0.072
0.073
0.070
0.072
0.073
0.064
0.072
0.072
0.072
0.064
0.073
0.072
0.064
0.073
0.064
0.072
0.072
0.064
0.072
0.072
0.064
0.072
0.072
0.071
0.072
0.072
0.072
0.072
0.072
-0.925
0.073
0.073
0.072
0.072
0.073
0.071
0.072
0.072
0.072
0.072
0.072
0.072
0.063
0.073
0.064
0.072
0.072
0.072
0.072
0.073
0.072
0.073
0.072
-1.841
0.072
0.072
0.072
0.072
0.072
0.060
0.072
0.072
0.072
0.072
0.072
0.072
0.072
0.073
0.072
0.072
0.072
0.063
0.072
0.072
0.064
0.073
0.073
0.071
0.073
0.073
0.071
0.072
0.072
0.063
0.072
0.072
0.064
0.072
0.072
0.064
-0.929
0.072
0.064
0.073
0.072
0.072
0.072
0.073
0.071
0.072
0.073
0.064
-0.925
0.072
0.072
0.072
0.072
0.072
0.072
0.072
0.064
0.072
0.072
0.063
0.072
0.072
0.069
0.072
0.072
0.064
0.072
0.072
0.073
0.072
0.072
0.072
0.073
0.072
0.072
0.072
0.072
-0.925
0.072
0.073
0.064
0.072
0.073
0.072
0.072
0.073
0.072
0.072
0.072
0.072
0.072
0.072
0.060
0.072
0.072
0.072
0.064
0.073
0.063
0.072
0.072
0.072
0.072
0.072
0.064
0.072
0.072
-0.930
0.073
0.073
0.071
-0.925
0.064
0.072
0.073
0.072
0.064
0.073
0.073
0.064
0.072
0.072
0.072
0.072
0.072
0.064
0.072
0.072
-2.035
0.073
0.072
0.072
0.073
0.072
0.063
0.073
0.072
-0.919
0.072
0.072
0.072
0.072
0.073
0.072
0.072
0.072
0.071
0.072
0.072
0.064
0.072
0.072
0.072
0.072
0.072
0.064
0.072
0.072
0.072
0.072
0.073
-0.919
0.073
0.072
0.064
0.072
0.072
0.063
0.063
0.073
0.071
0.072
0.073
0.072
0.072
0.072
0.072
0.072
0.072
0.072
0.073
0.072
0.073
0.072
0.073
0.066
0.073
0.073
0.064
-1.498
-1.499
-2.415
0.072
0.072
0.072
0.072
0.072
0.072
0.072
0.072
0.064
0.072
0.064
0.058
0.073
0.073
0.072
0.072
0.073
0.072
0.072
0.072
0.073
-0.919
0.072
0.072
0.072
0.072
0.073
0.073
0.073
0.072
-1.498
-1.500
-1.500
0.072
0.072
0.072
0.072
0.072
-0.925
0.072
0.072
0.072
0.072
0.072
0.064
0.073
0.072
0.071
0.072
0.072
0.064
0.073
0.072
0.073
0.072
0.064
0.065
0.073
0.072
0.064
0.072
0.072
0.072
0.072
0.072
0.072
0.071
0.066
0.057
0.072
0.072
0.072
0.072
0.066
0.063
0.072
0.072
0.072
0.072
0.072
0.064
0.072
0.073
0.072
0.066
0.071
0.073
0.072
0.073
0.072
-1.498
-1.498
-1.851
0.072
0.064
0.064
0.072
0.072
0.064
0.072
0.072
0.072
0.073
0.072
0.072
0.073
0.072
0.073
0.072
0.072
0.064
0.072
0.072
0.064
0.073
0.072
0.064
0.072
0.072
0.064
0.071
0.072
0.072
-0.928
0.072
0.064
0.072
0.072
0.064
0.072
0.072
0.072
0.073
0.072
-0.919
0.073
0.073
0.064
0.072
0.073
0.064
0.064
0.073
0.064
0.072
0.072
0.073
0.072
0.072
0.066
0.073
0.073
0.064
0.072
0.073
0.072
0.073
0.072
0.064
0.071
0.072
0.071
0.064
0.073
0.064
0.072
0.073
0.064
0.072
0.072
0.072
0.072
0.073
0.072
0.073
0.072
0.073
0.072
0.072
0.072
0.064
0.073
0.064
0.072
0.072
0.064
0.072
0.072
0.064
0.072
0.072
0.064
0.072
0.072
0.064
0.072
0.072
0.072
0.072
0.072
0.064
-0.925
0.072
0.064
0.072
0.073
-0.930
0.072
0.072
0.071
0.072
0.064
0.064
0.072
0.072
0.064
0.072
0.072
0.063
-0.925
0.072
0.064
0.059
0.064
0.072
0.064
0.073
0.072
0.073
0.072
0.073
0.072
0.072
0.072
0.072
0.072
0.068
0.072
0.072
0.072
-0.928
0.073
0.072
0.072
-0.925
0.064
0.073
0.072
0.073
0.072
0.073
-2.269
0.072
0.072
0.064
0.072
0.072
0.072
0.072
0.073
0.072
0.072
0.073
0.072
0.072
0.072
-0.930
0.064
0.073
0.072
0.073
0.072
0.071
0.072
0.072
0.072
0.072
0.072
0.064
0.072
0.072
0.072
0.073
0.072
0.064
0.072
0.072
0.064
0.072
0.072
0.072
0.072
0.073
0.064
0.073
0.072
0.063
0.072
0.072
0.072
0.072
0.073
0.067
0.072
0.072
0.064
0.072
0.072
0.072
0.073
0.073
0.072
0.072
0.073
0.072
0.072
0.073
-1.653
0.072
0.072
0.072
0.072
-2.269
0.071
0.072
0.072
0.064
0.072
0.072
-0.919
0.072
0.072
0.072
0.072
0.073
0.072
0.072
0.066
0.071
0.072
0.072
0.072
0.073
0.072
0.072
0.072
0.072
0.072
0.073
0.072
0.064
0.072
0.072
0.063
0.072
0.072
0.072
0.072
0.072
-1.596
0.072
0.072
0.072
0.072
0.073
0.072
0.072
0.072
0.064
0.072
0.072
0.072
0.071
0.073
0.072
0.072
0.072
0.071
0.072
0.073
-1.312
0.072
0.073
0.072
0.072
0.072
0.063
0.072
0.072
0.072
0.072
0.073
0.064
0.072
0.072
0.073
0.072
0.072
0.072
-0.919
0.072
0.066
0.072
0.072
0.064
0.066
0.073
0.072
0.073
0.073
0.071
-0.925
0.064
0.064
0.072
0.072
0.064
0.073
0.073
0.064
0.072
0.073
0.066
-0.925
0.064
0.072
0.072
0.072
0.072
0.073
0.072
0.072
0.072
0.072
0.064
0.072
0.072
0.072
0.073
0.072
0.072
0.072
0.073
-2.202
0.072
0.072
0.064
0.072
0.072
0.064
0.064
0.072
0.072
-0.925
0.072
0.072
0.072
0.072
-0.925
0.072
0.072
0.072
0.072
0.072
0.072
0.072
0.072
0.072
