fixedStep chrom=ENSGT00390000003749 start=1 step=1
0.000
0.000
0.000
0.000
0.000
0.000
0.050
0.065
0.062
0.062
0.065
0.065
0.065
0.065
0.065
0.057
0.065
0.049
0.065
0.065
0.065
0.065
0.061
0.065
0.065
0.065
0.065
0.062
0.065
0.065
0.065
0.063
0.065
0.063
0.064
0.065
0.061
0.065
0.065
0.050
0.065
0.065
0.063
0.064
0.065
0.065
0.065
0.065
0.065
0.063
0.063
0.065
0.065
0.065
0.065
0.065
0.050
0.065
0.054
0.054
0.065
0.064
0.064
0.065
0.065
0.065
0.065
0.064
0.065
0.065
0.057
0.065
0.065
0.065
0.065
0.065
0.065
0.065
0.063
0.065
0.065
0.065
0.064
0.065
0.065
0.065
0.065
0.065
0.063
0.065
0.065
0.065
0.050
0.065
0.054
0.065
0.065
0.065
0.064
0.065
0.065
0.065
0.065
0.063
0.065
0.065
0.065
0.060
0.065
0.065
0.065
0.062
0.054
0.065
0.065
0.064
0.063
0.065
0.065
0.063
0.065
0.063
0.065
0.064
0.059
0.065
0.062
0.062
0.065
0.065
0.065
0.065
0.065
0.065
0.061
0.065
0.050
0.065
0.065
0.065
0.065
0.065
0.065
0.065
0.065
0.065
0.065
0.065
0.065
0.065
0.063
0.054
0.065
0.065
0.065
0.064
0.064
0.065
0.062
0.065
0.065
0.063
-3.180
0.061
0.065
0.064
0.065
0.065
0.065
0.065
0.065
0.065
0.064
0.065
0.062
0.065
0.065
0.065
0.065
0.065
0.065
0.065
0.064
0.065
0.065
0.065
0.065
0.065
0.065
0.064
0.065
0.065
0.065
0.065
0.063
0.065
0.065
0.062
0.065
0.065
0.057
0.063
0.065
0.065
0.065
0.065
0.065
0.065
0.065
0.065
0.065
0.065
0.065
0.065
0.065
0.065
0.065
0.065
0.060
0.065
0.065
0.065
0.065
0.063
0.065
-1.482
-1.483
-1.483
-1.476
-1.483
-1.671
-1.481
-1.483
-1.483
0.054
0.061
0.058
0.061
0.059
0.065
0.065
0.065
0.065
0.062
0.065
0.050
0.065
0.065
0.065
0.057
0.065
0.065
0.054
0.047
-2.316
0.063
0.062
0.062
0.065
0.065
0.065
0.065
0.065
0.063
0.065
0.065
0.065
0.065
0.060
0.065
0.065
0.065
0.065
0.065
0.065
0.064
0.065
0.065
0.065
0.063
0.065
0.065
0.065
0.065
0.062
0.065
0.065
0.057
0.065
0.050
0.062
0.065
0.065
0.065
0.065
0.065
0.065
0.065
0.065
0.065
0.065
0.065
0.065
0.065
0.065
0.061
0.065
0.065
0.065
0.065
0.065
0.062
0.065
0.065
0.057
0.065
0.065
0.065
0.065
0.065
0.065
0.065
0.057
0.065
0.065
0.065
0.065
0.065
0.065
0.065
0.065
0.065
0.065
0.065
0.065
0.065
0.065
0.065
0.065
0.065
0.065
0.063
0.065
0.065
0.065
0.065
0.065
0.065
0.065
0.065
0.065
0.065
0.064
0.065
0.059
0.065
0.065
0.065
0.065
0.064
0.065
0.065
0.065
0.065
0.065
-1.742
0.065
0.065
-5.346
0.065
0.065
0.063
0.065
0.065
0.065
0.065
0.065
0.065
0.065
0.065
0.050
0.065
0.065
0.065
0.065
0.065
0.065
0.065
0.065
0.065
0.065
0.065
0.065
0.065
0.065
0.065
0.065
0.065
0.065
0.065
0.065
0.065
0.065
0.065
0.060
0.065
0.065
0.063
0.065
0.065
0.065
0.065
0.065
0.065
0.065
0.065
0.065
0.065
0.065
0.065
0.065
0.065
0.065
0.065
0.065
0.065
0.065
-2.203
0.065
0.062
0.065
0.065
0.065
0.065
0.065
0.064
0.065
0.065
0.065
0.065
0.065
0.065
0.065
0.064
0.065
0.065
0.062
0.065
0.065
0.064
0.065
0.065
0.065
0.065
0.065
0.062
0.065
0.065
0.065
0.065
0.065
0.065
0.065
0.065
0.065
0.065
0.065
0.065
0.065
0.065
0.065
0.065
0.065
0.065
0.065
0.065
0.063
0.065
0.065
0.065
0.065
0.065
0.063
0.057
0.065
0.065
0.065
0.065
0.065
0.065
0.063
0.057
0.063
0.063
0.063
-1.781
-1.448
-2.330
0.065
0.065
0.064
0.065
0.065
0.063
-3.416
0.062
0.065
0.064
0.065
0.065
0.063
0.065
0.056
0.058
0.050
0.065
0.063
0.063
0.047
0.053
0.057
0.063
0.063
0.063
0.048
-1.449
-1.448
-1.449
0.063
0.065
0.063
0.065
0.057
0.057
0.065
0.065
0.065
0.064
0.065
0.065
0.065
0.065
0.065
0.065
0.065
0.054
0.063
0.065
0.060
0.065
0.065
0.065
0.065
0.065
0.064
0.065
0.065
0.065
0.065
0.065
0.065
0.053
0.065
0.054
0.054
0.065
0.065
0.065
0.065
0.065
0.065
0.065
0.062
0.065
0.065
0.065
0.065
0.065
0.063
0.065
0.062
0.064
0.065
0.065
0.047
0.065
0.065
0.065
0.065
0.065
0.065
0.065
0.065
0.065
0.065
0.065
0.065
0.065
0.065
0.064
0.065
0.065
0.061
0.065
0.063
0.057
0.063
0.063
0.054
0.057
0.063
0.057
-1.449
-1.444
-1.449
0.063
0.057
0.057
0.063
0.063
0.062
0.065
0.065
0.065
0.065
0.065
0.062
0.065
0.065
0.065
0.065
0.065
0.065
0.065
0.065
0.050
0.065
0.065
0.064
0.065
0.065
0.065
0.065
0.065
0.064
0.065
0.065
0.065
0.065
0.065
0.064
0.065
0.065
0.065
0.065
0.065
0.065
0.065
0.065
0.065
0.065
0.065
0.065
0.065
0.065
0.062
0.065
0.065
0.065
0.065
0.065
0.065
0.065
0.065
0.065
0.065
0.065
0.065
0.060
0.065
0.062
0.065
0.065
0.064
0.065
0.065
0.065
0.065
0.065
0.062
-1.448
-1.449
-2.344
0.065
0.065
0.065
0.065
0.065
0.063
0.065
0.065
0.064
0.065
0.065
0.063
0.064
0.065
0.065
0.065
0.065
0.065
0.065
0.065
0.061
0.065
0.061
0.057
0.065
0.065
0.065
0.065
0.065
0.065
0.063
0.065
0.065
0.057
0.065
0.065
0.065
0.065
0.063
0.064
0.065
0.063
0.065
0.065
0.064
0.065
0.065
0.047
0.065
0.065
0.065
0.065
0.065
0.065
0.065
0.065
0.050
0.065
0.065
0.065
0.065
0.065
0.065
0.064
0.065
0.065
0.065
0.065
0.063
0.065
0.065
0.065
0.065
0.065
0.063
0.065
0.065
0.065
0.064
0.065
0.064
0.065
0.065
0.062
0.065
0.065
0.065
0.065
0.065
0.065
0.065
0.065
0.065
0.065
0.065
0.065
0.065
0.065
0.063
0.065
0.065
0.064
0.065
0.065
0.065
0.065
0.065
0.064
0.065
0.065
0.063
0.065
0.065
0.065
0.065
0.065
0.065
0.065
0.065
0.065
0.065
0.065
0.065
0.065
0.065
0.065
0.065
0.065
0.065
0.057
0.065
0.065
0.065
0.065
0.062
0.065
0.065
-2.524
0.065
0.065
0.065
0.062
0.065
0.065
0.065
0.065
0.065
0.065
0.065
0.063
0.065
0.065
0.054
0.065
0.065
0.064
0.065
0.065
0.065
0.065
0.065
0.065
0.065
0.063
0.065
0.065
0.063
0.050
0.065
0.065
0.064
0.065
0.065
0.065
0.065
0.065
0.062
0.065
0.065
0.065
0.065
0.065
0.065
0.065
0.065
0.065
0.065
0.064
0.064
0.065
0.065
0.065
0.065
-2.257
0.065
0.065
0.065
-3.281
0.065
0.065
0.065
0.065
0.065
0.060
0.065
0.065
0.064
0.065
0.065
0.065
0.065
0.065
0.065
0.065
0.065
0.065
0.065
0.065
0.065
0.065
0.065
0.065
0.065
0.065
0.063
0.065
0.065
0.065
0.065
0.065
0.064
0.065
0.065
0.065
0.057
0.065
0.050
0.065
0.065
0.057
0.063
0.065
0.065
0.065
0.065
0.065
0.065
0.065
0.063
0.065
0.065
0.065
0.065
0.065
0.065
0.065
0.065
0.060
0.065
0.065
0.065
0.065
0.065
0.065
0.065
0.065
0.065
0.065
0.065
0.065
0.065
0.065
0.065
0.060
0.065
0.065
0.065
0.065
0.065
0.057
0.065
0.054
0.065
0.065
0.063
0.065
0.065
0.064
0.065
0.065
0.054
0.065
0.065
0.065
0.065
0.065
0.065
0.064
0.065
0.050
0.065
0.065
0.065
0.065
0.065
0.065
0.065
0.065
0.065
0.065
0.065
0.064
0.065
0.065
0.065
0.065
0.065
0.065
0.065
0.065
0.065
0.065
0.065
0.065
0.065
0.065
0.050
0.065
0.065
0.050
0.065
0.065
0.065
0.065
0.065
0.064
0.065
0.065
0.065
0.065
0.065
0.065
0.065
0.065
0.065
0.065
0.065
0.062
0.065
0.065
0.065
0.065
0.065
0.062
0.065
0.065
0.065
0.065
0.065
0.065
0.065
0.065
0.065
0.065
0.065
0.065
0.065
0.065
0.065
0.065
0.065
0.065
0.065
0.065
0.062
0.065
0.065
0.065
0.065
0.065
0.065
0.065
0.065
0.065
0.065
0.065
0.063
0.065
0.065
0.065
0.065
0.065
0.065
0.065
0.065
0.064
0.065
0.065
0.065
0.065
0.065
0.065
0.065
0.065
0.065
0.065
0.065
0.065
0.065
0.065
0.060
0.065
0.065
0.060
0.065
0.065
0.063
0.065
0.065
0.064
0.065
0.065
0.065
0.065
0.065
0.060
0.065
0.065
0.065
0.065
0.065
0.065
0.065
0.065
0.065
0.065
0.065
0.065
0.065
0.065
0.065
0.065
0.065
0.065
0.065
0.065
0.063
0.065
0.065
0.065
0.065
0.065
0.065
0.065
0.065
0.065
0.065
0.065
0.065
0.065
0.065
0.065
0.065
0.065
0.064
0.065
0.065
0.065
0.065
0.065
0.065
0.060
0.065
0.062
0.057
0.065
0.065
0.065
0.065
0.065
0.065
0.065
0.065
0.065
0.065
0.065
0.065
0.046
0.062
0.065
0.065
0.065
0.065
0.065
0.065
0.065
0.065
0.065
0.065
0.065
0.064
0.065
0.062
0.065
0.065
0.065
0.063
0.065
0.065
0.065
0.065
0.065
0.065
0.065
0.065
0.065
0.065
0.065
0.065
0.065
0.065
0.065
0.065
0.065
0.065
0.065
0.065
0.063
0.065
0.065
0.065
0.065
0.065
0.065
0.065
0.065
0.065
0.065
0.065
0.065
0.065
0.065
0.065
0.065
0.065
0.065
0.065
0.065
0.060
0.065
0.065
0.065
0.065
0.065
0.065
0.065
0.065
0.065
0.065
0.065
0.060
0.065
0.065
0.050
0.065
0.065
0.065
0.065
0.065
0.064
0.065
0.065
0.065
0.065
0.065
0.065
0.065
0.065
0.065
0.065
0.065
0.065
0.065
0.065
0.065
0.065
0.065
0.063
0.065
0.065
0.065
0.065
0.065
0.060
0.065
0.065
0.061
0.065
0.065
0.065
0.065
0.065
0.063
0.065
0.065
0.065
0.065
0.065
0.065
0.065
0.062
0.065
0.065
0.065
0.063
0.065
0.065
0.064
0.065
0.065
0.063
0.065
0.065
0.065
0.060
0.065
0.065
0.065
0.065
0.065
0.065
0.065
0.060
0.065
0.065
0.065
0.065
0.065
0.064
0.065
0.065
0.065
0.065
0.065
0.065
0.063
0.065
0.065
0.065
0.064
0.065
0.065
0.065
0.064
0.065
0.065
0.063
0.065
0.065
0.065
0.065
0.065
0.065
0.065
0.065
0.065
0.065
0.065
0.065
0.065
0.065
0.065
0.065
0.065
0.065
0.065
0.065
0.063
0.065
0.065
0.063
0.065
0.065
0.065
0.065
0.065
0.050
0.065
0.065
0.065
0.065
0.065
0.065
0.065
0.065
0.062
0.065
0.065
0.065
0.065
0.065
0.065
0.065
0.065
0.065
0.065
0.065
0.065
0.065
0.065
0.055
0.065
0.065
0.062
0.065
0.065
0.065
0.065
0.065
0.065
0.065
0.065
0.065
0.065
0.065
0.065
0.065
0.064
0.056
0.065
0.065
0.065
0.065
0.065
0.065
0.065
0.065
0.065
0.050
0.063
0.062
0.065
0.065
0.065
0.065
0.065
0.065
0.065
0.063
0.065
0.065
0.065
0.065
0.065
0.065
0.060
0.065
0.065
0.062
0.065
0.065
0.065
0.065
0.065
0.065
0.065
0.065
0.049
0.065
0.065
0.065
0.065
0.065
0.056
0.065
0.065
0.065
0.065
0.065
0.064
0.065
0.065
0.061
0.065
0.065
0.065
0.065
0.065
0.061
0.048
0.065
0.065
0.064
0.065
0.065
0.065
0.062
0.065
0.057
0.065
0.065
0.065
0.065
0.065
0.065
0.065
0.063
0.053
0.065
0.065
0.065
0.065
0.064
0.065
0.065
0.061
0.065
0.065
0.065
0.065
0.065
0.065
0.064
0.065
0.065
0.065
0.065
0.065
0.065
0.065
0.065
0.063
0.065
0.065
0.065
0.065
0.065
0.065
0.065
0.065
0.065
0.065
0.065
0.065
0.065
0.065
0.065
0.065
0.065
0.065
0.065
0.064
0.064
0.065
0.063
0.065
0.065
0.065
0.065
0.065
0.059
0.065
0.065
0.061
0.065
0.065
0.065
0.065
0.065
0.065
0.065
0.065
0.065
0.065
0.065
0.062
0.065
0.065
0.065
0.065
0.065
0.065
0.065
0.065
0.057
0.065
0.065
0.065
0.065
0.065
0.065
0.065
0.065
0.065
0.065
0.065
0.065
0.065
0.065
0.050
0.065
0.065
0.060
0.065
0.065
0.061
0.065
0.065
0.064
0.065
0.065
0.065
0.065
0.057
0.065
0.065
0.065
0.065
0.065
0.065
0.065
0.065
0.065
0.065
0.065
0.063
0.065
0.065
0.065
0.057
0.065
0.065
0.062
0.065
0.065
0.065
0.065
0.059
0.062
0.062
0.065
0.049
0.062
0.065
0.065
0.064
0.065
0.062
