fixedStep chrom=ENSGT00390000016873 start=1 step=1
0.073
0.073
0.073
0.073
0.073
0.073
0.073
0.073
0.073
0.073
0.073
0.073
0.073
0.065
0.073
0.073
0.073
0.073
0.073
0.073
0.073
0.073
0.073
0.073
0.073
0.073
0.073
0.071
0.073
0.073
0.073
0.073
0.073
0.073
0.073
0.073
0.073
0.073
0.073
0.073
0.073
0.073
0.073
0.073
0.073
0.073
0.073
0.073
0.073
0.073
0.073
0.073
0.073
0.072
0.073
0.073
0.073
0.073
0.073
0.073
0.073
0.073
0.068
-0.893
0.073
0.073
0.073
0.073
0.073
0.073
0.073
0.072
0.073
0.073
0.073
0.073
0.073
0.073
0.073
0.073
0.066
0.066
0.073
0.073
0.073
0.073
0.073
0.073
0.073
0.073
0.073
0.073
0.073
0.073
0.073
0.073
0.071
0.073
0.073
0.073
-2.250
0.073
0.073
0.066
0.073
0.073
0.073
0.064
0.073
0.073
0.073
0.073
0.073
0.073
0.073
0.073
0.073
0.073
0.073
0.073
0.073
0.071
0.073
0.066
0.073
0.073
0.073
0.073
0.073
0.073
0.073
0.073
0.073
0.073
0.073
0.073
0.073
0.073
0.073
0.073
0.073
0.073
0.073
0.073
0.071
0.073
0.073
0.066
0.071
0.073
0.073
0.073
0.073
0.073
0.073
0.073
0.073
0.073
0.073
0.073
0.073
0.073
0.073
0.073
0.073
0.073
0.073
0.073
0.073
0.073
0.073
0.073
0.073
0.073
0.073
0.073
0.073
0.073
0.073
0.073
0.073
0.073
0.073
0.073
0.073
0.073
0.066
0.073
0.073
0.073
0.073
0.073
0.073
0.073
0.073
0.073
0.073
0.073
0.073
-0.891
0.073
0.073
0.073
0.066
-0.895
-0.895
-0.893
0.073
0.073
-0.891
-0.895
0.066
0.062
-0.895
-0.895
-0.891
0.066
-0.893
0.066
0.066
0.073
0.073
0.073
0.073
0.070
0.071
-0.893
0.073
-4.128
0.073
0.066
0.073
0.066
-0.895
0.073
0.073
0.073
0.073
0.073
0.066
0.073
0.066
0.073
0.073
0.073
-3.438
0.073
0.073
0.073
0.073
0.073
0.073
0.073
0.073
0.073
0.073
0.073
-0.877
0.073
0.071
0.073
0.073
0.073
0.065
0.073
0.073
-0.891
0.066
0.073
0.073
0.073
0.073
0.073
0.073
0.073
0.073
0.073
0.066
0.064
0.066
0.066
0.066
0.073
0.073
0.073
0.073
0.073
0.073
0.073
0.073
0.053
0.066
-1.665
0.053
0.000
0.000
0.000
0.000
0.000
0.000
0.000
0.000
0.000
0.000
0.000
0.000
0.000
0.000
0.000
0.073
0.073
0.073
0.063
0.053
0.073
0.073
0.069
0.052
0.073
0.069
0.073
0.053
0.053
-1.787
0.073
0.053
0.053
0.063
0.053
0.069
0.073
0.073
0.053
0.064
0.053
0.073
0.073
0.073
0.053
0.069
0.073
0.053
0.073
0.069
0.053
0.000
0.000
0.000
0.000
0.000
0.000
0.000
0.000
0.000
0.000
0.000
0.000
0.000
0.000
0.000
0.000
0.000
0.000
0.000
0.000
0.000
