fixedStep chrom=ENSGT00390000003100 start=1 step=1
0.065
0.065
0.065
0.065
0.065
0.065
0.065
0.065
0.054
0.064
0.065
0.065
0.065
0.065
0.064
-0.974
-0.985
-0.974
0.065
0.065
0.065
0.064
0.065
0.061
0.062
0.065
0.065
0.065
0.065
0.065
0.065
0.065
0.065
0.065
0.065
0.065
0.063
0.065
0.054
0.063
0.065
-3.181
0.065
0.065
0.064
0.065
0.065
0.065
0.065
0.065
0.065
0.065
0.065
0.065
0.065
0.065
0.065
0.065
0.065
0.065
0.065
0.065
0.065
0.065
0.056
0.065
0.065
0.065
0.065
0.065
0.065
0.063
0.054
0.063
0.065
0.065
0.065
0.062
0.065
0.065
0.065
0.061
0.065
0.062
0.061
0.065
0.065
0.065
0.065
0.063
0.065
0.065
0.065
0.062
0.065
0.065
0.065
0.065
0.063
0.065
0.065
0.065
0.065
0.065
0.065
0.065
0.065
0.065
0.065
0.065
0.062
0.065
0.054
0.059
0.052
0.064
0.063
0.065
0.054
0.065
0.054
0.065
0.065
0.065
0.064
0.059
0.063
0.065
0.065
0.064
0.054
0.065
0.065
0.064
0.065
0.059
0.065
0.048
-0.240
-0.240
-0.240
0.063
0.065
0.062
0.063
0.065
0.056
-1.702
-1.417
-2.176
0.065
0.065
0.065
0.065
0.065
0.062
0.065
0.065
0.065
0.065
0.065
0.065
0.065
0.065
0.057
0.065
0.065
0.063
0.065
0.065
0.065
0.065
0.065
0.065
0.065
0.065
0.065
0.061
0.064
0.064
0.065
0.065
0.064
0.065
0.065
0.063
0.065
0.065
0.065
0.056
0.065
0.062
0.065
0.065
0.065
0.065
0.065
0.065
0.065
0.065
0.064
0.065
0.065
0.065
0.065
0.065
0.065
0.065
0.056
0.054
0.065
0.065
0.065
0.065
0.065
0.065
0.065
0.065
0.065
0.065
0.065
0.065
0.065
0.065
0.065
0.065
0.065
0.065
0.065
0.063
0.064
0.065
0.065
0.062
0.065
0.065
0.063
0.065
0.065
0.065
0.065
0.065
0.065
0.065
0.065
0.063
0.065
0.065
0.065
0.065
0.065
0.065
0.065
0.065
0.062
0.064
0.065
0.061
0.065
0.065
0.065
0.065
0.061
0.063
0.065
0.065
0.065
0.065
0.065
0.056
0.065
0.065
0.065
0.065
0.065
0.064
0.065
0.060
0.060
0.058
0.060
0.060
0.060
0.060
0.060
0.060
0.060
0.060
0.058
0.060
0.060
0.059
0.060
0.060
0.060
0.060
0.058
0.060
0.060
0.060
0.060
0.060
0.056
0.060
0.060
0.060
0.060
0.060
0.060
0.060
0.060
0.060
0.060
0.060
0.060
0.060
0.060
0.060
0.060
0.060
0.060
0.057
0.060
0.060
0.060
0.060
0.060
0.059
0.060
0.060
0.060
0.060
0.060
0.060
0.060
0.060
0.060
0.060
0.060
0.060
0.060
0.060
0.060
0.060
0.060
0.060
0.060
0.060
0.060
0.060
0.051
0.060
0.060
0.060
0.060
0.060
0.060
0.060
0.060
0.060
0.060
0.060
0.060
0.060
0.060
0.060
0.060
0.060
0.060
0.060
0.060
0.060
0.060
0.060
0.060
0.060
0.060
0.057
0.060
0.060
0.060
0.060
0.060
0.060
0.060
0.060
0.060
0.060
0.060
0.057
0.060
0.060
0.058
0.060
0.060
0.057
0.060
0.060
0.060
0.060
0.060
0.060
0.060
0.060
0.060
0.060
0.060
0.060
0.060
0.060
0.060
0.060
0.060
0.060
0.060
0.060
0.059
0.060
0.060
0.060
0.060
0.060
0.060
0.060
0.060
0.060
0.060
0.060
0.060
0.060
0.060
0.060
0.057
0.060
0.060
0.057
0.060
0.060
0.060
0.060
0.060
0.060
0.060
0.060
0.060
0.060
0.060
0.060
0.060
0.060
0.060
0.060
0.060
0.060
0.050
0.059
0.058
0.060
0.060
0.060
0.060
0.060
-0.222
-0.222
-0.222
-0.222
-0.222
-0.222
0.056
0.065
0.065
0.065
0.065
0.065
0.065
0.063
0.065
0.065
0.065
0.065
0.065
0.065
0.063
0.065
0.065
0.065
0.065
0.065
0.065
0.065
0.065
0.065
0.065
0.065
0.063
0.065
0.065
0.063
0.065
0.065
0.065
0.065
0.065
0.065
0.065
0.065
0.063
0.065
0.065
0.065
0.065
0.065
0.065
0.065
0.065
0.065
0.065
0.065
0.065
0.065
0.065
0.065
0.065
0.065
0.065
0.065
0.065
0.065
0.065
0.065
0.065
0.065
0.065
0.062
0.065
0.065
0.065
0.065
0.065
0.065
0.065
0.065
0.065
0.065
0.065
0.065
0.065
0.065
0.065
0.065
0.065
0.065
0.065
0.065
0.065
0.065
0.065
0.065
0.065
0.065
0.063
0.065
0.065
0.065
0.065
0.065
0.065
0.065
0.065
0.065
0.065
0.065
0.065
0.065
0.065
0.065
0.065
0.065
0.065
0.065
0.065
0.065
0.065
0.065
0.065
0.065
0.065
0.065
0.065
0.065
0.065
0.065
0.065
0.059
0.065
0.065
0.064
0.065
0.065
0.065
0.065
0.065
0.065
0.064
0.065
0.064
0.065
0.065
0.062
0.065
0.065
0.065
0.065
0.065
0.065
0.065
0.065
0.065
0.065
0.065
0.065
0.065
0.065
0.062
0.065
0.065
0.065
0.065
0.065
0.063
0.065
0.065
0.054
0.065
0.065
0.064
0.065
0.065
0.054
0.065
0.065
0.065
0.065
0.065
0.065
0.065
0.065
0.065
0.065
0.065
0.065
0.065
0.065
0.056
0.065
0.065
0.063
0.065
0.065
0.064
0.065
0.065
0.065
0.065
0.065
0.062
0.065
0.065
0.065
0.065
0.065
0.065
0.065
0.065
0.065
0.065
0.065
0.059
0.065
0.065
0.065
0.065
0.065
0.065
0.065
0.065
0.064
0.065
0.065
0.063
0.065
0.065
0.065
0.065
0.065
0.065
0.065
0.065
0.062
0.065
0.065
0.065
0.065
0.065
0.065
0.065
0.065
0.065
0.064
0.065
0.063
0.065
0.065
0.065
0.065
0.065
0.065
0.065
0.065
0.065
0.065
0.065
0.065
0.065
0.065
0.065
0.065
0.065
0.065
0.065
0.065
0.065
0.065
0.065
0.065
0.065
0.065
0.065
0.065
0.065
0.065
0.065
0.065
0.065
0.065
0.065
0.065
0.063
0.065
0.065
0.065
0.065
0.065
0.060
0.060
0.060
0.060
0.060
0.058
0.060
0.060
0.060
0.060
0.060
0.060
0.060
0.060
0.060
0.060
0.060
0.060
0.058
0.060
0.058
0.060
0.060
0.045
0.060
0.060
0.060
0.060
0.060
0.058
0.060
0.060
0.056
0.060
0.060
0.060
0.050
0.060
0.060
0.060
0.060
0.045
0.060
0.060
0.060
0.053
0.060
-1.853
0.060
0.060
0.058
0.056
0.060
0.060
0.060
0.060
0.060
0.060
0.060
0.060
0.060
0.060
0.060
0.060
0.060
0.058
0.053
0.060
0.053
0.060
0.060
0.060
0.060
0.060
0.060
0.057
0.060
0.060
0.060
0.060
0.060
0.060
0.060
0.053
0.060
0.060
0.060
0.060
0.060
0.057
0.060
0.060
0.060
0.060
0.060
0.060
0.060
0.060
0.060
0.058
0.060
0.060
0.050
0.060
0.060
0.060
0.060
0.058
0.060
0.060
0.060
0.060
0.059
0.060
0.059
0.055
0.056
0.055
0.055
0.055
0.059
0.059
0.049
0.055
0.060
0.059
0.055
0.060
0.060
0.059
0.060
0.055
0.059
0.060
0.058
0.055
0.060
0.055
0.059
0.059
0.059
0.055
0.060
0.055
0.059
0.060
0.060
0.060
0.057
0.059
0.059
0.060
0.055
0.060
0.060
0.055
-1.616
-1.616
-2.003
-1.615
-1.616
-1.615
-1.616
-1.616
-1.615
-1.610
-1.616
-1.616
-1.616
-1.616
-1.616
-1.610
-1.616
-1.616
0.060
0.055
0.059
0.055
0.055
0.055
0.060
0.060
0.060
0.059
0.060
0.055
0.055
0.059
0.060
0.060
0.060
0.060
0.060
0.060
0.059
0.060
0.060
0.060
0.060
0.060
0.060
0.059
0.060
0.060
0.060
0.060
0.060
0.058
0.060
0.060
0.060
0.060
0.060
0.060
0.060
0.060
0.060
0.060
0.060
0.060
0.060
0.060
0.060
0.060
0.060
0.058
0.060
0.060
0.060
0.060
0.060
0.060
0.060
0.060
0.060
0.060
0.060
0.060
0.060
0.060
0.060
0.060
0.057
0.060
0.060
-1.961
0.060
0.059
0.047
0.060
0.060
0.060
0.060
0.060
0.060
0.060
0.060
0.060
0.060
0.051
0.060
0.060
0.060
0.060
0.060
0.060
-1.987
0.060
0.060
0.058
0.060
0.060
0.056
0.060
0.060
0.060
0.060
0.060
0.060
0.060
0.060
0.060
0.058
0.060
0.060
0.060
0.058
0.060
0.058
0.050
0.060
0.060
0.060
0.058
0.057
0.060
0.060
0.045
0.060
0.060
0.060
0.060
0.058
0.060
0.060
0.060
0.060
0.060
0.060
0.060
0.060
0.058
0.060
0.060
0.059
0.060
0.060
0.060
0.060
0.060
0.060
0.060
0.060
0.058
0.060
0.058
0.057
0.060
0.060
0.058
0.060
0.060
0.057
0.060
0.060
0.060
0.060
0.060
0.060
0.060
0.060
0.060
0.060
0.060
0.060
0.060
0.060
0.060
0.060
0.060
0.058
0.060
0.060
0.060
0.060
0.060
0.060
0.060
0.060
0.059
0.060
0.060
0.060
0.060
0.060
0.060
0.060
0.060
0.058
0.060
0.060
0.060
0.060
0.060
0.060
0.060
0.060
0.060
0.060
0.060
0.060
0.060
0.060
0.057
0.060
0.060
0.060
0.060
0.060
0.058
0.060
0.060
0.060
0.060
0.060
0.060
0.060
0.060
0.060
0.060
0.060
0.060
0.060
0.060
0.060
0.060
0.060
0.058
0.060
0.060
0.060
0.060
0.060
0.058
0.060
0.060
0.060
0.060
0.060
0.060
0.060
0.060
0.060
0.060
0.060
0.060
0.060
0.060
0.058
0.060
0.060
0.060
0.060
0.060
0.060
0.060
0.060
0.045
0.060
0.060
0.060
0.060
0.060
0.060
0.060
0.060
0.060
0.060
0.060
0.060
0.060
0.060
0.060
0.060
0.060
0.060
0.060
0.060
0.060
0.060
0.060
0.060
0.060
0.060
0.057
0.060
0.060
0.060
0.060
0.060
0.060
0.060
0.060
0.060
0.060
0.060
0.060
0.060
0.060
0.060
0.060
0.060
0.060
0.060
0.060
0.060
0.060
0.060
0.060
0.060
0.060
0.060
0.060
0.060
0.060
0.060
0.060
0.060
0.060
0.060
0.058
0.055
0.060
0.060
0.060
0.060
0.058
0.060
0.060
0.060
0.060
0.060
0.060
0.060
0.060
0.060
0.060
0.060
0.060
0.058
0.060
0.060
0.060
0.060
0.060
0.060
0.060
0.060
0.060
0.060
0.060
0.060
0.060
0.060
0.060
0.060
0.060
0.060
0.060
0.060
0.060
0.060
0.060
0.060
0.060
0.060
0.060
0.060
0.051
0.060
0.060
0.060
0.060
0.060
0.060
0.060
0.060
0.065
0.065
0.065
0.065
0.065
0.065
0.065
0.065
0.062
0.065
0.065
0.065
0.065
0.065
0.065
0.065
0.065
0.065
0.065
0.065
0.065
0.065
0.065
0.065
0.065
0.065
0.065
0.065
0.065
0.065
0.065
0.065
0.065
0.062
0.065
0.065
0.065
0.065
0.065
0.065
0.065
0.054
0.065
0.062
0.065
0.056
0.065
0.065
0.065
0.065
0.065
0.065
0.065
0.065
0.065
0.065
0.065
0.065
0.065
0.065
0.065
0.065
0.064
0.065
0.065
0.065
0.065
0.062
0.065
0.062
0.065
0.065
0.065
0.065
0.065
0.065
0.065
0.065
0.065
0.065
0.065
0.055
0.065
0.065
0.065
0.065
0.065
0.065
0.065
0.065
0.063
0.065
0.065
0.065
0.065
0.065
0.064
0.065
0.065
0.065
0.065
0.065
0.065
0.065
0.065
0.065
0.065
0.065
0.065
0.065
0.065
0.065
0.065
0.065
0.065
0.065
0.065
0.064
0.065
0.065
0.065
0.065
0.056
0.065
0.065
0.065
0.065
0.056
0.065
0.064
0.065
0.065
0.063
0.065
0.065
0.065
0.065
0.065
0.065
0.063
0.065
0.065
0.065
0.065
0.062
0.065
0.065
0.065
0.065
0.065
0.065
0.065
0.065
0.065
0.065
0.065
0.061
0.065
0.065
0.065
0.065
0.065
0.063
0.065
0.064
0.062
0.064
0.065
0.054
0.065
0.065
0.064
0.065
0.065
0.065
0.062
0.065
0.065
0.065
0.065
0.065
0.063
0.065
0.063
0.065
0.065
0.065
0.065
0.065
0.065
0.065
0.065
0.065
0.065
0.065
0.065
0.065
0.063
0.062
0.065
0.065
0.064
0.065
0.065
0.065
0.065
0.065
0.065
0.065
0.065
0.065
0.065
0.065
0.063
0.065
0.065
0.065
0.065
-3.129
0.065
0.060
0.060
0.060
0.060
0.060
0.060
0.060
0.060
0.060
0.060
0.060
0.060
0.060
0.060
0.060
0.060
0.060
0.060
0.060
0.060
0.060
0.060
0.060
0.060
0.060
0.060
0.060
0.060
0.060
0.060
0.060
0.060
0.060
0.060
0.060
0.060
0.060
0.060
0.060
0.060
0.060
0.058
0.060
0.060
0.060
0.060
0.060
0.060
0.060
0.060
0.058
0.060
0.060
0.060
0.060
0.060
0.057
0.060
0.060
-1.910
0.059
0.060
0.060
0.060
0.060
0.055
0.060
0.060
0.059
0.060
0.060
0.058
0.060
0.060
0.060
0.060
0.060
0.050
0.060
0.060
0.060
0.060
0.060
0.060
0.060
0.060
0.060
0.060
0.060
0.060
0.060
0.060
0.060
0.060
0.060
0.057
0.060
0.060
0.060
0.060
0.060
0.060
0.060
0.060
0.060
0.060
0.060
0.057
0.060
0.060
0.058
0.060
0.060
0.060
0.060
0.060
0.060
0.060
0.060
0.060
0.060
0.060
0.060
0.060
0.060
0.060
0.060
0.060
0.060
0.060
0.060
0.060
0.060
0.060
0.060
0.060
0.056
0.060
0.060
0.060
0.059
0.060
0.060
0.060
0.060
0.060
0.060
0.060
0.060
0.060
0.060
0.060
0.058
0.060
0.060
0.060
0.060
0.060
0.060
0.060
0.060
0.060
0.060
0.060
0.060
0.060
0.060
0.060
0.060
0.060
0.060
0.060
0.060
0.060
0.060
0.060
0.057
0.060
0.060
0.060
0.060
0.060
0.060
0.060
0.060
0.058
0.060
0.060
0.060
0.060
0.060
0.058
0.060
0.060
0.060
0.060
0.060
0.060
0.056
0.060
0.060
0.060
0.060
0.060
0.060
0.060
0.065
0.065
0.065
0.062
0.065
0.065
0.065
0.065
0.065
0.065
0.065
0.065
0.065
0.065
0.065
0.065
0.065
0.065
0.063
0.065
0.065
0.065
0.065
0.065
0.065
0.065
0.065
0.063
0.065
0.065
0.065
0.065
0.065
0.055
0.065
0.065
0.065
0.065
0.065
0.065
0.065
0.065
0.056
0.064
0.065
0.065
0.063
0.065
0.065
0.065
0.065
0.065
0.065
0.065
0.065
0.065
0.065
0.065
0.065
0.065
0.065
0.065
0.065
0.065
0.065
0.055
0.065
0.065
0.065
0.065
0.065
0.065
0.065
0.065
0.065
0.065
0.065
0.065
0.065
0.065
0.065
0.063
0.065
0.065
0.065
0.065
0.065
0.065
0.065
0.063
0.065
0.065
0.065
0.063
0.065
0.065
0.065
0.065
0.065
0.065
0.065
0.065
0.065
0.065
0.065
0.065
0.063
0.065
0.061
0.065
0.065
0.065
0.065
0.062
0.065
0.065
0.065
0.065
0.065
0.065
0.065
0.065
0.065
0.062
0.054
0.056
0.056
0.065
0.065
0.063
0.065
0.065
0.065
0.065
0.064
0.065
0.065
0.065
0.065
0.065
0.065
0.065
0.065
0.065
0.065
0.065
0.065
0.065
0.065
0.065
0.063
0.061
0.065
0.065
0.065
0.065
0.065
0.065
0.065
0.065
0.065
0.065
0.064
0.065
0.065
0.062
0.062
0.065
0.060
0.065
0.065
0.064
0.065
0.065
0.065
0.065
0.065
0.065
0.065
0.065
0.065
0.065
0.065
0.065
0.056
0.065
0.065
0.065
0.065
0.065
0.065
0.065
0.065
0.065
0.065
0.065
0.065
0.065
0.065
0.065
0.065
0.065
0.065
0.065
0.065
0.065
0.065
0.065
0.065
0.065
0.063
0.065
0.065
0.065
0.065
0.065
0.065
0.065
0.065
0.065
0.065
0.065
0.065
0.065
0.065
0.065
0.065
0.065
0.065
0.065
0.065
0.065
0.065
0.056
0.063
0.056
0.065
0.065
0.061
0.065
0.065
0.065
0.065
0.065
0.056
0.065
0.064
0.065
0.065
0.065
0.065
0.065
0.065
0.065
0.065
0.064
0.065
0.065
0.053
0.065
0.065
0.065
0.065
0.065
0.065
0.054
0.056
0.064
0.065
0.065
0.065
0.065
0.065
0.064
0.065
0.065
0.062
0.062
0.065
0.065
0.065
0.065
0.063
0.065
0.065
0.063
0.065
0.065
0.065
0.065
0.065
0.064
0.065
0.065
0.065
0.065
0.065
0.064
0.065
0.065
0.065
0.065
0.065
0.065
0.065
0.065
0.065
0.065
0.065
0.065
0.064
0.065
0.060
0.065
0.065
0.063
0.054
0.065
0.065
0.065
0.065
0.064
0.065
0.063
0.054
0.065
0.065
0.063
0.063
0.065
0.062
0.065
0.065
0.063
0.065
0.065
0.065
0.065
0.065
0.065
0.056
0.065
0.062
0.065
0.063
0.065
0.065
0.065
0.059
0.061
0.065
0.065
0.055
0.065
0.065
0.062
0.059
0.065
0.065
0.051
0.056
0.065
0.065
0.065
0.054
0.065
0.063
0.065
0.062
0.065
0.063
0.063
0.062
0.065
0.065
0.065
0.065
0.064
0.065
0.063
0.063
0.063
0.065
0.065
0.065
0.065
0.060
0.065
0.063
0.065
0.065
0.065
0.054
0.065
0.063
0.065
0.054
0.065
0.065
0.065
0.065
0.065
0.063
0.063
0.065
0.062
0.065
0.065
0.065
0.064
0.065
0.065
0.056
0.065
0.065
0.065
0.062
0.065
0.064
0.062
0.062
-2.285
-2.258
-1.416
0.065
0.064
0.063
0.065
0.062
0.065
0.065
0.065
0.061
0.065
0.065
0.065
0.064
0.065
0.063
0.065
0.056
0.065
0.065
0.065
0.065
0.063
0.065
0.063
0.054
0.065
0.065
0.060
0.049
0.060
0.063
0.065
0.054
0.065
0.065
0.056
0.063
0.065
0.065
0.065
0.065
0.065
0.056
0.050
0.064
0.065
0.065
0.065
0.065
0.065
0.065
0.065
0.065
0.065
0.065
0.065
0.065
0.065
0.065
0.065
0.065
0.065
0.065
0.065
0.065
0.065
0.065
0.065
0.065
0.065
0.065
0.065
0.065
0.065
0.065
0.065
0.065
0.056
0.065
0.065
0.065
0.065
0.065
0.054
0.065
0.065
0.065
0.065
0.065
0.063
0.065
0.065
0.065
0.065
0.065
0.056
0.065
0.063
0.065
0.065
0.065
0.065
0.065
0.065
0.064
0.065
0.065
0.065
0.063
0.065
0.062
0.065
0.065
0.062
0.065
0.065
0.065
0.059
0.065
0.065
-0.240
-0.240
-0.240
0.065
0.065
0.062
0.065
0.063
0.062
0.065
0.063
0.064
0.065
0.053
0.065
0.065
0.065
0.065
0.064
0.050
0.053
0.061
0.063
0.065
0.065
0.063
0.056
0.065
0.065
0.065
0.062
0.058
0.061
0.061
0.061
0.054
0.065
0.054
0.051
-1.342
-1.530
-1.949
-2.066
-2.840
-2.079
-2.628
-1.657
-1.650
-2.037
-1.656
-2.041
-2.016
-2.053
-1.656
-1.656
-1.656
-1.656
-1.658
-1.658
-2.047
-1.656
-1.657
-2.528
-1.656
-1.658
-2.696
0.065
0.064
0.065
0.065
0.061
0.065
0.064
0.065
0.059
-1.621
-1.436
-1.437
0.064
0.065
0.064
0.061
0.049
0.061
0.065
0.065
0.061
0.061
0.060
0.061
0.064
0.061
0.055
