fixedStep chrom=ENSGT00390000009795 start=1 step=1
0.087
0.087
0.087
0.087
0.087
0.070
0.087
0.087
0.087
0.087
0.087
0.087
0.087
0.087
0.087
0.087
0.087
0.087
0.087
0.087
0.087
0.087
0.087
0.087
0.087
0.087
0.086
0.087
0.087
0.087
0.087
0.087
0.087
0.083
0.087
0.070
0.087
0.087
0.087
0.087
0.087
0.087
0.087
0.087
0.087
0.084
0.087
0.087
0.087
0.087
0.078
0.087
0.087
0.083
0.087
0.087
0.087
0.087
0.087
0.087
0.087
0.087
0.085
0.087
0.087
0.087
0.087
0.087
0.087
0.087
0.087
0.087
0.087
0.087
0.087
0.087
0.087
0.083
0.087
0.087
0.087
0.087
0.087
0.085
0.087
0.087
0.082
0.087
0.087
0.087
0.087
0.087
0.087
0.087
0.087
0.087
0.087
0.087
0.087
0.087
0.087
0.087
0.087
0.087
0.087
0.087
0.087
0.087
0.087
0.087
0.087
0.087
0.087
0.087
0.087
0.087
0.087
0.087
0.087
0.087
0.087
0.087
0.087
0.087
0.087
0.087
0.087
0.087
0.083
0.087
0.087
0.087
0.087
0.087
0.073
0.087
0.087
0.087
0.087
0.087
0.080
0.087
0.087
0.087
0.087
0.087
0.087
0.087
0.087
0.087
0.087
0.087
0.087
0.084
0.087
0.087
0.087
0.087
0.087
0.087
0.087
0.087
0.087
0.087
0.087
0.084
0.087
0.087
0.087
0.087
0.084
0.087
0.087
0.087
0.087
0.087
0.080
0.087
0.087
0.087
0.087
0.087
0.087
0.087
0.087
0.086
0.087
0.087
0.074
0.070
0.081
-2.174
0.087
0.070
0.087
-1.422
0.074
0.068
0.087
0.083
0.074
0.084
0.087
0.086
0.087
0.087
0.087
0.087
0.087
0.087
0.087
0.087
0.087
0.087
0.087
0.087
0.087
0.087
0.087
0.087
0.084
0.073
0.087
0.087
0.084
0.082
0.087
0.064
0.087
0.087
0.087
0.082
0.087
0.087
0.083
0.087
0.082
0.087
0.087
0.087
0.087
0.087
0.084
0.087
0.087
0.087
0.087
0.087
0.087
0.087
0.087
0.087
0.087
0.087
0.082
0.087
0.087
0.081
0.086
0.068
0.087
0.087
0.083
0.087
0.082
0.087
0.087
0.087
0.087
0.084
0.080
0.087
0.078
0.083
0.083
0.068
0.087
0.070
0.084
0.074
0.087
0.087
0.083
0.087
0.087
0.087
0.087
0.087
0.087
0.087
0.083
0.083
0.087
0.074
0.087
0.087
0.085
0.087
0.087
0.087
0.082
0.087
0.087
0.082
0.087
0.087
0.087
0.087
0.087
0.087
0.074
0.087
0.087
0.087
0.087
0.070
0.083
0.087
0.083
0.087
0.087
0.087
0.087
0.063
0.087
0.078
0.087
0.087
0.084
0.087
0.087
0.087
0.087
0.087
0.087
0.083
0.083
0.087
0.087
0.074
0.084
0.083
0.087
0.084
0.084
0.087
0.084
0.084
0.086
0.084
0.084
0.084
0.087
0.087
0.074
0.087
0.085
0.084
0.084
0.074
0.083
0.078
0.087
0.070
0.087
0.087
0.087
0.086
0.085
0.087
0.084
0.087
0.087
0.087
0.087
0.087
0.087
0.084
0.087
0.087
0.074
0.087
0.087
0.087
0.084
0.087
0.085
0.087
0.074
0.070
0.086
0.074
0.087
0.087
0.087
0.083
0.087
0.087
0.064
0.087
0.087
0.084
0.087
0.074
0.082
0.086
0.087
0.087
0.087
0.087
0.083
0.086
0.087
0.083
0.087
0.087
0.087
0.087
0.087
0.087
0.087
0.087
0.078
0.087
0.087
0.083
0.081
0.087
0.082
0.086
0.083
0.068
-1.426
0.065
0.084
0.087
0.087
0.087
-1.433
0.074
0.083
0.084
0.087
0.087
0.087
0.087
0.070
0.087
0.087
0.083
0.087
0.087
0.084
0.087
0.087
0.083
0.087
0.087
0.087
0.084
0.087
0.068
0.076
0.087
0.087
0.065
0.087
0.085
0.087
0.087
0.080
0.087
0.087
0.087
0.087
0.087
0.087
0.087
0.087
0.074
0.087
0.087
0.087
0.078
0.078
0.084
0.087
0.087
0.087
0.087
0.087
0.087
0.068
0.064
0.084
0.087
-2.207
0.074
0.084
0.084
0.087
-0.406
-0.419
-0.407
-0.039
-0.039
-0.039
0.087
-1.381
0.087
0.084
0.083
0.081
0.070
0.074
0.082
0.086
0.087
0.074
0.074
0.074
0.066
0.084
0.066
-1.926
-1.332
-3.392
-1.332
-1.330
-1.160
-2.829
-1.161
-1.785
-1.332
-1.156
-1.160
-1.418
-2.301
-1.160
-1.161
-1.840
-1.843
-1.293
0.000
0.000
0.000
0.000
0.000
0.000
0.000
0.000
0.000
0.000
0.000
0.000
0.000
0.000
0.000
0.000
0.000
0.000
