fixedStep chrom=ENSGT00510000046904 start=1 step=1
0.173
0.173
0.173
0.150
-0.162
-0.201
0.155
-0.165
-0.643
-0.165
0.164
0.156
-0.249
0.161
0.147
-0.162
-0.366
-0.355
0.164
0.162
0.151
0.163
0.162
0.149
0.162
0.162
0.158
-0.165
-0.823
-0.162
-0.165
0.164
-0.644
0.162
-0.881
0.163
0.162
0.148
0.162
-0.165
0.156
0.151
0.150
-0.165
0.159
-0.162
0.162
-0.738
0.162
0.162
0.160
0.162
-0.165
-0.318
0.151
0.164
-0.166
0.163
0.164
0.162
0.163
0.164
0.162
0.142
-0.165
-0.166
0.150
-0.165
0.147
0.162
0.162
0.160
-0.166
0.164
0.162
0.162
0.162
0.164
0.162
0.162
0.163
0.162
0.150
0.163
0.164
-0.162
0.164
0.151
0.164
0.161
0.151
0.164
0.150
0.162
0.162
0.150
0.162
0.162
0.163
0.162
0.162
0.163
0.162
0.160
0.162
-0.162
-0.165
0.141
0.150
0.164
-1.390
0.163
0.163
0.162
0.162
0.162
-1.166
0.162
0.164
-0.165
0.151
-0.162
-0.166
0.164
0.162
0.163
0.161
0.164
-0.172
0.164
0.162
0.164
0.162
0.164
-0.745
0.151
0.151
0.147
0.161
-0.192
0.157
-0.194
0.148
0.144
0.147
0.150
0.145
0.160
-0.561
0.132
0.140
0.155
0.148
0.164
0.152
0.150
0.162
0.153
0.150
0.164
0.152
0.161
0.153
0.162
0.160
0.150
0.162
-0.420
0.164
0.151
0.163
-0.165
0.140
0.150
0.150
-0.165
0.150
0.150
0.161
0.162
-0.165
-1.247
-1.446
0.159
0.152
-0.349
0.163
-0.165
0.163
0.164
0.150
-0.782
0.146
0.139
-0.882
0.140
0.151
-0.347
-0.881
0.162
0.162
0.161
0.163
-0.614
0.162
0.151
0.149
-0.166
-0.165
-0.164
0.162
0.162
-0.162
0.159
0.149
-0.162
0.163
-0.165
-0.164
0.162
0.162
0.160
-0.165
0.150
0.149
-0.365
0.162
0.151
0.164
0.164
0.149
0.161
-0.165
0.148
0.162
0.161
-0.359
-0.165
0.164
0.154
0.162
0.162
0.150
0.150
0.162
-0.164
0.151
0.164
-0.361
0.162
0.164
0.149
0.163
0.163
-0.165
0.150
-0.165
0.161
0.164
0.159
0.162
-0.361
0.162
0.149
0.162
0.162
0.148
0.163
0.163
0.162
0.149
0.160
0.163
0.163
0.162
0.160
0.162
0.162
-0.166
-0.821
0.164
-0.165
0.162
0.164
0.150
0.148
0.164
-0.162
0.148
-0.325
0.151
0.161
0.164
-0.162
0.143
-0.162
0.150
-0.164
0.162
-0.895
0.163
0.163
0.158
0.148
0.164
-0.164
0.150
0.162
0.162
0.162
0.150
0.150
0.162
-0.629
-0.887
-0.164
-0.882
0.161
0.151
0.163
-0.165
-0.905
-0.356
0.151
-1.399
-0.162
0.150
0.154
0.155
-0.164
0.000
0.000
0.000
0.000
0.000
0.000
0.000
0.000
0.000
0.000
0.000
0.000
0.000
0.000
0.000
0.000
0.000
0.000
0.000
0.000
0.000
-0.162
0.151
0.150
-0.166
0.162
0.158
-1.318
-1.628
-1.445
-1.312
0.149
0.158
0.156
0.150
0.144
0.150
0.144
-3.283
-0.977
-1.146
-1.424
-1.459
-1.842
-1.874
-1.503
-1.503
-1.475
-1.503
-1.520
-1.838
-2.868
-2.870
-2.960
-1.239
-1.931
-2.521
0.000
0.000
0.000
0.000
0.000
0.000
0.000
0.000
0.000
0.000
0.000
0.000
0.000
0.000
0.000
0.000
0.000
0.000
