fixedStep chrom=ENSGT00390000013158 start=1 step=1
-3.714
-3.745
-3.798
-3.798
-3.798
-3.728
-3.798
-3.745
-3.728
-3.728
-3.745
-5.041
-3.798
-4.680
-4.532
-3.798
-3.728
-4.314
-3.798
-3.728
-3.798
0.073
0.073
-0.969
0.073
0.073
-0.968
-0.959
-0.969
-0.968
0.073
0.074
0.073
0.064
0.074
0.073
0.073
0.073
-0.969
0.073
0.073
0.069
0.073
0.073
0.073
0.073
0.073
0.073
-0.968
0.073
0.073
0.073
0.074
0.073
0.073
0.073
0.073
0.073
0.073
0.073
0.074
0.073
0.073
0.073
0.073
-0.969
0.073
0.073
0.073
0.073
0.073
0.064
0.073
0.073
-0.969
0.073
0.073
-0.968
0.073
0.073
0.073
0.073
0.073
0.063
0.073
-0.969
0.073
0.074
0.074
0.073
-0.739
-0.739
-0.739
-0.739
-0.739
-0.739
0.073
0.073
0.064
0.073
0.073
0.073
0.073
0.073
0.073
0.073
0.073
0.073
0.073
0.073
0.073
0.073
0.073
0.073
0.073
0.073
0.073
0.063
0.071
0.073
0.073
0.069
0.064
0.073
0.073
0.073
-0.959
0.074
0.071
0.064
0.074
0.073
0.064
0.073
0.073
0.062
0.073
0.063
0.073
0.073
0.073
0.064
0.073
0.073
0.073
0.064
0.073
0.074
0.074
0.064
0.073
0.074
0.073
0.073
-0.967
0.073
0.073
0.074
-0.968
0.073
0.073
0.073
0.073
0.073
0.064
0.073
0.074
0.073
0.073
0.074
0.073
0.073
0.073
-0.969
0.073
0.073
0.073
0.074
0.074
0.073
0.073
0.074
0.073
0.073
0.074
0.073
0.073
0.073
0.073
0.073
0.073
0.064
0.073
0.074
0.073
0.064
0.073
0.064
0.073
0.073
0.073
0.074
0.074
0.073
0.073
0.073
0.064
0.073
0.074
0.073
0.073
0.073
0.063
0.073
0.073
0.064
0.074
0.073
0.073
0.073
0.074
0.073
0.073
0.071
0.073
0.074
0.073
0.073
0.073
0.073
0.073
0.073
0.073
-1.869
0.073
0.073
0.064
0.073
0.063
-1.756
0.068
0.073
0.073
0.073
-0.967
-0.969
0.073
0.073
-0.969
0.073
0.073
0.073
0.073
0.073
-0.968
0.073
0.074
-0.969
0.073
0.073
0.064
0.073
0.073
0.064
-0.969
-0.968
0.073
-0.968
0.073
0.073
0.073
0.074
0.073
0.074
0.074
0.073
0.064
0.064
-0.968
0.073
-0.967
-0.967
0.073
0.073
-0.968
0.073
0.064
-0.969
0.073
0.073
0.073
0.073
0.073
0.064
0.073
0.073
0.073
0.073
0.074
0.073
0.073
0.073
0.064
0.073
0.073
0.073
0.073
0.073
0.073
-0.959
0.074
0.073
0.073
0.073
0.063
0.073
0.073
0.073
0.073
0.073
0.064
0.073
0.073
0.073
0.074
0.074
0.071
0.073
0.073
0.073
0.073
0.073
0.064
0.064
0.073
0.073
0.073
0.064
0.073
0.073
0.074
0.063
0.073
0.073
0.064
0.073
0.073
0.073
0.074
0.073
0.073
0.073
0.073
0.073
0.074
0.074
0.064
0.073
0.073
0.073
0.073
0.073
0.071
0.073
0.073
0.064
0.073
0.073
0.073
0.073
0.073
-0.969
0.073
0.073
0.069
0.073
0.073
0.073
0.073
0.074
0.071
0.074
0.074
0.073
0.073
0.073
0.073
0.073
0.074
0.061
0.074
0.073
0.073
0.073
0.073
0.071
0.073
0.073
0.073
0.073
0.073
0.073
0.074
0.074
0.064
0.073
0.074
0.073
0.073
0.073
0.073
