fixedStep chrom=ENSGT00390000000306 start=1 step=1
0.000
0.000
0.000
0.000
0.000
0.000
0.000
0.000
0.000
0.000
0.000
0.000
0.000
0.000
0.000
0.000
0.000
0.000
0.000
0.000
0.000
0.000
0.000
0.000
0.000
0.000
0.000
0.000
0.000
0.000
0.000
0.000
0.000
0.000
0.000
0.000
0.000
0.000
0.000
0.000
0.000
0.000
0.000
0.000
0.000
0.000
0.000
0.000
0.000
0.000
0.000
0.000
0.000
0.000
0.000
0.000
0.000
0.078
0.084
0.077
0.078
0.078
0.083
0.083
0.084
0.080
0.084
0.083
0.083
0.083
0.083
0.067
0.084
0.084
0.084
0.080
0.082
0.084
0.083
0.084
0.080
0.071
0.083
0.083
0.083
0.084
0.083
0.083
0.084
0.067
0.071
0.084
0.083
0.060
0.084
0.083
0.083
0.079
0.084
0.084
0.084
0.083
0.083
0.083
0.084
0.084
0.083
0.078
0.067
0.083
0.084
0.084
0.084
0.080
-1.529
0.078
0.084
0.080
0.083
0.084
0.083
0.084
0.083
0.080
0.084
0.080
0.080
0.083
0.084
0.083
0.083
0.084
0.077
-2.461
0.084
0.084
0.077
0.083
0.071
0.084
0.082
0.079
0.084
0.078
0.080
0.082
0.084
0.084
0.064
0.083
0.083
0.080
0.067
0.079
0.084
0.080
0.080
0.083
0.084
0.071
0.082
0.084
0.080
0.080
0.083
0.084
0.084
0.084
0.084
0.080
0.082
0.080
0.084
0.084
0.078
0.084
0.084
0.083
0.084
0.084
0.084
0.083
0.084
-0.110
-0.110
-0.110
-1.605
-0.932
-0.933
0.084
0.083
0.084
0.080
0.084
0.084
0.083
0.083
0.083
0.080
0.080
0.084
0.084
0.067
0.083
0.084
0.083
0.080
-3.255
0.083
0.084
0.084
0.083
0.084
0.080
0.084
0.084
0.078
0.084
0.075
0.083
0.069
0.084
0.077
0.071
0.084
0.084
0.064
0.084
0.083
0.064
0.080
0.084
0.084
0.084
0.084
0.084
-2.046
0.071
0.084
0.079
0.083
0.083
0.066
-0.933
-1.079
-0.932
-0.933
-0.933
-0.933
0.083
0.083
0.080
0.080
0.080
0.082
0.078
0.084
0.084
0.071
0.084
0.070
0.084
0.078
0.083
0.084
0.084
0.080
0.084
0.084
0.078
0.084
0.084
0.084
-1.105
-1.105
-1.659
-1.371
-1.371
-3.278
0.084
0.084
0.083
0.084
0.084
0.083
0.084
0.084
0.084
0.084
0.084
0.082
0.080
0.083
0.083
0.084
0.084
0.084
0.084
0.083
0.083
0.082
0.084
0.084
0.084
0.084
0.084
0.083
0.084
0.083
0.083
0.084
0.080
0.084
0.084
0.084
0.083
0.083
0.084
0.083
0.083
0.084
0.080
0.080
0.083
0.084
0.084
0.083
-1.396
0.084
0.084
0.084
0.084
0.084
0.083
0.084
0.080
0.084
0.084
-1.388
0.084
0.078
0.080
0.083
0.084
0.084
0.084
0.067
0.080
0.083
0.084
0.082
0.083
0.084
0.084
0.060
-1.374
0.075
0.078
0.084
0.078
0.071
0.079
0.080
-0.933
-0.933
-0.933
-0.933
-0.933
-0.932
-0.933
-0.933
-0.933
-0.933
-0.933
-0.933
-0.933
-0.933
-0.933
0.000
0.000
0.000
0.000
0.000
0.000
0.000
0.000
0.000
0.000
0.000
0.000
0.000
0.000
0.000
0.000
0.000
0.000
0.000
0.000
0.000
0.000
0.000
0.000
0.000
0.000
0.000
0.000
0.000
0.000
0.000
0.000
0.000
0.000
0.000
0.000
0.000
0.000
0.000
0.082
0.077
0.082
0.059
-1.928
0.059
0.071
0.058
-1.937
0.080
0.084
0.078
0.060
0.084
0.060
0.060
0.060
0.078
0.060
0.084
0.078
0.080
0.083
0.083
0.083
0.084
0.080
0.079
0.078
0.083
0.060
0.060
0.080
0.060
0.060
0.060
0.083
0.084
0.082
0.084
0.084
0.082
0.080
0.084
0.080
0.083
0.084
0.083
0.080
0.084
0.073
0.083
0.083
0.060
0.084
0.084
0.070
0.070
0.070
0.070
0.070
-0.939
0.070
0.070
0.070
0.070
0.070
0.070
0.070
0.062
0.070
0.070
0.070
0.070
0.068
0.070
0.068
0.068
0.070
0.070
0.069
0.070
0.070
0.070
0.070
0.070
0.070
0.070
0.070
0.070
0.070
0.070
0.070
0.070
0.070
-0.924
0.070
0.070
0.070
0.070
0.070
0.065
0.070
0.070
-0.934
0.070
0.070
0.070
0.070
0.070
0.070
0.068
0.070
0.065
0.066
0.070
0.065
0.065
0.070
0.065
0.070
0.070
0.070
0.070
0.070
0.070
0.070
0.070
0.070
0.070
0.070
0.053
0.070
0.070
0.070
0.070
0.070
0.070
0.070
0.070
0.070
0.070
0.068
0.070
0.070
0.070
0.070
0.070
0.070
0.070
0.070
0.062
0.070
0.063
0.070
0.070
0.070
0.070
0.070
0.070
0.070
0.070
0.070
0.070
0.069
0.070
0.070
0.070
0.070
0.070
0.070
0.070
0.070
0.065
0.070
0.070
0.070
0.070
0.070
0.068
0.070
0.070
0.070
0.070
0.070
0.070
0.070
0.070
0.070
0.070
0.070
0.070
0.070
0.070
0.070
0.070
0.070
-0.938
0.070
0.070
0.065
0.070
0.070
0.070
0.070
0.063
0.070
0.070
0.070
0.070
0.070
0.070
0.070
0.070
0.070
0.070
0.070
0.069
0.070
-0.938
0.070
0.070
0.068
0.070
0.070
0.070
0.070
0.065
-2.291
0.062
0.070
0.070
0.084
0.084
0.083
0.084
0.079
0.080
0.084
0.084
0.084
0.082
0.067
0.083
0.084
0.084
0.084
0.084
0.082
0.083
0.084
0.078
0.082
0.084
-3.415
0.084
0.084
0.084
0.083
0.084
0.084
0.083
0.084
0.084
0.083
0.082
0.078
0.078
0.084
0.084
0.084
0.084
0.082
0.083
0.083
0.084
0.084
0.084
0.083
0.084
0.084
0.083
0.084
0.083
0.080
0.084
0.082
0.084
0.084
0.083
0.083
0.083
0.084
0.084
0.084
0.083
0.080
0.084
0.083
0.083
0.084
0.084
0.084
0.084
0.083
0.084
0.083
0.084
0.084
0.070
0.080
0.083
0.083
0.083
0.083
0.077
0.083
0.084
0.080
0.080
0.084
0.064
0.084
0.080
0.083
0.084
0.084
0.084
0.084
0.084
0.071
0.084
0.083
0.083
0.084
0.077
-0.041
-0.041
-0.041
-0.041
-0.041
-0.041
0.077
0.079
0.076
0.084
0.084
0.084
0.083
0.084
0.084
0.083
0.084
0.084
0.083
0.084
0.083
0.084
0.084
0.080
0.084
0.079
0.083
0.084
0.084
0.084
0.084
0.080
0.084
0.084
0.084
0.084
0.084
0.084
0.084
