fixedStep chrom=ENSGT00390000001017 start=1 step=1
0.082
0.082
0.082
0.082
0.082
0.078
0.082
0.081
0.082
-1.493
0.067
0.082
0.082
0.082
0.082
0.067
0.078
0.060
0.082
0.078
-1.483
0.063
0.082
0.064
0.082
-0.000
0.082
-1.485
0.065
0.082
0.078
0.082
-1.506
0.082
0.067
0.082
0.080
0.073
0.079
0.082
0.082
0.078
0.082
0.082
0.082
0.082
0.082
0.065
0.079
0.082
0.082
0.082
0.082
0.082
0.082
0.082
0.067
0.082
0.082
0.082
0.082
0.082
0.079
0.082
0.082
0.079
0.082
0.082
0.082
0.082
0.082
0.082
0.082
0.070
0.082
0.082
-2.032
0.078
0.082
0.082
0.076
0.082
0.082
0.082
0.082
0.082
0.082
0.082
0.082
0.079
0.082
0.078
0.082
0.070
0.082
0.082
0.082
0.082
0.082
0.082
0.082
0.082
0.082
0.082
0.082
0.082
0.082
0.082
0.070
0.082
0.080
0.082
0.082
0.082
0.067
0.082
0.082
0.082
0.082
0.082
0.082
0.082
0.078
0.082
0.082
0.079
0.082
0.082
0.082
0.082
0.082
0.078
0.073
-1.507
0.082
0.082
0.082
0.082
0.082
0.082
0.082
-1.140
-1.140
-1.237
0.082
0.082
0.082
0.082
0.082
0.082
-1.471
0.082
0.077
0.080
0.082
0.082
-0.080
-0.080
-0.080
0.082
0.082
0.073
0.079
0.073
0.079
0.067
0.082
0.076
0.082
0.078
0.082
0.082
0.082
0.082
0.082
0.082
0.082
0.082
0.082
0.078
0.080
0.082
0.082
0.082
0.082
0.082
0.082
0.082
0.082
0.082
0.065
0.065
0.082
0.082
0.082
0.082
0.082
0.078
0.082
0.082
0.082
0.082
0.082
0.080
-1.484
0.080
0.082
0.082
0.078
0.082
0.082
0.082
0.082
0.082
0.082
0.082
0.065
0.082
0.082
0.078
0.082
0.078
0.082
0.082
0.082
0.082
0.082
0.082
0.073
0.082
0.082
0.082
0.082
0.082
0.082
0.082
0.079
0.082
0.082
0.082
0.082
0.082
0.082
0.082
0.082
0.082
0.082
0.082
0.082
0.082
0.082
0.082
0.082
0.079
0.070
0.070
0.065
0.070
0.082
0.082
0.082
-0.059
-0.059
-0.059
-0.059
-0.059
-0.059
0.082
0.056
0.067
0.078
0.065
0.082
0.056
-1.447
0.056
-0.099
-0.099
-0.099
-0.000
-1.452
0.082
0.081
-1.364
0.079
-2.386
-0.000
0.056
0.082
0.065
0.082
0.082
-3.985
0.076
0.056
0.065
-0.000
0.082
0.082
0.076
0.066
0.078
0.075
0.082
0.056
0.076
0.082
0.082
0.067
-0.000
-3.036
0.082
0.065
0.056
0.082
-2.125
0.082
0.076
0.082
0.082
0.082
0.056
0.082
0.056
-0.000
0.056
0.078
0.056
-1.444
0.076
-0.000
0.082
0.082
0.056
-1.464
0.056
0.056
0.056
0.056
0.076
-0.000
0.056
-0.000
-0.000
0.082
0.056
0.082
0.076
0.056
0.056
0.056
-0.748
-1.418
0.078
-1.451
0.082
0.076
0.076
0.082
-0.748
-0.000
-0.000
0.056
-0.000
0.076
0.076
0.076
0.082
0.056
0.082
-1.464
-0.748
0.082
0.079
0.076
0.076
0.056
-0.000
0.080
-0.000
0.056
0.076
0.082
-1.473
0.082
0.056
0.072
-1.444
-1.447
0.082
-0.000
-1.444
0.073
0.082
-1.464
0.082
-0.099
-0.099
-0.099
0.076
0.082
0.073
0.079
0.082
0.078
0.082
0.082
0.082
0.082
0.082
0.059
0.076
0.082
0.082
0.082
0.082
0.082
0.082
0.078
0.082
0.082
0.082
0.082
0.082
0.082
0.082
0.082
0.067
0.082
0.082
0.082
0.078
0.082
0.082
0.082
0.082
0.070
0.080
0.082
0.082
0.070
0.082
0.082
0.082
0.078
0.082
0.082
0.073
0.082
0.068
0.082
0.082
0.082
0.082
0.082
0.082
0.082
0.082
0.082
0.082
0.076
0.082
0.082
0.082
0.082
0.082
0.082
0.078
0.082
0.082
0.082
0.082
0.082
0.067
0.082
0.082
0.078
0.082
0.082
0.082
0.082
0.082
0.082
0.082
0.082
0.079
0.082
0.082
0.080
0.082
0.082
0.080
0.082
0.082
0.082
0.067
0.082
0.073
0.082
0.073
0.082
0.082
0.082
0.082
0.082
0.082
0.076
0.082
0.082
0.082
0.076
0.082
0.070
0.082
0.082
0.082
0.078
0.082
0.082
0.082
0.082
0.082
0.082
0.082
0.082
0.082
0.082
0.078
0.082
0.082
0.076
0.082
0.082
0.082
0.082
0.082
0.082
0.082
0.082
0.073
0.080
0.082
0.079
0.065
0.082
0.082
0.082
0.082
0.082
0.082
0.082
0.082
0.082
0.082
0.082
0.082
0.082
0.082
0.082
0.082
0.082
0.082
0.082
0.065
0.082
0.082
0.082
0.082
0.082
0.082
0.082
0.082
0.082
0.082
0.082
0.082
0.082
0.082
0.082
0.082
-2.001
0.082
0.082
0.082
0.079
0.078
0.082
0.079
