fixedStep chrom=ENSGT00680000100108 start=1 step=1
0.056
0.056
0.056
0.056
0.056
0.056
0.056
0.056
0.046
0.052
0.052
0.056
0.052
0.056
0.056
0.055
0.056
0.056
0.056
0.055
0.056
0.047
0.056
0.054
0.052
0.052
-2.054
0.056
0.056
0.056
0.056
0.056
0.056
0.056
0.054
0.052
0.056
0.056
0.056
0.056
0.056
0.052
0.054
0.056
0.056
0.056
0.056
0.056
0.056
0.053
0.056
0.049
0.056
0.056
0.056
0.056
0.056
0.054
0.053
0.054
0.047
0.056
0.053
0.056
0.052
0.056
0.056
0.056
0.049
-1.119
0.056
0.052
0.054
0.055
0.055
0.056
-2.033
0.056
0.056
0.056
0.056
0.056
0.056
0.054
0.055
0.056
0.056
0.056
0.056
0.056
0.056
0.056
0.056
0.053
0.052
0.056
0.056
0.053
0.056
0.056
0.056
0.056
0.056
0.056
0.056
0.056
0.056
0.049
0.056
0.056
0.056
0.056
0.056
0.053
0.052
0.056
0.054
-2.678
-2.056
-1.598
-2.693
-1.598
-1.599
-1.599
-1.599
-1.593
0.052
0.056
0.056
0.056
-1.127
0.054
0.052
0.056
0.056
0.052
0.052
0.051
0.056
0.056
0.056
0.056
0.056
0.047
0.056
0.056
0.056
0.056
0.055
0.056
0.054
0.056
0.054
0.056
0.056
0.054
0.052
0.054
0.056
0.056
0.056
0.056
0.054
-1.126
0.056
0.056
-1.127
0.056
0.056
0.052
0.056
0.056
0.056
0.046
0.056
0.056
0.056
0.056
0.056
0.056
0.053
0.056
0.056
0.054
-1.112
0.056
0.056
0.054
0.056
0.056
0.056
0.053
0.056
0.056
0.056
0.056
0.056
0.056
0.056
0.053
0.056
0.056
0.056
0.056
0.056
0.056
0.047
0.056
0.056
0.053
0.056
0.056
0.056
0.056
0.056
0.056
0.056
-1.950
0.056
0.056
0.056
0.056
0.056
0.056
0.056
0.056
0.056
0.056
0.056
0.053
0.056
-2.088
0.056
0.056
0.056
0.056
0.056
0.056
0.053
0.056
0.056
0.056
0.056
0.056
0.056
0.056
0.052
0.056
0.056
0.056
0.056
0.056
0.056
0.056
0.056
0.047
0.056
0.056
0.056
0.056
0.056
0.055
0.056
0.056
0.056
0.056
0.054
0.056
0.056
0.052
0.056
0.056
0.056
0.056
-1.112
0.056
0.056
0.056
0.056
0.056
0.056
0.056
0.056
0.056
0.056
0.046
0.056
0.056
0.056
0.056
0.056
0.056
0.056
0.056
0.056
0.056
0.055
0.056
0.056
0.044
0.056
0.056
0.055
0.056
0.056
0.056
0.056
0.056
0.050
0.056
0.056
0.056
0.056
0.056
0.052
0.056
0.056
0.056
0.056
0.056
0.056
0.056
0.056
0.046
0.055
0.056
0.056
0.056
0.056
0.054
0.056
0.054
0.056
0.056
0.056
0.056
0.056
0.053
0.056
0.056
0.056
0.056
0.056
0.056
0.056
0.056
0.056
0.056
0.056
0.056
0.056
0.056
0.056
0.056
0.056
0.056
0.054
0.056
0.056
0.056
0.056
0.056
0.056
0.056
0.056
0.052
0.054
0.056
0.056
0.056
0.056
0.052
0.056
0.056
0.056
0.056
0.056
0.056
0.056
0.056
0.052
0.056
0.056
0.056
0.056
0.056
-1.128
0.056
0.056
0.056
0.056
0.056
0.056
0.054
0.056
0.056
0.052
0.056
0.054
0.056
0.053
0.054
0.056
0.056
0.056
0.056
0.056
0.055
0.056
0.052
0.056
0.056
0.056
0.056
0.056
0.056
0.056
0.056
0.056
0.056
0.056
0.056
0.056
0.056
0.056
0.056
0.056
0.056
0.056
0.056
0.056
0.056
0.056
0.056
0.043
0.052
0.056
0.056
0.056
0.056
0.052
0.056
0.056
0.056
0.056
0.056
0.054
0.056
0.056
0.054
0.056
0.056
0.056
0.056
0.056
0.055
0.056
0.056
0.056
0.056
0.056
0.056
0.056
0.056
0.052
0.056
0.056
0.056
0.056
0.056
0.056
0.056
0.056
0.053
0.056
0.056
0.056
0.052
0.056
0.056
0.056
0.056
0.056
0.056
0.056
0.056
0.056
0.056
0.056
0.056
0.056
0.056
0.056
0.056
0.056
0.056
0.056
0.049
0.056
0.056
0.056
0.056
0.056
0.056
0.056
0.056
0.056
0.056
0.056
0.056
0.056
0.056
0.055
0.056
0.056
0.056
0.056
0.056
0.056
0.056
0.056
0.056
0.056
0.056
0.056
0.056
0.056
0.056
0.054
0.056
0.047
0.056
0.056
0.056
0.056
0.056
0.053
0.056
0.056
0.055
0.056
0.056
0.056
0.056
0.056
0.056
0.056
0.056
-1.107
0.056
0.056
0.056
-2.138
0.056
0.056
0.056
0.056
0.056
0.056
0.056
0.056
0.056
0.056
0.046
0.056
0.056
0.056
0.056
0.056
0.053
0.056
0.056
0.056
0.056
0.056
0.056
0.056
0.056
0.056
0.047
0.056
0.054
0.056
0.056
0.056
0.053
0.056
0.055
0.056
0.056
0.056
0.056
0.056
0.054
0.056
0.056
0.056
0.056
0.056
0.056
0.054
0.056
0.056
0.056
0.056
0.056
0.056
0.056
-2.111
0.046
0.056
-1.126
0.056
0.056
0.056
0.056
0.056
0.056
0.056
0.056
0.054
0.056
0.056
0.052
0.056
0.056
0.056
0.056
0.056
0.056
0.056
0.044
0.052
0.056
0.056
0.056
0.056
0.056
0.056
0.056
0.056
0.056
0.056
0.056
0.056
0.056
0.056
0.056
0.056
0.056
0.046
0.056
0.056
0.056
0.056
0.056
0.056
0.056
0.056
0.056
0.056
0.056
0.056
0.056
0.056
0.056
0.056
0.056
0.056
0.056
0.056
0.056
0.056
0.056
0.054
0.052
-1.127
0.056
0.056
0.056
0.056
0.056
0.056
0.053
0.056
0.056
0.056
0.056
0.056
0.056
0.056
0.056
0.056
0.056
0.056
0.056
0.056
0.056
0.056
0.056
0.056
0.056
0.056
0.056
0.054
0.056
0.056
0.056
0.056
0.056
0.056
0.056
0.056
0.047
0.056
0.056
0.056
0.052
0.056
0.054
0.056
0.056
0.056
0.056
0.056
0.056
0.056
0.056
0.056
0.056
0.056
0.052
0.056
0.056
0.056
0.056
0.056
0.055
0.056
0.056
0.056
0.056
0.056
0.056
0.056
0.056
0.056
0.056
0.056
0.056
-1.127
0.056
0.056
0.056
0.056
0.056
0.056
0.055
0.053
0.056
0.056
0.056
0.056
0.056
0.056
0.056
0.056
0.053
0.056
0.056
0.056
0.056
0.056
0.052
0.056
0.056
0.056
0.056
0.056
0.056
0.056
0.056
0.056
0.056
0.056
0.056
0.056
0.056
0.056
0.054
0.056
0.053
0.056
0.056
0.056
0.056
0.056
0.056
0.056
0.056
0.052
0.056
0.056
0.053
-1.127
0.052
0.056
0.056
0.056
0.056
0.056
0.056
0.056
0.056
0.056
0.056
0.056
0.056
0.056
0.056
0.056
0.052
0.056
0.056
0.056
0.056
0.056
0.056
0.056
0.056
0.056
0.056
0.056
0.056
0.052
0.056
0.053
0.056
0.056
0.056
0.056
0.056
0.055
0.056
0.056
0.056
0.056
0.056
0.056
0.056
0.056
0.056
0.056
0.056
0.056
0.056
0.056
0.056
0.056
0.056
0.056
0.056
0.056
0.052
0.056
0.056
0.056
0.056
0.056
0.052
0.056
0.056
0.056
0.056
0.056
0.054
0.056
0.056
0.056
0.056
0.056
0.056
0.056
0.056
0.056
0.056
0.056
0.055
0.056
0.056
0.056
0.056
0.056
0.049
0.056
0.056
0.056
0.056
0.056
0.056
0.056
0.056
0.056
0.056
0.056
0.056
0.056
0.056
0.056
0.056
0.056
0.056
0.056
0.056
0.056
0.056
0.056
0.056
0.052
0.056
0.056
0.056
0.056
0.052
0.052
0.056
0.056
0.056
0.050
0.056
0.056
0.052
0.056
0.056
0.056
0.056
0.056
0.056
0.056
0.056
0.056
-2.477
0.056
-1.107
0.052
0.056
0.056
0.054
0.056
0.056
0.056
0.047
0.056
0.056
0.056
0.056
0.056
0.056
0.056
0.056
0.056
0.056
0.056
0.056
0.056
0.056
0.056
0.056
0.055
0.056
0.056
0.054
0.056
0.056
0.054
0.056
0.056
0.056
0.052
0.056
0.054
0.056
0.056
0.056
0.056
0.056
0.056
0.052
0.056
0.056
0.054
0.056
0.056
0.056
0.056
0.056
0.056
0.046
0.056
0.056
0.056
0.053
0.056
0.056
0.054
0.056
0.056
0.056
0.056
0.056
0.055
0.056
0.056
0.052
0.056
0.056
0.056
0.056
0.056
0.056
0.056
0.056
0.056
0.056
0.056
0.056
0.056
0.056
0.056
0.055
0.056
0.056
-1.535
-1.536
-1.729
0.056
0.056
0.056
0.056
0.056
0.056
0.056
0.056
0.056
-1.536
-1.536
-1.933
