fixedStep chrom=ENSGT00390000012979 start=1 step=1
0.064
0.064
0.064
0.073
0.073
0.064
0.071
0.073
0.073
0.071
0.064
0.071
0.073
0.073
0.071
0.072
0.071
0.068
0.073
0.073
0.073
0.073
0.073
0.073
0.073
0.073
0.073
0.073
0.073
0.073
0.073
0.073
0.068
0.073
0.073
0.073
0.073
0.073
0.073
0.071
0.073
0.073
0.073
0.073
0.073
0.073
0.073
0.073
0.073
0.073
0.073
0.073
0.073
0.068
0.073
0.073
0.068
0.073
0.073
0.073
0.073
0.073
0.068
0.073
0.073
0.073
0.073
0.073
0.073
0.071
0.073
0.073
0.073
0.073
0.073
0.072
0.073
0.073
0.073
0.073
0.073
0.073
0.073
0.070
0.073
0.073
0.068
0.073
0.073
0.073
0.073
0.073
0.070
0.073
0.073
0.073
0.073
0.073
0.073
0.073
0.070
0.073
0.058
0.073
0.070
0.073
0.073
0.066
0.068
0.071
0.058
0.073
0.073
0.073
0.073
0.073
0.073
0.068
0.073
0.068
0.073
0.073
0.073
0.073
0.073
0.067
0.073
0.073
0.073
0.073
0.073
0.068
0.073
0.073
0.073
0.073
0.073
0.073
0.070
0.073
0.073
0.073
0.073
0.073
0.073
0.073
0.073
0.073
0.073
0.073
0.073
0.073
0.068
0.073
0.068
-1.746
0.073
0.068
0.051
-0.325
-0.325
-0.325
-0.325
-0.352
-0.329
0.073
0.068
0.073
0.073
0.051
0.073
-0.896
-1.758
0.073
0.073
0.073
0.070
0.073
0.073
0.073
0.073
0.073
-0.924
0.073
0.073
0.073
0.073
0.073
0.068
-0.192
-0.192
-0.192
-0.192
-0.192
-0.192
0.073
0.073
0.073
-0.933
-0.922
-0.933
0.073
0.073
-1.450
0.000
0.000
0.000
0.000
0.000
0.000
0.000
0.000
0.000
0.000
0.000
0.000
0.000
0.000
0.000
0.000
0.000
0.000
0.073
0.073
0.073
-0.933
-0.924
0.068
-0.930
-0.924
-0.922
-0.922
-0.924
0.073
0.073
0.073
0.052
0.073
0.051
0.073
0.073
0.073
0.073
0.073
0.073
0.073
0.073
0.073
0.073
0.073
0.073
0.073
0.073
0.073
0.068
0.073
0.073
0.068
0.073
0.073
0.068
0.073
0.073
0.073
0.073
0.073
0.073
0.073
0.073
0.073
0.051
0.068
-1.714
0.073
0.073
0.073
0.073
0.051
0.073
0.073
0.073
0.073
0.073
0.073
-1.409
0.073
0.073
0.073
0.073
0.073
0.073
0.073
0.073
0.068
0.073
0.073
0.068
0.073
0.073
0.073
0.073
0.073
0.073
0.073
0.073
0.051
0.070
0.073
0.070
0.073
0.073
0.073
0.073
0.073
0.073
0.073
0.070
0.073
0.073
0.073
0.070
0.073
0.071
0.073
0.073
0.073
0.068
0.073
0.073
0.073
0.073
0.073
0.068
0.073
0.073
0.073
0.073
0.073
0.073
0.073
0.073
0.073
0.073
0.073
0.073
0.073
0.073
0.073
-0.928
0.073
0.068
0.073
0.073
0.073
0.073
0.070
0.073
0.073
0.073
0.073
0.073
0.073
0.073
0.073
0.071
0.073
0.073
0.073
0.068
0.073
0.071
0.073
0.073
0.073
0.068
0.073
0.073
0.058
0.073
0.073
0.070
0.073
0.073
-1.738
0.073
0.070
-1.750
0.073
0.073
0.070
0.073
0.070
-1.758
0.073
0.073
0.070
0.073
0.073
0.073
0.073
0.073
0.068
0.068
0.073
0.073
0.073
0.073
0.073
0.073
0.073
0.073
