fixedStep chrom=ENSGT00390000018285 start=1 step=1
0.059
0.059
0.059
0.059
0.059
0.059
0.059
0.059
0.059
0.059
0.059
0.058
0.059
0.059
0.059
0.041
0.059
0.059
0.059
0.058
0.059
0.059
0.059
0.056
0.059
0.059
0.059
0.059
0.059
0.059
0.059
0.059
0.059
0.059
0.059
0.059
0.059
0.059
0.056
0.059
0.059
0.059
0.058
0.059
0.059
0.059
0.059
0.059
0.059
0.059
0.059
0.059
0.059
0.059
0.059
0.056
0.043
0.059
0.059
0.058
0.059
0.059
0.059
0.055
0.059
0.059
0.059
0.056
-1.887
0.059
0.059
0.059
0.059
0.059
0.059
0.059
0.059
0.057
0.059
0.059
0.059
0.058
0.059
0.059
0.059
0.059
0.056
0.059
0.043
0.056
0.059
0.059
0.058
0.059
0.059
0.059
0.059
0.059
0.059
0.059
0.059
0.058
0.059
0.059
0.059
0.059
0.059
0.056
0.059
0.059
0.059
0.059
0.059
0.059
0.059
0.059
0.059
0.059
0.059
0.059
0.059
0.059
0.059
0.059
0.059
0.059
0.059
0.059
0.056
0.059
0.059
0.059
0.053
0.059
0.058
0.059
0.059
0.059
0.059
0.059
0.059
0.059
0.059
0.058
0.059
0.059
0.059
0.059
0.059
0.059
0.059
0.059
0.059
0.059
0.059
0.059
0.059
0.059
0.059
0.059
0.059
0.059
0.059
0.059
0.059
0.059
0.056
0.058
0.059
0.059
0.059
0.059
0.059
0.058
0.059
0.059
0.059
0.059
0.059
0.059
0.059
0.059
0.059
0.059
0.059
0.059
0.059
0.059
0.059
0.059
0.059
0.059
0.059
0.059
0.059
0.059
0.059
0.059
0.059
0.059
0.059
0.059
0.059
0.059
0.059
0.059
0.059
0.059
0.059
0.059
0.059
0.045
0.059
0.059
0.059
0.059
0.059
0.059
0.056
0.059
0.059
0.059
0.059
0.059
0.059
0.059
0.059
0.059
0.059
0.059
0.059
0.059
0.059
0.058
0.059
0.059
0.059
0.059
0.059
0.056
0.059
0.059
0.059
0.059
0.059
0.059
0.059
0.059
0.056
0.059
0.059
0.055
0.059
0.059
0.059
0.059
0.059
0.058
0.059
0.059
0.059
0.056
0.059
0.058
0.059
0.059
0.059
0.059
0.059
0.058
-2.043
-2.043
-4.771
0.059
0.059
0.045
0.056
0.056
-2.102
0.059
0.059
0.059
0.059
0.043
0.059
0.059
0.059
0.059
0.059
-2.486
0.059
0.056
0.059
0.056
0.041
0.059
0.059
0.059
0.059
0.059
0.059
0.059
0.059
0.059
0.059
0.043
0.059
0.059
0.056
0.059
0.059
0.059
0.059
0.059
0.059
0.059
0.059
0.059
0.059
0.059
0.059
0.059
0.059
0.056
0.059
0.059
0.059
0.059
0.059
0.059
0.059
0.059
0.056
0.059
0.059
-3.621
0.059
0.059
0.056
0.054
0.059
0.045
0.056
0.059
0.059
0.059
0.059
0.059
0.059
0.059
0.059
0.059
0.059
0.059
0.059
0.059
0.059
0.059
0.059
0.059
0.059
0.059
0.059
0.059
0.059
0.056
0.059
0.059
0.059
0.059
0.059
0.059
0.059
0.059
0.056
0.059
0.059
0.059
0.056
0.059
0.053
0.059
0.059
0.059
0.059
0.059
0.059
0.059
0.059
0.044
0.059
0.059
0.059
0.059
0.059
0.059
0.059
0.059
0.059
0.059
0.059
0.059
0.058
0.059
0.058
0.059
0.059
0.056
0.059
0.059
0.056
0.059
0.059
0.059
0.059
0.059
0.059
0.059
0.059
0.059
0.059
0.059
0.059
0.056
0.059
0.059
0.059
0.059
0.059
0.059
0.059
0.053
0.058
0.059
0.059
0.059
0.059
-2.071
0.059
0.059
0.059
0.059
0.059
0.059
0.059
0.059
0.059
0.056
0.059
0.059
0.056
0.059
0.059
0.059
0.059
0.059
0.059
0.059
0.059
0.059
0.059
0.059
0.059
0.059
0.059
0.059
0.059
0.056
0.059
0.059
0.055
0.059
0.059
0.059
0.059
0.059
0.059
0.059
0.059
0.059
0.059
0.059
0.059
0.059
0.059
0.059
0.059
0.059
0.059
0.059
0.059
0.059
0.059
0.059
0.059
0.059
0.059
0.059
0.059
0.059
0.056
0.059
0.059
0.055
0.059
0.059
0.059
0.059
0.059
0.059
0.059
0.059
0.056
0.059
0.059
0.045
0.059
0.059
0.059
0.059
0.059
0.059
0.059
0.059
0.059
0.059
0.059
0.059
0.058
0.059
0.045
0.059
0.059
0.053
0.059
0.059
0.059
0.059
0.059
0.059
0.059
0.059
0.059
0.059
0.059
0.059
0.056
0.056
0.052
0.056
0.056
0.056
0.056
0.056
0.056
0.056
0.056
0.056
0.056
0.056
0.056
0.056
0.052
0.056
0.056
0.056
0.055
0.056
0.056
-1.107
0.056
0.056
0.052
0.056
0.056
0.052
0.056
0.056
0.056
0.056
0.056
0.056
0.056
0.056
0.056
0.056
0.056
0.056
0.056
0.056
0.056
-1.105
0.056
0.052
0.056
0.056
0.056
0.052
0.056
0.054
0.056
0.056
0.056
0.056
0.056
0.048
0.056
0.056
0.056
0.056
0.056
0.056
0.056
0.056
-1.065
0.056
0.056
0.054
-1.065
0.052
0.056
0.056
0.056
0.054
0.056
0.056
0.056
0.056
0.056
0.056
0.056
0.056
0.056
0.056
0.056
0.056
0.056
0.056
0.056
0.056
0.056
0.052
0.056
0.056
0.056
0.056
0.056
0.056
0.052
0.056
-1.105
0.052
0.056
0.056
0.056
0.056
0.052
0.056
0.056
0.056
0.052
0.056
0.052
0.056
0.056
0.056
0.056
0.056
0.054
0.056
0.056
0.056
0.056
0.056
0.056
0.056
0.056
0.056
0.056
0.056
0.054
0.056
0.056
0.054
0.056
0.056
0.056
0.056
0.056
0.056
0.056
0.055
0.056
0.056
0.054
0.056
0.056
0.056
0.056
0.056
0.056
0.056
0.059
0.059
0.043
0.059
0.059
0.059
0.059
0.059
0.059
0.059
0.059
0.059
0.043
0.059
0.059
0.059
0.059
0.056
0.059
0.059
0.059
0.059
0.059
0.056
0.059
0.059
0.059
0.059
0.059
0.058
0.059
0.059
0.059
0.059
0.059
0.059
0.059
0.059
0.059
0.059
0.059
0.059
0.059
0.059
0.056
0.059
0.059
0.045
-1.946
0.059
0.045
0.059
0.059
0.059
0.045
0.059
0.052
0.059
0.059
0.059
0.059
0.056
0.058
0.059
0.059
0.059
0.059
0.059
0.059
-0.815
-0.815
-1.150
-0.459
-0.459
-0.459
0.056
0.059
0.059
0.059
0.059
0.056
0.058
0.059
0.058
0.059
0.059
0.059
0.059
0.059
0.058
0.059
0.059
0.059
0.059
0.059
0.059
0.059
0.059
0.059
0.059
0.059
0.058
0.059
0.059
-2.476
0.059
0.059
0.059
0.059
0.059
0.059
0.059
0.059
0.059
0.059
0.059
0.059
0.059
0.059
0.059
0.059
0.059
0.056
0.059
0.059
0.059
0.059
0.059
0.059
0.056
0.059
0.059
0.059
0.059
0.059
0.059
0.059
0.059
0.059
0.059
0.059
0.059
0.052
0.059
0.056
0.059
0.059
0.059
0.059
0.059
0.059
0.059
0.056
0.059
0.059
0.056
0.059
0.059
-2.396
0.059
0.053
0.059
0.059
0.059
0.059
0.059
0.059
0.059
0.059
0.058
0.052
0.056
0.048
0.056
0.056
0.056
0.056
-1.109
0.056
0.056
0.056
0.056
0.056
0.056
0.056
0.056
0.054
0.056
0.056
0.056
0.056
0.056
0.056
0.056
0.052
0.056
0.056
0.056
-1.105
0.054
0.040
0.056
0.056
0.052
0.056
0.056
0.052
0.056
0.056
0.056
0.056
0.056
0.056
0.056
0.048
0.056
0.054
0.052
0.056
0.056
0.056
0.056
0.056
0.056
0.052
0.056
0.056
0.056
0.056
0.056
0.056
0.056
0.056
0.051
0.056
0.056
-1.058
0.056
0.056
0.056
0.056
0.056
0.056
0.056
0.056
0.056
0.056
-2.021
0.056
0.056
0.052
0.052
0.052
0.052
0.050
0.052
0.052
0.052
0.052
0.052
-1.166
0.052
0.052
0.052
0.052
0.052
0.052
0.048
0.052
0.047
0.052
0.052
0.049
0.052
0.052
0.052
0.052
0.052
-1.108
0.052
0.052
0.052
0.052
0.052
0.052
0.052
0.052
0.052
0.052
0.052
0.052
0.052
0.052
0.052
0.052
0.052
0.052
0.052
0.052
0.052
0.052
0.052
0.052
0.052
0.052
0.052
0.052
0.056
0.056
0.056
0.056
0.056
0.056
0.056
0.056
0.056
0.056
0.056
0.056
0.056
0.056
0.056
0.056
0.054
0.056
0.056
0.056
0.054
0.056
0.052
0.056
0.056
0.056
0.056
0.054
0.052
0.056
0.056
0.056
0.056
0.056
-1.107
0.056
0.056
0.052
0.056
0.056
0.056
0.056
0.056
0.056
0.056
0.056
0.056
0.056
0.056
0.056
0.056
0.056
0.056
0.056
0.056
0.054
0.056
0.056
0.056
0.056
0.056
0.056
0.056
0.056
0.056
0.056
0.056
0.054
0.056
0.056
0.054
0.056
0.056
0.055
0.056
0.056
0.056
0.056
0.056
0.056
0.056
0.052
0.056
0.056
0.056
0.056
0.056
0.056
0.056
0.052
0.056
0.056
0.056
0.056
0.056
0.056
0.056
0.056
0.056
0.056
0.056
0.056
0.056
0.051
0.056
0.056
0.056
0.056
0.052
0.052
0.056
0.052
0.056
0.056
0.056
0.048
0.056
0.056
0.056
0.056
0.056
0.056
0.056
0.056
0.056
0.056
0.056
0.056
0.056
0.056
0.056
0.056
0.056
0.056
0.056
-1.107
0.056
0.056
0.056
0.054
0.056
0.056
0.056
0.056
0.056
0.056
0.056
0.056
0.056
0.056
0.056
0.056
0.056
0.054
0.055
0.056
0.056
0.059
-2.634
0.059
0.059
0.059
0.059
0.059
0.059
0.059
0.059
0.059
0.059
0.059
0.059
0.058
0.059
0.059
0.059
0.056
0.059
0.058
0.058
0.058
0.059
0.053
0.059
0.059
0.059
0.059
0.059
0.059
0.059
0.045
0.058
0.059
0.059
0.059
0.059
0.059
0.055
0.059
0.059
0.056
0.059
0.059
0.059
0.059
0.059
0.059
0.059
0.059
0.059
0.058
0.059
0.059
0.059
0.053
0.059
0.059
0.053
0.059
0.059
0.043
0.059
0.059
0.059
0.059
0.054
-1.860
0.059
0.059
0.059
0.058
0.059
0.059
0.055
0.059
0.059
0.059
0.059
0.059
0.059
0.059
0.059
0.059
0.053
0.056
0.045
0.059
0.059
0.059
0.059
0.059
0.058
0.045
0.059
0.059
0.059
0.059
0.058
0.059
0.059
0.059
-1.831
0.059
0.059
0.059
0.059
0.059
0.059
0.059
0.059
0.059
0.059
-2.102
0.058
0.059
0.059
0.059
0.059
0.059
0.059
0.059
0.058
0.058
0.058
0.059
0.059
0.059
0.055
0.059
0.059
0.059
0.045
0.059
0.059
0.056
0.059
0.059
0.059
0.059
0.053
0.059
0.059
0.059
0.059
0.059
0.059
0.059
0.059
0.059
0.059
0.059
0.059
0.059
0.059
0.059
0.043
0.045
0.059
0.056
0.056
0.059
0.059
0.059
0.059
0.059
0.059
0.059
0.059
0.059
0.056
0.059
0.059
0.059
0.059
0.059
0.059
0.052
0.052
0.052
0.052
0.044
0.052
0.052
0.052
0.052
0.052
0.052
0.052
0.052
0.052
0.052
0.043
0.052
0.052
0.052
0.052
0.052
0.052
0.052
0.052
0.052
0.052
0.052
0.052
0.056
0.056
0.056
0.056
0.056
0.056
0.056
0.056
0.056
0.056
0.056
0.056
0.056
0.056
0.056
0.056
0.056
0.056
0.056
0.054
0.056
0.052
0.056
0.056
0.056
0.056
0.056
0.056
0.056
0.056
0.056
0.055
0.052
0.056
0.056
0.056
0.056
0.056
0.056
0.056
0.056
0.048
0.056
0.056
0.056
0.056
0.056
0.056
0.056
0.056
0.056
0.056
0.056
0.056
0.056
0.056
0.056
0.056
0.052
0.056
0.040
0.056
0.056
0.056
0.056
0.056
0.056
0.052
0.054
0.056
0.054
0.056
0.056
0.056
0.056
0.056
0.056
0.056
0.056
0.056
0.056
0.056
0.051
0.056
0.056
0.055
-2.043
0.056
0.056
0.056
0.056
0.055
-1.118
0.056
0.056
0.056
0.056
0.056
0.056
0.056
0.056
0.056
0.056
0.056
0.056
0.040
0.056
0.054
0.056
0.056
0.056
0.056
0.056
0.056
0.056
0.056
0.056
0.056
0.056
0.055
0.048
0.056
0.055
0.056
0.056
0.052
0.056
0.056
0.056
0.056
0.056
0.056
0.056
0.056
0.056
0.056
0.054
0.056
0.056
0.056
0.056
0.056
0.051
0.056
0.052
0.054
0.056
0.056
0.056
0.056
0.056
0.056
0.056
0.050
0.056
0.056
0.056
0.056
0.056
0.056
0.056
-2.012
0.056
0.048
0.056
0.056
0.056
0.056
0.056
0.056
0.056
0.056
0.056
0.056
0.056
0.056
0.052
0.056
0.056
0.056
0.056
0.049
-2.036
0.056
-1.106
0.056
0.052
-1.754
0.056
0.056
0.056
0.056
0.056
0.054
0.056
0.056
0.056
0.056
0.056
0.054
0.056
0.056
0.056
0.056
-1.065
0.056
0.056
0.056
0.056
-1.065
0.056
0.056
0.056
0.056
0.056
0.056
0.056
0.056
0.056
0.056
0.056
0.056
0.056
0.056
-0.307
-0.307
-0.307
0.056
0.056
0.052
0.056
0.056
0.056
0.056
0.056
0.056
0.054
0.056
0.056
0.056
0.056
0.056
0.056
0.056
0.049
0.056
0.056
0.056
0.056
0.056
0.056
0.056
0.056
0.056
0.052
0.052
0.052
0.056
0.056
0.056
0.056
0.056
0.056
0.056
0.056
0.056
0.056
0.056
0.048
0.056
0.056
0.052
0.056
0.056
0.054
0.056
0.056
0.056
0.056
0.056
0.056
0.056
0.056
0.052
0.056
0.056
0.056
0.056
0.056
0.056
0.056
0.056
0.049
0.056
0.056
0.052
0.055
0.056
0.056
0.056
0.056
0.056
0.054
0.056
-2.021
0.056
-1.107
0.056
0.056
0.056
0.052
0.052
0.056
0.056
0.056
0.056
0.056
0.056
0.056
0.056
-1.343
-1.342
-1.342
0.056
0.056
0.055
0.056
0.056
0.056
0.056
0.056
0.056
0.056
0.056
0.052
0.056
0.056
0.055
0.056
0.056
0.056
0.056
0.056
0.056
0.056
0.056
0.056
0.056
0.056
0.056
0.054
0.056
0.056
0.056
0.056
0.055
0.040
-2.012
-1.106
0.052
0.040
0.043
0.048
0.048
0.048
0.048
0.048
0.048
0.048
-1.269
0.048
0.048
0.048
0.048
0.048
0.048
0.048
0.048
0.048
0.048
0.042
0.048
0.048
0.048
0.048
0.048
0.048
0.048
0.048
0.048
0.048
0.048
0.048
0.048
0.048
0.048
0.048
0.048
0.048
0.048
0.048
-1.269
0.048
0.048
0.048
0.048
0.048
0.048
0.048
0.048
0.043
0.048
0.048
0.043
0.048
0.048
0.048
0.048
0.048
0.048
0.048
0.048
0.046
0.048
0.048
-1.223
-1.311
-1.310
0.000
0.000
0.000
0.000
0.000
0.000
0.046
0.056
0.059
0.059
0.059
0.059
0.059
0.059
0.056
0.059
0.059
0.059
0.058
0.059
0.059
0.059
0.059
0.059
0.059
0.059
0.059
0.056
0.059
0.059
0.059
0.059
0.059
0.059
0.056
0.056
0.059
0.059
0.059
0.059
0.059
0.058
0.059
0.059
0.059
0.059
0.059
0.059
0.059
0.059
0.059
0.059
0.059
0.059
0.059
0.059
0.059
0.059
0.058
0.055
0.059
0.059
0.052
0.053
0.056
0.053
0.043
0.053
0.059
0.059
0.059
0.059
0.059
0.059
0.059
0.059
0.059
0.059
0.059
0.059
0.059
0.059
0.059
0.059
0.059
0.056
0.059
0.059
0.059
0.056
0.059
0.059
0.059
0.059
0.053
0.059
0.059
0.059
0.059
0.059
0.059
0.059
0.059
0.059
0.056
0.059
0.059
0.059
0.056
0.059
0.047
0.059
0.059
0.059
