fixedStep chrom=ENSGT00390000018074 start=1 step=1
-0.819
-0.815
-1.242
-0.739
-0.739
-0.819
-0.815
-0.819
-1.220
-0.819
-1.703
-0.792
-1.704
-0.819
-0.739
-0.739
-0.739
-1.674
0.115
0.115
0.113
0.109
0.115
0.105
0.115
0.090
0.112
0.116
0.115
-2.244
0.115
0.111
0.100
0.115
0.116
0.113
0.116
0.116
0.107
0.115
0.116
0.115
0.114
0.116
0.115
0.116
0.115
0.115
0.116
0.115
0.110
0.089
0.116
0.115
0.109
0.115
0.110
0.114
0.115
0.115
0.116
0.115
0.115
0.115
0.116
0.115
0.081
0.087
0.109
0.116
0.105
0.115
0.115
0.115
0.115
0.115
0.110
0.115
0.113
0.110
-1.490
0.115
0.115
0.107
0.104
0.110
0.092
-0.814
-0.848
-0.811
-0.811
-0.903
-3.918
0.115
0.116
0.115
0.092
-3.016
0.115
0.089
0.115
0.109
0.110
-0.946
0.081
0.115
0.090
0.103
0.199
0.199
0.196
0.109
-0.981
0.115
-1.015
0.110
0.115
0.110
0.110
0.090
0.113
0.116
0.115
0.089
0.116
0.084
0.111
0.115
0.115
0.115
0.115
0.109
0.108
0.116
0.107
0.115
0.105
0.115
0.116
0.108
0.115
0.081
0.116
0.108
0.116
0.115
0.109
0.109
0.115
0.089
0.110
0.090
0.107
0.115
0.116
0.110
0.116
0.116
0.115
0.112
0.115
0.115
0.112
0.115
0.114
-0.277
-0.246
-0.273
-0.770
-0.768
-0.770
-1.196
-0.770
-0.770
0.115
0.115
0.115
0.115
0.115
0.106
0.115
0.115
0.115
0.115
0.088
0.088
0.089
0.116
0.115
0.115
0.114
-1.980
0.112
0.104
0.104
0.116
0.109
0.115
0.110
0.090
0.112
0.115
0.111
0.113
0.116
0.115
0.115
0.115
0.115
0.104
0.115
0.116
0.111
0.115
0.115
0.108
0.116
0.115
0.116
0.108
0.116
0.115
0.115
0.104
0.115
0.115
0.115
0.107
0.104
0.115
0.104
0.115
0.115
0.115
0.115
0.115
0.081
0.115
0.115
0.110
0.115
0.115
0.089
0.109
0.115
0.115
0.092
0.113
0.113
0.115
0.089
0.115
0.105
0.109
0.115
0.115
0.101
0.113
0.114
0.113
0.115
0.115
0.089
0.115
0.110
0.116
0.111
0.115
0.109
0.115
0.111
0.115
0.110
0.113
0.115
0.116
0.109
0.116
0.115
0.092
0.115
0.110
0.107
0.113
0.089
0.115
0.116
0.115
0.110
0.115
0.105
0.115
0.090
0.109
-0.277
-0.277
-0.246
-2.696
0.089
0.090
0.110
0.110
-1.266
0.105
0.113
0.110
0.115
-1.486
0.084
0.093
0.110
0.093
0.111
0.112
0.116
0.092
0.110
0.093
0.115
0.111
0.113
0.115
0.115
0.114
0.109
0.116
0.109
0.089
0.116
0.115
0.115
0.115
0.111
0.115
0.115
0.097
0.115
0.116
0.115
0.113
0.115
0.115
0.115
0.115
0.115
0.115
0.116
0.115
0.110
-1.867
0.115
0.104
0.110
0.116
0.115
0.115
0.115
0.109
0.115
0.116
0.115
0.115
0.089
0.111
0.115
0.115
0.110
0.115
0.115
0.115
0.115
0.115
0.109
0.115
0.115
0.115
0.116
0.116
0.116
0.115
0.110
0.085
0.116
0.115
0.115
0.115
0.106
0.111
0.090
0.115
0.109
0.110
0.091
0.109
0.115
0.115
0.108
0.109
0.116
0.115
0.115
0.115
0.095
0.081
-1.476
0.115
0.115
0.110
0.108
0.115
0.115
0.116
0.116
0.115
0.115
0.116
0.115
0.112
0.116
0.115
0.115
0.115
0.089
0.109
0.116
0.112
0.116
0.114
0.100
0.083
0.092
0.107
0.115
0.115
0.115
0.116
0.116
0.116
0.116
0.115
0.105
0.115
0.115
0.113
0.116
0.115
0.109
0.109
0.116
0.115
0.115
0.115
-0.939
0.115
0.089
0.109
0.115
0.104
0.109
0.115
-0.893
0.090
0.115
0.115
0.110
0.110
0.115
0.110
0.110
0.110
0.101
0.115
0.100
0.088
0.089
0.090
0.116
0.115
0.112
0.115
0.115
0.109
0.115
0.115
0.115
0.112
-1.448
0.105
0.088
0.109
0.109
0.105
-0.818
-1.247
-0.818
0.044
0.044
-0.038
