fixedStep chrom=ENSGT00390000017162 start=1 step=1
0.000
0.000
0.000
0.000
0.000
0.000
0.000
0.000
0.000
0.000
0.000
0.000
0.000
0.000
0.000
0.000
0.000
0.000
0.000
0.000
0.000
0.000
0.000
0.000
0.000
0.000
0.000
0.000
0.000
0.000
0.000
0.000
0.000
0.000
0.000
0.000
0.000
0.000
0.000
0.000
0.000
0.000
0.000
0.000
0.000
0.000
0.000
0.000
0.000
0.000
0.000
0.000
0.000
0.000
0.000
0.000
0.000
0.000
0.000
0.000
0.000
0.000
0.000
0.000
0.000
0.000
0.000
0.000
0.000
0.000
0.000
0.000
0.000
0.000
0.000
0.000
0.000
0.000
0.000
0.000
0.000
0.000
0.000
0.000
0.000
0.000
0.000
0.000
0.000
0.000
0.000
0.000
0.000
0.000
0.000
0.000
0.000
0.000
0.000
0.000
0.000
0.000
0.000
0.000
0.000
0.000
0.000
0.000
0.000
0.000
0.000
0.000
0.000
0.000
0.073
0.073
0.073
0.073
0.073
0.071
0.071
0.073
0.073
0.073
0.073
0.064
0.073
0.073
0.073
0.073
0.073
0.073
0.073
0.073
0.073
0.073
0.073
0.073
0.071
0.073
0.073
0.073
0.073
0.073
0.073
0.073
0.073
0.073
0.073
0.071
0.073
0.073
0.068
0.073
0.073
0.073
0.073
0.073
0.073
0.073
0.073
0.073
0.073
0.073
0.071
0.073
0.072
0.069
0.073
0.073
0.060
0.073
0.073
0.073
0.073
0.070
0.073
0.073
0.064
0.073
0.073
0.073
0.071
0.060
0.073
0.070
0.060
0.073
0.073
0.073
0.073
0.073
0.073
0.073
0.073
0.073
0.073
0.073
0.073
0.073
0.068
0.073
0.073
0.061
0.073
0.073
0.073
0.060
0.073
0.073
0.060
0.073
0.062
0.073
0.073
0.073
0.073
0.073
0.073
0.073
0.073
0.073
0.073
0.073
0.073
0.073
0.073
0.073
0.073
0.073
0.073
0.073
0.073
0.058
0.073
0.073
0.073
0.073
0.073
0.073
0.073
0.073
0.073
0.073
0.073
0.073
0.073
0.073
0.063
0.073
0.073
0.073
0.073
0.073
0.066
0.073
0.073
0.073
0.073
0.073
0.073
0.073
0.073
0.073
0.073
0.073
0.071
0.073
0.073
0.068
0.073
0.073
0.073
0.073
0.073
0.073
0.073
0.073
0.071
0.073
0.073
0.073
0.073
0.073
0.060
0.073
0.073
0.071
0.073
0.073
0.073
0.073
0.073
0.073
0.073
0.073
0.071
0.073
0.073
0.073
0.073
0.073
0.073
0.073
0.073
0.071
0.073
0.073
0.058
0.073
0.073
0.073
0.073
0.073
0.073
0.073
0.073
0.072
0.073
0.073
0.072
0.073
0.073
0.073
0.073
0.073
0.073
0.073
0.073
0.073
0.073
0.073
0.069
0.073
0.073
0.073
0.073
0.073
-2.937
0.073
0.073
0.067
0.073
0.073
0.073
0.073
0.073
0.073
0.060
0.073
0.073
0.073
0.073
0.073
0.073
0.070
0.073
0.073
0.073
0.073
0.073
0.073
0.073
0.073
0.066
0.073
0.073
0.073
0.073
0.070
0.072
0.073
0.073
0.073
0.073
0.062
0.071
0.073
0.073
0.059
0.071
0.073
0.073
0.073
0.073
0.070
0.073
0.073
0.073
0.073
0.073
0.073
0.073
0.073
0.073
0.073
0.073
0.073
0.072
0.072
0.073
0.072
0.071
0.073
0.073
0.057
0.073
0.073
0.073
0.073
0.067
0.073
0.073
0.071
0.073
0.073
0.071
0.073
0.073
0.071
0.073
0.073
0.067
0.073
0.073
0.068
0.073
0.073
0.073
0.073
0.073
0.073
0.073
0.073
0.073
0.060
0.073
0.073
0.073
0.073
0.072
0.073
0.073
0.073
0.073
0.073
0.073
0.072
0.073
0.073
0.073
0.073
0.072
0.073
0.073
0.073
0.073
0.073
0.070
0.073
0.073
0.073
0.073
0.073
0.068
0.073
0.073
0.062
0.073
0.073
0.073
0.073
0.073
0.066
0.073
0.073
0.073
0.073
0.073
0.073
0.073
0.073
0.073
0.073
0.073
0.073
0.073
0.073
0.073
0.073
0.072
0.061
0.073
0.073
0.073
0.073
0.073
0.067
0.073
0.073
0.073
0.073
0.073
0.071
0.073
0.073
0.060
0.073
0.073
0.071
0.073
0.070
0.073
0.073
0.073
0.057
0.073
0.073
0.073
0.073
0.073
0.066
0.073
0.073
0.064
0.073
0.073
0.073
0.073
0.073
0.073
0.073
0.073
0.073
0.062
0.073
0.073
0.073
0.073
0.073
0.073
0.072
0.073
0.073
0.073
0.073
-2.582
-2.585
-2.580
-3.653
-3.411
-3.642
-3.158
-3.154
-3.154
-3.695
-3.311
-3.647
-3.695
-3.108
-3.695
-3.299
-3.695
-3.642
0.073
0.073
0.073
0.073
0.073
0.073
0.073
0.073
0.071
0.073
0.073
0.071
0.073
0.067
0.071
0.072
0.071
0.071
0.073
0.073
0.061
0.073
0.070
0.070
0.073
0.073
0.073
0.073
0.073
0.073
0.073
0.073
0.073
0.071
0.072
0.073
0.073
0.073
0.073
0.073
0.064
0.073
0.071
0.073
0.073
0.073
0.073
0.073
0.073
0.071
-3.635
0.073
0.073
0.072
0.071
0.073
0.064
0.073
0.072
0.073
0.068
0.073
0.057
0.060
0.071
0.072
0.071
0.073
0.073
0.070
0.073
0.055
0.070
0.073
0.073
0.073
0.073
0.071
0.073
0.073
0.073
0.072
0.070
0.067
0.073
0.067
0.071
0.073
0.073
0.073
0.073
0.073
0.073
0.073
0.073
0.073
0.073
0.073
0.068
0.073
0.073
0.061
0.073
0.073
0.073
0.060
0.071
0.073
0.073
0.073
0.073
0.073
0.073
0.073
0.073
0.073
0.073
0.073
0.073
0.073
0.073
0.073
0.073
0.073
0.073
0.073
0.073
0.073
0.062
0.073
0.073
0.073
0.073
0.073
0.070
0.073
0.073
0.073
0.073
0.070
0.073
