fixedStep chrom=ENSGT00390000005537 start=1 step=1
-1.671
-1.662
-1.673
-1.673
-1.672
-1.673
-1.673
-2.591
-2.349
-1.671
-2.059
-1.673
0.066
0.066
0.066
0.066
0.047
0.064
0.066
0.066
0.066
0.066
0.066
0.066
0.066
0.066
0.066
0.066
0.063
0.066
0.066
0.066
0.066
0.066
0.060
0.065
0.066
0.062
0.060
0.063
0.066
0.062
-1.672
-1.662
-1.662
0.066
0.066
0.063
0.066
0.066
0.061
0.066
0.066
0.066
0.066
0.066
0.066
0.060
0.066
0.056
0.064
0.062
0.066
0.066
0.066
0.066
0.066
0.066
0.066
0.066
0.066
0.063
0.066
0.066
0.066
0.066
0.066
0.066
0.065
0.066
0.066
0.062
0.066
0.066
0.065
0.066
0.065
0.066
0.066
0.064
0.066
0.066
0.066
0.066
0.066
0.066
0.066
0.066
0.066
0.066
0.066
0.066
0.066
0.066
0.066
0.066
0.066
0.066
0.066
0.066
0.064
0.066
0.066
0.066
0.066
0.065
0.065
0.062
0.066
0.066
0.058
0.066
0.063
0.063
0.066
0.066
0.066
0.066
0.066
0.066
0.066
0.066
0.066
0.066
0.066
0.066
0.066
0.063
0.066
0.066
0.063
0.052
0.066
0.066
0.066
0.066
0.066
0.066
0.066
0.052
0.066
0.066
0.066
0.066
0.066
0.066
0.066
0.066
0.066
0.065
0.066
0.063
0.066
0.066
0.062
0.066
0.066
0.066
0.066
0.066
0.066
0.052
0.066
0.066
0.066
0.066
0.066
0.066
0.063
0.063
0.063
0.066
0.066
0.066
0.066
0.066
0.066
0.066
0.066
0.066
0.061
0.066
0.066
0.066
0.066
0.066
0.066
0.066
0.066
0.066
0.066
0.066
0.066
0.066
0.066
0.066
0.066
0.066
0.066
0.061
0.066
0.066
0.065
0.066
0.066
0.066
0.064
0.064
0.063
0.064
0.064
0.064
0.064
0.062
0.064
0.064
0.064
0.064
0.064
0.064
0.048
0.064
0.062
0.064
0.064
0.064
0.064
0.064
0.064
0.064
0.061
0.064
0.064
0.064
0.064
0.060
0.064
0.064
0.064
0.064
0.064
0.064
0.064
0.064
0.064
0.064
0.064
0.064
0.064
0.064
0.064
0.064
0.064
0.060
0.064
0.064
0.064
0.048
0.064
0.064
0.064
0.064
0.064
0.060
0.060
0.060
0.060
0.057
0.060
0.060
0.060
0.060
0.060
0.060
0.060
0.060
0.060
0.060
0.060
0.060
0.060
0.060
0.060
0.060
0.060
0.060
-1.022
0.060
0.060
0.059
0.060
0.060
0.056
0.060
0.060
0.057
0.060
0.060
0.060
0.060
0.060
0.059
0.060
0.060
0.060
0.060
0.060
0.060
0.060
0.060
0.060
0.060
0.060
0.059
0.060
0.060
0.059
0.060
0.046
0.060
0.060
0.060
0.060
0.060
0.057
0.046
0.060
0.060
0.059
0.060
0.060
0.057
0.060
0.060
0.060
0.060
0.059
0.060
0.060
0.060
0.060
0.060
0.060
0.046
0.060
0.060
0.060
0.060
0.060
0.060
0.060
0.060
0.057
0.060
0.060
0.060
0.060
0.060
0.060
0.060
0.060
0.060
0.060
0.060
0.066
0.052
0.066
0.066
0.066
0.066
0.065
0.066
0.066
0.066
0.066
0.065
0.065
0.066
0.066
0.066
0.066
0.066
0.065
0.052
0.060
0.066
0.066
0.066
0.066
0.066
0.064
0.060
0.066
0.066
0.066
0.066
0.066
0.066
0.066
0.066
0.066
0.066
0.066
0.066
0.066
0.066
0.066
0.066
0.066
0.066
0.066
0.066
0.066
0.066
0.066
0.066
0.066
0.066
0.066
0.066
0.066
0.066
0.066
0.066
0.066
0.066
0.066
0.066
0.064
0.066
0.066
0.066
0.066
0.066
0.065
0.066
0.066
0.066
0.066
0.062
0.066
0.066
0.066
0.066
0.066
0.066
0.066
0.066
0.066
0.066
0.066
0.065
0.066
0.066
0.063
0.066
0.052
0.060
0.066
0.066
0.066
0.066
0.066
0.065
0.066
0.066
0.066
0.063
0.066
0.066
0.066
0.066
0.066
0.066
0.066
0.066
0.066
0.066
0.066
0.066
0.066
0.056
0.066
0.055
0.066
0.052
0.066
0.066
0.066
0.066
0.066
0.066
0.066
0.066
0.066
0.066
0.066
0.066
0.066
0.066
0.065
0.066
0.066
0.064
0.066
0.066
0.066
0.066
0.066
0.066
0.064
0.066
0.066
0.065
0.066
0.066
0.066
0.066
0.065
0.066
0.066
0.066
0.066
0.066
0.066
0.066
0.061
-1.582
-1.577
-1.587
-2.765
-2.718
-2.165
-2.822
-2.797
-2.784
-2.718
-2.762
-2.718
-2.761
-2.761
-2.788
-1.545
-2.121
-2.135
0.064
0.064
0.064
0.064
0.064
0.064
0.064
0.064
0.064
0.064
0.064
0.064
0.064
0.064
0.064
0.064
0.064
0.064
0.062
0.064
0.062
0.064
0.064
0.064
0.064
0.064
0.064
0.064
0.064
0.064
0.064
0.064
0.064
0.064
0.064
0.064
0.064
0.064
0.064
0.058
0.064
0.064
0.064
0.064
0.060
0.064
0.064
0.064
0.064
0.064
0.062
0.064
0.064
0.064
0.061
0.064
0.064
0.064
0.064
0.064
0.064
0.064
0.064
0.064
0.064
0.064
0.055
0.064
0.064
0.064
0.064
0.064
0.064
0.064
0.060
0.064
0.064
0.064
0.064
0.064
0.060
0.064
0.064
0.064
0.064
0.064
0.064
0.064
0.064
0.064
0.064
0.064
0.064
0.064
0.064
0.064
0.064
0.064
0.060
0.064
0.064
0.048
0.064
0.064
0.060
0.064
0.064
0.064
0.064
0.064
0.064
0.064
0.064
0.053
0.064
0.064
0.064
0.048
0.064
0.064
0.064
0.064
0.064
0.064
0.064
0.064
0.064
0.064
0.064
0.064
0.064
0.064
0.062
0.064
0.064
0.064
0.064
0.063
0.064
0.064
0.064
0.064
0.064
0.064
0.064
0.063
0.064
0.064
0.064
0.064
0.064
0.064
0.063
0.064
0.053
0.064
0.064
0.064
0.064
0.064
0.064
0.064
0.064
0.064
0.064
0.053
0.064
0.064
0.064
0.064
0.064
0.064
0.064
0.064
0.064
0.064
0.064
0.064
0.064
0.064
0.064
0.064
0.064
0.064
0.064
0.058
0.064
0.062
0.064
0.064
0.064
0.064
0.064
0.064
0.064
0.064
0.064
0.064
0.064
0.064
0.064
0.064
0.064
0.064
0.064
0.064
0.048
0.064
0.064
0.064
0.064
0.064
0.060
0.064
0.058
0.058
0.064
0.064
0.064
0.064
0.064
0.064
0.064
0.064
0.064
0.064
0.064
0.064
0.064
0.064
0.061
0.064
0.064
0.064
-0.218
-0.218
-0.218
-0.218
-0.218
-0.218
0.064
0.066
-0.932
0.058
0.066
0.066
0.066
0.066
0.066
0.061
0.066
0.052
-2.074
-1.662
-1.673
-0.932
-0.932
-0.928
-0.267
-0.267
-0.267
-0.267
-0.267
-0.267
0.061
0.066
0.066
0.066
0.065
0.061
0.061
0.066
0.061
-0.928
-0.934
-0.933
0.051
0.061
-3.210
0.066
0.066
0.061
0.066
0.066
-0.928
-0.933
-0.928
0.064
0.066
0.066
0.066
0.061
-0.934
-0.932
0.061
-0.928
0.061
0.063
0.066
-0.928
-0.934
-0.924
0.066
0.066
-0.928
-0.000
0.066
-0.934
-0.915
0.056
0.066
-2.212
-1.485
0.066
0.066
0.061
-0.924
0.066
0.066
0.066
-1.536
0.066
0.066
0.061
-0.924
-0.928
-0.928
-0.932
-0.928
0.066
-2.322
0.066
-0.000
-0.000
0.066
-0.928
-0.932
0.066
0.066
-0.928
0.065
-0.915
-0.934
0.066
0.066
0.066
0.066
-0.915
0.066
0.066
0.056
-2.308
0.061
-0.915
0.066
0.061
0.066
0.061
-0.933
-0.915
0.066
0.061
0.061
-0.933
0.061
0.061
0.061
0.066
0.066
-0.924
0.066
-0.928
0.066
0.061
-0.000
0.066
0.066
0.066
0.066
0.066
0.066
0.063
0.066
0.066
0.063
0.066
0.066
0.066
0.066
0.066
0.066
0.066
0.066
0.066
0.066
0.066
0.066
0.066
0.066
0.066
0.066
0.063
0.066
0.066
0.061
0.066
0.066
0.063
0.066
0.066
0.066
0.066
0.066
0.065
0.066
0.066
0.066
0.066
0.066
0.061
0.066
0.066
0.066
0.065
0.063
0.065
0.066
0.061
0.065
0.066
0.066
0.066
0.066
0.066
0.066
0.066
0.066
0.066
0.066
0.066
0.065
0.066
0.066
0.066
0.063
0.066
0.066
0.066
0.066
0.066
0.063
0.066
0.052
0.066
0.066
0.066
0.066
0.066
0.066
0.066
0.065
0.066
0.066
0.066
0.066
0.066
0.066
0.066
0.066
0.066
0.066
0.066
0.066
0.066
0.066
0.066
0.066
0.063
0.052
0.064
0.066
0.066
0.061
0.066
0.066
0.066
0.066
0.066
0.063
0.066
0.066
0.066
0.000
0.000
0.000
0.000
0.000
0.000
0.000
0.000
0.000
0.066
0.066
0.066
0.065
0.066
0.066
0.066
0.066
0.066
0.066
0.066
0.066
0.066
0.066
0.066
0.066
-1.571
0.061
0.066
0.066
0.066
0.066
0.066
0.066
0.056
0.066
0.066
0.066
0.066
0.062
0.066
0.066
0.065
0.066
0.066
0.066
0.066
0.066
0.066
0.066
0.066
0.066
0.063
0.066
0.052
0.066
0.056
0.066
0.066
0.066
0.066
0.066
0.066
0.066
0.066
0.066
0.063
0.066
0.066
0.066
0.066
0.066
0.066
0.066
0.066
0.063
0.066
0.066
0.066
0.066
0.066
0.066
0.066
0.066
0.066
0.066
0.066
0.066
0.066
0.066
0.066
0.066
0.066
0.065
0.066
0.066
0.066
0.066
0.066
0.066
0.066
0.066
0.066
0.066
0.066
0.065
0.066
0.064
0.066
0.066
0.066
0.066
0.065
0.061
0.066
