fixedStep chrom=ENSGT00450000040326 start=1 step=1
0.000
0.000
0.000
0.000
0.000
0.000
0.000
0.000
-1.680
-0.479
-0.001
-0.584
-0.562
-0.584
-0.584
-1.824
-1.824
-2.486
-1.969
0.048
0.057
0.052
0.061
0.061
0.061
0.061
0.060
0.061
0.061
0.059
0.061
0.061
0.061
0.061
0.061
0.057
0.061
0.061
0.057
0.060
0.061
0.061
0.061
0.061
0.061
0.058
0.061
0.061
0.061
0.061
-1.921
0.061
0.061
0.061
0.061
0.061
0.061
0.059
0.061
0.061
0.061
0.061
0.061
0.061
0.061
0.061
0.061
0.061
0.061
0.061
0.061
0.061
0.061
0.061
0.061
0.061
0.061
0.061
0.061
0.061
0.061
0.061
0.061
0.061
0.061
0.061
0.061
0.061
0.061
0.061
0.061
0.061
0.061
0.061
0.061
0.061
0.061
0.061
0.060
0.061
0.061
0.057
0.061
0.061
0.061
0.061
0.061
0.061
0.061
0.061
0.061
0.059
0.061
0.059
0.061
0.061
0.061
0.061
0.061
0.061
0.061
0.061
0.061
0.061
0.061
0.061
0.061
0.061
0.061
0.061
0.061
0.061
0.049
0.061
0.061
0.061
0.061
0.061
0.061
0.061
0.061
0.061
0.061
0.061
0.061
0.061
0.042
0.061
0.061
0.059
0.061
0.061
0.059
0.061
0.061
0.061
0.061
0.061
0.057
0.061
0.061
0.061
0.061
0.061
0.061
0.061
0.061
0.057
0.061
0.061
0.061
0.061
0.061
0.061
0.061
0.061
0.052
0.061
0.061
0.061
0.061
0.061
0.059
0.061
0.061
0.061
0.061
0.061
0.061
0.061
0.061
0.061
0.061
0.061
0.061
0.061
0.061
0.061
0.061
0.061
0.061
0.061
0.061
0.061
0.061
0.061
0.059
0.061
0.061
0.061
0.061
0.061
0.059
0.061
0.061
0.061
0.061
0.061
0.061
0.061
0.061
0.061
0.061
0.061
0.042
0.058
0.061
0.061
0.061
0.061
0.061
0.061
0.061
0.061
0.061
0.061
0.061
0.061
0.061
0.061
0.061
0.061
0.057
0.061
0.061
0.057
0.061
0.061
0.061
0.061
0.061
0.061
0.057
0.061
0.061
0.061
0.061
0.052
0.061
0.060
0.061
0.042
0.061
0.057
0.061
0.061
0.061
0.061
0.061
0.061
0.061
0.061
0.059
-0.299
-0.299
-0.299
-0.299
-0.299
-0.299
0.061
0.052
0.060
0.061
0.058
0.061
0.061
0.061
0.061
0.061
0.061
0.061
0.061
0.061
0.058
0.061
0.061
0.061
0.061
0.061
0.059
0.058
0.061
0.059
0.061
0.052
0.061
0.059
0.061
0.046
0.056
0.061
0.049
0.061
0.061
0.057
0.061
0.061
0.061
0.061
0.061
0.061
