fixedStep chrom=ENSGT00730000111592 start=1 step=1
0.076
0.076
0.076
0.076
0.076
0.067
0.076
0.076
0.076
0.076
0.076
0.076
0.076
0.076
0.076
0.076
0.076
0.076
0.076
0.069
0.076
0.057
0.076
0.076
0.070
0.076
-0.849
0.076
0.069
0.076
0.070
0.076
0.057
0.076
0.076
0.076
0.000
0.000
0.000
0.000
0.000
0.000
0.000
0.000
0.000
0.000
0.000
0.000
0.076
0.076
0.076
0.076
0.055
0.076
0.076
0.076
0.075
0.076
0.076
0.076
0.076
0.076
0.076
0.076
0.076
0.076
0.076
0.076
0.069
0.072
0.076
0.076
0.076
0.076
0.076
0.076
0.076
0.072
0.076
0.076
0.076
0.076
0.076
0.076
0.076
0.076
0.072
0.076
0.076
0.075
0.076
0.076
0.072
0.076
0.076
0.057
0.076
0.076
0.076
0.076
0.076
0.076
0.076
0.076
0.076
0.076
0.076
0.076
0.076
0.076
0.076
0.076
0.076
0.076
0.076
0.076
0.070
0.076
0.076
0.076
0.076
0.076
0.076
0.076
0.076
0.076
0.076
0.076
-1.557
0.076
0.076
0.076
0.076
0.057
0.076
0.076
0.076
0.076
0.076
0.076
0.075
0.076
0.075
0.075
0.076
0.076
0.068
0.076
0.076
0.076
0.076
0.075
0.076
0.076
0.076
0.076
0.075
0.075
0.076
0.076
0.076
0.076
0.076
0.070
0.076
0.074
0.076
0.076
0.076
0.072
0.072
-2.102
0.076
0.076
0.076
0.076
0.076
0.057
0.076
-0.851
0.076
0.076
0.076
0.076
0.076
0.076
-0.238
-0.238
-0.238
0.076
0.075
0.070
0.076
0.076
-0.851
0.076
0.076
0.076
0.076
0.076
0.076
-0.835
-0.850
0.071
0.000
0.000
0.000
0.000
0.000
0.000
0.000
0.000
0.000
0.000
0.000
0.000
0.076
-1.653
-0.852
-0.835
0.076
0.075
0.076
0.076
0.070
0.070
-0.850
-1.462
-0.917
-0.918
-0.918
0.076
0.076
0.076
0.072
0.076
0.076
0.076
0.076
0.076
0.075
0.076
0.076
0.076
0.075
0.076
0.076
0.076
0.072
-1.540
0.076
0.076
0.076
0.076
0.076
0.076
0.076
0.071
0.076
0.076
0.076
0.076
0.076
0.070
0.076
0.072
0.070
0.076
0.076
0.070
-0.917
-0.918
-0.918
-0.918
-0.918
-0.917
-1.210
-0.918
-2.542
-1.210
-0.918
-0.918
-0.198
-0.198
-0.204
-0.198
-0.198
-0.198
-0.198
-0.363
-0.198
-0.198
-0.198
-0.198
0.000
0.000
0.000
0.000
0.000
0.000
0.000
0.000
0.000
0.000
0.000
0.000
0.076
0.076
0.076
0.076
0.076
0.068
0.076
0.076
0.076
0.076
0.076
-0.851
0.076
0.076
0.070
0.076
0.076
-0.835
0.076
0.076
0.070
0.076
0.076
0.076
-0.852
0.070
-0.852
0.000
0.000
0.000
0.000
0.000
0.000
0.000
0.000
0.000
0.000
0.000
0.000
0.000
0.000
0.000
0.000
0.000
0.000
0.000
0.000
0.000
0.000
0.000
0.000
