fixedStep chrom=ENSGT00550000075099 start=1 step=1
0.000
0.000
0.000
0.000
0.000
0.000
0.000
0.000
0.000
0.000
0.000
0.000
0.000
0.000
0.000
0.000
0.000
0.000
0.000
0.000
0.000
0.000
0.000
0.000
0.000
0.000
0.000
0.000
0.000
0.000
0.000
0.000
0.000
-2.442
-3.141
-1.870
0.061
0.058
0.058
0.061
0.061
0.053
0.058
0.061
0.061
-2.303
0.061
0.061
0.061
0.061
0.047
0.058
0.058
0.047
0.050
0.061
0.058
0.058
0.045
0.061
0.061
0.047
0.061
0.000
0.000
0.000
0.000
0.000
0.000
0.000
0.000
0.000
0.000
0.000
0.000
0.000
0.000
0.000
0.000
0.000
0.000
0.000
0.000
0.000
0.000
0.000
0.000
0.000
0.000
0.000
0.000
0.057
0.047
0.060
0.061
0.056
0.061
0.047
0.061
0.061
0.047
0.061
-1.399
-1.393
-1.393
0.044
0.061
0.047
0.061
0.061
0.047
0.047
0.061
0.058
0.061
0.061
0.043
0.061
0.061
0.047
0.047
0.047
0.058
0.047
0.047
0.061
0.047
0.061
0.047
-1.315
-1.609
-1.313
-1.315
-1.328
-1.315
-1.315
-2.179
-3.308
-1.313
-1.315
-2.180
0.047
0.058
0.047
0.061
0.057
0.047
0.047
0.061
0.061
0.047
0.047
0.047
0.061
0.058
0.047
0.047
0.061
0.061
0.047
0.047
0.061
0.061
0.061
0.061
0.061
0.061
0.061
0.061
0.061
0.061
0.061
0.061
0.061
0.061
0.061
0.061
-1.915
-2.181
-1.564
0.054
0.054
0.061
0.061
0.061
0.061
0.061
0.061
0.047
0.061
0.061
0.061
0.061
0.061
0.057
0.056
0.061
0.061
0.061
0.061
0.061
0.061
0.061
0.061
0.058
0.061
0.055
0.061
0.061
0.054
0.061
0.061
0.061
0.061
0.061
0.061
0.061
0.061
0.061
0.061
0.061
0.061
0.061
0.061
0.061
0.061
0.061
0.061
0.061
0.061
0.048
0.061
0.061
0.060
0.061
0.061
0.061
0.061
0.061
0.061
0.061
0.061
0.061
0.061
0.061
0.061
0.061
0.061
0.061
0.061
0.061
0.061
0.061
0.061
0.061
0.061
0.061
0.061
0.059
0.059
0.059
0.061
0.061
0.061
0.061
0.061
0.061
0.061
0.061
0.061
0.061
0.061
0.061
0.061
0.061
0.061
0.061
0.061
0.061
0.061
0.061
0.060
0.061
0.061
0.061
0.061
0.061
0.061
0.061
0.061
0.061
0.061
0.061
0.061
0.061
0.061
0.061
0.061
0.061
0.060
0.061
0.061
0.061
0.061
0.061
0.059
0.061
0.061
0.061
0.061
0.061
0.061
0.061
0.061
0.059
0.061
0.061
0.061
0.061
0.061
0.059
0.061
0.061
0.061
0.061
0.061
0.061
0.061
0.061
0.061
0.061
0.061
0.061
0.061
0.061
0.061
0.061
0.061
0.061
0.061
0.061
0.043
0.061
0.061
0.058
0.061
0.061
0.061
0.061
0.061
0.057
0.061
0.061
0.060
0.061
0.061
0.058
0.061
0.061
0.060
0.061
0.058
0.061
0.061
0.061
0.058
0.061
0.061
0.061
0.061
0.061
0.060
-1.564
-1.564
-1.563
0.061
0.061
0.061
0.061
0.061
0.061
0.061
0.061
0.061
0.061
0.050
0.056
0.061
0.061
0.061
0.061
0.061
0.061
0.061
0.060
0.061
0.061
0.061
0.048
0.061
0.061
0.060
0.061
0.059
0.061
0.061
0.058
0.061
0.061
0.061
0.058
0.061
0.061
0.061
0.061
0.061
0.057
0.057
0.057
0.057
0.057
0.057
0.057
0.057
0.057
0.057
0.057
0.057
0.057
0.057
0.057
0.057
0.057
0.057
0.057
0.057
0.057
0.057
0.057
0.057
0.057
0.057
0.057
0.057
0.057
0.057
0.057
0.057
0.057
0.057
0.057
0.057
0.057
0.057
0.057
0.057
0.057
0.057
0.057
0.057
0.057
0.057
0.057
0.057
0.057
0.057
0.057
0.057
0.057
0.057
0.057
0.057
0.057
0.057
0.057
0.057
0.057
0.057
0.057
0.057
0.057
0.057
0.057
0.057
0.057
0.057
0.057
0.057
0.057
0.057
0.057
0.057
0.057
0.057
0.056
0.057
0.057
0.057
0.057
0.057
0.057
0.057
0.057
0.055
0.057
0.057
0.053
0.057
0.057
0.057
0.057
0.057
0.055
0.057
0.057
0.057
0.057
0.057
0.055
0.057
0.061
0.060
0.057
0.061
0.061
0.061
0.061
0.061
0.061
0.061
0.058
0.061
0.061
0.061
0.061
0.061
0.061
0.061
0.061
0.061
0.061
0.061
0.061
0.061
0.061
0.061
0.061
0.061
0.059
0.061
0.061
0.061
0.059
0.061
0.061
0.061
0.061
0.061
0.061
0.061
0.057
0.061
0.061
0.061
0.061
0.061
0.059
0.061
0.061
0.061
0.061
0.061
0.058
0.061
0.061
0.061
0.061
0.061
0.061
0.061
0.061
0.058
0.061
0.061
0.061
0.061
0.061
0.061
0.060
0.061
0.059
0.061
0.061
0.061
0.061
0.061
0.061
0.061
0.061
0.058
0.061
0.061
0.058
0.061
0.061
0.061
0.061
0.061
0.058
0.061
0.061
0.053
0.061
0.061
0.061
0.061
0.061
0.061
0.053
0.053
0.061
0.061
0.061
0.061
0.061
0.061
0.061
0.048
0.061
0.059
0.061
0.061
0.053
0.061
0.061
0.060
0.060
0.060
0.061
0.061
0.061
0.061
0.061
0.061
0.059
0.061
0.061
0.061
0.061
0.061
0.061
0.061
0.061
0.061
0.055
0.061
0.061
0.061
0.061
0.061
0.061
0.061
0.061
0.061
0.061
0.058
0.057
0.061
0.061
0.061
0.061
0.061
0.061
0.061
0.061
0.061
0.061
0.061
0.061
0.061
0.054
0.061
0.061
0.059
0.061
0.061
0.061
0.061
0.061
0.061
0.061
0.061
0.061
0.061
0.061
0.061
0.061
0.061
0.061
0.061
0.061
0.061
0.053
0.061
0.060
0.061
0.061
0.061
0.061
0.058
0.061
0.048
0.061
0.059
0.061
0.061
0.061
0.061
0.061
0.061
0.061
0.061
0.061
0.061
0.061
0.057
0.061
0.061
0.048
0.061
0.061
0.061
0.061
0.061
0.061
0.061
0.061
0.060
0.061
0.061
0.061
0.061
0.061
0.061
0.061
0.061
0.048
0.061
0.061
0.061
0.061
0.061
0.048
0.061
0.061
0.046
0.061
0.061
0.061
0.061
0.061
0.059
0.061
0.061
0.055
0.061
0.054
0.054
0.054
0.054
0.054
0.054
0.054
0.052
0.054
0.054
0.054
0.054
0.054
0.054
0.061
0.061
0.059
0.061
0.061
0.059
0.060
0.061
0.061
0.061
0.061
0.061
0.061
0.061
0.061
0.061
0.061
0.061
0.061
0.061
0.060
0.061
0.061
0.060
0.061
0.061
0.061
0.061
0.061
0.059
0.061
0.061
0.061
0.061
0.061
0.059
0.061
0.061
0.061
0.060
0.061
0.047
0.061
0.061
0.061
0.061
0.061
0.061
0.061
0.061
0.052
0.061
0.061
0.048
0.061
0.061
0.061
0.061
0.061
0.061
0.061
0.061
0.061
0.061
0.061
0.054
0.061
0.061
0.058
0.061
0.061
0.055
0.061
0.061
0.061
0.061
0.061
0.059
0.055
0.061
0.061
0.061
0.061
0.061
0.061
0.061
0.061
0.061
0.061
0.061
0.061
0.061
0.061
0.061
0.061
0.053
0.061
0.061
0.061
0.061
0.061
0.061
0.061
0.061
0.061
0.061
0.061
0.058
0.061
0.061
0.058
0.061
0.061
0.061
0.061
0.061
0.061
0.061
0.061
0.061
0.061
0.061
0.059
0.061
0.061
0.061
0.061
0.061
0.061
0.061
0.061
0.061
0.061
0.061
0.061
0.061
0.061
0.058
0.061
0.061
0.060
0.061
0.061
0.059
0.061
0.061
0.053
0.061
0.061
0.061
0.061
0.061
0.053
0.048
0.061
0.061
0.061
0.061
0.061
0.061
0.061
0.061
0.061
0.061
0.061
0.061
0.061
0.060
0.061
0.061
0.052
0.061
0.061
0.060
0.061
0.061
0.061
0.061
0.055
0.061
0.061
0.061
0.061
0.061
0.061
0.053
0.061
0.058
0.061
0.061
0.061
0.061
0.061
0.061
0.061
0.061
0.061
0.058
0.061
0.061
0.061
0.058
0.061
0.061
0.059
0.061
0.061
0.061
0.061
0.061
0.061
0.061
0.060
0.061
0.061
0.061
0.061
0.061
0.061
0.061
0.061
0.061
0.061
0.061
0.055
0.061
0.061
0.059
0.061
0.061
0.061
0.061
0.061
0.060
0.061
0.061
0.061
0.061
0.061
0.061
0.061
0.058
0.057
0.061
0.058
0.061
0.061
0.061
0.057
0.061
0.061
0.057
0.061
0.061
0.059
0.061
0.059
0.060
0.061
0.046
0.061
0.061
0.061
0.061
0.000
0.000
0.000
0.000
0.000
0.000
0.000
0.000
0.000
0.000
0.000
0.000
0.000
0.000
0.000
0.000
0.000
0.000
0.000
0.000
0.000
0.000
0.000
0.000
0.000
0.000
0.000
0.000
0.000
0.000
0.000
0.000
0.000
0.000
0.000
0.000
0.000
0.000
0.000
0.000
0.000
0.000
0.000
0.000
0.000
0.000
0.000
0.000
0.000
0.000
0.000
0.000
0.000
0.000
0.000
0.000
0.000
