fixedStep chrom=ENSGT00390000018409 start=1 step=1
0.057
0.057
0.057
0.054
0.055
0.056
0.055
0.057
-2.563
0.055
0.052
0.042
0.054
0.057
0.055
0.055
0.057
0.057
0.056
0.057
0.057
0.056
-2.287
0.057
-1.206
-1.204
-1.261
0.056
0.057
0.057
-4.210
0.048
0.057
0.056
0.055
0.055
0.048
0.057
0.051
0.048
0.057
0.057
0.048
0.048
0.046
0.057
0.057
0.056
0.057
0.048
0.057
0.048
0.057
0.057
0.057
0.057
0.057
0.057
0.057
0.057
0.057
0.057
0.048
0.057
0.057
0.057
0.057
0.057
0.057
0.057
0.057
0.057
0.056
0.057
0.056
0.057
0.057
0.057
0.057
0.057
0.057
0.055
0.057
0.055
0.057
0.055
0.048
0.048
0.057
0.048
0.057
0.057
0.057
0.057
0.057
0.057
0.055
0.053
0.056
0.057
0.057
0.055
0.057
0.057
0.057
0.057
0.057
0.049
0.045
0.048
0.057
0.057
0.057
0.057
0.055
0.047
0.053
0.057
0.057
0.057
0.057
0.054
0.055
0.048
0.057
0.055
0.052
0.055
0.057
0.057
0.057
0.052
0.057
0.057
0.057
0.057
0.057
0.056
0.057
0.057
0.056
0.057
0.057
0.057
0.057
0.057
0.057
0.057
0.057
0.057
0.057
0.057
0.057
0.057
0.057
0.057
0.057
0.057
0.057
0.057
0.057
0.054
0.057
0.057
0.057
0.057
0.057
0.057
0.057
0.057
0.057
0.057
0.057
0.055
0.057
0.057
0.055
0.054
0.055
0.055
0.057
0.057
0.056
0.056
0.057
0.057
0.048
0.057
0.057
0.057
0.057
0.054
0.057
0.057
0.057
0.057
0.055
0.055
0.057
0.057
0.052
0.057
0.057
0.053
0.057
0.057
0.057
0.048
0.057
0.055
0.057
0.057
0.057
0.057
0.057
0.052
0.057
0.057
0.057
0.057
0.057
0.055
0.057
0.057
0.057
0.057
0.057
0.046
0.057
0.057
0.056
0.055
0.057
0.056
0.057
0.057
0.057
0.057
0.057
0.057
0.057
0.057
0.057
0.057
0.057
0.057
0.057
0.057
0.057
0.057
0.057
0.057
0.057
0.057
0.051
0.057
0.057
0.057
0.057
0.057
0.055
0.057
0.057
0.057
0.057
0.057
0.048
0.057
0.057
0.057
0.057
0.057
0.057
0.057
0.057
0.057
0.057
0.057
0.057
0.057
0.057
0.057
0.057
0.057
0.055
0.057
0.057
0.055
0.057
0.056
0.057
0.057
0.057
0.055
0.057
0.057
0.057
0.057
0.057
0.057
0.057
0.057
0.048
0.057
0.057
0.057
0.055
0.057
0.057
0.057
0.055
0.057
0.048
0.057
0.057
0.055
0.057
0.057
0.057
0.057
0.056
0.057
0.055
0.045
0.055
0.057
0.055
0.057
0.057
0.057
0.057
0.055
0.057
0.057
0.057
0.055
0.057
0.057
0.057
0.054
0.057
0.048
0.056
0.057
0.057
0.053
0.057
0.048
0.057
0.055
0.049
0.057
0.055
0.054
0.055
0.057
0.057
0.057
0.052
0.054
0.056
0.057
-2.287
0.056
0.048
0.053
0.056
0.057
0.057
0.057
0.057
0.055
0.053
0.057
0.057
0.057
0.057
0.048
0.057
0.057
0.057
0.057
0.057
0.057
0.053
0.057
0.048
0.057
0.057
0.053
0.057
0.055
0.057
0.057
0.057
0.057
0.057
0.057
0.057
0.057
0.057
0.057
0.057
0.057
0.057
0.057
0.057
0.057
0.055
0.057
0.057
0.057
0.057
0.057
0.057
0.057
0.057
0.057
0.057
0.054
0.057
0.057
0.057
0.057
0.057
0.057
0.057
0.057
0.057
0.057
0.057
0.057
0.057
0.057
0.057
0.057
0.057
0.056
0.057
0.057
0.054
0.057
0.057
0.056
0.057
0.057
0.057
0.057
0.057
0.057
0.057
0.057
0.048
0.057
0.057
0.057
0.057
0.057
0.057
0.057
0.057
0.053
0.057
0.057
0.057
0.057
0.057
0.057
0.057
0.057
0.057
0.055
0.057
0.048
0.057
0.057
0.057
0.055
0.057
0.057
0.057
0.057
0.055
0.057
0.057
0.057
0.057
0.057
0.057
0.057
0.057
0.051
0.057
0.057
0.056
0.057
0.057
0.057
0.057
0.057
0.055
0.055
0.057
0.057
0.057
0.057
0.053
0.057
0.057
0.057
0.057
0.057
0.057
0.048
0.051
0.047
0.057
0.057
0.057
0.057
0.057
0.057
0.057
0.047
0.055
0.057
0.057
0.057
0.055
0.057
0.057
0.057
0.057
0.057
0.057
0.055
0.057
0.057
0.057
0.057
0.057
0.057
0.057
0.048
0.057
0.054
0.057
0.057
0.056
0.057
0.057
0.057
0.057
0.057
0.057
0.057
0.057
0.057
0.057
0.057
0.057
0.057
0.057
0.057
0.056
0.057
0.057
0.057
0.057
0.055
0.057
0.057
0.057
0.054
0.057
0.056
0.045
0.057
0.055
0.057
0.057
0.057
0.057
0.057
0.057
0.057
0.057
0.056
0.057
0.057
0.056
0.057
0.057
0.057
0.057
0.057
0.056
0.057
0.057
0.057
0.057
0.057
0.057
0.057
0.057
0.056
0.057
0.057
0.057
0.055
0.057
0.055
0.057
0.057
0.055
0.057
0.057
0.052
0.048
0.057
0.057
0.057
0.057
0.057
0.057
0.057
0.048
0.057
0.057
0.056
0.057
0.057
0.055
0.057
0.057
0.057
0.057
0.052
0.057
0.057
0.057
0.057
0.057
0.057
0.057
0.057
0.057
0.057
0.057
0.055
0.057
0.057
0.055
-2.485
0.057
0.057
0.057
0.057
0.057
0.057
0.057
0.051
0.054
0.055
0.057
0.057
0.057
0.057
0.057
0.057
0.057
0.057
0.057
0.057
0.054
0.057
0.057
0.057
0.057
0.057
0.057
0.057
0.057
0.054
0.057
0.057
0.054
0.057
0.057
0.057
0.057
0.057
0.057
0.057
0.057
0.055
0.057
0.057
0.057
0.055
0.048
0.055
0.057
0.057
0.055
0.057
0.057
0.057
0.048
0.057
0.057
-1.927
0.048
0.057
0.057
0.057
0.057
0.057
0.057
0.056
0.057
0.057
0.057
0.057
0.054
0.056
0.057
0.057
0.057
0.056
0.057
0.057
0.057
0.057
0.048
0.057
0.057
0.055
0.057
0.057
0.057
0.057
0.057
0.057
0.057
0.057
0.055
0.057
0.057
0.057
0.057
0.057
0.057
0.057
0.057
0.057
0.057
0.057
0.057
0.057
0.057
0.057
0.057
0.057
0.057
0.057
0.057
0.057
0.057
0.057
0.057
0.057
0.057
0.057
0.057
0.057
0.057
0.057
0.057
0.057
0.057
0.057
0.048
0.057
0.057
0.057
0.057
0.057
0.057
-2.471
0.057
0.057
0.057
0.057
0.057
0.057
0.057
0.057
0.051
0.057
0.057
0.057
0.057
0.057
0.055
0.057
0.057
0.057
0.057
0.057
0.042
0.057
0.048
0.057
0.057
-1.919
0.057
0.057
0.057
0.057
0.057
0.055
0.057
0.048
0.055
0.055
0.057
0.057
0.057
0.057
0.055
0.057
0.055
0.057
0.057
0.057
0.057
0.057
0.057
0.057
0.057
0.057
0.057
0.054
0.057
0.057
0.057
0.057
0.055
0.057
0.057
0.057
0.057
0.057
0.055
0.057
0.057
0.057
0.057
0.057
0.055
0.057
0.057
0.057
0.057
0.057
0.055
0.057
0.057
0.057
0.057
0.057
0.057
0.057
0.057
0.057
0.055
0.057
0.057
0.057
0.057
0.057
0.057
0.057
0.057
0.057
0.057
0.057
0.057
0.057
0.057
0.054
0.057
0.057
0.057
0.057
0.057
0.057
0.057
0.057
0.057
0.057
0.057
0.057
0.057
0.057
0.057
0.057
0.057
0.057
0.057
0.057
0.057
0.057
0.057
0.057
0.057
0.055
0.057
0.057
0.057
0.057
0.057
0.057
0.057
0.057
0.057
0.057
0.057
0.057
0.057
0.057
0.057
0.057
0.057
0.057
0.052
0.049
0.049
0.052
0.052
0.052
0.052
0.052
0.052
0.052
0.052
0.052
0.052
0.052
0.052
0.052
0.052
0.052
0.052
0.052
0.052
0.052
0.052
0.052
0.052
0.052
0.052
0.052
0.052
0.052
0.052
0.052
0.051
0.052
0.052
0.052
0.052
0.052
0.052
0.052
0.052
0.052
0.052
0.052
0.052
0.052
0.052
0.052
0.052
0.052
0.051
0.052
0.052
0.052
0.050
0.052
0.052
0.052
0.052
0.051
0.052
0.052
0.051
0.052
0.052
0.052
0.052
0.052
0.048
0.052
0.052
0.052
0.052
0.052
0.052
0.052
0.052
0.052
0.052
0.052
0.052
0.051
0.052
0.052
0.052
0.052
0.052
0.052
0.052
0.052
0.049
0.052
0.052
0.052
0.052
0.052
0.052
0.052
0.050
0.052
0.052
0.052
0.052
0.052
0.052
0.052
0.052
0.052
0.052
0.052
0.052
0.052
0.052
0.052
0.052
0.052
0.052
0.052
0.052
0.050
0.050
0.052
0.052
0.052
0.052
0.052
0.052
0.037
0.052
0.052
0.052
0.052
0.037
0.052
0.052
0.052
0.052
0.052
0.052
0.052
0.052
0.052
0.052
0.052
0.051
0.052
0.052
0.052
0.052
0.052
0.052
0.052
0.052
0.052
0.052
0.052
0.052
0.052
0.052
0.052
0.052
0.052
0.052
0.052
0.041
0.052
0.052
0.051
0.052
0.052
0.052
0.052
0.052
0.052
0.052
0.052
0.052
0.052
0.052
0.052
0.052
0.052
0.052
0.052
0.052
0.046
0.052
0.052
0.052
0.052
0.052
0.052
0.052
0.052
0.052
0.052
0.052
0.052
0.052
0.052
0.052
0.052
0.052
0.052
0.052
0.052
0.052
0.052
0.052
0.052
0.052
0.052
0.052
0.052
0.052
0.052
0.052
0.052
0.052
0.052
0.052
0.052
0.052
0.052
0.052
0.052
0.052
0.052
0.052
0.052
0.037
0.052
0.052
0.050
0.052
0.052
0.049
0.052
0.052
0.052
0.052
0.052
0.051
0.052
0.052
0.052
0.052
0.052
0.050
0.052
0.052
0.050
0.052
0.052
0.052
0.052
0.052
0.052
0.052
0.052
0.052
0.052
0.052
0.052
0.052
0.052
0.052
0.052
0.052
0.052
0.052
0.052
0.052
0.052
0.052
0.052
0.052
0.052
0.037
0.052
0.052
0.051
0.052
0.052
0.052
0.052
0.052
0.052
0.052
0.052
0.052
0.052
0.052
0.052
0.052
0.052
0.052
0.052
0.052
0.052
0.052
0.052
0.048
0.052
0.052
0.049
0.052
0.052
0.050
0.052
0.052
0.041
0.052
0.052
0.052
0.052
0.052
0.052
0.052
0.052
0.051
0.052
0.052
0.052
0.052
0.052
0.052
0.051
0.052
0.051
0.052
0.052
0.052
0.052
0.052
0.052
0.050
0.052
0.052
0.052
0.052
0.052
0.052
0.052
0.052
0.052
0.057
0.057
0.057
0.057
0.057
-1.537
-1.537
-1.537
0.057
0.057
0.055
0.047
0.057
0.055
0.057
0.057
0.057
0.057
0.054
0.057
0.057
0.057
0.057
0.057
0.057
0.056
0.052
0.057
0.057
0.057
0.057
0.057
0.057
0.057
0.057
0.057
0.057
0.055
0.057
0.057
0.057
0.057
0.057
0.057
0.057
0.057
0.055
0.056
0.057
0.055
0.057
0.057
0.054
0.057
0.057
0.057
0.057
0.057
0.057
0.055
0.057
0.055
0.057
0.057
0.055
0.057
0.054
0.057
0.055
0.057
0.057
0.057
0.057
0.055
0.057
0.057
0.057
0.057
0.057
0.056
0.057
0.057
0.052
0.057
0.057
0.057
0.057
0.057
0.048
0.057
0.057
0.055
0.057
0.057
0.057
0.057
0.056
0.057
0.057
0.057
0.057
0.055
0.057
0.057
0.057
0.057
0.055
0.057
0.057
0.055
0.057
0.057
0.055
0.057
0.057
0.055
0.057
0.057
0.057
0.057
0.057
0.057
0.057
0.057
0.057
0.057
0.057
0.057
0.057
0.057
0.052
0.057
0.057
0.057
0.057
0.057
0.057
0.057
0.057
0.057
0.057
0.057
0.055
0.057
0.057
0.057
0.048
0.057
0.057
0.057
0.057
0.057
0.057
0.057
0.055
0.057
0.056
0.055
0.057
0.056
0.048
0.057
0.057
0.057
0.057
0.057
0.055
0.057
0.057
0.055
0.057
0.057
0.053
0.057
0.057
0.057
0.057
0.057
0.056
0.057
0.057
-2.387
