fixedStep chrom=ENSGT00500000044959 start=1 step=1
0.070
0.070
0.070
0.070
0.061
0.065
0.070
0.070
0.070
0.070
0.061
0.070
0.070
0.068
-0.881
0.070
0.070
0.070
0.056
0.070
0.056
0.070
0.066
0.068
0.070
0.070
0.065
0.067
0.070
0.070
0.070
-0.864
0.070
0.070
0.067
-2.284
0.067
0.070
0.070
0.070
0.070
0.070
0.070
0.070
0.070
0.070
0.070
0.070
0.070
0.070
0.070
0.070
0.056
0.059
-1.601
0.070
0.070
0.070
0.070
0.070
0.070
0.070
-0.885
0.070
-0.883
0.070
0.070
0.065
0.070
0.070
0.070
0.059
0.070
0.070
0.070
0.065
0.070
0.070
0.070
0.070
0.070
0.070
0.070
0.070
0.070
0.070
0.069
0.070
0.070
0.070
0.070
0.070
0.070
0.070
0.070
0.070
0.070
0.070
0.070
0.070
0.070
0.070
0.070
0.070
0.070
0.070
0.070
0.070
0.070
0.070
0.069
0.070
0.070
0.070
0.070
0.070
0.067
0.070
0.070
0.070
0.070
0.070
0.065
0.070
0.070
0.070
0.070
0.070
0.070
0.070
0.070
0.070
0.070
0.070
0.066
0.070
0.070
0.070
0.066
0.070
0.065
0.069
0.070
0.069
0.070
0.070
0.070
0.070
0.070
0.070
0.070
0.070
0.070
0.070
0.070
0.067
0.070
0.070
0.070
0.070
0.070
0.065
0.070
0.070
0.070
0.070
0.070
0.065
0.070
0.070
0.070
0.070
0.070
0.070
0.070
0.070
0.070
0.070
0.070
0.068
0.050
0.069
0.070
0.069
0.070
0.070
0.070
0.070
0.070
0.070
0.070
0.070
0.070
0.070
0.070
0.070
0.070
0.065
0.062
0.070
0.070
0.070
0.070
0.056
0.069
0.070
0.061
0.070
0.070
0.065
0.070
0.070
0.067
0.070
0.070
0.070
0.070
0.065
0.065
0.070
0.070
0.070
0.070
0.070
0.065
0.070
0.065
0.070
0.070
0.065
0.070
0.070
0.070
0.070
0.070
0.070
0.070
0.070
0.070
0.069
0.070
0.070
-0.885
0.070
0.070
-1.611
0.070
0.070
0.066
0.070
0.070
0.070
0.070
0.065
0.067
0.070
0.070
0.070
0.069
0.070
0.070
0.070
0.070
0.070
0.070
-0.883
0.069
0.070
0.070
0.070
0.070
0.070
0.069
0.070
0.070
0.070
0.070
0.070
-0.886
0.070
0.070
0.070
0.070
0.070
0.070
0.070
0.070
0.070
0.070
0.067
0.070
0.062
0.070
0.065
0.070
0.070
0.067
0.070
0.070
0.070
0.070
0.070
0.070
0.070
0.065
0.070
0.070
0.070
0.070
0.070
0.070
0.070
0.070
0.070
0.070
0.067
0.070
0.070
0.061
0.070
0.068
0.070
0.070
0.070
-0.883
0.070
0.068
0.070
0.070
0.068
0.070
0.070
0.068
0.070
0.070
0.065
0.070
0.070
0.070
0.070
0.070
0.067
0.070
0.070
-2.443
0.061
0.070
0.068
0.070
0.070
0.061
0.070
0.070
0.070
0.070
0.070
0.070
0.070
0.070
0.061
0.070
0.070
0.061
0.056
0.070
0.070
0.070
0.070
0.070
0.070
0.070
0.070
0.070
0.070
0.070
0.070
0.070
0.070
0.070
0.070
0.070
0.070
0.070
0.070
0.070
0.070
0.070
0.069
0.068
0.070
0.070
0.070
0.070
0.070
0.070
0.065
0.070
0.070
0.070
0.070
0.070
0.070
0.065
0.065
0.070
0.070
0.070
0.068
0.070
0.070
0.070
0.065
0.070
0.067
0.070
0.070
0.070
0.070
0.062
0.069
