fixedStep chrom=ENSGT00390000015318 start=1 step=1
0.040
0.040
0.040
0.040
0.040
0.040
0.040
0.040
0.040
0.040
0.040
0.040
0.040
0.040
0.035
0.040
0.040
0.039
0.040
0.040
0.040
0.040
0.040
0.040
0.040
0.040
0.040
0.040
0.040
0.040
0.035
0.040
0.040
0.040
0.040
0.040
0.040
0.040
0.040
0.040
-1.430
0.040
0.040
0.040
0.040
0.040
0.040
0.039
0.040
0.040
0.040
0.040
0.040
0.035
0.040
0.040
0.040
0.040
0.040
0.040
0.040
0.040
0.040
0.040
0.040
0.040
0.040
0.040
0.040
0.035
0.040
0.040
0.040
0.040
0.040
0.035
0.040
0.040
0.040
0.040
0.040
0.040
0.040
0.040
0.040
0.040
0.040
0.040
0.040
0.040
0.040
0.035
0.039
0.040
0.040
0.040
0.040
0.040
0.040
0.040
0.040
0.040
0.037
0.040
0.040
0.040
0.040
0.040
0.040
0.040
0.040
0.040
0.040
0.040
0.040
0.040
0.040
0.040
0.040
0.039
0.040
0.040
0.040
0.040
0.040
0.000
0.040
0.040
0.040
0.040
0.040
0.035
0.040
0.038
0.040
0.040
0.040
0.040
0.040
0.035
0.040
0.040
0.040
0.040
0.040
0.040
0.040
0.040
0.040
0.040
0.040
0.040
0.035
0.040
0.040
-1.454
0.040
0.040
0.040
0.040
0.040
0.040
0.040
0.040
0.040
0.040
0.035
0.040
0.040
0.040
0.040
0.040
0.040
0.040
0.040
0.040
0.040
0.040
0.040
0.040
0.040
0.040
0.040
0.040
0.040
0.040
0.040
0.040
0.040
0.040
0.040
0.040
0.040
0.040
0.040
0.040
0.040
0.040
0.040
0.040
0.040
0.040
0.040
0.040
0.040
0.040
0.040
0.040
0.040
0.039
0.040
0.040
0.040
0.040
0.040
0.040
0.040
0.040
0.040
-0.086
0.040
0.040
0.040
0.040
0.040
0.040
0.040
0.035
-1.428
-1.430
0.040
0.040
0.040
0.040
0.040
0.040
0.040
0.040
0.040
0.040
0.040
0.040
0.040
0.040
0.040
0.039
0.040
0.040
0.038
0.039
0.040
0.040
0.040
0.040
0.040
0.040
0.040
0.040
0.040
0.040
0.040
-1.454
0.040
0.040
0.040
0.040
0.035
0.040
0.040
0.035
-1.430
0.040
0.040
0.040
0.040
-1.428
0.040
0.040
0.040
0.040
0.040
0.040
0.040
0.040
0.040
0.040
0.040
0.040
0.040
0.040
0.040
0.040
0.040
0.040
0.040
0.039
0.040
0.035
0.040
0.040
0.040
0.040
0.040
-1.428
0.040
0.040
0.040
0.040
0.040
0.040
0.040
0.040
0.040
0.040
0.039
0.040
0.040
0.040
0.040
0.040
0.040
0.040
0.040
0.040
0.039
0.040
0.040
0.040
0.040
0.040
0.040
0.040
0.040
0.040
0.040
0.040
0.040
0.040
0.040
0.040
0.040
0.040
0.040
0.040
0.040
0.040
0.040
0.040
0.040
0.040
0.037
0.040
0.040
0.040
0.040
0.040
0.040
0.040
0.040
0.040
0.040
0.040
0.040
0.040
0.040
0.040
0.040
0.040
0.040
0.040
0.040
0.040
0.040
0.040
0.040
0.040
0.040
0.040
0.040
0.040
0.040
0.040
0.040
0.040
0.040
0.040
0.040
0.040
0.040
-1.451
0.040
0.040
0.040
0.040
0.040
0.040
0.040
0.040
0.040
0.040
0.035
0.040
0.040
0.040
0.040
0.040
0.040
0.040
0.040
0.040
0.040
0.040
0.040
0.040
0.040
0.040
0.040
0.040
0.040
0.040
0.040
0.040
0.040
0.040
0.040
0.035
0.040
0.040
0.040
0.040
0.040
0.040
0.040
0.040
0.040
0.040
0.040
0.040
0.040
0.040
0.040
0.040
0.040
0.040
0.040
0.040
0.040
0.040
0.040
0.040
0.040
0.040
0.040
0.040
0.040
0.040
0.040
0.040
0.040
0.040
0.040
0.040
0.040
0.040
0.040
0.040
0.040
0.040
0.040
0.040
0.040
0.040
0.040
0.035
-1.460
-1.454
0.040
0.040
0.040
0.040
0.040
0.040
0.040
0.040
0.040
0.035
0.040
0.040
0.040
0.040
0.035
0.040
0.040
0.040
0.040
0.039
0.040
0.040
0.035
0.040
0.040
0.040
0.040
0.040
0.040
0.040
0.040
0.040
0.040
-1.428
0.040
0.040
0.040
0.040
0.040
0.040
0.040
0.040
0.040
-1.446
0.040
0.040
0.040
0.040
0.040
0.040
0.040
0.040
0.040
0.040
0.040
-1.454
0.040
0.040
0.040
0.040
0.040
0.040
0.040
0.040
0.040
0.035
0.040
0.040
0.040
0.035
-0.930
-0.930
-0.930
-0.930
-0.930
-0.930
0.035
-1.451
-1.446
0.040
0.040
0.040
0.040
0.040
0.040
0.040
0.040
0.040
0.040
0.040
0.040
0.040
0.040
0.040
0.035
0.040
0.040
0.040
0.040
0.040
0.040
0.040
0.040
0.040
0.040
0.040
-1.430
0.040
0.040
0.040
0.040
0.040
0.035
0.040
0.040
0.040
0.040
0.040
0.040
0.040
-1.462
0.040
0.040
0.040
0.040
0.040
0.040
0.040
0.040
0.040
-1.428
0.040
0.040
0.040
0.040
0.040
0.040
0.040
0.040
0.040
0.040
0.040
0.040
0.040
0.040
0.040
0.040
0.040
0.040
0.038
0.040
0.040
0.040
0.040
0.040
0.040
0.040
0.040
0.040
0.040
0.040
0.040
0.035
0.040
0.040
0.040
0.040
0.040
0.040
0.040
0.040
0.040
0.040
0.040
0.040
-1.454
0.040
0.040
0.040
0.039
0.040
0.040
0.040
0.040
0.040
0.040
0.040
0.040
0.040
0.040
-1.460
0.040
0.040
0.040
0.040
0.040
0.040
0.040
0.040
0.040
0.040
0.040
0.040
0.040
0.040
0.035
0.040
-1.460
0.040
0.040
0.040
0.040
0.040
0.040
0.040
0.040
0.040
0.040
0.040
0.040
0.035
0.040
0.040
0.040
0.040
0.040
0.040
0.040
0.040
0.035
0.035
0.040
0.035
-1.464
0.040
0.040
0.040
0.040
0.035
0.040
-1.454
0.040
0.040
0.040
0.040
0.040
0.035
0.040
0.040
0.040
0.040
0.040
0.040
0.040
0.040
0.035
0.040
0.035
0.040
0.040
0.040
0.040
0.040
0.040
0.040
0.040
0.040
0.040
0.035
-1.460
0.040
