fixedStep chrom=ENSGT00390000011228 start=1 step=1
0.000
0.000
0.000
0.000
0.000
0.000
0.000
0.000
0.000
0.000
0.000
0.000
0.000
0.000
0.000
0.000
0.000
0.000
0.000
0.000
0.000
0.000
0.000
0.000
0.000
0.000
0.000
0.000
0.000
0.000
0.000
0.000
0.000
0.000
0.000
0.000
0.000
0.000
0.000
0.000
0.000
0.000
0.000
0.000
0.000
0.000
0.000
0.000
0.000
0.000
0.000
0.000
0.000
0.000
0.000
0.000
0.000
0.000
0.000
0.000
0.000
0.000
0.000
0.000
0.000
0.000
0.000
0.000
0.000
0.000
0.000
0.000
0.000
0.000
0.000
0.000
0.000
0.000
0.000
0.000
0.000
0.000
0.000
0.000
0.000
0.000
0.000
0.000
0.000
0.000
0.000
0.000
0.000
0.000
0.000
0.000
0.000
0.000
0.000
0.000
0.000
0.000
0.000
0.000
0.000
0.000
0.000
0.000
0.000
0.000
0.000
0.000
0.000
0.000
0.000
0.000
0.000
0.000
0.000
0.000
0.000
0.000
0.000
0.000
0.000
0.000
0.000
0.000
0.000
0.000
0.000
0.000
0.000
0.000
0.000
0.000
0.000
0.000
0.000
0.000
0.000
0.000
0.000
0.000
0.000
0.000
0.000
0.000
0.000
0.000
0.000
0.000
0.000
0.000
0.000
0.000
0.000
0.000
0.000
0.000
0.000
0.000
0.000
0.000
0.000
0.000
0.000
0.000
0.000
0.000
0.000
0.000
0.000
0.000
0.000
0.000
0.000
0.000
0.000
0.000
0.000
0.000
0.000
0.000
0.000
0.000
0.000
0.000
0.000
0.000
0.000
0.000
0.000
0.000
0.000
0.000
0.000
0.000
0.000
0.000
0.000
0.000
0.000
0.000
0.000
0.000
0.000
0.000
0.000
0.000
0.000
0.000
0.000
0.000
0.000
0.000
0.000
0.000
0.000
0.000
0.000
0.000
0.000
0.000
0.000
0.000
0.000
0.000
0.000
0.000
0.000
0.000
0.000
0.000
0.000
0.000
0.000
0.000
0.000
0.000
0.000
0.000
0.000
0.000
0.000
0.000
0.000
0.000
0.000
0.000
0.000
0.000
0.000
0.000
0.000
0.000
0.000
0.000
0.000
0.000
0.000
0.000
0.000
0.000
0.000
0.000
0.000
0.000
0.000
0.000
0.000
0.000
0.000
0.000
0.000
0.000
0.000
0.000
0.000
0.000
0.000
0.000
0.000
0.000
0.000
0.000
0.000
0.000
0.000
0.000
0.000
0.000
0.000
0.000
0.000
0.000
0.000
0.000
0.000
0.000
0.000
0.000
0.000
0.000
0.000
0.000
0.000
0.000
0.000
0.000
0.000
0.000
0.000
0.000
0.000
0.000
0.000
0.000
0.000
0.000
0.000
0.000
0.000
0.000
0.000
0.000
0.000
0.000
0.000
0.000
0.000
0.000
0.000
0.000
0.000
0.000
0.000
0.000
0.000
0.000
0.000
0.000
0.000
0.000
0.000
0.000
0.000
0.000
0.000
0.000
0.000
0.000
0.000
0.000
0.000
0.000
0.000
0.000
0.000
0.000
0.000
0.000
0.000
0.000
0.000
0.000
0.000
0.000
0.000
0.000
0.000
0.000
0.000
0.000
0.000
0.000
0.000
0.000
0.000
0.000
0.000
0.000
0.000
0.000
0.000
0.000
0.000
0.000
0.000
0.000
0.000
0.000
0.000
0.000
0.000
0.000
0.000
0.000
0.000
0.000
0.000
0.000
0.000
0.000
0.000
0.000
0.000
0.000
0.000
0.000
0.000
0.000
0.000
0.000
-1.752
-1.751
-1.778
-1.847
-1.988
-1.918
-1.916
-1.915
-1.846
-1.794
-1.794
-1.752
-1.751
-1.751
0.000
0.000
0.000
0.000
0.000
0.000
0.000
0.000
0.000
0.000
0.000
0.000
0.000
0.000
0.000
0.000
0.000
0.000
0.000
0.000
0.000
0.000
0.000
0.000
0.000
0.000
0.000
0.000
0.000
0.000
0.000
0.000
0.000
0.000
-1.916
-1.915
-1.916
-1.946
-1.915
-1.794
-1.915
-1.919
-1.751
-1.794
-1.915
-1.916
-1.752
-1.915
-1.917
-1.752
0.000
0.000
0.000
0.000
0.000
0.000
0.000
0.000
0.000
0.000
-1.905
-2.851
-2.850
-3.021
-3.025
-3.030
-2.781
-3.204
-3.248
-3.208
0.160
0.109
0.165
0.109
0.166
0.133
0.122
0.159
-3.480
0.145
0.172
-1.980
-0.760
0.132
0.132
-0.313
0.172
0.165
0.132
0.132
-0.312
-0.755
-1.112
0.156
0.148
0.156
-0.309
0.109
0.161
-1.275
0.156
-0.724
0.131
0.854
0.854
0.854
-1.493
0.133
0.000
0.132
0.165
0.156
0.160
0.160
0.135
-0.243
0.174
-1.105
0.172
0.168
0.145
0.145
0.173
0.144
-0.698
0.145
0.158
0.159
0.159
0.155
0.158
0.158
-0.192
0.160
0.158
0.146
-0.102
-0.103
-0.107
0.145
0.145
0.156
0.158
0.158
-1.397
-0.355
0.145
-0.192
0.158
0.158
0.145
0.159
0.159
-0.779
0.158
0.158
0.143
0.159
0.160
-1.198
0.158
0.160
0.146
0.158
0.145
0.158
0.159
0.159
0.146
-0.192
0.158
0.158
-0.581
-0.581
-0.621
0.159
0.160
0.158
-0.714
0.160
-0.393
0.158
0.158
0.146
0.159
0.159
0.150
0.158
0.160
-0.362
0.158
0.158
0.145
0.145
0.159
0.159
0.160
0.159
0.149
0.151
0.158
0.152
0.158
0.143
0.148
0.159
0.158
0.146
0.159
0.158
0.156
0.158
0.158
-0.191
0.157
0.160
-0.767
0.159
0.158
0.159
0.000
0.000
0.000
0.000
0.000
0.000
0.000
0.000
0.000
0.000
0.000
0.000
0.000
0.000
0.000
0.000
0.000
0.000
0.000
0.000
0.000
0.000
0.000
0.000
0.000
0.000
0.000
0.000
0.000
0.000
0.000
0.000
0.000
0.000
0.000
0.000
0.000
0.000
0.000
0.000
0.000
0.000
0.000
0.000
0.000
0.000
0.000
0.000
0.000
0.000
0.000
0.000
0.000
0.000
0.000
0.000
0.000
0.000
0.000
0.000
0.000
0.000
0.000
-0.927
0.158
0.145
0.158
0.158
0.143
0.159
0.160
-0.898
0.159
0.160
0.146
0.158
0.160
0.158
0.158
0.158
0.146
0.159
0.158
-0.192
0.158
0.145
0.156
0.000
0.000
0.000
0.000
0.000
0.000
0.000
0.000
0.000
0.168
0.168
0.157
0.169
0.171
0.146
0.168
-0.134
-4.671
-0.724
0.157
-0.129
-0.134
0.169
-0.134
0.169
0.156
0.156
0.169
0.169
0.155
0.169
0.169
0.167
0.168
0.169
0.154
0.152
0.171
0.167
0.169
0.169
0.167
-0.133
0.157
0.154
0.168
0.171
-0.134
-0.133
0.171
0.168
0.168
0.169
0.157
-0.133
0.169
-0.219
-0.133
0.168
-0.722
-0.133
0.157
0.156
0.169
0.168
0.157
0.157
0.169
0.169
0.169
0.169
0.155
-0.134
0.171
-0.133
0.164
0.171
-0.133
0.169
0.169
0.165
-0.174
-0.174
-0.174
-1.448
-0.588
-0.589
0.140
0.169
0.167
0.162
0.169
0.153
0.168
0.169
0.152
-0.276
-0.275
-0.272
-0.985
-0.982
-1.126
-0.985
-0.976
-1.360
-0.766
0.162
0.160
0.165
0.157
0.167
-0.769
-0.132
0.168
-0.133
0.169
0.157
0.171
-0.134
0.153
-0.134
-0.133
0.169
0.168
0.171
-0.133
0.168
0.169
0.157
-0.133
-0.128
0.156
0.168
0.169
0.155
0.169
0.171
0.157
0.157
0.171
0.167
0.169
0.157
0.169
0.169
0.168
0.166
0.169
0.169
0.168
0.169
0.169
0.168
0.169
0.157
0.168
0.158
0.171
0.168
-1.076
-0.982
-1.538
0.160
0.169
0.168
0.173
0.174
0.109
0.172
0.172
0.172
0.109
0.109
-1.068
0.109
0.109
0.153
0.109
0.109
0.157
0.000
0.000
0.000
0.000
0.000
0.000
0.000
0.000
0.000
0.000
0.172
0.171
0.160
0.172
0.160
0.172
0.172
0.159
0.109
0.172
0.154
0.172
0.172
-1.017
0.109
0.172
0.159
0.170
0.173
0.173
0.173
0.173
-7.158
0.172
0.172
0.172
0.174
0.174
0.174
0.160
0.174
-0.220
0.172
0.172
0.160
0.172
0.174
0.109
0.172
0.160
0.158
0.172
0.160
-0.234
0.172
0.172
0.161
0.173
0.174
0.108
0.109
0.172
0.172
0.172
0.172
0.170
0.172
0.159
-0.301
0.170
0.109
0.173
0.109
0.109
0.159
0.109
-0.217
0.160
0.160
0.153
0.165
0.160
0.109
0.160
-0.710
0.172
0.171
0.172
0.109
0.109
-0.694
0.160
0.171
0.171
-1.633
0.170
0.000
0.000
0.000
0.000
0.000
0.000
