fixedStep chrom=ENSGT00390000003015 start=1 step=1
0.071
0.071
0.071
0.071
0.071
0.071
0.071
0.071
0.071
0.071
0.071
0.071
0.071
-1.780
0.071
0.071
0.066
0.068
0.071
0.071
0.071
0.071
0.071
0.071
0.071
0.057
0.067
0.069
0.071
0.066
-1.791
0.059
0.057
0.071
0.067
0.071
0.071
0.071
0.071
0.071
0.071
0.066
0.071
0.071
0.066
-0.916
0.071
-2.217
0.066
0.071
0.067
0.068
0.071
0.066
0.071
0.071
0.071
0.071
0.071
0.067
0.071
0.071
0.071
0.071
0.071
0.066
0.071
0.071
0.071
0.071
0.071
0.071
0.071
0.071
0.071
0.071
0.071
0.071
0.071
0.071
0.071
0.071
0.071
0.071
0.071
0.071
0.066
0.071
0.071
0.071
0.071
0.071
0.064
0.063
0.071
0.071
0.071
0.071
0.071
0.071
0.071
0.064
0.071
0.071
0.064
0.071
0.071
-0.916
0.071
0.071
0.071
0.071
0.071
0.067
0.071
0.068
0.071
0.066
0.071
0.071
0.071
0.071
0.059
0.071
0.071
0.071
0.057
0.071
0.071
0.071
0.071
0.065
0.071
0.071
0.071
0.071
0.071
0.067
0.071
0.071
0.071
0.071
0.071
0.071
0.071
0.071
0.068
0.071
0.071
-1.709
0.071
0.071
0.065
0.071
0.071
0.070
0.071
0.071
0.071
0.071
0.068
0.059
0.071
0.071
0.071
0.071
0.071
0.071
0.071
0.071
0.067
0.059
0.071
0.071
0.071
0.071
0.066
0.071
0.071
0.071
0.071
0.071
0.071
0.071
0.071
0.071
0.071
0.071
0.067
0.071
0.071
0.068
0.071
0.071
0.068
0.071
0.071
0.071
0.071
0.071
0.059
0.066
0.071
0.071
0.071
0.071
0.067
0.071
0.071
-2.610
0.071
0.071
0.071
0.071
0.071
0.068
0.071
0.071
0.071
0.071
0.071
0.071
0.071
0.071
0.068
0.069
0.071
0.066
0.071
0.071
0.071
0.071
0.071
0.068
0.071
0.071
0.063
0.071
0.071
0.071
0.071
0.071
0.058
0.071
0.071
0.071
0.071
0.071
0.057
0.071
0.071
0.068
-0.147
-0.147
-0.147
0.071
0.071
0.071
0.071
0.071
0.071
0.071
0.071
0.071
0.071
0.071
0.071
0.071
0.071
0.071
0.071
0.071
0.065
0.071
0.071
0.071
0.071
0.071
0.071
0.071
0.071
0.071
0.071
0.071
0.071
0.071
0.071
0.071
0.071
0.071
0.071
0.071
0.071
0.059
0.071
0.071
0.066
0.071
0.071
0.071
0.071
0.071
-1.685
0.071
0.071
0.071
0.071
0.071
0.071
0.071
0.071
-0.919
0.071
0.071
-0.916
0.071
0.071
0.065
0.071
0.071
0.071
0.071
0.071
0.071
0.071
0.071
0.068
0.071
0.071
0.059
0.071
0.071
0.066
0.071
0.071
0.066
0.071
0.071
0.068
0.071
0.071
0.070
0.071
0.071
0.071
0.071
0.071
0.071
0.071
0.071
0.071
0.071
0.071
0.071
0.071
0.071
0.071
0.071
0.071
0.071
0.071
0.071
0.068
0.071
0.071
0.063
0.071
0.071
0.054
0.071
0.071
0.066
0.066
0.071
0.071
0.071
0.071
0.069
0.071
0.071
0.065
0.071
0.071
0.071
0.071
0.071
0.070
0.071
0.071
0.071
0.071
0.071
0.063
0.071
0.071
0.071
0.071
0.071
-1.756
0.071
0.071
0.067
0.071
0.071
0.071
0.071
0.071
0.071
0.071
0.071
0.068
0.071
0.071
0.071
0.071
0.071
0.059
0.071
0.071
0.071
0.071
0.071
0.071
0.071
0.071
0.071
0.065
0.071
0.071
0.071
0.071
0.055
0.071
0.071
0.065
0.071
0.071
0.068
0.071
0.071
0.071
0.071
0.071
0.071
0.071
0.071
-0.919
0.071
0.071
0.057
0.071
0.071
0.071
0.071
0.071
0.069
0.071
0.071
0.068
0.068
0.071
0.071
0.071
0.071
0.071
0.071
0.071
0.071
0.071
0.071
0.071
0.071
0.071
0.071
0.071
0.071
0.071
0.071
0.066
0.069
0.071
0.071
0.068
0.071
0.071
0.071
0.071
0.071
0.066
0.071
0.071
0.071
0.071
0.071
0.071
0.068
0.071
0.066
0.071
0.071
0.069
0.071
0.071
0.064
0.071
0.071
0.071
0.071
0.071
0.068
0.071
0.071
0.066
0.070
0.071
0.067
0.071
0.071
0.071
0.071
0.071
0.065
0.071
0.071
0.071
0.071
0.071
0.071
0.071
0.071
0.071
-1.756
-0.917
0.069
0.071
0.071
0.071
0.071
0.071
0.071
0.071
0.071
0.071
0.071
0.068
0.068
0.065
0.071
0.066
0.069
0.071
0.065
0.069
0.071
0.071
-1.269
-1.272
-1.272
0.071
0.071
0.071
0.071
0.071
0.071
0.067
0.071
0.057
0.071
0.071
0.071
-1.417
-1.417
-1.739
-1.418
-1.418
-1.741
-1.418
-1.418
-1.417
0.059
0.071
0.070
0.066
-0.919
0.071
0.071
0.071
0.071
0.071
0.071
0.071
0.071
0.071
0.071
0.071
0.071
0.071
0.071
0.071
0.071
0.071
0.071
0.071
0.071
0.071
0.071
0.071
0.071
0.071
0.071
0.071
0.071
0.071
0.071
0.057
0.066
0.071
0.071
0.071
0.071
0.071
0.071
0.067
0.071
0.071
0.068
0.071
0.071
0.071
-1.626
0.071
0.071
0.071
0.071
0.071
0.071
0.071
0.071
0.071
0.071
0.071
0.071
0.071
0.071
0.071
0.071
0.071
0.067
0.066
0.071
0.071
0.071
0.068
0.071
0.071
0.071
0.071
0.071
0.071
0.071
