fixedStep chrom=ENSGT00390000014957 start=1 step=1
0.076
0.076
0.076
0.076
0.074
-0.883
-0.868
0.075
0.076
0.076
0.076
0.076
0.076
0.076
0.076
0.076
0.076
0.076
0.076
-0.881
0.073
0.076
0.076
-0.881
-0.868
0.076
0.076
0.076
0.076
0.076
0.076
0.072
-1.249
0.073
0.068
-0.883
0.076
0.076
0.074
0.076
0.076
0.076
0.065
0.076
0.076
0.076
0.076
-1.400
0.069
0.076
0.075
0.076
-0.883
0.076
0.076
0.076
-0.801
0.076
0.076
0.068
0.076
0.076
0.076
-0.881
0.076
0.072
0.076
0.076
0.076
0.076
0.076
0.076
0.068
0.074
0.072
0.076
0.076
0.076
0.076
0.076
0.076
0.076
0.076
0.068
0.076
0.076
0.076
0.076
0.076
0.076
0.076
0.076
0.076
0.076
0.076
0.075
0.076
0.076
0.074
0.076
0.076
0.076
0.076
0.076
0.076
-0.881
0.076
0.076
0.076
-1.732
0.076
0.076
0.076
0.076
0.076
0.076
0.076
-1.615
0.076
-1.623
0.076
0.076
0.076
0.076
0.076
0.068
0.076
0.076
-0.883
0.076
0.076
0.076
0.076
0.076
0.076
0.076
0.076
0.076
0.076
0.076
-0.881
0.076
0.076
0.076
0.076
0.076
-0.881
0.076
0.076
0.068
0.076
0.076
0.076
0.068
0.076
0.076
0.076
0.076
0.068
0.076
0.076
0.067
0.075
0.076
0.076
0.076
0.076
0.076
0.076
0.076
0.076
0.076
0.076
0.076
0.076
0.076
0.068
0.072
0.076
-0.868
0.076
0.076
0.076
0.076
0.073
0.075
0.076
0.076
0.068
0.076
0.076
0.076
0.076
0.076
0.076
0.068
0.076
0.076
0.076
0.068
0.076
0.068
0.069
0.068
0.076
0.076
0.068
0.076
0.076
0.076
0.076
0.076
-0.881
0.076
0.076
0.076
0.076
0.076
-0.883
0.076
0.076
0.076
0.076
0.076
0.076
0.076
0.076
-0.880
0.076
0.076
0.076
0.076
0.076
-0.880
0.076
0.076
0.076
0.076
0.076
0.076
0.076
0.076
0.076
0.076
0.076
0.068
0.076
0.076
0.076
0.076
0.076
0.076
0.068
0.076
0.068
0.076
0.076
0.076
0.076
0.076
0.076
0.075
0.076
-0.881
0.076
0.076
0.068
0.076
0.076
0.076
0.076
0.076
-0.881
0.076
0.076
-0.868
0.076
0.076
0.076
0.076
0.076
0.076
0.076
0.076
0.076
0.076
0.076
0.076
0.076
0.076
0.072
0.076
0.076
0.076
0.076
0.076
0.073
0.076
0.076
-2.200
0.076
0.076
0.076
0.076
0.076
0.076
0.076
0.076
0.068
0.076
0.076
-1.608
0.076
0.076
0.076
0.076
0.076
0.076
0.076
0.076
-0.881
0.076
0.076
-0.868
0.076
0.076
0.076
0.076
0.076
0.068
0.076
0.076
0.076
0.076
0.076
0.074
0.076
-2.231
-1.636
0.073
-0.868
-0.883
0.076
0.076
0.076
0.069
0.074
-1.687
0.068
0.076
0.076
0.076
0.076
0.076
0.076
0.076
0.076
0.076
0.074
0.076
0.076
0.076
0.074
0.076
0.076
0.070
0.076
0.065
0.076
0.076
0.076
0.068
0.074
0.068
-0.868
0.076
0.076
0.076
0.075
0.076
0.076
0.076
0.075
0.076
0.068
0.068
0.068
0.076
0.074
0.074
0.066
0.076
0.072
0.076
0.076
0.076
0.076
0.076
0.075
0.076
0.076
0.076
0.076
0.076
0.076
0.073
0.073
0.076
0.068
0.076
0.076
0.076
0.076
0.068
0.076
0.076
0.076
0.076
0.076
0.076
0.076
0.076
0.067
0.072
0.075
0.068
0.076
0.075
0.073
-0.883
-0.879
0.076
0.076
0.076
0.076
0.076
0.076
0.076
0.075
0.068
0.068
0.076
0.076
-0.883
0.076
0.076
0.074
0.076
0.076
0.076
0.076
0.076
0.076
0.076
0.076
0.076
0.076
0.076
0.076
0.076
0.076
0.076
0.076
0.076
-0.883
0.076
0.076
0.076
0.076
0.076
0.076
0.076
0.076
0.076
0.073
-0.883
0.076
0.076
0.076
0.076
0.076
0.076
0.076
0.076
0.075
-1.619
0.073
0.068
0.076
0.076
0.076
-1.610
0.076
0.076
0.054
0.076
0.076
0.068
0.076
0.076
0.076
0.076
0.076
0.076
0.076
0.076
0.076
0.076
0.076
0.068
0.076
0.076
0.068
0.076
0.076
-1.623
0.076
0.076
0.076
0.076
0.076
0.076
0.076
0.076
-0.883
0.076
0.076
-0.880
0.076
0.076
0.076
0.076
0.076
0.068
-0.287
-0.287
-0.287
-0.287
-0.287
-0.287
-0.880
0.076
0.065
0.068
0.075
-0.881
0.076
0.076
0.076
0.076
0.074
0.076
0.076
0.076
0.076
0.076
0.076
0.074
0.076
0.076
-0.881
0.076
0.076
0.076
-0.883
0.068
0.076
-0.880
0.068
0.068
0.076
0.076
0.073
0.076
-0.879
0.076
0.076
0.076
0.075
-0.881
0.076
-0.879
0.068
0.076
0.076
0.076
0.076
0.076
0.076
0.076
-1.558
0.076
0.076
-0.868
0.076
0.076
0.075
0.076
0.076
-0.883
0.076
0.076
0.076
0.068
0.076
0.076
0.076
0.076
0.076
0.076
0.076
0.076
0.076
0.076
-0.879
0.076
0.076
0.076
0.076
0.076
0.076
0.076
0.076
-1.619
0.068
0.076
0.076
0.076
0.076
0.076
0.076
0.076
0.076
0.076
0.076
0.076
0.076
0.076
0.076
0.076
0.076
0.076
0.076
0.076
0.074
0.076
0.076
0.076
0.076
0.067
0.068
0.076
0.076
0.076
0.076
0.076
0.076
0.076
0.072
0.076
0.076
0.076
0.076
0.076
0.076
0.068
0.076
0.076
0.068
0.076
0.076
0.076
0.076
0.076
0.076
0.076
0.076
0.076
