fixedStep chrom=ENSGT00550000074907 start=1 step=1
0.000
0.000
0.000
0.000
0.000
0.000
0.000
0.000
0.000
0.000
0.000
0.000
0.000
0.000
0.000
0.056
0.056
0.056
0.056
0.056
0.056
0.056
0.056
0.056
0.054
0.056
0.053
0.056
0.056
0.056
0.056
0.056
0.055
0.056
0.056
0.055
0.056
0.056
0.055
0.056
0.056
0.056
0.056
0.056
0.056
0.056
0.056
0.053
0.056
0.050
0.055
0.056
0.056
0.056
0.056
0.046
0.056
0.056
0.056
0.056
0.056
0.056
0.053
0.056
0.056
0.056
0.056
0.056
0.044
0.056
0.056
0.056
0.056
0.056
0.056
0.056
0.056
0.056
0.056
0.056
0.056
0.056
0.056
0.056
0.056
0.056
0.056
0.056
0.056
0.053
0.056
0.056
0.056
0.056
0.056
0.050
0.056
0.056
0.053
0.056
0.056
0.056
0.056
0.056
0.056
0.056
0.056
0.056
0.056
0.056
0.047
0.056
0.056
0.048
0.056
0.056
0.056
0.056
0.056
0.056
0.056
0.056
0.053
0.056
0.056
0.056
0.056
0.056
0.056
0.056
0.056
0.056
0.056
0.056
0.056
0.056
0.056
0.056
0.056
0.056
0.054
0.056
0.056
0.055
0.056
0.056
0.042
0.056
0.056
0.056
0.056
0.056
0.056
0.056
0.056
0.056
0.056
0.056
0.056
0.056
0.056
0.052
0.053
0.056
0.056
0.056
0.056
0.056
0.056
0.056
0.054
0.056
0.056
0.056
0.056
0.056
0.054
0.056
0.056
0.054
0.056
0.056
0.056
0.056
0.056
0.056
0.056
0.056
0.056
0.056
0.056
0.055
0.056
0.056
0.056
0.056
0.056
0.055
0.056
0.056
0.056
0.056
0.056
0.054
0.056
0.056
0.056
0.056
0.056
0.056
0.056
0.055
0.056
0.056
0.056
0.056
0.053
0.055
0.056
0.056
0.056
0.054
0.056
0.056
0.046
0.056
0.056
0.056
0.056
0.056
0.056
0.056
0.056
0.055
0.056
0.056
0.054
0.056
0.056
0.056
0.056
0.056
0.041
0.056
0.056
0.056
0.056
0.056
0.055
0.056
0.054
0.056
0.056
0.056
0.056
0.056
0.056
0.056
0.056
0.056
0.056
0.056
0.056
0.056
0.055
0.056
0.056
0.053
0.056
0.054
0.056
0.056
0.054
0.056
0.056
0.056
0.056
0.056
0.056
0.056
0.056
0.056
0.056
0.056
0.056
0.056
0.056
0.055
0.056
0.056
0.056
0.056
0.056
0.056
0.056
0.056
0.046
-3.831
0.056
0.056
0.056
0.056
0.056
0.056
0.056
0.056
0.056
0.056
0.056
0.056
0.056
0.056
0.056
0.056
0.056
0.056
0.056
0.056
0.056
0.056
0.056
0.056
0.056
0.056
0.049
0.056
0.056
0.056
0.056
0.056
0.056
0.056
0.055
0.056
0.056
-3.412
0.056
0.053
0.056
0.056
0.056
0.056
0.056
0.056
0.056
0.056
0.056
0.056
0.056
0.056
0.056
0.056
0.056
0.056
0.056
0.056
0.056
0.056
0.056
0.056
0.056
0.056
0.055
0.056
0.056
0.056
0.056
0.056
0.056
0.056
0.056
0.056
0.056
0.056
0.056
0.056
0.056
0.056
0.056
0.056
0.056
0.056
0.056
0.056
0.056
0.056
0.056
0.053
0.056
0.053
0.056
0.056
0.056
0.056
0.056
0.056
0.056
0.056
0.056
0.056
0.056
0.056
0.056
0.056
0.056
0.056
0.056
0.056
0.056
0.056
0.055
0.056
0.056
0.056
0.056
0.056
0.056
0.056
0.056
0.056
0.053
0.053
0.056
0.056
0.053
0.056
0.056
0.051
0.056
0.056
0.056
0.054
0.056
0.056
0.056
0.056
0.056
0.056
0.056
0.049
0.056
0.056
0.056
0.056
0.056
0.056
0.056
0.056
0.056
0.056
0.056
0.056
0.056
0.050
0.056
0.056
0.056
0.056
0.056
0.056
0.054
0.042
0.056
0.047
0.056
0.056
0.056
0.055
0.055
0.056
0.051
0.056
0.056
0.056
0.056
0.056
0.053
0.055
0.056
0.056
0.056
0.056
0.056
0.054
0.056
0.056
0.056
0.056
0.056
0.056
0.056
0.056
0.055
0.056
0.052
0.052
0.053
0.052
0.052
0.052
0.053
0.052
0.052
0.053
0.052
0.052
0.051
0.052
0.053
0.053
0.040
0.047
0.052
0.052
0.052
0.052
0.052
0.052
0.050
0.052
0.053
0.052
0.052
0.052
0.053
0.052
0.053
0.053
0.053
0.052
0.053
0.052
0.052
0.052
0.052
0.052
0.050
0.052
0.052
0.053
0.052
0.052
0.052
0.052
0.052
0.047
0.052
0.051
0.052
0.052
0.052
0.052
0.052
0.053
0.053
0.053
0.052
0.046
0.053
0.052
0.052
0.052
0.053
0.050
0.052
0.052
0.052
0.052
0.053
0.050
0.052
0.052
0.053
0.052
0.052
0.052
0.040
0.052
0.052
0.052
0.052
0.053
0.050
0.048
0.053
0.052
0.052
0.052
0.052
0.052
0.052
0.052
0.052
0.052
0.052
0.052
0.053
0.052
0.052
0.052
0.052
0.052
0.052
0.052
0.053
0.049
0.052
0.052
0.052
0.053
0.052
0.049
0.052
0.052
0.046
0.047
0.052
0.052
0.052
0.053
0.053
0.052
0.052
0.052
0.052
0.053
0.052
0.052
0.053
0.049
0.052
0.052
0.051
0.052
0.052
0.050
0.052
0.052
0.053
0.052
0.053
0.052
0.053
0.052
0.053
0.052
0.053
0.052
0.052
0.052
0.053
0.052
0.053
0.052
0.052
0.053
0.053
0.052
0.052
0.053
0.052
0.052
0.053
0.052
0.052
0.052
0.052
0.052
0.051
0.052
0.053
0.052
0.052
0.052
0.052
0.052
0.049
0.052
0.053
0.053
0.052
0.052
0.052
0.051
0.052
0.052
0.052
0.052
0.052
0.052
0.052
0.052
0.052
0.052
0.052
0.053
0.052
0.053
0.052
0.053
0.052
0.052
0.052
0.052
0.052
0.052
0.040
0.053
0.052
0.052
0.053
0.052
0.052
0.052
0.052
0.052
0.052
0.052
0.052
0.053
0.052
0.056
0.056
0.056
0.056
0.056
0.056
0.056
0.056
0.056
0.053
0.056
0.056
0.056
0.056
0.056
0.056
0.056
0.056
0.056
0.056
0.056
0.056
0.054
0.053
0.056
0.056
0.054
0.056
0.054
0.056
0.056
0.056
0.056
0.056
0.048
0.056
0.056
0.053
0.056
0.056
0.056
0.056
0.056
0.056
0.056
0.056
0.056
0.056
0.056
0.042
0.056
0.046
0.056
0.056
0.056
0.056
0.056
0.056
0.056
0.056
0.056
0.056
0.056
0.056
0.039
0.056
0.056
0.056
0.056
0.056
0.054
0.056
0.056
0.056
0.053
0.056
0.056
0.056
0.056
0.056
0.056
0.056
0.056
0.056
0.056
0.056
0.053
0.056
0.056
0.056
0.056
0.055
0.056
0.056
0.056
0.056
0.056
0.056
0.056
0.056
0.046
0.056
0.056
0.056
0.056
0.056
0.055
0.056
0.056
0.055
0.056
0.056
0.056
0.056
0.056
0.050
0.056
0.056
0.056
0.056
0.056
0.053
0.056
0.056
0.056
0.056
0.056
0.056
0.056
0.056
0.054
0.056
0.056
0.056
0.056
0.056
0.056
0.056
0.056
0.056
0.056
0.056
0.056
0.056
0.056
0.056
0.056
0.056
0.056
0.056
0.056
0.056
0.056
0.056
0.056
0.056
0.056
0.056
0.056
0.056
0.056
0.056
0.056
0.056
0.056
0.056
0.046
0.046
0.056
0.056
0.056
0.056
0.056
0.056
0.056
0.056
0.056
0.056
0.056
0.056
0.053
0.055
0.052
0.056
0.056
0.056
0.056
0.056
0.056
0.056
0.056
0.056
0.056
0.056
0.056
0.056
0.056
0.056
0.056
0.056
0.056
0.056
0.056
0.056
0.056
0.055
0.056
0.056
0.054
0.056
0.056
0.056
0.055
0.056
0.052
0.044
0.056
0.056
0.056
0.056
0.056
0.056
0.056
0.055
0.056
0.056
0.056
0.056
0.056
0.056
0.056
0.056
0.053
0.056
0.056
0.056
0.056
0.056
0.056
0.056
0.056
0.056
0.056
0.056
0.056
