fixedStep chrom=ENSGT00390000005949 start=1 step=1
0.056
0.056
0.056
0.056
0.056
0.056
0.056
0.056
0.056
0.056
0.056
0.056
0.056
0.056
0.056
0.056
0.056
0.056
0.056
0.056
0.056
0.056
0.056
0.056
0.056
0.056
0.056
0.056
0.056
0.056
0.056
0.048
0.056
0.056
0.056
0.056
0.056
0.056
0.056
0.056
0.056
0.052
0.056
0.053
0.048
0.056
0.056
0.056
0.056
0.048
0.056
0.056
0.056
0.054
0.056
0.056
0.056
-1.321
-1.321
-1.320
0.056
0.056
0.056
0.056
0.056
0.052
0.056
0.056
0.054
0.056
0.056
0.056
0.054
0.049
0.056
0.056
0.055
0.056
0.056
0.046
0.056
0.056
0.054
0.056
0.056
0.056
0.056
0.056
0.052
0.052
0.056
0.056
0.049
0.056
0.056
0.056
0.056
0.056
0.055
0.056
0.056
0.049
0.056
0.056
0.055
0.056
0.056
0.056
0.056
0.056
0.046
0.056
0.056
0.056
0.052
0.055
0.056
0.056
0.054
0.055
0.056
0.056
0.056
0.056
0.056
0.046
0.056
0.056
0.040
0.056
0.056
0.055
-0.363
-0.363
-0.363
-0.363
-0.363
-0.363
0.054
0.056
0.056
0.056
0.056
0.056
0.056
0.056
0.056
0.056
0.056
0.048
0.056
0.056
0.056
0.056
0.056
0.052
0.056
0.056
0.056
0.054
0.056
0.047
0.056
0.056
0.056
0.056
0.056
0.056
0.056
0.056
0.056
0.056
0.056
0.056
0.056
0.056
0.055
0.056
0.056
0.056
0.056
0.056
0.056
0.056
0.056
0.056
0.056
0.056
0.056
0.056
0.056
0.055
0.056
0.056
0.056
0.056
0.052
0.056
0.056
0.056
0.056
0.056
0.056
0.056
0.056
0.056
0.056
0.056
0.056
0.056
0.056
0.056
0.056
0.055
0.056
0.056
0.056
0.056
0.056
0.056
0.056
0.056
0.056
0.056
0.056
0.056
0.056
0.056
0.056
0.056
0.056
0.056
0.056
0.039
0.056
0.056
0.055
0.056
0.056
0.056
0.056
0.056
0.056
0.056
0.056
0.056
0.056
0.056
0.052
0.056
0.056
0.056
0.056
0.056
0.056
0.056
0.056
0.056
0.056
0.056
0.054
0.056
0.056
0.052
0.056
0.056
0.049
0.056
0.056
0.056
0.056
0.056
0.056
0.056
0.056
0.056
0.056
0.056
0.056
0.056
0.056
0.056
0.056
0.056
0.056
0.056
0.056
0.056
0.056
0.056
0.055
0.056
0.056
0.056
0.056
0.056
0.056
0.056
0.056
0.056
0.056
0.056
0.056
0.056
0.056
0.056
0.056
0.056
0.056
0.056
0.056
0.056
0.056
0.056
0.055
0.056
0.056
0.047
0.056
0.056
0.056
0.056
0.056
0.056
0.056
0.056
0.056
0.056
0.056
0.052
0.056
0.056
0.056
0.056
0.056
0.056
0.056
0.056
0.054
0.056
0.056
0.056
0.055
0.056
0.052
0.056
0.056
0.056
0.056
0.056
0.056
0.056
0.056
0.056
0.056
0.056
0.054
0.056
0.056
0.056
0.056
0.056
0.056
0.056
0.056
0.056
0.056
0.056
0.056
0.056
0.056
0.054
0.056
0.056
0.056
0.056
0.056
0.056
0.056
0.056
0.055
0.056
0.056
0.056
0.056
0.056
0.056
0.056
0.056
0.054
0.056
0.056
0.049
0.056
0.054
0.054
0.056
0.056
0.056
0.055
0.056
0.049
0.055
0.056
0.054
0.056
0.056
0.056
0.056
0.056
0.056
0.056
0.056
0.056
0.054
0.056
0.054
0.056
0.056
0.056
0.056
0.056
0.056
0.056
0.056
0.056
0.054
0.056
0.056
0.056
0.056
0.056
0.056
0.056
0.056
0.056
0.056
0.056
0.056
0.056
0.054
0.056
0.056
0.056
0.056
0.056
0.055
0.056
0.056
0.056
0.056
0.056
0.056
0.056
0.056
0.054
0.055
0.056
0.055
0.056
0.056
0.056
0.056
0.056
0.056
0.056
0.056
0.056
0.056
0.056
0.052
0.056
0.056
0.056
0.056
0.056
0.052
0.056
0.056
0.056
0.056
0.056
0.056
0.056
0.056
0.056
0.056
0.056
0.056
0.056
0.056
0.056
0.056
0.056
0.056
0.056
0.056
0.056
0.056
0.056
0.056
0.056
0.056
0.054
0.056
0.056
0.056
0.056
0.056
0.056
0.056
0.056
0.056
0.056
0.056
0.055
0.056
0.056
0.056
0.056
0.056
0.054
0.056
0.056
0.056
0.056
0.056
0.056
0.056
0.056
0.056
0.056
0.056
0.056
0.056
0.056
0.056
0.056
0.056
0.056
0.056
0.056
0.056
0.054
0.056
0.056
0.056
0.056
0.056
0.056
0.056
0.056
0.056
0.054
0.054
0.056
0.056
0.056
0.056
0.056
0.056
0.056
0.056
0.056
0.056
0.056
0.056
0.056
0.056
0.055
0.056
0.048
0.056
0.056
0.054
0.056
0.056
0.056
0.056
0.056
0.056
0.056
0.056
0.056
0.048
0.054
0.048
0.049
0.056
0.056
0.056
0.056
0.056
0.054
0.056
0.056
0.056
0.056
0.056
0.056
0.054
0.056
0.054
0.056
0.056
0.056
0.056
0.056
0.056
0.056
0.056
0.056
0.056
0.056
0.056
0.056
0.056
0.053
0.054
0.056
0.054
0.056
0.056
0.046
0.056
0.056
0.056
0.056
0.055
0.056
0.056
0.056
0.054
0.056
0.056
-3.283
0.044
0.056
0.054
-1.525
-1.524
-1.524
0.056
0.056
0.054
0.056
0.056
0.056
0.056
0.056
0.053
0.054
0.056
0.054
0.056
0.056
-1.843
0.056
0.056
0.056
0.056
0.056
0.054
0.054
0.056
0.056
0.056
0.056
0.056
-1.252
-1.252
-1.257
0.056
0.056
0.056
0.056
0.054
0.056
0.056
0.056
0.056
0.056
0.056
0.053
0.056
0.056
0.056
0.056
0.056
0.056
0.056
0.056
0.056
0.054
0.056
0.056
0.056
0.056
0.056
0.056
0.056
0.054
0.056
0.056
0.056
0.056
0.056
0.056
0.056
0.056
0.056
0.056
0.056
0.050
0.056
0.056
0.048
0.056
0.056
0.054
0.054
0.056
0.056
0.056
0.056
0.056
0.056
0.056
0.054
0.056
0.056
0.053
0.056
0.056
0.056
0.056
0.056
0.054
0.056
0.056
0.056
0.056
0.056
0.056
0.056
0.056
0.056
0.056
0.056
0.054
0.056
0.056
0.056
0.056
0.056
0.056
0.056
0.056
0.056
0.052
0.052
0.052
0.052
0.052
0.052
0.052
0.052
0.052
0.052
0.052
0.052
0.052
0.052
0.052
0.052
0.052
0.052
0.052
0.052
0.042
0.052
0.052
0.052
0.052
0.052
0.052
0.052
0.052
0.052
0.052
0.052
0.052
0.052
0.052
0.052
0.052
0.052
0.052
0.052
0.052
0.050
0.052
0.052
0.052
0.052
0.052
0.050
0.052
0.052
0.052
0.052
0.052
0.052
0.052
0.052
0.052
0.052
0.052
0.052
0.052
0.052
0.052
0.052
0.052
0.052
0.052
0.052
0.051
0.052
0.052
0.052
0.052
0.052
0.052
0.052
0.052
0.048
0.052
0.052
0.051
0.052
0.056
0.056
0.056
0.056
0.056
0.056
0.056
0.056
0.056
0.056
0.056
0.056
0.056
0.056
0.056
0.056
0.056
0.056
0.056
0.056
0.056
0.056
0.056
0.056
0.056
0.056
0.056
0.056
0.055
0.056
0.056
0.056
0.056
0.056
0.056
0.056
0.056
0.056
0.056
0.056
0.056
0.056
0.056
0.056
0.056
0.056
0.056
0.056
0.056
0.056
0.056
0.056
0.056
0.056
0.056
0.056
0.056
0.056
0.056
0.056
0.056
0.056
0.056
0.056
0.056
0.056
0.056
0.056
0.056
0.056
0.056
0.056
0.056
0.056
0.056
0.056
0.056
0.056
0.056
0.054
0.056
0.056
0.056
0.056
0.056
0.056
0.056
0.056
0.056
0.056
0.056
0.056
0.056
0.056
0.056
0.056
0.056
0.055
0.056
0.056
0.056
0.056
0.056
0.052
0.056
0.056
0.049
0.056
0.056
0.056
0.056
0.056
0.056
0.056
0.056
0.056
0.054
0.056
0.049
0.056
0.056
0.049
0.056
0.056
0.056
0.056
0.056
0.048
0.056
0.056
0.056
0.055
0.056
0.054
0.056
0.056
0.056
0.056
0.056
0.054
0.056
0.056
0.056
0.056
0.056
0.055
0.056
0.056
0.056
0.055
0.056
0.056
0.056
0.056
0.056
0.056
0.056
0.056
0.056
0.056
0.056
0.056
0.056
0.056
0.056
0.056
0.056
0.056
0.056
0.056
0.056
0.055
0.056
0.056
0.056
0.056
0.056
0.056
0.056
0.056
0.056
0.056
0.056
0.056
0.048
0.056
0.056
0.056
0.056
0.056
0.056
0.056
0.056
0.056
0.056
0.056
0.056
0.056
0.056
0.056
0.056
0.056
0.056
0.056
0.056
0.056
0.056
0.056
0.056
0.056
0.056
0.056
0.056
0.056
0.056
0.056
0.056
0.056
0.056
0.056
0.056
0.056
0.056
0.055
0.056
0.056
0.056
0.056
0.056
0.056
0.056
0.056
0.053
0.056
0.056
0.056
0.056
0.056
0.056
0.056
0.056
0.056
0.056
0.056
0.056
0.056
0.056
0.056
0.056
0.056
0.056
0.056
0.056
0.056
0.056
0.056
0.056
-0.363
-0.363
-0.363
-0.363
-0.363
-0.363
0.056
0.056
0.056
0.056
0.056
0.056
0.056
0.056
0.056
0.056
0.056
0.056
0.052
0.056
0.052
0.056
0.056
0.056
0.055
0.049
0.056
0.056
0.056
0.056
0.056
0.056
0.056
0.056
0.056
0.054
0.055
0.056
0.054
0.056
0.056
0.056
0.056
0.056
0.056
0.056
0.056
0.056
0.056
0.056
0.055
0.056
0.056
0.056
0.056
0.056
0.056
0.056
0.056
0.052
0.056
0.056
0.056
0.056
0.056
0.054
0.056
0.056
0.048
0.056
0.056
0.056
0.056
0.056
0.056
0.056
0.056
0.056
0.056
0.056
0.056
0.056
0.056
0.055
0.056
0.056
0.056
0.056
0.056
0.056
0.056
0.056
0.056
0.056
0.056
0.056
0.056
0.056
0.056
0.056
0.056
0.055
0.056
0.056
0.055
0.056
0.056
0.056
0.056
0.056
0.056
0.056
0.056
0.056
0.056
0.056
0.056
0.056
0.056
0.056
0.056
0.056
0.056
0.056
0.056
0.056
0.056
0.056
0.056
0.056
0.056
0.056
0.056
0.056
0.056
0.056
0.056
0.056
0.056
0.056
0.056
0.056
0.056
0.052
0.056
0.056
0.056
0.056
0.056
0.056
0.056
0.056
0.056
0.056
0.056
0.056
0.056
0.056
0.056
0.056
0.056
0.056
0.056
0.056
0.056
0.056
0.056
0.052
-1.147
0.048
0.046
-0.398
-0.398
-0.398
-0.398
-0.398
-0.398
0.052
0.052
0.048
0.052
0.052
0.052
0.048
0.052
-1.134
0.052
0.052
0.048
0.052
0.052
-1.140
-0.398
-0.398
-0.398
-1.134
-1.147
-1.073
-1.134
0.052
0.052
0.048
0.052
0.048
-1.147
0.052
0.052
0.052
-1.136
0.048
-1.147
0.048
0.048
0.048
-1.147
0.052
-1.136
0.052
-1.140
-1.140
-1.133
-1.147
0.048
-1.134
0.048
-1.140
-1.136
-1.878
0.052
0.052
0.052
0.048
0.052
-1.133
0.052
0.052
0.038
0.048
0.048
0.052
-1.140
0.048
0.052
0.048
0.052
0.048
-1.147
-1.136
0.048
0.048
0.052
0.048
0.048
0.048
-1.133
0.052
0.048
0.049
0.052
-1.134
0.048
0.048
0.048
0.048
0.052
0.052
0.048
0.056
0.056
0.056
0.056
0.056
0.056
0.056
0.056
0.056
0.056
0.056
0.056
0.056
0.056
0.056
0.056
0.056
0.056
0.056
0.056
0.056
0.056
0.056
0.056
0.056
0.056
0.056
0.056
0.056
0.052
0.056
0.056
0.056
0.056
0.056
0.056
0.056
0.056
0.048
0.056
0.056
0.055
0.056
0.056
0.056
0.056
0.056
0.056
0.056
0.056
0.055
0.056
0.056
0.056
0.056
0.056
0.056
0.056
0.056
0.056
0.056
0.054
0.056
0.056
0.056
0.048
0.056
0.056
0.056
0.055
0.056
0.056
0.056
0.056
0.056
0.056
0.056
0.054
0.056
0.056
0.056
0.056
0.056
0.056
0.056
0.056
0.055
0.056
0.056
0.056
0.056
0.056
0.056
0.056
0.056
0.056
0.056
0.056
0.056
0.056
0.056
0.056
0.055
0.056
0.055
0.056
0.056
0.056
0.056
0.056
0.056
0.056
0.056
0.056
0.056
0.056
0.056
0.056
0.056
0.052
0.056
0.056
0.056
0.056
0.056
0.055
0.056
0.056
0.056
0.056
0.056
0.056
0.056
0.056
0.056
0.056
0.056
0.056
0.056
0.056
0.056
0.056
0.056
0.056
0.056
0.056
0.056
0.056
0.056
0.056
0.056
0.056
0.056
0.056
0.056
0.052
0.052
0.052
0.052
0.052
0.052
0.052
0.052
0.052
0.052
0.052
0.052
0.052
0.052
0.052
0.052
0.052
0.052
0.052
0.052
0.052
0.052
0.052
0.052
0.052
0.052
0.052
0.052
0.052
0.052
0.052
0.052
0.052
0.052
0.052
0.052
0.052
0.051
0.052
0.052
0.052
0.052
0.052
0.052
0.052
0.052
0.051
0.051
0.052
0.052
0.052
0.052
0.052
0.052
0.052
0.052
0.052
0.052
0.052
0.052
0.052
0.052
0.052
0.052
0.052
0.052
0.052
0.055
0.053
0.054
0.056
0.056
0.056
