fixedStep chrom=ENSGT00390000016384 start=1 step=1
0.000
0.000
0.000
0.000
0.000
0.000
0.000
0.000
0.000
0.000
0.000
0.000
0.000
0.000
0.000
0.000
0.000
0.000
0.000
0.000
0.000
0.000
0.000
0.000
0.000
0.000
0.000
0.000
0.000
0.000
0.000
0.000
0.000
0.000
0.000
0.000
0.000
0.000
0.000
0.000
0.000
0.000
0.000
0.000
0.000
0.000
0.000
0.000
-1.533
-1.541
-1.542
0.147
0.126
0.153
0.153
0.128
0.127
0.147
0.127
0.146
0.116
0.153
0.141
0.153
0.126
0.152
0.128
0.147
0.152
0.153
0.147
0.146
0.149
0.154
0.111
0.126
0.153
0.125
-0.872
-0.872
-2.505
-0.053
-0.053
-0.056
0.153
0.147
0.152
0.141
0.153
0.147
0.141
0.153
0.147
0.146
0.152
0.153
0.153
0.153
0.153
0.146
0.154
0.144
0.153
0.154
0.153
0.153
0.153
0.153
0.153
0.153
0.153
0.151
0.154
0.153
0.153
0.153
0.153
0.147
0.153
0.151
0.153
0.154
0.144
0.153
0.146
0.152
0.153
0.154
0.153
0.153
0.153
0.143
0.152
0.154
0.153
0.154
0.153
0.151
0.153
0.153
0.153
0.153
0.154
0.135
0.146
0.153
0.141
0.153
0.154
0.153
0.153
0.153
0.147
0.153
0.153
0.153
0.153
0.154
0.128
0.153
0.153
0.153
0.153
0.153
0.152
0.153
0.153
0.145
0.153
0.153
0.147
0.153
0.153
0.135
0.154
0.153
0.140
-0.539
-0.580
-0.552
-0.539
-0.537
-1.229
-0.548
-0.539
-0.566
-0.539
-0.539
-0.539
-0.539
-0.537
-3.726
0.000
0.000
0.000
0.000
0.000
0.000
0.000
0.000
0.000
0.000
0.000
0.000
0.000
0.000
0.000
0.000
0.000
0.000
0.000
0.000
0.000
0.000
0.000
0.000
0.000
0.000
0.000
0.000
0.000
0.000
0.000
0.000
0.000
0.000
0.000
0.000
0.000
0.000
0.000
0.000
0.000
0.000
0.000
0.000
0.000
0.000
0.000
0.000
0.000
0.000
0.000
0.000
0.000
0.000
0.000
0.000
0.000
0.000
0.000
0.000
-0.928
0.145
0.143
0.119
0.150
0.119
0.137
0.119
0.111
0.143
0.119
0.128
0.150
0.150
0.142
0.150
0.150
0.118
0.112
0.143
0.131
0.116
0.150
0.119
-1.300
0.137
0.150
0.119
0.143
0.119
0.144
0.150
0.119
0.119
0.112
0.124
0.150
0.150
-3.186
0.119
0.150
0.143
0.119
0.119
0.119
0.143
0.143
0.150
-1.064
-1.064
-1.270
-1.064
-1.064
-1.065
-1.064
-1.064
-1.064
0.150
0.150
0.150
0.150
0.150
0.150
0.150
0.150
0.150
0.150
0.150
0.149
0.150
0.150
0.149
0.150
0.150
0.150
0.150
0.150
0.150
0.150
0.150
0.150
0.153
0.153
0.151
0.153
0.153
0.153
0.153
0.153
0.153
0.154
0.153
0.153
0.126
0.153
0.153
0.153
0.153
0.152
0.153
0.154
0.153
0.153
0.153
0.151
0.153
0.154
0.153
0.153
0.147
0.153
0.153
0.153
0.149
0.153
0.153
0.153
0.153
0.153
0.150
0.153
0.153
0.141
0.151
0.147
0.137
0.146
0.153
0.153
0.153
0.154
0.153
0.153
0.153
0.153
0.151
0.141
0.117
0.141
0.153
0.127
0.153
0.154
0.152
0.153
0.153
0.153
0.153
0.146
0.153
0.153
0.153
0.147
0.153
0.153
0.152
0.153
0.153
0.153
0.153
0.153
0.153
0.150
0.154
0.153
0.153
0.153
0.153
0.141
0.140
0.148
0.153
0.153
0.153
0.153
0.153
0.153
0.153
0.153
0.153
0.153
0.153
0.153
0.147
0.147
0.144
0.153
0.153
0.152
0.153
0.153
0.151
0.153
0.153
0.153
0.152
0.154
0.150
0.148
-0.883
0.153
0.153
0.153
0.150
0.147
0.154
0.153
0.114
0.153
0.153
0.574
0.574
0.574
-0.605
-0.605
-0.606
-0.602
-0.605
-0.644
-0.698
-0.651
-1.448
-0.656
-0.602
-0.605
-0.605
-0.605
-0.630
-0.606
-0.605
-0.605
