fixedStep chrom=ENSGT00440000034842 start=1 step=1
0.000
0.000
0.000
0.000
0.000
0.000
0.096
0.105
0.110
0.102
0.096
0.095
-1.790
-1.790
-1.288
0.118
0.118
0.088
0.118
0.118
0.114
0.118
0.118
0.118
0.118
0.118
0.118
0.118
0.118
0.113
0.116
0.109
0.118
0.118
0.118
0.118
0.108
0.118
0.111
0.100
0.118
0.118
0.113
0.118
0.118
0.118
0.118
0.111
0.118
0.118
0.118
0.118
0.118
0.118
0.114
0.118
0.118
0.118
0.118
0.118
0.118
0.118
0.118
0.117
0.117
0.118
0.118
0.118
0.112
0.111
0.110
0.105
0.115
0.118
0.118
0.118
0.116
0.102
0.118
0.118
0.118
0.118
0.118
0.118
0.114
0.118
0.117
0.118
0.118
0.101
0.118
0.118
0.114
0.113
0.118
0.118
0.118
0.118
0.118
0.118
0.118
0.115
0.118
0.115
0.092
0.244
0.244
0.244
0.115
0.113
-1.880
0.110
0.114
0.113
0.118
0.101
0.091
0.118
0.112
0.116
0.244
0.244
0.244
0.244
0.244
0.244
0.117
0.118
0.109
0.084
0.114
0.118
0.244
0.244
0.244
-1.196
-1.083
-1.083
-1.084
-1.083
-1.190
-1.559
-1.083
-1.190
-1.083
-1.218
-1.202
0.118
0.118
0.116
0.118
0.118
0.118
0.118
0.118
0.118
0.118
0.118
0.118
0.113
0.118
0.115
0.118
0.118
0.118
0.118
0.096
0.113
0.114
0.087
0.118
0.118
0.118
0.118
0.109
0.103
0.116
0.116
0.118
0.118
0.115
0.118
0.109
0.115
0.116
0.118
0.118
0.118
0.086
0.118
0.118
0.118
0.118
0.118
0.118
