fixedStep chrom=ENSGT00390000015784 start=1 step=1
0.000
0.000
0.000
0.000
0.000
0.000
0.000
0.000
0.000
0.000
0.000
0.000
0.000
0.000
0.000
0.000
0.000
0.000
0.000
0.000
0.000
0.000
0.000
0.000
0.000
0.000
0.000
0.000
0.000
0.000
0.000
0.000
0.000
0.000
0.000
0.000
0.000
0.000
0.000
0.000
0.000
0.000
0.000
0.000
0.000
0.000
-1.191
-2.488
-0.143
-0.143
-0.143
-1.266
-1.260
-1.986
-1.383
-1.167
-1.166
0.073
0.073
0.073
0.073
0.073
0.073
0.070
0.073
0.073
0.073
0.073
0.073
0.057
0.073
0.073
0.073
0.072
0.073
0.073
0.073
0.071
0.073
0.069
0.069
0.069
0.069
0.069
0.069
0.069
0.069
0.069
0.069
0.069
0.069
0.069
0.069
0.069
0.069
0.069
0.069
-0.922
0.069
0.069
0.069
0.069
0.069
0.069
0.069
0.069
0.069
0.069
0.069
0.069
0.069
0.069
0.069
0.069
0.051
0.069
0.069
0.069
0.069
0.069
0.069
0.069
0.069
0.000
0.000
0.000
0.000
0.000
0.000
0.000
0.000
0.000
0.000
0.000
0.000
0.000
0.000
0.000
0.069
0.069
0.069
0.069
0.069
0.065
0.069
0.069
0.069
0.069
0.069
0.069
0.069
0.069
0.069
0.069
0.069
0.065
0.069
0.069
0.069
0.069
0.069
0.069
0.069
0.069
0.069
-0.924
0.069
0.069
0.069
0.069
0.066
0.069
0.069
0.069
0.069
0.069
0.069
0.069
0.069
0.052
0.073
0.073
0.069
0.073
0.072
0.070
0.073
0.073
0.073
0.065
0.073
0.070
0.073
0.073
0.073
0.073
0.073
0.073
0.073
0.073
0.069
0.072
0.073
0.073
0.073
0.073
0.072
0.073
0.069
0.073
0.073
0.073
0.073
0.073
0.073
0.072
0.073
0.073
0.073
0.073
0.073
0.073
0.071
0.073
0.073
0.073
0.073
0.073
0.069
0.073
0.054
0.073
0.073
0.073
0.073
0.073
0.073
0.071
0.073
0.069
0.073
0.072
0.073
0.073
0.073
0.071
0.073
0.073
0.069
0.073
0.070
0.073
-1.600
0.065
0.073
0.068
0.073
0.073
0.071
0.073
0.073
0.073
0.073
0.070
0.073
0.073
0.070
0.073
0.073
0.073
0.073
0.073
0.073
0.052
0.073
0.073
0.073
0.073
0.071
-1.648
-2.886
-2.257
-1.385
-1.692
-2.227
0.073
0.073
0.065
0.073
0.073
0.056
0.073
0.073
0.073
0.073
0.073
0.069
-1.128
-1.128
-1.129
0.052
0.070
0.067
0.073
0.072
0.073
0.069
0.071
0.072
0.073
0.073
0.070
0.073
0.073
0.071
0.073
0.071
0.071
0.070
0.073
0.072
0.073
0.073
0.073
0.073
0.073
0.073
0.073
0.073
0.073
0.073
0.059
0.069
0.073
0.073
0.072
0.073
0.073
0.073
0.073
0.073
0.067
0.073
0.073
0.071
0.072
0.073
0.069
0.073
0.073
0.073
0.073
0.073
0.073
0.073
0.073
0.073
0.072
0.073
0.073
0.069
-2.144
0.071
0.071
0.055
0.053
0.071
0.073
0.073
0.073
0.073
0.073
0.073
0.073
0.073
0.073
0.073
0.073
0.073
0.073
0.073
0.073
0.070
0.070
0.073
0.073
0.069
0.073
0.073
0.073
0.073
0.073
0.073
0.073
0.073
0.073
0.073
0.073
0.073
0.069
0.073
0.073
0.073
0.073
0.073
0.073
0.073
0.073
0.073
0.073
0.073
0.073
0.073
0.073
0.073
0.073
0.072
0.073
0.073
0.056
0.073
0.073
0.073
0.073
0.073
0.073
0.069
0.073
0.073
0.073
0.073
0.073
0.070
0.073
0.073
0.073
0.073
0.073
0.073
0.073
0.072
0.071
0.073
0.073
0.073
0.073
0.070
0.073
0.073
0.073
0.073
0.073
0.073
0.073
0.051
0.057
0.073
0.073
0.072
0.073
0.073
0.072
0.073
0.073
0.073
0.073
0.069
0.073
0.070
0.073
0.073
0.073
0.073
0.072
0.073
0.073
0.073
0.073
0.073
0.065
0.073
0.073
0.073
0.073
0.073
0.068
0.073
0.073
0.069
0.070
0.073
0.071
0.073
0.073
0.073
0.073
0.073
0.073
0.073
0.073
0.070
0.073
0.073
0.073
0.057
0.073
0.069
0.073
0.073
0.064
0.070
0.068
0.055
0.073
0.073
0.073
0.073
0.073
0.069
0.057
0.072
0.056
0.073
0.073
0.059
0.073
0.073
0.073
0.073
0.073
0.073
-1.579
0.073
0.073
0.073
0.073
0.073
0.073
0.073
0.073
0.073
0.073
0.057
0.073
0.073
0.073
0.073
0.073
0.065
0.073
0.073
0.073
0.073
0.069
0.051
0.070
0.073
-2.234
0.073
0.073
0.073
0.073
0.069
0.057
0.072
0.073
0.071
0.073
0.073
0.073
0.073
0.073
0.073
0.073
0.073
0.055
0.073
0.073
0.069
0.068
0.065
0.072
0.067
0.064
0.070
0.073
0.073
0.071
0.073
0.064
0.069
0.073
0.073
0.070
0.073
0.073
0.073
0.070
0.069
0.073
0.073
0.073
0.057
0.073
0.073
0.073
0.073
0.073
0.073
0.069
0.073
0.073
0.073
0.073
0.055
0.073
0.073
0.073
0.073
0.073
0.073
0.073
0.073
0.073
0.069
0.073
0.073
0.073
0.073
0.073
0.073
0.073
0.073
0.073
0.073
0.072
0.055
0.073
0.073
0.073
0.073
0.065
0.073
0.073
0.071
0.073
0.073
0.073
0.073
0.072
0.073
0.073
0.071
0.073
0.073
0.073
0.073
0.073
0.073
0.072
0.073
0.073
0.057
0.073
0.073
0.069
0.073
0.073
0.073
0.073
0.073
0.073
0.073
0.073
0.069
0.073
0.073
-2.668
0.073
0.073
0.071
0.073
0.073
0.067
0.073
0.073
0.056
0.073
0.073
0.073
0.073
0.073
0.073
0.073
0.073
0.064
0.073
0.073
0.073
