fixedStep chrom=ENSGT00390000007258 start=1 step=1
0.000
0.000
0.000
0.000
0.000
0.000
0.000
0.000
0.000
0.000
0.000
0.000
0.000
0.000
0.000
0.000
0.000
0.000
0.000
0.000
0.000
0.000
0.000
0.000
0.000
0.000
0.000
0.000
0.000
0.000
0.000
0.000
0.000
0.000
0.000
0.000
0.000
0.000
0.000
0.000
0.000
0.000
0.000
0.000
0.000
0.000
0.000
0.000
0.000
0.000
0.000
0.000
0.000
0.000
0.000
0.000
0.000
0.000
0.000
0.000
0.000
0.000
0.000
0.078
0.078
0.078
0.078
0.077
0.078
0.076
0.078
0.078
0.078
0.069
0.078
0.055
0.078
0.073
0.072
0.078
-1.515
0.078
0.078
0.078
0.072
0.078
0.078
0.078
0.072
0.078
0.078
0.078
0.077
0.078
0.078
0.078
0.078
0.078
0.078
0.078
0.078
0.078
0.078
0.078
0.078
0.072
0.078
0.078
0.072
0.078
0.078
0.078
0.078
0.078
-1.499
0.078
0.078
0.062
0.078
0.078
0.078
0.074
0.078
0.078
0.078
0.078
0.078
0.078
0.072
0.074
0.078
0.078
0.078
0.078
0.074
0.078
0.078
0.074
0.062
0.078
0.078
0.078
0.078
0.060
0.063
0.078
0.075
0.078
0.078
0.078
0.078
0.078
0.078
0.078
0.074
0.078
0.078
0.072
0.078
0.078
0.072
0.059
0.078
0.076
0.078
0.078
0.074
0.077
0.078
0.078
0.074
0.078
0.078
0.078
0.078
0.069
0.075
0.062
0.070
0.072
0.078
0.078
0.076
0.062
0.078
-0.802
0.078
0.078
0.074
0.078
0.078
0.078
0.078
0.078
0.076
0.078
0.078
0.078
0.078
0.078
0.063
0.078
0.078
0.078
-1.515
-0.799
0.072
0.074
0.078
0.063
0.078
0.078
0.063
0.078
0.078
0.078
0.078
0.078
0.078
0.078
0.074
0.078
0.078
0.078
0.078
0.078
0.078
0.077
0.074
0.078
0.055
0.071
0.078
0.078
0.078
0.078
0.078
0.078
0.078
0.078
0.074
0.078
0.072
0.078
0.078
0.078
0.078
0.078
0.078
0.074
0.078
0.078
0.078
0.070
0.078
0.078
0.078
0.078
0.072
0.078
0.075
0.074
0.078
0.078
0.078
0.078
0.078
0.078
0.076
0.075
0.078
0.078
0.074
0.078
0.078
0.078
0.078
0.078
0.078
0.078
0.078
0.075
0.074
0.078
0.076
0.074
0.078
0.078
0.078
0.078
0.078
0.078
0.078
0.076
0.078
0.078
0.078
0.078
0.074
0.078
0.078
0.078
0.078
0.069
0.074
-0.804
0.074
0.078
0.078
-0.802
0.078
0.074
0.078
0.078
-0.804
0.072
0.074
-0.799
0.078
0.078
0.074
-0.973
-0.973
-0.971
-0.973
-1.334
-1.135
-0.973
-0.973
-0.997
0.078
0.078
0.063
0.073
0.069
0.072
0.078
0.078
0.078
0.078
0.078
0.074
0.071
0.078
0.078
0.074
0.078
0.076
0.077
0.078
0.075
0.078
0.078
0.078
0.078
0.078
0.078
0.078
0.078
0.078
0.078
0.075
0.078
0.078
0.078
0.074
-0.804
0.072
0.078
0.078
0.078
0.074
0.078
0.078
0.076
0.072
0.072
-1.339
0.073
0.078
0.078
0.078
-0.804
0.074
0.078
0.078
0.078
0.078
0.078
0.077
0.078
0.078
0.072
0.078
0.078
0.074
0.078
0.078
0.072
0.078
0.078
0.078
0.078
0.078
0.078
-0.799
0.071
0.078
0.078
0.074
0.072
0.078
0.078
0.074
0.078
0.078
0.078
0.072
0.078
0.078
0.078
0.076
0.074
0.078
0.078
0.078
0.078
0.075
0.078
0.078
0.078
0.078
0.078
0.078
0.078
0.078
0.078
0.078
0.078
0.078
0.078
0.078
0.078
0.076
0.074
0.078
0.078
0.078
0.078
0.078
0.071
0.078
0.078
-0.802
0.078
0.078
0.075
0.078
0.078
0.074
0.078
0.078
0.078
0.078
0.062
-0.799
0.078
0.078
0.078
0.078
0.078
0.078
0.078
0.078
0.078
0.078
0.078
0.078
0.078
0.078
0.078
0.078
0.078
0.078
0.078
0.075
0.072
0.078
0.078
0.073
0.074
0.062
0.078
0.078
0.078
0.078
0.078
0.078
0.062
0.078
0.074
0.063
0.063
0.062
0.078
0.074
0.077
0.075
0.075
0.072
0.072
0.078
0.078
0.078
0.078
-1.514
0.074
0.078
0.078
0.078
0.078
0.078
0.078
0.071
0.074
0.078
0.078
0.078
0.078
0.078
0.078
0.078
0.072
0.078
-0.802
0.078
-0.802
0.078
0.078
0.078
0.078
0.078
0.078
0.078
0.077
0.077
0.078
0.078
0.078
0.078
0.078
0.078
0.078
0.078
-0.799
0.078
-0.799
0.078
0.078
0.078
0.078
0.078
0.078
0.078
0.078
0.078
0.078
0.078
0.074
0.076
0.078
0.078
0.078
0.078
0.078
0.078
0.078
0.078
0.078
0.078
0.078
0.078
0.078
0.078
0.072
0.078
0.078
0.069
0.078
0.078
0.078
0.078
0.076
0.072
0.078
0.078
0.078
0.078
0.078
-0.799
0.078
-0.874
0.078
-0.780
0.077
0.063
0.000
0.000
0.000
0.000
0.000
0.000
0.000
0.000
0.000
0.000
0.000
0.000
0.000
0.000
0.000
0.000
0.000
0.000
0.000
0.000
0.000
0.000
0.000
0.000
0.000
0.000
0.000
0.000
0.000
0.000
0.000
0.000
0.000
0.000
0.000
0.000
0.000
0.000
0.000
0.000
0.000
0.000
0.000
0.000
0.000
0.000
0.000
0.000
0.000
0.000
0.000
0.000
0.000
0.000
0.000
0.000
0.000
0.000
0.000
0.000
0.000
0.000
0.000
0.000
0.000
0.000
0.000
0.000
0.000
0.000
0.000
0.000
0.000
0.000
0.000
0.000
0.000
0.000
0.000
0.000
0.000
0.000
0.000
0.000
0.000
0.000
0.000
0.000
0.000
0.000
0.000
0.000
0.000
0.000
0.000
0.000
0.000
0.000
0.000
0.000
0.000
0.000
0.000
0.000
0.000
0.000
0.000
0.000
0.000
0.000
0.000
0.000
0.000
0.000
0.000
0.000
0.000
0.000
0.000
0.000
0.000
0.000
0.000
0.000
0.000
0.000
0.000
0.000
0.000
0.000
0.000
0.000
0.000
0.000
0.000
