fixedStep chrom=ENSGT00390000002376 start=1 step=1
0.087
0.087
0.087
0.087
0.087
0.087
0.087
0.087
0.087
-0.009
-0.009
-0.009
-0.009
-0.009
-0.009
0.086
0.087
0.087
0.086
0.066
0.066
0.071
0.087
0.083
0.063
0.087
0.079
0.087
0.083
0.084
0.087
0.083
0.087
0.087
0.083
0.087
0.083
0.071
0.086
0.087
0.087
0.086
0.087
0.080
0.087
0.087
0.087
0.079
0.087
0.087
0.087
0.087
0.087
0.087
0.063
0.087
0.080
0.087
0.087
-2.732
0.087
0.087
0.083
0.087
0.087
0.079
0.087
0.085
0.083
0.087
0.087
0.087
0.087
0.087
0.087
0.087
0.087
0.087
0.087
0.087
0.087
0.087
0.087
0.087
0.087
0.087
0.087
0.087
0.087
0.087
0.087
0.086
0.087
0.087
0.087
0.083
0.085
0.087
-0.694
0.087
0.087
0.083
0.079
-0.697
0.081
0.087
0.081
-0.674
0.087
0.081
0.063
0.087
-0.694
0.084
0.081
0.087
-0.674
0.087
-0.697
0.077
-0.692
0.087
0.083
-0.697
0.081
0.079
0.087
0.087
0.081
0.081
-0.697
-0.697
0.087
0.087
0.087
0.087
0.087
0.077
0.087
0.087
0.087
0.087
0.087
0.083
0.087
0.087
0.077
0.087
0.086
0.087
0.087
0.087
0.087
0.087
0.087
0.087
0.087
0.087
0.087
0.087
0.087
0.087
0.087
0.087
0.087
0.087
0.087
0.081
0.087
0.087
0.087
0.087
0.087
0.083
0.087
0.087
0.087
0.087
0.087
0.087
0.087
0.087
0.083
0.087
0.087
0.087
0.087
0.087
0.083
0.087
0.087
0.082
0.087
0.087
0.087
0.087
0.087
0.087
0.087
0.087
0.087
0.087
0.087
0.083
0.087
0.087
0.087
0.087
0.087
0.087
0.087
0.087
0.087
0.087
0.087
0.087
0.087
0.087
0.087
0.087
0.087
0.071
0.087
0.087
0.087
0.087
0.087
0.087
