fixedStep chrom=ENSGT00530000064866 start=1 step=1
-3.002
-3.001
-3.003
-2.759
-1.540
-2.755
-2.083
-2.084
-2.715
0.030
0.037
0.037
0.037
0.037
0.037
0.037
0.037
0.037
0.037
0.037
0.037
0.037
0.037
0.037
0.037
0.037
0.037
0.037
0.037
0.037
0.037
0.037
0.037
0.037
0.037
0.037
0.037
0.037
0.037
0.037
0.037
0.035
0.035
0.037
0.037
0.037
0.037
0.037
0.037
0.037
0.037
0.037
0.037
0.037
0.037
0.037
0.037
0.037
0.037
0.037
0.037
0.037
0.037
0.037
0.037
0.037
0.037
0.037
0.037
0.037
0.037
0.037
0.037
0.037
0.037
0.037
0.037
0.037
0.037
0.037
0.037
0.037
0.037
0.037
0.037
0.037
0.037
0.037
0.037
0.037
0.037
0.037
0.037
0.037
0.037
0.037
0.037
0.037
0.037
0.037
0.037
0.037
0.037
0.037
0.037
0.037
0.037
0.037
0.034
-1.359
0.034
0.037
0.037
0.037
0.037
-1.407
0.037
-3.511
-3.843
-3.511
0.036
0.037
0.037
0.028
0.037
0.037
0.037
0.037
0.037
0.037
0.037
0.037
0.037
0.037
0.037
0.037
0.037
0.037
0.037
0.037
0.037
0.037
0.037
0.036
-1.390
0.037
0.037
0.037
0.037
0.037
0.037
0.037
0.037
0.037
0.037
0.037
0.037
0.037
0.037
0.037
0.037
0.037
0.037
0.037
0.037
0.037
0.037
0.037
0.037
0.037
0.037
0.037
0.037
0.037
0.037
0.037
0.037
0.037
0.037
0.037
0.037
0.037
0.037
0.037
0.037
0.037
0.037
0.037
0.037
0.037
0.037
0.037
0.037
0.037
0.037
0.037
0.037
0.037
0.037
0.037
0.037
0.037
0.037
0.037
0.037
0.037
0.037
0.037
0.037
0.037
0.037
0.037
0.037
0.037
0.037
0.037
0.037
0.037
0.037
0.037
0.037
0.037
0.037
0.037
0.037
0.037
0.037
0.037
0.037
0.037
0.037
0.037
0.037
0.037
0.037
0.037
0.037
0.037
0.036
0.037
0.036
-1.228
0.037
0.037
0.034
0.037
0.037
0.037
0.037
0.037
0.037
0.037
0.037
0.037
0.037
0.037
0.037
0.037
0.037
0.037
0.037
0.037
0.037
0.037
0.037
0.037
0.037
0.037
0.037
0.037
0.037
0.037
0.037
0.037
0.037
0.037
0.037
0.037
0.037
0.037
0.037
0.037
0.037
0.037
0.037
0.037
0.037
0.037
0.037
0.037
0.037
0.034
0.037
0.037
0.037
0.037
-1.390
0.037
0.034
0.037
0.037
0.037
0.037
0.037
0.037
0.037
0.037
0.037
0.037
0.037
0.037
0.037
0.037
0.033
0.034
0.037
0.037
0.037
0.037
0.037
0.037
0.037
0.037
0.037
0.037
0.037
0.037
0.037
0.037
0.037
0.037
0.037
0.037
0.037
0.037
0.037
0.037
0.034
0.037
-1.407
0.037
0.036
0.037
0.037
0.037
0.037
0.037
0.037
0.037
0.037
0.037
0.037
0.037
0.037
0.037
0.037
0.037
0.037
0.037
0.028
0.037
0.037
0.037
0.037
0.037
0.037
0.037
0.037
0.037
0.037
0.037
0.037
0.037
0.037
0.037
0.037
0.037
0.037
-1.359
0.037
0.037
0.037
0.037
0.037
0.037
0.037
0.037
0.037
0.037
0.037
0.034
0.037
0.037
-1.359
0.037
0.037
0.037
0.037
0.037
0.037
0.037
0.037
0.037
0.037
0.037
0.037
0.037
0.037
0.037
0.037
0.037
0.037
0.036
0.037
0.037
0.037
0.037
0.037
0.037
0.035
0.037
0.037
0.037
0.037
0.037
0.035
0.037
0.037
0.037
0.037
0.037
0.037
0.037
0.037
0.037
0.037
0.037
0.037
0.037
0.037
0.037
0.037
0.037
0.037
0.037
0.037
0.037
0.037
0.037
0.037
0.037
0.037
0.037
0.037
0.037
0.037
