fixedStep chrom=ENSGT00640000091536 start=1 step=1
0.000
0.000
0.000
0.000
0.000
0.000
0.000
0.000
0.000
0.000
0.000
0.000
0.000
0.000
0.000
0.000
0.000
0.000
0.000
0.000
0.000
0.000
0.000
0.000
0.000
0.000
0.000
0.000
0.000
0.000
0.000
0.000
0.000
0.000
0.000
0.000
0.000
0.000
0.000
0.000
0.000
0.000
0.000
0.000
0.000
0.000
0.000
0.000
0.000
0.000
0.000
0.000
0.000
0.000
0.000
0.000
0.000
0.000
0.000
0.000
0.000
0.000
0.000
0.000
0.000
0.000
0.000
0.000
0.000
0.000
0.000
0.000
0.000
0.000
0.000
0.000
0.000
0.000
0.000
0.000
0.000
0.000
0.000
0.000
0.000
0.000
0.000
0.000
0.000
0.000
0.000
0.000
0.000
0.000
0.000
0.000
0.095
0.095
0.095
0.095
0.095
0.095
0.095
0.095
0.088
0.095
0.095
0.092
0.095
0.095
0.095
0.095
0.095
0.095
0.095
0.095
0.090
0.095
0.095
0.088
0.095
0.095
0.093
0.095
0.095
0.090
0.095
0.095
0.095
0.095
0.095
0.095
0.095
0.095
0.086
0.095
0.095
0.095
0.095
0.095
0.095
0.095
0.095
0.091
0.095
0.095
0.091
0.095
0.095
0.094
0.095
0.095
0.090
0.095
0.095
0.095
0.095
0.095
0.095
0.095
0.095
0.095
0.095
0.095
0.091
0.095
0.093
0.095
0.095
0.095
0.095
0.095
0.095
0.095
0.095
0.095
0.095
0.095
0.095
0.095
0.095
0.095
0.095
0.095
0.095
0.095
-0.391
-0.392
-0.392
0.095
0.095
0.095
0.095
0.095
0.093
0.095
0.095
0.095
0.095
0.095
0.095
0.095
0.095
0.095
0.095
0.095
0.095
0.095
0.095
0.095
0.095
0.095
0.095
0.095
0.095
0.095
0.095
0.095
0.095
0.095
0.095
0.091
0.095
0.095
0.072
0.095
0.095
0.089
0.095
0.095
0.083
0.095
0.095
0.088
0.095
0.095
0.095
0.095
0.095
0.093
0.095
0.095
0.095
0.095
0.095
0.095
0.095
0.095
0.095
0.095
0.095
0.095
0.095
0.095
0.095
0.095
0.095
0.095
0.095
0.095
0.095
0.095
0.095
0.095
0.095
0.095
0.095
0.095
0.095
0.095
0.095
0.095
0.095
0.095
0.095
0.095
0.095
0.095
0.095
0.095
0.095
0.095
0.095
0.095
0.095
0.095
0.095
0.089
0.095
0.095
0.095
0.095
0.095
0.095
0.095
0.095
0.095
0.095
0.095
0.095
0.095
0.095
0.095
0.095
0.095
0.095
0.078
0.095
0.095
0.095
0.095
0.095
0.095
0.086
0.086
0.086
0.086
0.086
0.086
0.086
0.086
0.086
0.086
0.084
0.086
0.086
0.086
0.086
0.086
0.086
0.095
0.095
0.088
0.095
0.095
0.095
0.095
0.095
0.095
0.095
0.095
0.095
0.095
0.095
0.089
0.095
0.095
0.095
0.095
0.095
-1.262
0.095
0.095
0.090
0.095
0.095
0.095
0.095
0.095
0.095
0.091
0.095
0.095
0.095
0.095
-1.701
0.095
0.095
0.095
0.095
0.095
0.095
0.095
0.095
0.095
0.095
0.095
0.095
0.095
0.095
0.095
0.074
0.095
0.095
0.095
0.095
0.094
0.095
0.095
0.091
0.095
0.095
0.095
0.095
0.095
0.091
0.095
0.095
0.092
0.095
0.095
0.095
0.095
0.095
0.095
0.095
0.095
0.091
0.093
0.095
0.095
0.095
0.095
0.095
0.095
0.095
0.095
0.095
0.095
0.090
0.095
0.095
0.095
0.095
0.095
0.095
0.095
0.095
0.095
0.095
0.095
0.089
0.095
0.095
0.089
0.095
0.095
0.095
0.095
0.095
0.095
0.095
0.095
0.067
0.095
0.095
0.091
0.095
0.095
0.095
0.095
0.095
0.095
0.095
0.095
0.095
0.095
0.095
0.090
0.095
0.095
-3.542
0.095
0.095
0.095
0.095
0.095
0.095
0.095
0.095
0.095
0.095
0.095
0.095
0.095
0.095
0.091
0.095
0.095
0.090
0.095
0.095
0.095
0.095
0.095
0.095
0.095
0.095
0.095
0.095
0.095
0.093
0.095
0.095
0.091
0.095
0.095
0.089
0.095
0.095
0.095
0.095
0.095
0.095
0.095
0.095
0.095
0.095
0.095
0.095
0.095
0.095
0.095
0.095
0.095
0.086
0.095
0.095
0.095
0.095
0.095
0.095
0.095
0.095
0.095
0.095
0.095
0.076
0.095
0.095
0.090
0.095
0.095
0.095
0.095
0.095
0.095
0.095
0.095
0.094
0.095
0.095
0.095
0.095
0.095
-2.598
0.095
0.078
0.091
0.095
0.095
0.095
0.095
0.095
0.095
0.095
0.095
0.074
0.095
0.095
0.085
0.095
0.089
0.095
0.095
0.095
0.095
0.095
0.095
0.089
0.095
0.095
0.095
0.095
0.095
0.089
0.095
0.095
0.095
0.095
0.093
0.095
0.095
0.095
0.095
0.095
0.095
0.095
0.095
0.095
0.095
0.095
0.095
0.093
0.095
0.095
0.095
0.000
0.000
0.000
0.000
0.000
0.000
0.000
0.000
0.000
0.000
0.000
0.000
0.000
0.000
0.000
0.000
0.000
0.000
0.000
0.000
0.000
0.000
0.000
0.000
0.000
0.000
0.000
0.000
0.000
0.000
-1.535
-1.510
-1.535
-0.723
-0.737
-0.727
0.033
0.033
0.033
-0.580
-0.379
-0.418
-1.850
0.090
0.067
0.068
0.095
0.071
0.067
0.086
0.067
-1.265
0.067
0.075
-1.857
-1.841
0.095
0.075
0.090
-2.258
-1.607
-1.833
0.075
-1.607
0.083
0.086
0.086
0.075
0.091
0.095
0.086
0.090
-2.463
0.080
0.071
-2.010
0.067
0.091
0.095
0.095
0.072
-1.279
-1.484
-1.609
-1.147
-1.484
-1.277
0.086
0.090
0.074
-1.534
-1.121
-1.590
0.000
0.000
0.000
0.000
0.000
0.000
0.000
0.000
0.000
0.000
0.000
0.000
0.000
0.000
0.000
0.000
0.000
0.000
0.000
0.000
0.000
-1.484
-2.232
-1.610
0.080
0.080
0.074
0.068
-1.220
-2.002
0.078
0.072
-1.731
-1.622
-1.193
-2.838
-1.621
-1.571
-1.192
0.000
0.000
0.000
0.000
0.000
0.000
0.000
0.000
0.000
0.000
0.000
0.000
0.000
0.000
0.000
0.000
0.000
0.000
-1.059
-1.620
-1.588
-1.620
-1.628
-1.926
-1.058
-1.053
-1.186
-1.583
-1.541
-1.058
-1.609
-1.190
-1.058
-1.631
-1.631
-1.083
-1.620
-1.192
-1.629
0.000
0.000
0.000
0.000
0.000
0.000
0.000
0.000
0.000
0.000
0.000
0.000
0.000
0.000
0.000
0.000
0.000
0.000
0.000
0.000
0.000
0.095
0.086
0.079
0.080
0.095
0.095
0.090
0.075
0.075
0.000
0.000
0.000
0.000
0.000
0.000
0.000
0.000
0.000
0.000
0.000
0.000
