fixedStep chrom=ENSGT00390000001505 start=1 step=1
0.097
0.098
0.097
0.098
0.097
0.095
0.089
0.097
0.082
0.096
0.098
-1.692
0.098
0.089
0.097
0.097
0.098
0.097
0.097
0.097
0.089
0.098
0.089
0.095
0.097
0.097
0.098
0.097
0.098
0.097
0.097
0.097
0.097
0.097
0.097
0.095
0.096
0.097
0.095
0.089
0.098
0.095
0.097
0.097
0.095
0.097
0.098
0.089
0.097
0.097
0.097
0.097
0.098
0.095
0.097
0.097
0.089
0.097
0.097
0.097
0.097
0.098
0.095
0.096
0.089
0.097
0.097
0.097
0.097
0.098
0.097
0.094
0.097
0.097
0.081
-0.597
0.097
0.088
0.089
0.097
0.097
0.097
0.097
0.098
0.097
0.097
0.096
0.089
0.098
0.097
0.097
0.098
0.097
0.097
0.098
0.095
0.097
0.098
0.087
0.097
0.097
0.098
0.097
0.098
0.097
0.097
0.079
0.097
-0.581
0.089
0.087
0.097
0.097
0.097
-1.272
-0.658
-0.690
-0.740
-0.657
-0.657
-0.696
-0.657
-2.229
-0.657
-0.657
-2.573
0.089
0.098
0.097
0.079
0.097
0.097
-1.739
-1.739
-1.994
-1.743
-1.743
-1.743
0.097
0.096
0.097
0.097
0.098
0.097
0.097
0.092
0.092
0.098
0.098
0.098
0.097
0.097
0.097
0.097
0.097
0.098
0.098
0.097
0.096
0.098
0.097
0.097
-0.657
-0.657
-0.657
-0.547
-0.547
-0.547
0.097
-0.596
-1.116
-0.581
0.098
0.098
-0.581
0.089
-0.597
0.097
-0.597
-0.596
-0.594
-0.581
-1.098
0.097
-0.597
0.095
-0.597
0.098
0.089
-1.075
0.097
-0.581
-0.596
-0.594
0.087
0.089
-0.594
0.097
0.089
0.089
-0.596
0.098
0.097
-1.600
0.089
0.095
-1.130
-0.596
0.089
0.092
0.095
0.097
0.097
0.094
0.097
-3.768
-1.102
-0.596
-0.596
-0.594
0.097
-0.597
-0.581
-0.597
0.089
-1.613
-0.581
-0.597
-0.594
-0.596
-1.112
0.089
-0.597
-1.111
-0.596
0.098
0.089
0.086
0.097
0.093
0.095
0.097
0.097
-1.348
-1.206
-1.736
0.098
-0.597
0.097
0.097
0.098
0.095
0.097
0.098
0.097
0.097
0.097
0.080
0.095
0.097
0.097
0.097
0.097
0.088
0.097
0.097
0.097
0.097
0.097
0.098
0.097
0.097
0.097
0.097
0.097
0.087
0.097
0.097
0.097
0.097
0.097
0.097
0.097
0.097
0.097
0.097
0.097
0.079
0.098
0.097
0.098
0.097
0.098
0.085
0.098
0.097
0.082
0.097
0.098
0.097
0.098
0.098
0.097
0.097
0.097
0.095
0.089
0.097
0.080
0.097
0.097
0.097
0.097
0.098
0.087
0.097
0.098
0.088
0.098
0.097
0.098
-1.166
-1.164
-1.349
0.097
0.098
0.097
0.097
0.097
0.097
0.097
0.095
0.097
0.097
0.098
0.088
0.093
0.088
0.088
0.097
0.097
0.097
0.097
0.098
0.097
0.097
0.095
0.095
0.097
0.098
0.097
0.097
0.098
0.098
0.097
0.098
0.092
0.097
0.081
0.092
0.092
0.092
0.083
0.092
0.092
0.092
0.092
0.092
0.092
0.092
0.092
0.092
0.092
0.092
0.092
0.092
0.092
0.092
0.090
0.092
0.090
0.083
0.092
0.092
0.092
0.092
0.092
0.092
0.092
0.092
0.092
0.092
0.092
0.092
0.092
0.091
0.092
0.092
0.092
0.092
0.092
0.092
0.092
0.092
0.092
0.092
0.092
0.089
0.092
0.092
0.092
0.092
0.092
0.092
0.092
0.092
0.092
0.092
0.092
0.092
0.092
0.092
0.092
0.092
0.092
0.092
0.097
0.097
0.095
0.097
0.097
0.095
0.098
0.097
0.095
0.086
0.098
0.097
0.097
0.087
0.097
0.098
0.089
0.095
0.097
0.097
0.092
0.097
0.097
0.097
0.098
0.097
0.097
0.097
0.098
0.095
0.098
0.097
0.089
0.097
-0.594
0.097
0.097
0.097
0.097
0.095
0.098
0.092
0.097
0.097
0.097
0.098
0.097
-0.581
0.097
0.097
0.095
0.097
0.097
0.095
0.097
0.097
0.098
0.097
0.095
0.077
0.097
0.096
0.097
0.097
0.098
0.092
0.095
0.077
0.088
0.097
0.097
0.097
-1.244
-1.177
-1.801
0.095
0.095
0.095
0.097
0.097
0.097
0.097
0.097
0.097
0.097
0.097
0.097
-1.175
-1.177
-1.176
-1.175
-1.177
-1.319
-1.812
-1.168
-1.175
0.088
0.088
0.097
0.088
0.095
0.086
0.079
0.088
0.088
0.097
0.098
0.097
0.097
0.097
0.097
0.097
0.097
0.097
0.097
0.098
0.097
-1.168
-1.177
-1.177
0.097
0.097
0.095
0.097
0.098
0.097
0.097
0.097
0.097
0.097
0.097
0.097
0.097
0.098
0.097
0.097
0.098
0.097
0.097
0.097
0.095
0.097
0.097
0.097
0.097
0.097
0.098
0.097
0.097
0.097
0.097
0.097
0.088
0.098
0.097
0.084
0.097
0.097
0.095
0.097
0.097
0.097
0.097
0.098
0.087
0.097
0.097
0.097
0.097
0.087
0.097
0.098
0.098
0.098
0.097
0.097
0.098
0.097
0.098
0.095
0.097
0.097
0.097
0.097
0.097
0.097
0.098
-0.597
0.098
0.098
0.097
0.096
0.097
0.097
0.097
0.097
0.098
0.097
0.097
0.097
0.092
0.098
0.098
0.097
0.097
0.098
0.097
0.098
0.097
0.097
0.098
0.097
0.097
0.097
0.097
0.098
