fixedStep chrom=ENSGT00510000048364 start=1 step=1
0.071
0.071
0.070
0.070
0.070
0.070
0.066
0.071
0.070
0.071
0.070
0.070
0.070
0.071
0.068
0.071
0.070
0.060
0.061
0.071
0.053
0.071
0.071
0.070
0.070
0.071
0.070
0.051
0.070
0.070
0.071
0.070
0.070
0.071
0.071
0.070
0.071
0.070
0.051
0.070
0.071
0.066
0.071
0.071
0.070
0.071
0.070
0.070
0.070
0.071
0.070
0.071
0.071
0.070
0.071
0.071
0.070
0.070
0.071
0.067
0.070
0.071
0.061
0.070
0.071
0.067
0.070
0.070
0.070
0.070
0.071
0.070
0.070
0.071
0.070
0.070
0.070
0.070
0.070
0.068
0.053
0.067
0.071
0.068
0.071
0.070
0.070
0.071
0.070
0.064
0.070
0.071
0.070
0.070
0.071
0.070
0.070
0.071
0.067
0.070
0.070
0.070
0.070
0.071
0.071
0.070
0.071
0.070
0.071
0.070
0.067
0.070
0.071
0.070
0.070
0.070
0.070
0.070
0.066
0.070
0.070
0.070
0.071
0.070
0.070
0.067
0.071
0.071
0.071
0.070
0.071
0.061
0.071
0.071
0.063
0.070
0.071
0.067
0.070
0.071
0.071
0.070
0.070
0.051
0.071
0.071
0.070
0.071
0.071
0.070
0.071
0.071
0.070
0.071
0.071
0.070
0.070
0.070
0.067
0.070
0.071
0.070
0.070
0.070
0.070
0.067
0.071
0.049
0.070
0.071
0.066
0.071
0.070
0.070
0.071
0.071
0.070
0.071
0.070
0.066
0.070
0.071
0.070
0.070
0.070
0.061
0.066
0.070
0.070
0.070
0.070
0.063
0.070
0.071
0.069
0.070
0.071
0.066
0.070
0.071
0.061
0.067
0.071
0.070
0.070
0.071
0.070
0.070
0.071
0.067
0.070
0.071
0.070
0.070
0.071
0.070
0.071
0.071
0.071
0.070
0.071
0.070
0.071
0.070
0.063
0.070
0.070
0.070
0.051
0.070
-1.790
0.071
0.071
0.068
0.070
0.071
0.070
0.070
0.070
0.067
0.071
0.071
0.063
0.070
0.071
0.067
0.070
0.071
0.066
0.071
0.071
0.070
0.070
0.070
0.051
0.070
0.071
0.071
0.070
0.071
0.066
0.070
0.071
0.070
0.071
0.071
0.070
0.071
0.071
0.070
0.071
0.070
0.070
-1.807
0.070
-1.717
0.071
0.070
-2.356
0.071
0.071
0.071
0.070
0.071
0.070
0.070
0.071
0.050
0.070
0.071
0.070
0.070
0.071
0.070
0.070
0.071
0.070
-2.279
0.071
0.068
0.071
0.071
0.070
0.070
0.071
0.071
0.070
0.070
0.070
0.070
0.071
0.051
0.070
0.070
0.061
0.071
0.071
0.070
0.071
0.071
0.070
0.070
0.070
0.053
0.070
0.051
0.070
0.071
0.071
0.070
-0.197
-0.197
-0.197
-0.197
-0.197
-0.197
0.070
0.070
0.070
0.070
0.071
0.071
0.070
0.070
0.070
0.070
0.070
0.070
0.068
0.066
0.070
0.070
0.071
0.067
0.071
0.071
0.068
0.070
0.070
0.070
0.070
0.070
0.069
0.071
0.071
0.071
0.071
0.071
-1.798
0.067
0.070
0.071
0.071
0.071
0.067
