fixedStep chrom=ENSGT00390000014660 start=1 step=1
0.000
0.000
0.000
0.000
0.000
0.000
0.000
0.000
0.000
0.000
0.000
0.000
0.000
0.000
0.000
0.000
0.000
0.000
0.000
0.000
0.000
0.000
0.000
0.000
0.000
0.000
0.000
0.000
0.000
0.000
0.000
0.000
0.000
-3.747
-2.038
-4.536
0.084
0.111
-3.365
0.088
0.094
0.083
0.081
-2.562
0.086
-3.693
0.110
-2.571
0.093
0.107
0.084
0.098
0.104
0.084
0.083
0.110
0.088
-2.564
-3.766
0.089
-1.838
0.105
0.080
-4.197
-2.412
-1.189
0.170
0.170
0.170
-0.850
-1.042
-1.173
-1.296
-1.121
-1.609
-2.573
0.093
0.110
0.110
0.098
0.086
-2.289
0.115
0.115
0.109
0.116
0.115
0.115
0.116
0.115
0.115
0.115
0.092
0.115
0.115
0.113
0.109
0.107
0.116
0.115
0.115
0.111
0.115
0.115
0.116
0.115
0.115
0.110
0.115
0.115
0.116
0.115
0.116
0.106
0.115
0.115
0.114
0.113
0.116
0.115
0.115
0.115
0.110
0.107
0.115
0.115
0.115
0.115
0.113
0.116
0.110
0.115
0.115
0.115
0.115
0.115
0.115
0.115
0.109
0.115
0.112
0.115
0.115
0.116
0.115
0.115
0.112
0.115
0.115
0.115
0.116
0.115
0.110
0.115
0.115
0.115
0.115
0.114
0.115
0.115
0.116
0.107
0.114
0.115
0.107
0.115
0.115
0.115
0.115
0.115
0.115
0.116
0.115
0.092
0.116
0.115
0.115
0.115
0.115
0.104
0.115
0.113
0.115
0.114
0.115
0.115
0.113
0.084
0.101
0.115
0.115
0.115
0.115
0.116
0.113
0.115
0.115
0.110
0.115
0.115
0.115
0.115
0.116
0.115
0.115
0.115
0.115
0.115
0.115
0.113
0.115
0.115
0.115
0.114
0.115
0.116
0.115
0.116
0.116
0.115
0.115
0.116
0.115
0.115
0.113
0.115
0.115
0.107
0.115
0.115
0.115
0.115
0.116
0.115
0.114
0.116
0.098
0.115
0.114
0.113
0.115
0.115
0.107
0.115
0.115
0.115
0.110
0.108
0.110
0.115
0.115
0.116
0.116
0.116
0.115
0.115
0.114
0.113
0.116
0.115
0.115
0.115
0.115
0.115
0.115
0.115
0.115
0.115
0.115
0.116
0.115
0.115
0.113
0.115
0.115
0.110
0.115
0.116
0.111
0.115
0.115
0.101
0.114
0.116
0.107
0.115
0.115
0.110
0.115
0.115
0.115
0.115
0.113
0.107
0.115
0.115
0.113
0.116
0.110
0.113
0.115
0.116
0.115
0.098
0.115
0.108
0.115
0.115
0.115
0.113
0.116
0.115
0.115
0.115
0.110
0.115
0.115
0.115
0.115
0.115
0.115
-0.956
-0.873
-0.877
0.115
0.116
0.115
0.115
0.112
0.092
0.116
0.115
0.115
0.114
0.115
0.110
0.115
0.115
0.115
0.115
0.115
0.110
0.088
0.114
0.115
0.116
0.115
0.111
0.115
0.110
0.114
0.115
0.115
0.096
0.086
0.098
0.112
0.115
0.114
0.098
-1.244
-0.877
-2.168
0.113
0.115
0.115
0.104
0.113
0.104
0.115
0.115
0.113
0.115
0.115
0.114
0.115
0.116
0.115
0.111
0.115
0.116
0.115
0.116
0.112
0.113
0.116
0.090
0.115
0.115
0.107
-0.877
-0.877
-1.312
0.113
0.116
0.115
0.115
0.115
0.115
0.115
0.113
0.110
0.115
0.111
0.108
0.098
0.115
0.116
0.115
0.116
0.115
0.114
0.116
0.115
0.116
0.110
0.113
0.115
0.115
0.115
0.115
0.110
0.116
0.116
0.116
0.116
0.115
0.116
0.115
0.107
0.115
0.110
0.111
0.116
0.113
0.115
0.116
0.116
0.115
0.114
0.092
0.112
0.115
0.115
0.115
0.115
0.113
0.110
0.114
0.114
0.115
0.104
0.115
0.115
0.098
0.114
0.115
0.115
0.109
0.116
0.116
0.115
0.115
0.115
0.115
0.115
0.116
0.115
0.115
0.116
0.104
0.115
0.115
0.116
0.111
0.116
0.115
0.115
0.116
0.116
0.000
0.000
0.000
