fixedStep chrom=ENSGT00390000003213 start=1 step=1
-1.529
-1.515
-1.533
-1.515
-1.533
-1.515
-1.531
-1.891
-1.531
-1.515
-1.531
-1.515
-1.531
-1.533
-1.636
-1.529
-1.533
-1.531
-1.515
-3.931
-1.531
-1.531
-3.656
-4.267
-1.531
-1.531
-3.931
0.092
0.092
0.092
0.092
0.092
0.092
0.092
0.092
0.088
0.087
0.092
0.092
0.091
0.092
0.088
0.092
0.085
0.092
0.092
0.090
0.090
0.092
0.092
0.085
0.092
0.092
0.092
0.092
0.092
0.092
0.092
0.087
0.092
0.092
0.092
0.088
-1.018
-1.022
-1.626
0.074
0.092
0.092
0.092
0.084
0.092
0.092
0.092
0.092
0.092
0.092
0.092
0.092
0.092
0.092
0.092
0.092
0.092
0.092
0.090
0.092
0.092
0.092
0.092
0.092
0.092
0.088
0.092
0.092
0.092
0.092
0.092
0.092
0.092
0.092
0.092
0.092
0.092
0.092
0.092
0.092
0.092
0.092
0.092
0.092
0.092
0.092
0.092
0.092
0.092
0.092
0.091
0.091
0.091
0.091
0.091
0.091
0.091
0.091
0.091
0.091
0.092
0.088
0.092
0.092
0.092
0.085
0.092
0.092
0.075
0.075
0.092
0.092
0.091
0.092
0.092
0.092
0.078
0.092
0.092
0.085
0.092
0.073
0.092
0.092
0.092
0.092
0.092
0.092
0.089
0.092
0.075
0.088
0.091
0.092
0.092
0.092
0.092
0.092
0.092
0.092
0.088
0.092
0.092
0.092
0.092
0.092
0.092
0.092
0.092
0.088
0.092
0.092
0.085
0.092
0.092
0.092
0.092
0.092
0.092
0.092
0.092
0.085
0.092
0.092
0.092
0.092
0.092
0.088
0.092
0.092
0.075
0.092
0.092
0.090
0.092
0.092
0.092
0.092
0.092
0.092
0.092
0.092
0.092
0.092
0.092
0.085
0.092
0.092
0.092
0.092
0.092
0.077
0.092
0.092
0.092
0.071
0.092
0.088
0.092
0.092
0.092
0.092
0.092
0.075
0.092
0.092
0.092
0.092
0.092
0.092
0.092
0.092
0.092
0.092
0.092
0.092
0.092
0.092
-1.958
0.092
0.092
0.085
0.092
0.088
0.092
0.092
0.092
0.092
0.092
0.092
0.085
0.092
0.092
0.092
0.092
0.092
0.088
0.092
0.092
0.075
0.092
0.092
0.092
0.092
0.092
0.092
0.088
0.092
0.092
0.091
0.092
0.092
0.085
0.092
0.092
0.092
0.092
0.092
0.092
0.092
0.092
0.092
0.092
0.092
0.092
0.092
0.092
0.092
0.092
0.092
0.092
0.088
0.091
0.092
0.092
0.092
0.092
0.092
0.092
0.092
0.092
0.085
0.092
0.092
0.092
0.092
0.088
0.092
0.092
0.092
0.074
0.092
0.092
0.092
0.088
0.092
0.092
0.092
0.092
0.092
-1.992
0.092
0.085
0.092
0.091
0.091
0.092
0.092
0.092
0.092
0.092
0.092
0.091
0.092
0.075
0.088
0.092
0.091
0.092
0.088
0.092
0.091
0.092
0.075
0.092
0.088
0.085
0.092
0.092
0.088
0.092
0.088
0.092
0.088
0.092
0.085
0.086
0.092
0.092
0.088
0.092
0.077
0.085
0.092
0.092
-0.666
-1.479
-1.239
-1.834
0.085
0.088
0.091
0.092
0.067
0.086
-0.650
0.090
0.086
-0.653
-0.666
0.092
0.092
-0.666
-2.188
-1.180
-1.283
-1.244
-1.101
-1.153
0.078
0.086
-1.243
-1.257
-0.653
-0.666
0.092
-0.664
0.091
0.092
0.088
0.088
0.086
0.092
-0.666
0.086
0.092
-1.254
-0.653
-1.256
0.086
-0.666
0.092
0.092
0.092
0.092
0.092
0.086
-0.666
0.089
-1.133
-0.653
0.086
0.092
0.092
0.092
-0.666
0.086
0.092
0.092
0.077
0.088
-0.663
-0.666
-0.653
0.092
-0.653
0.088
0.088
0.092
-0.666
-1.256
0.088
0.092
0.092
0.086
0.088
-0.666
0.092
0.090
0.092
-0.666
0.067
0.092
-0.666
0.092
0.077
0.092
-1.256
0.086
-1.337
-0.666
0.000
0.000
0.000
0.000
0.000
0.000
0.000
0.000
0.000
0.000
0.000
0.000
0.000
0.000
0.000
0.000
0.000
0.000
0.000
0.000
0.000
0.000
0.000
0.000
0.000
0.000
0.000
0.000
0.000
0.000
0.000
0.000
0.000
