fixedStep chrom=ENSGT00390000008171 start=1 step=1
0.060
0.061
0.060
0.061
0.061
0.060
0.060
0.061
0.060
0.060
0.060
0.054
0.060
0.060
-1.110
0.060
0.061
0.059
0.060
0.061
0.054
0.054
0.060
-0.954
0.060
0.059
0.060
0.054
0.060
0.060
0.060
0.060
0.060
0.060
0.061
0.061
0.060
0.060
0.054
0.060
0.060
0.060
0.060
0.060
-1.099
0.060
0.060
0.060
0.061
0.060
0.060
0.060
0.061
0.060
0.060
0.060
0.060
0.060
0.060
0.060
0.060
0.060
0.060
0.060
0.060
0.060
0.060
0.060
0.060
0.060
0.060
0.060
0.060
0.060
0.060
0.061
0.061
0.060
0.060
0.061
0.054
0.061
0.060
0.060
0.061
-1.938
0.060
0.060
0.054
0.060
0.060
0.060
-1.108
0.060
0.060
0.059
0.060
0.060
0.060
0.054
0.054
-1.109
0.060
0.061
0.060
0.060
0.061
0.060
0.060
0.060
-1.108
0.060
0.060
0.060
0.060
0.061
0.060
0.060
0.060
0.060
0.060
0.061
0.060
0.060
0.060
0.059
0.060
0.060
0.060
0.060
0.060
0.060
0.060
0.060
0.060
0.060
0.060
0.060
0.061
0.060
0.054
0.061
0.060
0.060
0.060
0.061
0.060
0.060
0.060
0.060
0.060
0.061
0.060
0.060
0.060
0.054
0.061
0.060
0.060
0.060
0.061
0.060
0.060
0.060
0.054
-1.108
-1.110
-1.110
0.060
0.060
0.060
0.060
0.060
0.060
0.060
0.060
0.060
0.054
0.055
0.054
0.060
0.060
0.060
0.060
0.060
0.060
0.060
0.060
0.059
0.060
0.060
0.060
0.060
0.054
0.060
0.060
0.060
0.060
0.060
0.054
0.060
0.054
-1.955
-1.110
-1.110
0.060
0.060
0.060
0.060
0.060
0.061
0.061
0.054
0.060
0.060
0.060
0.060
0.060
0.060
-2.142
0.061
-1.103
0.060
0.060
0.060
0.060
0.060
0.060
0.060
0.060
0.059
0.060
0.060
0.060
0.060
0.060
0.060
0.061
0.060
0.060
0.060
0.060
0.060
0.061
0.061
0.060
0.060
0.060
0.054
0.060
0.060
0.059
0.060
0.060
0.054
0.060
0.060
0.060
0.061
0.061
-1.108
0.054
0.061
0.061
0.060
0.059
0.054
0.060
0.060
0.060
0.060
0.060
0.060
0.060
0.061
0.060
0.054
0.054
0.060
0.060
0.060
0.061
0.060
0.061
0.060
0.060
0.060
0.061
0.060
0.061
0.060
0.060
0.060
0.060
0.060
0.060
0.060
0.060
0.060
0.060
0.061
0.060
0.060
0.061
0.060
0.060
