fixedStep chrom=ENSGT00390000017469 start=1 step=1
0.039
0.039
0.039
0.039
0.039
0.039
0.039
0.039
0.039
0.039
0.034
0.039
0.039
0.039
0.039
0.039
0.039
0.039
0.039
0.039
0.039
0.039
0.039
0.039
0.039
0.039
0.039
0.039
0.039
0.039
0.039
0.039
0.039
0.039
0.039
0.039
0.039
0.039
0.039
0.039
0.039
0.034
0.039
0.039
0.039
0.039
0.039
0.039
-1.915
0.039
0.039
0.039
0.039
0.039
0.039
0.039
0.039
0.039
0.039
0.039
0.039
0.039
0.039
0.039
0.039
0.039
0.039
0.039
0.039
0.039
0.039
0.039
0.039
0.039
0.039
0.039
0.039
0.039
0.039
0.039
0.039
0.039
0.039
0.039
-1.295
-1.295
-1.295
0.039
0.039
0.039
0.039
0.039
0.034
-1.480
0.039
0.039
-1.480
0.039
0.039
0.039
0.039
0.039
0.039
0.034
0.039
0.039
0.039
0.039
0.039
0.039
0.039
0.039
-1.480
0.039
0.039
0.039
0.039
0.039
0.039
0.039
0.039
0.039
0.039
0.039
0.039
0.039
0.039
0.034
0.039
0.039
0.039
0.039
0.039
0.039
0.039
0.039
0.039
0.039
0.039
0.039
0.039
0.039
0.039
0.039
0.039
-1.450
0.039
0.039
0.039
0.039
0.000
0.000
0.000
0.000
0.000
0.000
0.000
0.000
0.000
0.039
0.039
0.039
0.039
0.039
0.039
0.039
0.039
0.039
0.039
0.039
0.039
0.039
0.034
0.039
0.039
0.039
0.039
0.039
0.039
0.034
0.039
0.039
0.039
0.039
0.039
0.039
0.039
0.039
0.039
0.039
0.038
-1.450
0.039
0.039
0.039
0.039
0.039
0.039
0.039
0.039
0.039
0.039
0.039
0.039
0.039
0.039
0.039
0.039
0.039
0.039
0.039
0.039
0.039
0.039
0.039
0.039
0.039
0.039
0.039
0.039
0.039
0.039
0.039
0.039
0.039
0.039
0.039
0.039
0.039
0.039
0.039
0.034
0.039
0.039
0.039
0.039
0.039
0.039
0.039
0.039
0.039
0.039
0.039
-1.909
-1.908
-1.908
0.039
0.039
0.039
0.039
0.039
0.039
0.039
0.039
0.034
0.039
0.039
0.039
0.039
0.039
0.039
0.039
0.039
0.039
0.039
0.039
0.039
0.039
0.039
-1.512
0.039
0.039
0.039
0.039
0.034
0.039
0.039
0.039
0.039
0.039
0.039
0.039
0.039
0.039
0.039
0.039
-1.512
0.039
0.039
0.039
0.039
-1.447
0.034
0.039
0.039
0.039
0.039
0.039
0.039
0.039
0.039
0.039
0.039
0.039
0.039
0.039
0.039
0.039
0.039
0.034
0.039
0.039
0.039
0.039
0.034
0.039
0.039
0.034
0.039
0.039
0.039
0.039
0.039
0.039
0.039
0.039
0.039
0.039
0.039
0.039
0.039
0.039
0.034
0.034
0.039
0.039
0.039
0.039
0.039
0.039
0.039
0.039
0.039
0.039
0.039
0.039
0.039
0.039
0.039
0.039
0.039
0.039
-1.478
0.039
0.039
-1.455
0.039
0.039
0.039
0.039
0.039
0.039
0.039
0.039
-1.480
0.039
0.038
0.039
0.039
0.039
0.039
0.039
0.039
0.039
0.039
0.039
0.039
-1.471
0.039
0.039
0.039
0.039
0.039
0.039
0.039
0.036
0.039
0.039
0.039
0.039
0.039
0.034
0.039
0.039
0.039
0.039
0.039
0.039
0.039
0.039
0.039
0.039
0.039
0.039
0.039
0.039
0.039
0.039
0.039
0.039
0.039
0.039
0.039
0.039
0.039
0.039
0.039
0.034
0.039
0.039
0.039
0.039
0.039
0.039
0.039
0.039
0.039
0.036
0.039
0.039
0.039
0.039
0.039
0.039
0.039
0.039
0.039
0.039
0.039
0.034
0.039
0.039
0.039
0.038
0.039
0.039
0.039
0.039
0.039
0.039
0.039
0.039
0.039
0.039
0.039
0.034
0.039
0.039
0.039
0.039
0.039
0.034
