fixedStep chrom=ENSGT00390000004304 start=1 step=1
0.080
0.081
0.080
0.080
0.080
0.080
0.080
0.080
0.074
0.080
0.080
0.081
0.080
0.081
0.080
0.080
0.081
0.080
0.080
0.080
0.081
0.080
0.080
0.080
0.081
0.080
0.080
0.081
0.081
0.080
0.081
0.080
0.081
0.080
0.081
0.080
0.080
0.081
0.080
0.081
0.080
0.080
0.080
0.081
0.080
0.078
0.081
0.080
0.080
0.081
0.080
0.080
0.081
0.080
0.080
0.081
0.080
0.080
0.080
0.080
0.080
0.080
0.081
0.080
0.080
0.080
0.080
0.080
0.080
0.080
0.080
0.079
0.080
0.080
0.080
0.080
0.077
0.080
0.080
0.080
0.080
0.080
0.080
0.080
0.081
0.080
0.072
0.081
0.081
0.078
0.080
0.081
0.073
0.080
0.081
0.080
0.080
0.080
0.079
0.081
0.080
0.080
0.080
0.080
0.080
0.080
0.080
0.081
0.080
0.080
0.080
0.080
0.080
0.080
0.081
0.080
0.080
0.080
0.081
0.080
0.080
0.080
0.080
0.080
0.080
0.079
0.080
0.080
0.080
0.081
0.080
0.081
0.080
0.081
0.080
0.080
0.080
0.081
0.081
0.080
0.081
0.080
0.081
0.080
0.080
0.080
0.081
0.080
0.080
0.079
0.080
0.080
0.080
0.070
0.081
0.080
0.081
0.080
0.080
0.080
0.080
0.079
0.081
0.080
0.081
0.080
0.080
0.080
0.081
0.080
0.080
0.080
0.080
0.080
0.070
-0.797
0.080
-0.809
0.081
-0.809
-0.808
-0.797
-0.808
-0.808
0.070
-0.809
0.080
0.070
-0.808
0.070
-0.809
0.080
0.081
0.080
0.077
0.080
0.080
-1.443
0.080
0.070
-1.443
0.080
0.074
0.069
-0.797
-0.809
0.080
-0.807
0.070
0.080
0.070
-0.807
-1.443
-0.809
0.070
-2.730
0.081
0.080
-1.342
-0.808
0.070
-2.037
-0.797
-0.808
0.078
0.070
0.080
0.070
-0.808
0.080
-1.436
-1.405
-0.797
0.070
-0.809
-0.797
0.068
-0.797
0.080
0.066
-0.797
-0.797
0.080
0.080
0.070
-0.808
0.080
0.080
0.070
0.070
0.081
0.070
0.070
0.070
0.070
0.070
0.080
-0.809
-0.808
-0.807
0.080
0.080
0.080
0.079
0.081
0.081
0.080
0.080
0.080
0.081
0.081
0.080
0.080
0.077
0.080
0.080
0.081
0.080
0.081
0.080
0.080
0.080
0.081
0.080
0.080
0.081
0.080
0.080
0.080
0.080
0.072
0.080
0.080
0.080
0.080
0.080
0.080
0.080
0.080
0.079
0.081
0.080
0.080
0.080
0.080
0.080
0.080
0.081
0.080
0.080
0.080
0.078
0.080
0.080
0.078
0.079
0.081
0.080
0.070
0.080
0.072
0.080
0.081
0.080
0.080
0.080
0.080
0.081
0.080
0.080
0.081
0.080
0.080
0.080
0.080
0.079
0.080
0.080
0.080
0.080
0.081
0.080
0.080
0.080
0.080
0.080
0.081
0.080
0.080
0.080
0.081
0.080
0.080
0.080
0.080
0.080
0.080
0.081
0.080
0.080
0.080
0.080
0.080
0.081
0.080
0.080
0.080
0.081
0.079
0.080
0.081
0.080
0.081
0.080
0.080
0.081
0.080
0.081
0.080
0.080
0.080
0.081
0.080
0.078
0.080
0.080
0.080
0.080
0.080
0.080
0.081
0.080
0.078
0.080
0.080
0.079
0.081
0.080
0.080
