fixedStep chrom=ENSGT00390000015662 start=1 step=1
0.000
0.000
0.000
0.000
0.000
0.000
0.000
0.000
0.000
0.000
0.000
0.000
0.000
0.000
0.000
0.000
0.000
0.000
0.000
0.000
0.000
0.000
0.000
0.000
0.000
0.000
0.000
0.000
0.000
0.000
0.000
0.000
0.000
0.000
0.000
0.000
0.000
0.000
0.000
0.000
0.000
0.000
0.000
0.000
0.000
0.000
0.000
0.000
0.000
0.000
0.000
0.000
0.000
0.000
0.000
0.000
0.000
0.000
0.000
0.000
0.000
0.000
0.000
0.094
0.094
0.094
0.094
0.094
0.094
0.094
0.094
0.085
0.091
0.094
0.094
0.094
0.094
0.094
-1.478
0.087
0.071
0.071
0.094
0.094
0.089
0.094
0.094
0.094
0.094
0.094
0.094
0.094
0.094
0.094
0.094
0.087
0.089
0.094
-1.276
0.094
0.094
0.094
0.087
0.094
0.094
0.087
0.064
0.087
0.087
0.094
0.094
0.094
0.094
0.094
0.094
0.078
0.087
0.094
0.094
0.092
0.094
0.094
0.094
0.089
0.094
0.094
0.094
0.094
0.094
0.094
0.094
0.094
0.094
0.092
0.094
0.094
0.094
0.094
0.094
0.094
0.094
0.094
0.092
0.093
0.094
0.094
0.089
0.094
0.094
0.094
0.094
0.094
0.094
-1.894
0.094
0.094
0.094
0.094
0.082
0.094
0.094
0.094
0.094
0.094
0.094
0.094
0.094
0.094
0.094
0.082
0.094
0.094
0.094
0.094
0.089
0.094
0.064
0.094
0.091
0.092
0.094
0.094
0.094
0.094
0.094
0.094
0.094
0.091
0.094
0.064
0.094
0.094
0.089
0.089
0.094
0.089
0.094
0.094
0.094
0.094
0.071
-0.649
0.071
0.094
0.094
0.094
0.094
0.094
0.092
0.094
0.094
0.094
0.071
0.090
0.094
0.063
0.089
0.094
0.094
0.092
0.078
0.094
0.094
0.089
0.094
0.086
0.094
0.094
0.094
0.091
0.094
-1.470
-1.238
0.094
0.094
0.094
0.093
0.094
0.094
0.094
0.094
0.087
0.094
0.086
0.094
0.092
0.080
0.070
0.089
0.074
0.081
-0.800
0.077
0.081
0.081
0.079
-0.818
0.081
-0.814
0.081
0.081
0.081
0.081
0.074
-0.814
-0.800
0.081
-0.814
0.081
0.077
0.081
0.081
0.081
0.081
0.081
0.074
0.068
0.081
0.081
0.081
0.081
0.074
0.081
0.081
0.081
0.081
0.081
-2.403
0.081
0.074
0.081
0.074
0.081
0.081
0.081
0.081
-1.503
0.081
0.078
0.081
0.081
0.081
0.067
-1.525
0.081
0.081
-0.814
0.081
0.081
0.081
0.081
0.081
0.081
0.081
0.081
0.074
0.081
0.081
0.081
0.081
0.071
0.081
0.081
0.081
0.081
0.081
0.081
0.081
0.081
0.081
-1.530
-0.814
0.081
0.081
0.081
0.079
0.078
0.081
0.070
0.081
0.081
0.081
0.072
0.079
0.081
0.081
0.081
0.081
0.081
0.081
0.078
0.081
0.074
0.081
0.081
0.081
0.081
0.081
0.081
0.081
0.081
0.081
0.081
0.081
0.081
0.081
0.081
0.074
0.073
0.061
0.061
0.061
0.061
0.061
0.061
0.061
0.061
0.057
0.061
0.061
0.060
0.061
0.061
0.061
0.061
0.061
0.061
0.061
0.061
0.061
0.061
0.061
0.061
0.057
0.061
0.061
0.061
0.061
0.061
0.061
0.061
0.061
0.061
0.061
0.061
0.061
0.057
0.061
0.061
0.061
0.057
-1.754
0.059
0.061
0.061
0.061
0.061
0.061
0.061
0.061
0.061
0.061
0.061
0.061
0.061
0.061
0.058
0.061
0.061
0.061
0.061
0.061
0.061
0.061
0.061
0.057
0.061
0.061
0.059
0.061
0.061
0.061
0.061
0.061
0.058
0.061
0.061
0.061
0.060
0.059
0.061
0.061
0.061
0.061
0.061
0.061
0.061
-1.142
0.061
0.060
0.057
0.061
0.061
0.061
0.061
0.000
0.000
0.000
0.000
0.000
0.000
0.000
0.000
0.000
0.000
0.000
0.000
-1.467
0.075
0.087
0.087
-0.649
0.094
0.087
0.091
0.088
0.087
0.094
0.094
0.092
0.089
0.094
0.089
0.071
0.094
-1.844
-2.512
0.094
0.087
0.094
0.094
0.064
0.094
0.094
0.094
0.064
0.094
-2.521
0.094
0.093
0.094
0.063
0.071
0.094
0.094
0.082
0.094
0.089
0.094
0.089
0.071
0.092
0.094
-1.210
0.094
0.087
0.071
0.094
-1.194
-1.778
0.094
0.000
0.000
0.000
0.000
0.000
0.000
0.000
0.000
0.000
