fixedStep chrom=ENSGT00390000009978 start=1 step=1
0.054
0.054
0.054
0.054
0.044
0.054
0.054
0.054
0.054
-1.212
0.054
0.054
0.054
0.054
0.051
-2.214
0.054
0.054
0.054
0.050
0.054
0.054
0.054
0.054
0.054
0.054
0.054
0.054
0.050
0.054
0.054
0.054
0.051
0.054
0.054
0.054
0.054
0.054
0.054
0.054
0.054
0.054
0.054
0.054
0.054
0.054
0.054
0.054
0.054
0.054
0.054
0.054
0.054
0.054
0.054
0.054
0.054
0.054
0.054
0.050
0.054
0.054
0.054
0.054
0.054
0.054
0.054
0.054
0.054
0.054
0.054
0.054
0.054
0.054
0.051
0.054
0.054
0.054
0.054
0.054
0.051
0.054
0.054
0.050
0.054
0.054
0.051
0.054
0.054
0.054
0.054
0.054
0.054
0.054
0.054
0.054
0.054
0.054
0.054
0.054
0.054
0.054
0.054
0.054
0.054
0.054
0.054
0.054
0.054
0.054
0.054
0.054
0.054
0.054
0.054
0.054
0.053
0.054
0.054
0.054
0.054
0.054
0.054
0.054
0.054
0.054
0.054
0.054
0.054
0.054
0.054
0.050
0.054
0.054
0.054
0.054
0.054
0.054
0.054
0.054
0.038
0.054
0.054
0.054
0.054
0.054
0.050
0.054
0.054
0.054
0.054
0.054
0.050
0.054
0.054
0.054
0.054
0.054
0.050
0.054
0.052
0.054
0.054
0.054
0.054
0.054
0.054
0.053
0.054
0.054
0.054
0.054
0.054
0.054
0.054
0.054
0.054
0.054
0.054
0.051
0.054
0.054
0.051
0.054
0.054
0.054
0.054
0.054
0.054
0.054
0.054
0.050
0.054
0.054
0.054
0.054
0.054
0.050
0.044
0.054
0.050
0.054
0.054
0.054
0.054
0.054
0.054
0.054
0.054
0.054
0.038
0.054
0.054
0.054
0.054
0.054
0.054
0.054
0.054
0.054
0.054
0.050
0.054
0.054
0.054
0.054
0.054
0.054
0.054
0.054
0.054
0.054
0.054
0.050
0.054
0.054
0.054
0.054
0.054
0.054
0.054
0.054
0.044
-1.210
0.054
0.054
0.054
0.054
0.053
0.054
0.054
0.054
0.054
0.054
0.054
0.054
0.050
-1.206
0.051
0.050
0.054
0.054
-1.665
0.051
