fixedStep chrom=ENSGT00390000010034 start=1 step=1
-1.073
-1.071
-1.073
-1.071
-1.071
-1.073
-1.828
-1.073
-1.073
0.075
0.075
0.075
0.075
0.075
0.075
0.075
0.075
0.075
0.075
0.075
0.075
0.075
0.075
0.075
0.075
0.075
0.075
0.075
0.075
0.075
0.075
0.075
0.075
0.075
0.075
0.075
0.075
0.075
0.069
0.075
0.075
0.075
0.075
0.075
0.075
0.075
0.075
0.075
0.075
0.075
0.075
0.075
0.075
0.075
0.075
0.075
0.075
0.075
0.075
0.075
0.075
0.075
0.075
0.075
0.075
0.075
0.075
0.075
0.075
0.075
0.075
0.070
0.075
0.075
0.075
-1.835
0.054
0.055
0.055
0.069
-0.923
-0.241
-0.241
-0.241
-0.241
-0.241
-0.241
-1.859
-1.028
-1.828
0.070
0.070
0.069
0.075
-0.899
0.075
-1.725
0.070
0.069
-1.862
0.075
-1.746
-1.073
-1.711
-1.716
-1.028
0.053
0.069
-0.929
-0.930
-1.028
0.070
-1.725
-0.930
0.075
0.075
0.075
0.069
0.075
0.075
0.073
0.069
0.075
0.075
0.070
0.075
0.075
0.075
0.075
0.075
0.075
0.075
0.069
0.075
0.075
0.075
0.075
0.075
0.075
0.075
0.075
0.075
0.075
0.070
0.069
0.075
0.075
0.075
0.075
0.075
0.075
0.069
0.075
0.075
0.075
0.075
0.075
0.075
0.075
0.075
0.075
0.075
0.075
0.075
0.075
0.075
0.075
0.075
0.054
0.065
0.075
0.075
0.075
0.075
0.075
0.075
0.075
