fixedStep chrom=ENSGT00740000115632 start=1 step=1
0.074
0.074
0.074
0.070
0.074
0.070
0.074
0.074
0.071
0.057
0.071
-1.689
0.074
0.074
0.074
0.074
0.074
0.074
0.074
0.063
0.071
0.074
0.071
0.074
0.070
0.074
0.072
0.074
0.073
-2.181
0.072
0.071
0.074
0.058
0.057
0.074
0.074
0.074
0.074
0.072
0.071
0.074
0.074
0.074
0.074
0.074
0.074
0.074
0.074
0.074
0.072
0.074
0.074
-3.328
0.074
0.074
0.071
0.074
0.071
-1.622
0.071
0.071
0.071
0.071
0.074
0.071
0.074
0.071
0.070
0.073
0.074
0.074
0.074
0.072
0.074
0.074
0.074
0.071
0.070
0.071
0.057
0.074
0.074
0.074
-1.689
0.062
0.074
0.074
0.071
0.057
0.074
0.074
0.074
0.074
0.074
0.070
0.074
0.074
0.074
0.074
0.074
0.074
0.074
0.074
0.074
0.074
0.074
0.074
0.074
0.074
0.074
0.074
0.074
0.074
0.074
0.074
0.062
0.074
0.057
0.074
0.074
0.074
0.074
0.074
0.074
0.072
0.074
0.074
0.074
0.074
0.074
0.074
0.070
0.074
0.065
0.074
0.074
0.072
0.070
0.062
-2.451
0.069
0.074
0.074
0.074
0.074
0.074
0.074
0.074
0.070
0.074
0.074
0.074
0.074
0.074
0.074
0.074
0.074
0.074
0.074
0.074
0.074
0.074
0.057
0.072
0.074
0.074
0.074
0.074
0.074
0.074
0.074
0.074
0.071
0.074
0.074
0.071
0.074
0.074
0.071
0.074
0.074
0.062
0.070
0.074
0.074
0.074
0.074
0.074
0.074
0.074
0.074
0.074
0.074
0.074
0.074
0.071
0.070
0.074
0.074
0.060
0.074
0.074
0.065
0.074
0.074
0.074
0.074
0.074
0.074
0.074
0.074
0.070
0.074
0.074
0.074
0.071
0.074
0.074
0.074
0.074
0.068
0.074
0.074
0.074
0.074
0.074
0.074
0.074
0.074
-1.687
0.074
0.074
0.071
0.074
0.074
0.074
0.074
0.074
0.074
0.074
0.074
0.074
0.074
0.074
0.074
-1.623
0.070
0.074
0.074
0.074
0.070
0.074
0.071
0.074
0.074
0.074
0.071
0.074
0.074
0.064
0.074
0.074
-2.675
0.070
0.074
0.074
0.074
0.074
0.074
0.074
0.074
0.074
0.074
0.074
-1.687
0.074
0.074
0.074
0.074
0.074
0.074
0.074
0.074
0.074
0.074
0.074
0.074
0.074
0.074
0.074
0.074
0.074
0.074
0.074
0.074
0.071
0.074
0.074
0.073
0.074
0.074
0.074
0.074
0.074
0.073
0.074
0.074
0.062
0.074
0.074
0.074
0.074
0.074
0.074
0.074
0.074
0.074
0.074
0.074
0.074
0.074
0.074
0.070
0.074
0.074
0.074
0.074
0.074
0.070
0.074
0.074
-2.481
0.074
0.074
0.069
0.074
0.062
0.074
0.074
0.074
0.070
0.070
0.074
0.070
0.071
0.074
0.064
0.062
0.070
0.062
0.074
0.074
0.074
0.074
0.074
0.074
0.074
0.074
0.073
0.074
0.068
0.072
0.074
0.074
0.072
0.074
0.074
0.074
0.074
0.074
0.074
0.074
0.074
0.073
0.074
0.074
0.074
0.074
0.074
0.074
0.074
0.074
0.068
0.074
0.074
0.072
0.074
0.074
0.074
0.074
0.074
0.070
0.074
0.074
0.074
0.074
0.074
0.074
0.074
0.074
0.074
0.074
0.074
0.074
0.074
0.074
0.074
0.074
0.074
0.074
0.074
0.074
0.074
0.074
0.074
0.074
0.074
0.074
0.074
0.074
0.074
0.074
0.074
0.074
0.074
0.074
0.074
0.073
0.074
0.074
0.074
0.074
0.074
0.068
0.074
0.074
0.074
0.074
0.074
0.074
0.074
0.074
0.074
0.074
0.074
0.074
0.074
0.074
0.074
0.074
0.074
0.074
0.074
0.074
0.074
0.074
0.074
0.073
0.062
0.072
0.074
0.074
0.074
0.071
0.074
0.074
0.071
0.074
0.074
0.070
0.074
0.074
0.070
0.074
0.071
0.067
0.074
0.074
0.074
0.074
0.074
0.062
0.074
0.071
0.071
0.074
0.074
0.074
0.074
0.074
0.074
0.074
0.074
0.074
0.074
0.074
0.074
0.074
0.074
0.074
0.074
0.072
0.074
0.074
0.071
0.070
0.074
0.074
0.074
0.074
0.074
0.070
0.074
0.074
0.074
0.074
0.074
0.072
0.074
0.074
0.074
0.074
0.074
0.074
0.074
0.074
0.074
0.074
0.074
0.071
0.074
0.074
0.062
0.074
0.074
0.069
0.074
0.072
0.072
0.074
0.074
0.072
0.074
0.074
0.074
0.074
0.074
0.074
0.074
0.074
-2.543
0.074
0.074
0.074
0.074
0.074
0.074
0.074
0.074
0.073
0.072
0.074
0.074
0.074
0.074
-3.373
0.074
0.062
0.074
0.072
0.074
0.070
-0.461
-0.383
-0.383
0.074
0.074
0.074
0.074
0.074
0.074
0.074
0.074
0.074
0.074
0.074
0.074
0.074
0.074
0.070
0.068
0.074
0.061
0.074
0.074
0.069
0.074
0.074
0.072
0.074
0.074
0.070
0.074
0.074
0.058
0.074
0.074
0.072
0.074
0.074
0.074
0.074
0.074
0.074
0.074
0.074
0.074
0.074
0.074
0.068
0.071
0.074
0.071
0.074
0.074
0.060
0.074
0.074
0.074
0.074
0.074
0.074
0.074
0.074
0.074
0.074
0.074
0.074
0.074
0.074
0.072
0.074
0.074
0.074
0.074
0.074
0.073
0.074
0.074
-2.202
0.074
0.074
0.074
0.074
0.074
0.072
0.074
0.074
0.074
0.074
0.074
0.074
0.074
0.074
0.072
0.074
0.074
0.072
0.074
0.074
0.074
0.074
0.074
0.069
0.074
0.074
0.074
0.074
0.074
-4.135
0.074
0.074
0.072
0.074
0.074
0.068
0.074
0.074
0.062
0.074
0.073
0.073
0.074
0.074
0.074
0.074
0.074
0.070
0.074
0.074
0.074
0.074
0.074
0.074
0.074
0.074
0.074
0.074
0.074
0.057
0.074
0.074
0.074
0.065
0.074
0.057
0.074
0.074
0.074
0.074
0.074
0.074
0.074
0.074
0.074
0.074
0.074
0.062
0.074
0.074
0.074
0.074
0.074
0.072
0.074
0.074
0.074
0.074
0.074
0.074
0.074
0.074
0.074
0.071
0.074
0.074
0.074
0.074
0.074
0.074
0.074
0.071
0.071
0.074
-1.618
0.074
0.074
0.070
0.074
0.074
0.074
0.074
0.074
0.074
0.074
0.074
0.070
0.074
0.074
0.074
0.074
0.074
0.074
0.074
0.074
0.071
0.074
0.074
0.074
0.074
0.074
0.074
0.074
0.074
0.073
0.074
0.074
0.074
0.074
0.074
0.058
0.074
0.074
0.074
0.074
0.074
0.062
0.074
0.074
0.074
0.074
0.074
0.074
0.074
0.074
0.071
0.074
0.074
0.074
0.071
0.074
0.074
0.074
0.074
0.072
0.074
0.069
0.070
0.074
0.074
0.070
0.073
0.074
0.063
0.074
0.074
0.074
0.074
0.074
0.074
0.074
0.074
0.074
0.074
0.071
0.074
0.074
0.074
0.074
0.074
0.074
0.073
0.074
0.074
0.074
0.074
0.074
0.070
0.074
0.074
0.074
0.074
0.074
0.074
0.074
0.074
0.074
0.074
0.074
0.074
0.074
0.074
0.074
0.074
0.074
0.074
0.074
0.074
0.074
0.074
0.074
0.070
0.074
0.074
0.074
0.074
0.074
0.074
0.074
0.074
0.074
0.074
0.074
0.074
0.074
0.074
0.071
0.074
0.074
0.074
0.074
0.074
0.074
0.074
0.074
0.074
0.074
0.074
0.070
0.074
0.074
0.074
0.074
0.074
0.074
0.074
0.074
0.069
0.074
0.074
0.074
0.074
0.074
0.074
0.074
0.074
0.074
0.074
0.074
0.074
0.074
0.074
0.074
0.074
0.074
0.057
0.074
0.074
0.064
0.074
0.074
0.074
0.074
0.074
0.071
0.074
0.074
0.065
0.062
0.070
0.074
-0.871
-1.913
-1.566
0.074
0.071
0.067
0.064
0.073
0.070
0.074
0.062
0.057
0.074
0.074
0.065
0.054
0.071
0.069
0.071
-1.616
0.074
0.065
0.074
0.074
0.074
0.074
0.074
0.054
0.074
0.070
-1.302
-1.302
-1.429
0.071
0.074
0.072
0.072
0.074
0.065
0.074
0.074
0.070
0.071
0.074
0.074
0.074
0.074
0.074
0.062
0.074
0.074
0.074
0.071
0.074
0.074
0.074
0.074
0.074
0.074
0.074
0.074
0.074
0.070
-1.375
-1.375
-1.375
-1.368
-1.375
-3.334
-1.375
-1.375
-1.594
-1.375
-2.008
-1.647
-1.375
-1.374
-1.368
-1.375
-1.374
-1.375
-1.653
-1.368
-1.375
-1.375
-1.368
-1.375
0.074
0.074
0.069
0.074
0.072
0.072
0.074
0.074
0.074
0.074
0.074
0.074
0.074
0.074
0.069
0.070
0.074
0.074
0.074
0.074
0.074
0.074
0.074
0.074
0.074
0.074
0.074
0.072
0.074
0.071
0.074
0.074
0.074
0.074
0.074
0.071
0.074
0.074
0.074
0.073
0.074
0.074
0.074
0.074
0.069
0.074
0.074
0.074
0.072
0.072
0.074
