fixedStep chrom=ENSGT00390000002873 start=1 step=1
0.000
0.000
0.000
0.000
0.000
0.000
0.000
0.000
0.000
0.000
0.000
0.000
0.000
0.000
0.000
0.000
0.000
0.000
0.000
0.000
0.000
0.000
0.000
0.000
0.000
0.000
0.000
0.000
0.000
0.000
0.000
0.000
0.000
0.000
0.000
0.000
0.000
0.000
0.000
0.000
0.000
0.000
0.000
0.000
0.000
0.000
0.000
0.000
0.000
0.000
0.000
0.000
0.000
0.000
0.000
0.000
0.000
0.000
0.000
0.000
0.000
0.000
0.000
0.000
0.000
0.000
0.000
0.000
0.000
0.000
0.000
0.000
0.000
0.000
0.000
0.000
0.000
0.000
0.000
0.000
0.000
0.000
0.000
0.000
0.000
0.000
0.000
0.000
0.000
0.000
0.000
0.000
0.000
0.000
0.000
0.000
0.000
0.000
0.000
0.000
0.000
0.000
-0.001
-0.526
-2.854
-4.018
-1.074
-0.616
-0.719
-5.094
-0.801
-0.782
-0.898
-5.896
-2.528
-2.540
-2.466
-1.940
-5.783
-5.807
0.051
0.051
0.043
0.051
0.051
0.051
0.051
0.051
0.050
0.051
0.051
0.051
-1.171
0.051
0.051
0.051
0.051
0.050
0.051
0.051
0.051
0.051
0.051
0.051
0.051
0.051
0.044
0.051
0.051
0.051
0.051
0.051
0.051
0.051
0.051
0.051
0.051
0.051
0.051
0.051
0.051
0.051
0.051
0.051
0.051
0.051
0.051
0.051
0.051
0.051
0.051
0.051
0.051
0.051
0.051
0.051
0.051
0.051
0.051
0.051
0.051
0.051
0.051
0.051
0.051
0.051
0.051
0.051
0.051
0.051
0.051
0.048
0.051
0.051
0.048
0.051
0.051
0.051
0.051
0.051
0.051
0.051
0.051
0.051
0.051
0.051
0.051
0.051
0.051
0.051
0.051
0.051
0.051
0.051
0.051
0.051
0.051
0.051
0.051
0.051
0.051
0.051
0.051
0.051
0.050
0.051
0.051
0.051
0.051
0.051
0.048
-1.820
-1.818
-1.818
0.051
0.051
0.047
0.051
0.051
0.048
0.051
0.051
0.051
0.051
0.044
0.050
0.051
0.051
0.051
0.051
0.051
0.048
0.051
0.051
0.050
0.051
0.051
0.048
0.051
0.051
0.051
0.051
0.051
0.051
0.051
0.050
0.050
0.051
0.051
0.050
0.051
0.051
0.051
0.051
0.051
0.051
0.051
0.051
0.051
0.051
0.051
0.051
0.051
0.051
0.051
0.051
0.051
0.051
0.051
0.051
0.051
0.051
0.051
0.051
0.051
0.051
0.050
0.051
0.051
0.051
0.051
0.051
-1.141
0.051
0.051
0.049
0.048
0.051
0.049
0.051
0.051
0.051
0.051
0.051
0.051
0.051
0.051
0.051
0.051
0.051
0.051
0.051
0.051
0.051
0.051
0.051
-1.171
0.051
0.051
0.051
0.051
0.051
0.051
0.051
0.051
0.051
0.051
0.051
0.051
0.051
0.051
0.051
0.051
0.051
0.051
0.051
0.051
0.051
0.051
0.048
0.051
0.051
0.051
0.051
0.051
0.051
0.051
0.051
0.051
0.050
0.051
0.051
0.051
0.051
0.051
0.051
0.051
0.051
0.051
0.051
0.051
0.048
0.051
0.051
0.051
0.051
0.051
0.048
0.051
0.051
0.044
0.051
0.051
0.051
0.051
0.051
0.051
0.051
0.051
0.051
0.051
0.051
0.051
0.051
0.051
0.048
0.051
0.051
0.051
0.051
0.051
0.051
0.051
0.051
0.051
0.051
0.051
0.051
0.051
0.051
0.051
0.051
0.051
0.051
0.051
0.051
0.051
0.051
0.051
0.051
0.051
0.051
0.051
0.051
0.051
0.051
0.051
0.051
0.049
0.051
0.051
0.051
0.051
0.051
0.051
0.051
0.051
0.051
0.051
0.051
0.051
0.051
0.051
0.051
0.051
0.051
0.051
0.051
0.051
0.051
0.051
0.051
0.051
0.051
0.051
0.051
0.051
0.051
0.051
0.051
0.051
0.048
0.051
0.051
0.051
0.051
0.051
0.051
0.051
0.051
0.051
0.048
0.051
0.051
0.051
0.051
0.050
0.051
0.051
0.050
0.051
0.051
0.049
0.051
0.051
0.050
0.050
0.051
0.050
0.051
0.051
0.051
0.051
0.051
0.051
0.051
0.051
0.051
0.051
0.051
0.051
0.051
0.051
0.048
0.051
0.051
0.051
0.051
0.051
0.051
0.051
0.051
0.051
0.051
0.051
0.051
0.051
0.051
0.050
0.051
0.051
0.051
0.051
0.051
0.051
0.051
0.051
0.051
0.051
0.051
0.051
0.051
0.051
0.051
0.051
0.051
0.051
0.051
0.051
0.051
0.051
0.051
0.048
0.051
0.051
0.051
0.051
0.051
0.048
0.051
0.051
0.051
0.051
0.051
0.050
0.051
0.051
0.051
0.051
0.051
0.051
0.051
0.051
0.051
0.051
0.051
0.051
0.051
0.051
0.051
0.051
0.051
0.051
0.051
0.051
0.051
0.051
0.051
0.051
0.051
0.051
0.048
0.051
0.051
0.048
0.051
0.051
0.051
0.051
0.051
0.051
0.051
0.051
0.051
0.051
0.051
0.051
0.051
0.051
0.051
0.051
0.051
0.051
0.051
0.051
0.048
0.051
0.051
0.044
0.051
0.051
0.051
0.051
0.051
0.051
0.051
0.051
0.051
0.051
0.051
0.051
0.051
0.051
0.051
0.051
0.051
0.051
0.051
0.051
0.051
0.051
0.051
0.051
0.051
0.051
0.051
0.051
0.051
0.051
0.051
0.051
0.051
0.050
0.051
0.051
0.051
0.051
0.051
0.051
0.051
0.051
0.051
0.051
0.051
0.051
0.051
0.051
0.051
0.051
0.050
0.051
0.051
0.051
0.051
0.051
0.051
0.051
0.051
0.051
0.051
0.051
0.051
0.051
0.051
0.051
0.051
0.048
0.049
0.051
0.051
0.051
-1.161
0.051
0.050
0.051
0.051
0.048
0.048
0.048
0.050
0.051
0.051
0.051
-1.146
0.051
0.051
0.051
0.051
0.051
0.051
0.051
0.051
0.051
0.051
0.051
0.051
0.051
0.051
0.051
0.051
0.050
0.051
0.051
0.051
