fixedStep chrom=ENSGT00730000111020 start=1 step=1
0.048
0.048
0.048
0.048
0.048
0.047
0.048
0.048
0.046
0.048
0.048
0.046
0.048
0.048
-2.356
0.048
0.048
0.047
0.048
0.048
0.048
0.048
0.048
0.048
0.040
0.048
0.036
0.048
0.048
0.048
0.048
0.048
0.048
0.045
0.048
0.046
0.048
0.048
0.048
0.048
0.047
0.048
0.048
0.048
0.048
0.048
0.048
-2.176
0.048
0.048
0.048
0.048
0.048
0.036
0.048
0.048
0.048
0.048
0.048
0.046
0.048
0.048
0.048
0.048
0.048
0.048
0.048
0.048
0.048
0.048
0.048
0.047
0.048
0.048
0.046
0.048
0.048
0.042
0.048
0.048
0.048
0.048
0.048
0.048
0.048
0.048
0.036
0.048
0.048
0.048
0.048
0.048
0.048
0.048
0.048
0.048
0.048
0.048
0.048
0.048
0.048
0.036
0.048
0.048
0.048
0.048
0.048
0.048
0.048
0.048
0.048
0.048
0.048
0.048
0.048
0.048
0.048
0.048
0.048
0.048
0.048
0.048
0.046
0.048
0.048
0.048
0.048
0.048
0.048
0.048
0.048
0.048
0.048
0.048
0.048
0.048
0.048
0.048
0.048
0.048
0.048
0.048
0.048
0.048
0.048
0.048
0.047
0.048
0.048
0.047
0.048
0.048
0.048
0.048
0.048
0.042
0.048
0.048
0.048
0.048
0.048
0.048
0.048
0.048
0.038
0.048
0.048
0.048
0.048
0.048
0.046
0.048
0.048
0.048
0.048
0.048
0.046
0.048
0.048
0.048
0.048
0.048
0.048
0.048
0.048
0.047
0.048
0.048
0.048
0.048
0.048
0.048
0.048
0.048
0.048
0.048
0.048
0.048
0.048
0.048
0.048
0.048
0.048
0.048
0.048
0.048
0.048
0.048
0.048
0.048
0.048
0.048
-2.205
0.048
0.048
0.048
0.048
0.048
0.048
0.048
0.048
0.048
0.048
0.048
0.048
0.048
0.048
0.039
0.048
0.048
0.048
0.048
0.048
0.048
0.046
0.048
0.046
0.048
0.048
0.048
0.048
0.048
0.046
0.048
0.048
-2.458
0.048
0.048
0.048
0.048
0.048
0.048
0.048
0.048
0.048
0.048
0.048
0.048
0.048
0.048
0.048
0.048
0.048
0.037
0.048
0.048
0.043
0.048
0.048
0.048
0.048
0.048
0.048
0.048
0.048
0.048
0.048
0.048
0.048
0.048
0.048
0.048
0.048
0.048
0.048
0.048
0.048
0.048
0.048
0.048
0.048
0.048
0.048
0.048
0.048
0.048
0.048
0.048
0.048
0.048
0.048
0.048
0.048
0.048
0.048
0.048
0.048
0.048
0.048
0.048
0.048
0.048
0.048
0.048
0.048
0.048
0.048
-2.465
0.048
0.048
0.048
0.048
0.048
0.048
0.047
0.048
0.048
0.048
0.048
0.043
0.048
0.048
0.048
0.048
0.048
0.046
0.048
0.048
0.048
0.036
0.048
0.048
0.048
0.048
0.048
0.048
0.048
0.048
0.048
0.048
0.048
0.048
0.048
0.046
0.048
0.048
0.048
0.048
0.048
0.048
0.048
0.048
0.048
0.048
0.048
0.046
0.048
0.048
0.048
0.048
0.048
0.041
0.048
0.048
0.048
0.048
0.048
0.048
0.048
0.048
0.046
0.048
0.048
0.048
0.047
0.048
0.048
0.048
0.048
0.048
0.048
0.048
0.048
0.048
0.048
0.048
0.048
0.048
0.048
0.048
0.048
0.048
0.048
0.048
0.048
0.048
0.048
0.046
0.048
0.048
0.048
0.048
0.048
0.048
0.048
0.048
0.048
0.048
0.048
0.048
0.048
0.048
0.048
0.048
0.048
0.044
0.048
0.048
0.047
0.048
0.048
0.048
0.048
0.048
0.048
0.048
0.048
0.048
0.048
0.048
0.048
0.048
0.048
0.046
0.048
0.048
0.048
0.048
0.048
0.044
0.048
0.048
0.048
0.048
0.048
0.046
0.048
0.048
0.046
0.048
0.048
0.048
0.048
0.048
0.048
0.048
0.048
0.048
0.048
0.048
0.047
0.048
0.048
0.047
0.048
0.048
0.048
0.048
0.048
0.048
0.048
0.048
0.046
0.048
0.048
0.048
0.048
0.048
0.048
0.048
0.048
0.048
0.048
0.048
0.048
0.048
0.048
0.048
0.048
0.048
0.048
0.048
0.048
0.048
0.048
0.048
0.048
0.048
0.048
0.048
0.048
0.048
0.048
0.048
0.048
0.046
0.048
0.048
0.046
0.048
0.048
0.044
0.048
0.048
0.048
0.048
0.048
0.048
0.048
0.048
0.036
0.048
0.048
0.046
0.048
0.048
0.048
0.048
0.048
0.048
0.048
0.048
0.048
0.048
0.048
0.048
0.048
0.048
0.048
0.048
0.048
0.048
0.048
0.048
0.047
0.048
0.048
0.048
0.048
0.048
0.048
0.048
0.048
0.048
0.048
0.048
0.048
0.048
0.048
0.048
0.048
0.048
0.048
0.048
0.048
0.046
0.048
0.048
0.048
0.048
0.048
0.046
0.048
0.048
0.046
0.048
0.048
0.046
0.048
0.048
0.048
0.048
0.048
0.048
0.048
0.048
0.048
0.048
0.048
0.047
0.048
0.048
0.048
0.048
0.048
0.048
0.048
0.048
0.048
0.047
0.048
0.048
0.048
0.048
0.047
0.048
0.048
0.048
0.048
0.048
0.048
0.048
0.048
0.048
0.048
0.048
0.048
0.048
0.048
0.048
0.048
0.048
0.036
0.048
0.048
0.048
0.048
0.048
0.048
0.048
0.048
0.048
0.048
0.048
0.048
0.048
0.048
0.048
0.048
0.048
0.048
0.047
0.048
-2.326
0.048
0.048
0.048
0.048
0.048
0.048
0.048
0.048
0.046
0.048
0.048
0.048
0.048
0.048
0.048
0.048
0.048
0.048
0.048
0.048
0.048
0.048
0.048
0.048
0.048
0.048
0.048
0.048
0.048
0.038
0.048
0.048
0.048
0.048
0.048
0.039
0.048
0.048
0.048
0.048
0.048
0.048
0.048
0.048
0.046
0.048
0.048
0.047
0.048
0.048
0.048
0.048
0.048
0.048
0.048
0.048
0.048
0.048
0.048
0.048
0.048
0.048
0.048
0.048
0.048
0.048
0.048
0.048
0.048
0.048
0.048
0.048
0.048
0.048
0.048
0.048
0.048
0.047
0.048
0.048
0.048
0.044
0.048
0.048
0.048
0.048
0.048
