fixedStep chrom=ENSGT00390000003322 start=1 step=1
0.061
0.062
0.061
0.061
0.061
0.062
0.061
0.061
0.061
0.062
0.057
0.062
0.061
0.058
0.058
0.056
0.061
0.061
0.061
0.061
0.056
0.061
0.061
0.061
0.061
0.061
0.061
0.061
0.061
0.061
-1.070
0.061
0.061
0.053
0.061
0.062
0.061
0.062
0.061
0.061
0.061
0.061
0.062
0.058
0.056
0.061
0.061
0.061
0.057
0.061
0.061
0.061
0.061
0.049
0.061
0.061
0.061
0.061
0.061
0.062
0.061
-1.100
0.062
0.062
0.061
0.062
0.061
0.061
0.061
0.061
0.061
0.061
0.061
0.061
0.061
0.061
0.061
0.061
0.062
0.061
0.061
0.061
0.061
0.061
0.062
0.049
0.049
0.061
0.061
0.061
0.061
0.061
0.061
-1.228
-1.228
-1.228
0.061
0.061
0.056
0.061
0.062
0.061
0.061
0.061
0.061
0.061
0.061
0.061
0.061
0.061
0.060
0.061
0.062
0.043
0.061
0.061
0.061
0.055
0.062
0.061
0.062
0.061
0.061
0.061
0.061
0.061
-1.228
-1.228
-1.228
0.061
0.062
0.056
0.061
0.061
0.062
0.062
0.061
0.061
0.058
0.061
0.058
0.061
0.061
0.061
0.061
0.061
0.062
0.061
0.062
0.061
0.061
0.058
0.056
0.061
0.061
0.061
0.049
0.061
0.057
0.062
0.061
0.061
0.061
0.061
0.062
0.061
0.062
0.061
0.061
0.061
0.061
0.061
0.057
0.061
0.061
0.056
0.058
0.061
0.062
-1.052
0.061
0.061
0.057
0.061
0.061
0.058
0.058
0.061
0.062
0.061
0.061
0.062
0.061
0.062
0.061
0.061
0.062
0.062
0.062
0.062
0.058
0.061
0.061
0.061
0.061
0.061
0.058
0.062
0.061
0.062
0.062
0.061
0.062
0.061
0.061
0.061
0.056
0.057
0.043
0.061
0.061
0.062
0.061
0.058
-1.051
0.061
-1.070
0.061
0.061
0.062
0.062
0.061
0.057
0.061
0.061
0.061
0.061
0.061
0.061
0.062
0.061
0.061
0.062
0.061
0.061
0.061
0.061
0.061
0.061
0.058
-1.070
0.062
0.061
0.062
0.061
0.057
0.062
0.057
0.061
0.061
0.056
0.061
0.061
0.056
0.061
0.061
0.061
0.057
0.062
0.062
0.061
0.061
-1.105
0.061
-1.085
0.062
0.062
0.062
0.061
0.058
0.061
0.061
0.061
0.061
0.061
0.061
0.061
0.061
0.061
0.061
0.061
0.061
0.061
0.061
-2.075
0.056
-1.075
0.061
0.061
0.057
0.061
0.061
0.061
0.061
0.061
0.061
0.062
0.061
0.056
0.061
0.061
0.061
0.061
0.061
0.061
0.061
0.062
0.061
0.061
0.062
0.062
0.062
0.061
0.062
0.061
0.061
0.061
0.061
0.062
0.062
0.057
0.061
0.056
0.061
0.061
0.061
-1.107
0.061
0.061
0.061
0.056
0.061
0.061
0.061
0.061
0.061
0.061
0.062
0.061
0.061
0.061
0.061
0.062
-2.031
-1.077
0.061
0.062
0.062
0.062
0.062
0.061
0.061
0.058
0.061
0.061
0.061
0.062
0.062
0.056
0.061
0.062
0.061
0.061
0.062
0.061
0.062
0.062
0.061
0.061
0.062
0.061
0.062
0.062
0.056
0.057
0.061
0.061
0.061
0.062
0.061
0.061
0.061
0.062
0.061
0.062
0.056
0.061
0.062
0.061
0.062
0.056
0.056
0.061
0.061
0.062
0.061
0.062
0.061
-1.971
0.062
0.061
0.061
0.061
0.061
0.061
0.061
0.062
0.061
0.062
0.061
0.061
0.061
0.061
0.061
0.060
0.057
0.057
0.062
0.056
0.061
0.061
-2.463
0.056
0.062
0.062
0.056
0.058
0.058
-1.070
0.061
0.061
