fixedStep chrom=ENSGT00390000002849 start=1 step=1
0.000
0.000
0.000
0.000
0.000
0.000
0.000
0.000
0.000
0.000
0.000
0.000
0.000
0.000
0.000
0.000
0.000
0.000
0.000
0.000
0.000
0.000
0.000
0.000
0.000
0.000
0.000
0.000
0.000
0.000
0.000
0.000
0.000
0.000
0.000
0.000
0.000
0.000
0.000
0.000
0.000
0.000
0.000
0.000
0.000
0.000
0.000
0.000
0.000
0.000
0.000
0.000
0.000
0.000
0.000
0.000
0.000
0.000
0.000
0.000
0.000
0.000
0.000
0.000
0.000
0.000
0.055
0.055
0.055
0.055
0.055
0.055
0.055
0.055
0.055
0.055
0.055
0.055
0.055
0.055
0.055
0.055
0.055
0.052
0.055
0.055
0.055
0.055
0.055
0.047
0.055
0.055
0.054
0.055
0.055
0.055
0.055
0.055
0.055
0.055
0.055
0.055
0.047
0.055
0.055
0.055
0.055
0.055
0.055
0.055
0.055
0.055
0.055
0.053
0.055
0.053
0.055
0.055
0.055
0.055
0.055
0.055
0.055
0.055
0.055
0.055
0.055
0.055
0.054
0.055
0.055
0.055
0.055
0.055
0.053
0.055
0.055
0.055
0.055
0.055
0.055
0.055
0.055
0.055
0.055
0.055
0.053
0.055
0.055
0.052
0.055
0.055
0.055
0.055
0.055
0.053
0.055
0.055
0.055
0.055
0.055
0.055
0.055
0.055
0.055
0.055
0.055
0.055
0.055
0.055
0.055
0.055
0.055
0.053
0.055
0.055
0.052
0.055
0.055
0.055
0.055
0.055
0.055
0.055
0.055
0.053
0.055
0.055
0.055
0.055
0.055
0.055
0.055
0.055
0.054
0.055
0.055
0.053
0.055
0.055
0.055
0.055
0.055
0.055
0.052
0.055
0.055
0.055
0.055
0.052
0.055
0.055
0.055
0.055
0.055
0.055
0.055
0.055
0.055
0.055
0.055
0.055
0.055
0.055
0.055
0.055
0.055
0.055
0.055
0.055
0.042
0.055
0.055
0.055
0.055
0.055
0.055
0.055
0.055
0.055
0.055
0.055
0.055
0.055
0.055
0.053
0.055
0.055
0.055
0.055
0.055
0.055
0.055
0.055
0.055
0.055
0.055
0.053
0.055
0.055
0.055
0.055
0.055
0.055
0.055
0.055
0.055
0.055
0.055
0.053
0.055
0.055
0.055
0.055
0.055
0.055
0.055
0.055
0.055
0.055
0.055
0.055
0.055
0.055
0.055
0.055
0.055
0.055
0.055
0.055
0.055
0.055
0.055
0.053
0.054
0.055
0.055
0.055
0.055
0.055
0.055
0.055
0.055
0.055
0.055
0.055
0.055
0.055
0.055
0.055
0.055
0.053
0.055
0.055
0.055
0.055
0.055
0.052
0.055
0.055
0.055
0.053
0.055
0.055
0.055
0.055
0.055
0.055
0.055
0.055
0.055
0.055
0.055
0.055
0.055
0.047
0.055
0.055
0.053
0.055
0.055
0.052
0.052
0.055
0.055
0.055
0.055
0.055
0.055
0.055
0.055
0.055
0.055
0.055
0.055
0.055
0.055
0.055
0.055
0.053
0.055
0.055
0.055
0.048
0.048
0.048
0.048
0.048
0.048
0.048
0.048
0.046
0.048
0.048
0.046
0.048
0.048
0.048
0.048
0.048
0.045
0.048
0.048
0.048
0.048
0.048
0.048
0.048
0.048
0.048
0.048
0.048
0.046
0.048
0.048
0.048
0.048
0.048
0.046
0.048
0.048
0.048
0.048
0.048
0.048
0.048
0.048
0.046
0.048
0.048
0.048
0.048
0.048
0.038
0.048
0.048
0.048
0.048
0.048
0.048
0.048
0.048
0.048
0.048
0.048
0.048
0.048
0.048
0.048
0.048
0.048
0.048
0.048
0.048
0.046
0.048
0.048
0.048
0.048
0.048
0.048
0.048
0.048
0.048
0.048
0.048
0.048
0.048
0.048
0.048
0.048
0.048
0.048
0.048
0.048
0.046
0.048
0.048
0.046
0.048
0.048
0.048
0.048
0.048
0.048
0.048
0.048
0.048
0.048
0.048
0.048
0.048
0.048
0.048
0.048
0.048
0.038
0.048
0.048
0.047
0.048
0.048
0.048
0.048
0.048
0.048
0.048
0.048
0.047
0.048
0.048
0.046
0.047
0.048
0.048
0.048
0.048
0.048
0.048
0.048
0.048
0.048
0.048
0.048
0.048
0.048
0.048
0.048
0.048
0.048
0.048
0.048
0.047
0.048
0.048
0.046
0.048
0.048
0.048
0.048
0.048
0.048
0.048
0.048
0.048
0.048
0.048
0.046
0.048
0.048
0.046
0.048
0.048
0.046
0.048
0.048
0.048
0.048
0.048
0.048
0.048
0.048
0.048
0.048
0.048
0.048
0.048
0.048
0.048
0.048
0.048
0.048
0.048
0.048
0.048
0.048
0.048
0.048
0.048
0.048
0.048
0.048
0.048
0.046
0.048
0.048
0.048
0.048
0.048
0.048
0.048
0.048
0.046
0.048
0.048
0.048
0.048
0.048
0.048
0.048
0.048
0.048
0.048
0.048
0.048
0.048
0.048
0.048
0.048
0.048
0.048
0.048
0.048
0.046
0.048
0.048
0.048
0.048
0.048
0.048
0.048
0.048
0.048
0.048
0.048
0.046
0.048
0.048
0.048
0.048
0.048
0.048
0.047
0.048
0.048
0.048
0.048
0.048
0.048
0.048
0.046
0.040
0.048
0.040
0.046
0.048
0.048
0.046
0.048
0.048
0.048
0.048
0.048
0.048
0.048
0.048
0.048
0.048
0.040
0.048
0.048
0.048
0.048
0.048
0.048
0.048
0.048
0.040
0.038
0.048
0.048
0.048
0.048
0.048
0.048
0.048
0.048
0.046
0.048
0.048
0.048
0.048
0.048
0.048
0.048
0.046
0.046
0.048
0.048
0.048
0.048
0.048
0.048
0.048
0.048
0.048
0.048
0.048
0.048
0.048
0.048
0.047
0.048
0.048
0.048
0.048
0.048
0.048
0.048
0.046
0.048
0.048
0.043
0.039
0.048
0.048
0.048
0.055
0.050
0.055
0.055
0.055
0.055
0.055
0.055
0.055
0.055
0.051
0.055
0.055
0.053
0.053
0.055
0.055
0.054
0.055
0.055
0.055
0.055
0.055
0.055
0.055
0.055
0.053
0.053
0.055
-2.333
0.055
0.055
0.055
0.055
0.050
0.052
0.055
0.055
0.055
0.055
0.055
0.055
0.052
0.053
0.053
0.055
0.055
0.055
0.055
0.045
0.055
0.054
0.055
0.055
0.055
0.055
0.055
0.055
0.042
0.055
0.055
0.055
0.055
0.055
0.055
0.055
0.055
0.055
0.055
0.055
0.055
0.055
0.055
0.055
0.055
0.055
0.055
0.055
0.055
0.055
0.055
0.055
0.055
0.055
0.055
0.055
0.055
0.054
0.053
0.055
0.055
0.055
0.055
0.055
0.055
0.055
0.055
0.054
0.055
0.052
0.055
0.055
0.055
0.055
0.055
0.055
0.055
0.055
0.055
0.054
0.055
0.055
0.055
0.055
0.055
0.055
0.055
0.055
0.054
0.055
0.055
0.055
0.055
0.055
0.055
0.055
0.055
0.052
0.055
0.055
0.055
0.055
0.055
0.055
0.055
0.052
0.055
0.055
0.055
0.047
0.055
0.055
0.042
0.055
0.055
0.055
0.052
0.052
0.055
0.055
0.053
0.055
0.055
0.055
0.055
0.043
0.055
0.055
0.042
0.055
0.048
0.050
0.055
0.053
0.055
0.055
0.055
0.055
0.055
0.054
0.055
0.055
0.055
0.055
0.042
0.055
0.055
0.055
0.055
0.055
0.055
0.039
0.055
0.055
0.055
0.055
0.055
0.055
0.055
0.055
0.055
0.055
0.055
0.055
0.042
0.055
0.055
0.053
0.055
0.055
