fixedStep chrom=ENSGT00390000018235 start=1 step=1
0.066
0.066
0.066
0.066
0.066
0.066
0.066
0.066
0.066
0.066
0.066
0.059
0.066
0.066
0.066
0.066
0.066
0.065
0.066
0.065
0.066
0.066
0.066
0.066
0.066
0.060
0.061
0.061
0.066
0.066
0.066
0.066
0.066
0.052
0.066
0.066
0.066
0.065
0.066
0.066
0.066
0.066
0.066
0.066
0.066
0.066
0.066
0.066
0.066
0.066
0.066
0.066
0.066
0.066
-0.865
-0.860
-0.865
0.066
0.066
0.066
0.061
0.066
0.066
0.066
0.066
0.066
0.048
0.066
0.066
0.066
0.066
0.066
0.066
0.066
0.066
0.066
0.063
-1.019
0.061
0.066
0.066
0.065
0.066
-1.020
0.066
0.066
0.066
0.066
0.048
0.066
0.061
0.066
0.066
0.066
0.066
0.066
0.066
0.066
0.061
0.066
0.066
0.066
0.066
0.066
0.066
0.066
0.066
0.066
0.066
0.066
0.062
0.066
0.066
0.061
0.066
0.066
0.066
0.066
0.066
0.066
0.066
0.066
0.062
0.066
0.066
0.066
0.066
-1.018
0.062
0.066
0.066
0.062
0.066
0.066
-1.902
0.066
0.066
0.066
0.066
0.066
0.066
0.062
0.066
0.066
0.066
0.066
0.066
0.066
0.066
0.066
0.066
0.066
0.065
0.066
0.066
0.066
0.066
0.066
0.061
0.062
0.066
0.066
-0.994
0.066
0.061
0.066
0.066
-1.018
0.066
0.066
0.066
0.066
0.066
0.066
0.066
0.066
0.066
0.066
0.061
0.061
-0.994
0.061
-0.994
0.066
0.066
-1.017
0.063
0.066
0.066
0.066
0.052
-1.017
0.066
0.066
0.066
0.066
0.066
0.066
0.066
0.066
0.066
0.066
0.066
0.066
0.064
0.066
0.066
-1.201
-1.201
-1.469
0.000
0.000
0.000
0.000
0.000
0.000
0.000
0.000
0.000
0.048
0.064
0.066
0.066
0.066
0.066
0.066
0.066
0.066
0.066
0.066
0.061
0.066
0.066
0.066
0.066
0.066
0.066
0.066
0.066
-1.020
0.066
0.066
0.063
0.052
0.061
0.066
0.066
0.066
0.066
0.066
0.066
0.066
0.066
0.066
0.066
0.066
0.066
0.066
0.066
0.066
0.066
0.048
0.066
0.066
0.066
0.066
0.062
0.066
0.066
0.066
0.066
0.066
-1.018
0.066
0.066
0.066
0.052
0.066
0.052
0.066
0.066
0.061
0.066
0.066
0.062
0.066
0.066
0.066
0.066
0.066
0.066
0.048
0.066
0.061
0.066
0.048
0.063
0.066
0.066
0.048
0.066
0.066
0.066
0.066
0.066
0.063
