fixedStep chrom=ENSGT00390000013322 start=1 step=1
0.073
0.074
0.073
-0.891
0.074
0.071
0.073
0.074
-1.042
0.073
0.073
0.073
0.074
0.073
0.073
0.073
0.073
0.073
0.073
0.074
-0.894
0.073
0.074
0.070
0.073
0.073
0.073
0.068
0.074
0.073
0.073
0.074
0.073
0.073
0.074
0.073
0.073
0.074
0.074
0.074
0.073
0.073
0.073
0.074
0.073
0.068
0.073
0.068
0.073
0.073
0.068
0.068
0.073
0.073
0.073
0.073
0.073
0.073
0.074
0.073
0.074
0.073
0.073
0.073
0.073
0.067
0.073
0.073
0.068
0.067
0.068
0.073
0.073
0.073
0.073
0.073
0.073
0.073
0.073
0.073
0.073
0.074
0.073
0.074
0.073
0.061
-0.903
0.073
-0.903
0.073
0.073
0.073
0.073
0.068
0.068
0.068
0.073
0.073
0.073
0.073
-0.892
0.068
0.073
0.068
0.067
0.073
0.073
0.073
0.073
0.073
0.073
0.073
-0.894
0.073
0.073
0.073
0.073
0.074
0.073
0.073
0.073
0.073
0.073
0.067
0.073
0.073
0.074
0.074
-0.895
0.073
0.073
0.074
0.073
0.073
0.073
0.073
-0.897
0.068
0.068
0.073
-0.894
0.073
0.073
0.073
0.073
0.074
0.073
0.073
0.073
0.068
0.073
0.073
-0.871
0.073
0.073
0.073
0.073
0.073
0.068
0.074
0.073
0.073
0.073
0.073
0.073
0.073
0.073
0.073
0.073
0.073
0.073
0.073
0.073
-1.682
0.073
0.073
0.074
0.073
0.074
0.073
0.074
0.074
0.074
0.068
0.073
0.068
0.073
0.073
-2.581
0.073
0.073
0.074
0.073
0.073
0.073
0.073
0.073
0.074
0.071
0.073
-0.894
-2.105
0.073
0.073
0.068
0.073
0.073
0.073
0.073
0.074
0.073
0.073
0.068
-0.903
0.073
0.068
0.074
0.073
-0.906
0.073
0.073
0.073
0.073
0.073
0.073
0.073
0.074
-0.895
0.067
0.073
0.074
0.073
0.073
0.073
0.068
0.073
0.074
0.073
0.073
0.073
0.073
0.074
0.073
0.074
0.073
0.073
0.073
0.073
0.073
0.073
0.073
0.074
0.073
0.073
0.068
0.073
0.073
0.073
0.073
0.073
0.066
-0.900
0.073
0.073
0.073
0.073
-0.895
0.073
0.073
0.074
0.073
0.073
-0.871
0.073
0.073
0.074
0.073
0.073
0.073
0.073
0.073
0.074
0.073
0.073
0.073
0.073
0.073
0.073
0.073
0.073
0.074
0.073
0.073
0.073
0.073
0.073
0.067
0.073
0.073
0.068
0.074
0.073
0.073
-0.903
0.073
0.073
-0.946
-0.946
-1.132
0.073
0.073
0.073
0.073
0.073
0.073
0.073
0.073
0.073
0.073
0.073
-0.903
0.073
0.073
0.073
0.073
0.073
0.073
0.070
0.073
0.073
0.073
0.073
0.068
-0.944
-0.946
-0.946
-0.903
-0.903
0.068
-0.903
0.073
0.074
0.073
0.073
0.073
0.073
0.073
-0.871
0.073
0.073
0.073
0.073
0.074
0.073
0.073
0.073
0.073
0.071
0.073
0.073
-0.894
0.073
0.073
-0.894
0.073
0.074
0.073
0.073
0.073
0.067
-0.891
0.073
0.067
0.067
-0.906
0.073
-0.903
0.067
0.067
-0.900
0.073
0.067
-0.880
-0.811
0.067
0.073
0.067
0.073
0.073
0.073
0.073
0.073
0.066
0.073
-1.697
0.073
0.073
0.058
0.073
0.067
0.073
-0.907
0.074
0.067
-0.903
-0.892
0.067
0.073
