fixedStep chrom=ENSGT00390000011615 start=1 step=1
0.000
0.000
0.000
0.000
0.000
0.000
0.000
0.000
0.000
0.000
0.000
0.000
0.000
0.000
0.000
0.000
0.000
0.000
0.000
0.000
0.000
0.000
0.000
0.000
0.000
0.000
0.000
0.000
0.000
0.000
0.000
0.000
0.000
0.000
0.000
0.000
0.000
0.000
0.000
0.000
0.000
0.000
0.000
0.000
0.000
0.000
0.000
0.000
0.000
0.000
0.000
0.000
0.000
0.000
0.000
0.000
0.000
0.000
0.000
0.000
0.000
0.000
0.000
0.000
0.000
0.000
0.000
0.000
0.000
0.000
0.000
0.000
0.000
0.000
0.000
0.000
0.000
0.000
0.000
0.000
0.000
0.000
0.000
0.000
0.000
0.000
0.000
0.000
0.000
0.000
0.000
0.000
0.000
0.000
0.000
0.000
0.000
0.000
0.000
0.000
0.000
0.000
0.000
0.000
0.000
0.000
0.000
0.000
0.000
0.000
0.000
0.000
0.000
0.000
0.000
0.000
0.000
0.000
0.000
0.000
0.000
0.000
0.000
0.000
0.000
0.000
0.000
0.000
0.000
0.000
0.000
0.000
0.000
0.000
0.000
0.000
0.000
0.000
0.000
0.000
0.000
0.000
0.000
0.000
0.000
0.000
0.000
0.000
0.000
0.000
0.000
0.000
0.000
0.000
0.000
0.000
0.000
0.000
0.000
0.000
0.000
0.000
0.000
0.000
0.000
0.000
0.000
0.000
0.000
0.000
0.000
0.000
0.000
0.000
0.000
0.000
0.000
0.000
0.000
0.000
0.000
0.000
0.000
0.000
0.000
0.000
0.000
0.000
0.000
0.000
0.000
0.000
0.000
0.000
0.000
0.000
0.000
0.000
0.000
0.000
0.000
0.000
0.000
0.000
0.000
0.000
0.000
0.000
0.000
0.000
0.000
0.000
0.000
0.000
0.000
0.000
0.000
0.000
0.000
0.000
0.000
0.000
0.000
0.000
0.000
0.000
0.000
0.000
0.000
0.000
0.000
0.000
0.000
0.000
0.000
0.000
0.000
0.000
0.000
0.000
0.000
0.000
0.000
0.000
0.000
0.000
0.000
0.000
0.000
0.000
0.000
0.000
0.000
0.000
0.000
0.000
0.000
0.000
0.000
0.000
0.000
0.000
0.000
0.000
0.000
0.000
0.000
0.000
0.000
0.000
0.000
0.000
0.000
0.000
0.000
0.000
0.000
0.000
0.000
0.000
0.000
0.000
0.000
0.000
0.000
0.000
0.000
0.000
0.000
0.000
0.000
0.000
0.000
0.000
0.000
0.000
0.000
0.000
0.000
0.000
0.000
0.000
0.000
-0.260
0.152
0.150
0.151
0.150
0.138
-0.261
0.150
-0.556
0.136
0.148
0.108
-0.259
0.152
0.139
0.137
0.152
0.123
0.137
0.152
-0.259
-0.261
0.152
-0.261
0.151
0.152
0.150
0.151
0.151
-0.261
0.151
0.152
-0.261
0.150
0.150
0.151
0.151
0.152
0.143
0.137
0.152
0.134
0.151
0.152
-1.732
-0.260
0.152
0.123
0.150
0.152
-0.259
0.152
-0.259
0.143
0.150
0.150
-0.261
-0.254
0.150
0.149
0.143
0.152
-1.226
-0.254
-0.573
-0.894
0.150
0.150
-0.261
0.138
0.152
-0.259
0.149
0.152
-0.261
0.150
0.150
0.151
0.152
0.138
0.151
0.151
0.152
-0.403
-0.261
0.138
0.151
0.151
0.136
0.124
0.137
-0.261
0.149
-0.259
-1.635
0.125
0.143
0.137
-1.398
0.151
0.150
-1.025
0.151
0.152
0.105
0.151
0.152
-0.254
0.137
0.152
0.151
0.150
0.151
0.107
0.150
0.150
-0.497
-0.459
-0.321
0.138
0.131
-0.258
0.151
0.152
0.152
0.151
0.151
0.152
-0.261
0.082
0.082
0.082
0.006
0.006
0.006
0.150
0.150
0.137
0.000
0.000
0.000
0.000
0.000
0.000
0.000
0.000
0.000
0.000
0.000
0.000
0.000
0.000
0.000
0.000
0.000
0.000
0.000
0.000
0.000
0.000
0.000
0.000
0.000
0.000
0.000
0.000
0.000
0.000
0.000
0.000
0.000
0.000
0.000
0.000
0.000
0.000
0.000
0.000
0.000
0.000
0.000
0.000
0.000
0.000
0.000
0.000
0.000
0.000
0.000
0.000
0.000
0.000
0.000
0.000
0.000
0.000
0.000
0.000
0.000
0.000
0.000
0.000
0.000
0.000
0.000
0.000
0.000
0.000
0.000
0.000
0.000
0.000
0.000
0.000
0.000
0.000
0.000
0.000
0.000
0.000
0.000
0.000
0.000
0.000
0.000
-0.399
-0.399
-0.413
0.137
0.143
-0.498
-0.261
0.152
0.150
0.150
0.151
0.125
0.151
0.152
-0.477
0.140
0.147
-0.259
0.150
0.150
0.150
0.136
0.152
0.151
0.150
0.150
0.146
0.139
0.152
0.151
0.152
0.150
0.151
0.150
0.152
0.108
0.136
-0.261
-0.319
0.152
0.150
0.138
0.152
0.151
0.118
-0.556
-0.260
0.147
-0.261
0.138
-1.267
0.150
0.151
0.151
0.152
0.152
0.143
-0.261
-0.261
0.148
0.140
0.150
0.150
0.137
0.151
0.133
-0.558
0.145
0.118
0.138
0.142
-1.905
0.151
-0.258
-1.025
0.138
-0.258
-0.556
0.150
0.137
-0.261
-0.261
-0.260
0.146
-0.260
0.150
0.150
-0.261
-0.260
0.151
0.082
0.082
0.082
-0.620
0.152
0.150
-0.261
0.150
-0.261
-0.558
0.134
-0.261
0.146
0.152
-0.261
-0.261
0.134
0.151
0.142
0.152
0.148
-0.298
0.146
0.151
0.152
0.152
0.151
0.150
0.150
0.150
0.152
0.150
0.150
0.152
0.151
0.151
-0.558
0.152
0.150
0.150
0.151
0.151
0.151
0.152
0.150
0.150
-0.261
0.150
0.152
0.150
0.150
0.138
-0.259
0.151
-0.254
-0.261
0.151
0.152
-0.259
0.137
0.137
0.138
0.151
-0.460
0.143
-1.411
0.150
0.150
0.150
-0.261
0.134
0.142
0.143
0.152
0.151
0.150
-0.261
0.146
0.150
0.150
0.108
0.142
0.146
-0.304
-0.475
0.138
0.134
0.138
0.152
-0.261
0.149
0.152
-0.261
0.105
0.151
0.143
0.150
0.151
-0.543
0.150
0.151
0.147
0.138
0.150
-0.907
0.142
-0.934
-0.621
0.151
0.152
0.151
0.150
0.146
0.151
0.151
0.119
0.150
0.124
0.150
-0.497
0.134
-0.556
-0.307
-0.260
-0.261
0.137
0.125
-0.254
-0.261
0.000
0.000
0.000
0.000
0.000
0.000
0.000
0.000
0.000
0.000
0.000
0.000
0.000
0.000
0.000
0.000
0.000
0.000
0.000
0.000
0.000
0.000
0.000
0.000
0.000
0.000
0.000
0.000
0.000
0.000
0.000
0.000
0.000
-1.120
0.134
-0.558
0.112
0.111
0.133
0.150
0.117
-1.118
0.082
0.082
0.079
0.000
0.000
0.000
0.000
0.000
0.000
0.000
0.000
0.000
0.000
0.000
0.000
0.000
0.000
0.000
0.000
0.000
0.000
