fixedStep chrom=ENSGT00390000003988 start=1 step=1
0.119
0.120
0.119
0.119
0.118
0.111
0.120
0.119
0.120
0.113
0.113
0.120
-0.437
0.120
0.115
0.120
0.120
0.120
0.084
0.114
0.115
0.120
0.120
0.119
0.119
0.119
0.120
0.111
0.120
-1.413
0.084
0.115
0.094
0.120
0.120
-0.454
-0.458
0.120
-2.097
0.119
0.120
0.107
0.119
0.119
0.119
0.120
0.120
0.118
0.111
0.120
-0.458
0.119
0.119
0.119
0.120
0.120
0.120
0.120
0.119
0.118
0.120
0.119
-0.437
0.119
0.119
0.119
0.119
0.119
0.118
0.120
0.119
0.120
0.119
0.119
0.118
0.119
0.120
0.120
0.120
0.119
0.111
0.119
0.119
0.119
0.119
0.119
0.111
0.114
0.120
0.113
0.119
-0.878
-0.928
0.120
0.120
0.112
0.119
0.120
0.120
0.109
0.120
0.120
0.119
0.119
0.118
0.119
0.119
-0.437
0.119
-0.859
0.117
0.113
0.120
0.118
0.119
0.119
0.093
0.120
0.119
0.120
0.119
-1.521
0.098
0.117
0.120
-0.817
0.112
0.120
-0.437
0.118
0.120
0.118
0.119
0.112
0.118
0.120
-2.289
0.120
0.119
0.119
-0.458
0.119
0.119
-0.895
0.119
-1.126
0.120
0.120
-0.454
0.120
0.111
0.120
-0.861
0.119
0.119
-0.437
0.120
0.120
0.112
0.119
0.120
0.118
0.113
0.120
0.095
0.120
0.120
0.120
0.120
0.120
0.111
0.113
0.120
0.120
0.120
0.119
0.120
0.114
0.120
0.111
0.119
0.119
-0.458
0.119
0.119
-2.475
0.119
0.120
0.117
-0.454
0.120
0.119
0.119
0.120
0.120
0.119
0.120
-0.806
0.120
0.120
0.120
0.119
0.119
-1.652
0.120
0.119
0.120
0.119
0.119
-0.437
0.119
0.119
-0.000
0.119
0.119
0.107
0.119
0.120
0.117
0.119
0.119
0.118
0.119
0.120
-0.437
0.119
0.119
0.113
0.119
0.119
0.117
0.120
0.119
0.120
0.119
0.119
-0.437
0.119
0.119
0.111
0.113
0.119
-0.843
0.120
0.119
0.119
0.119
0.119
0.093
0.120
0.119
0.106
0.111
0.119
-0.458
0.093
0.120
0.120
-0.458
-0.454
-0.458
0.111
0.120
-2.826
0.120
-0.437
0.112
0.119
0.095
0.110
0.112
-0.458
-0.437
-1.126
0.120
-0.802
0.118
0.120
0.109
-0.458
0.120
0.110
0.119
0.119
-1.715
0.118
0.120
0.111
-0.899
0.118
0.111
-0.454
0.120
0.111
0.119
0.119
0.109
-0.458
0.120
0.118
-0.899
0.097
-1.561
-1.524
0.120
0.110
0.119
0.120
-0.995
-0.806
0.120
0.111
0.120
0.119
0.119
0.111
0.120
0.084
-0.991
0.097
0.119
-0.899
0.111
0.097
0.111
-0.991
0.094
0.119
0.119
0.120
0.111
0.113
-0.913
-0.605
-0.631
-0.570
-0.570
-0.569
-0.636
0.209
0.209
0.209
-0.570
-0.569
-1.995
-0.570
-0.569
-0.570
0.119
0.120
0.095
0.111
0.112
-0.806
0.120
0.120
0.120
0.119
0.113
-0.437
0.113
0.111
0.115
-0.899
0.114
-1.652
0.119
0.111
-1.752
0.112
0.112
0.116
0.120
0.119
0.117
0.112
0.120
-1.505
0.111
0.111
0.120
0.120
0.097
0.120
0.119
0.111
0.112
0.119
0.119
-0.856
0.119
0.119
-1.580
0.111
-0.458
0.113
0.118
0.111
-0.902
0.111
0.119
-0.899
0.118
0.120
0.109
-0.454
0.120
0.120
0.119
0.119
-0.899
0.119
0.113
-1.646
0.119
0.119
0.120
0.113
0.119
0.120
0.111
0.120
-0.437
0.119
0.119
-0.437
0.119
0.111
0.119
0.119
-0.458
0.093
-0.458
0.119
0.111
0.120
0.120
0.116
0.120
0.119
0.120
0.119
0.111
0.120
-0.437
0.111
0.120
0.119
0.119
-0.458
-0.455
0.119
0.120
0.120
0.119
0.115
0.111
0.120
0.111
0.111
0.120
0.110
0.119
-0.437
0.111
0.119
0.120
0.120
0.112
0.119
0.120
0.119
0.119
0.120
0.120
0.119
0.115
0.119
0.119
-1.561
0.120
0.120
0.109
0.120
0.120
0.120
0.119
0.120
0.120
0.111
-0.458
0.120
0.111
0.120
-1.942
0.120
-0.454
0.118
0.110
0.120
0.120
0.119
0.120
0.115
-0.454
0.120
0.120
0.119
0.119
0.111
0.119
0.120
0.120
0.111
0.113
0.120
0.119
0.119
0.119
0.119
0.119
0.115
-0.454
-0.454
0.120
