fixedStep chrom=ENSGT00510000049213 start=1 step=1
0.086
0.086
0.086
0.086
0.086
0.080
0.086
0.078
0.083
0.083
0.086
0.086
0.086
0.072
0.083
0.086
0.086
0.082
0.086
0.086
0.060
0.086
0.086
0.083
0.086
0.082
0.086
0.080
0.084
0.086
0.086
0.086
0.086
0.086
0.086
0.086
0.066
0.086
0.086
0.086
0.086
0.086
0.086
0.083
0.086
0.086
0.086
0.086
0.086
0.086
0.086
0.086
0.086
0.086
0.086
0.086
0.086
0.086
0.086
0.081
0.086
0.068
0.082
0.086
0.086
0.083
0.083
0.086
0.086
0.086
0.086
0.086
0.083
0.086
0.086
-0.040
-0.040
-0.040
0.086
0.078
0.074
0.076
0.079
0.074
0.078
0.078
-2.477
0.078
0.078
0.074
0.073
0.078
0.079
0.079
0.079
0.075
0.078
0.078
0.079
0.078
0.078
0.079
0.078
0.075
0.079
0.058
0.078
0.078
0.078
0.078
0.078
0.078
0.078
0.078
0.079
0.079
0.078
0.078
0.078
0.074
0.078
-1.441
0.079
0.078
0.079
0.074
0.078
0.078
0.078
0.078
0.079
0.079
0.078
0.078
0.078
0.069
0.083
0.079
0.086
0.086
0.086
0.082
0.086
0.086
0.086
0.086
0.086
0.086
0.086
0.086
0.086
0.086
0.086
0.086
0.086
0.068
0.086
0.086
0.086
0.083
0.082
0.086
-1.166
-1.016
-1.015
0.075
0.072
0.086
0.086
0.086
0.086
0.086
0.086
0.086
0.077
0.086
0.086
-1.529
-1.101
-1.101
0.079
0.068
0.086
0.086
0.086
0.086
0.086
0.086
0.086
0.086
0.086
0.085
0.086
0.083
0.086
0.086
0.086
0.082
0.082
0.080
0.083
0.069
0.086
0.086
0.086
0.086
0.085
0.080
0.086
0.086
0.086
0.086
0.086
0.086
0.086
0.084
0.086
0.086
0.086
0.086
0.086
0.082
0.086
0.086
0.082
0.069
0.086
0.086
0.086
0.086
0.086
0.086
0.086
0.086
0.086
0.086
0.082
0.086
0.086
0.086
0.076
0.085
0.086
0.086
0.083
0.086
0.086
0.086
0.086
0.086
0.086
0.086
0.086
0.086
0.086
0.086
0.086
0.086
0.083
0.081
0.072
0.069
0.085
0.086
0.060
0.083
0.083
0.083
0.083
0.083
0.078
0.078
-2.718
0.083
0.083
0.083
0.083
0.083
0.083
0.083
0.083
0.079
0.080
0.083
0.073
0.083
0.083
0.083
0.083
0.080
0.081
0.083
0.083
0.083
0.083
0.083
0.083
0.083
0.083
0.083
0.083
0.083
0.083
0.083
0.083
0.082
0.078
0.083
0.083
0.083
0.083
0.083
0.083
0.078
0.083
0.083
0.079
0.079
0.083
0.083
0.078
0.083
0.083
0.080
0.083
0.083
0.083
0.078
0.083
0.083
-1.443
-1.494
-1.545
-0.074
-0.074
-0.074
0.083
0.083
0.083
0.083
0.075
0.083
0.086
0.072
0.080
0.079
0.086
0.082
0.082
0.082
0.086
0.084
0.086
0.086
0.086
0.086
0.086
0.086
0.086
0.086
0.068
-3.072
0.068
0.079
0.083
0.086
-1.013
-1.013
-1.138
0.068
0.069
0.068
0.086
0.082
0.079
0.086
0.082
0.086
0.086
0.086
0.086
0.079
0.083
0.063
0.082
0.086
0.086
0.086
0.086
0.085
0.086
0.086
0.086
0.085
0.070
0.085
0.086
0.086
0.086
0.086
0.082
0.086
0.086
0.086
0.068
0.086
0.086
0.086
0.086
0.068
0.086
0.068
0.086
0.086
0.086
0.086
0.086
0.086
0.086
0.086
0.086
0.086
0.077
0.086
0.086
0.086
0.086
0.086
0.086
0.086
0.086
0.086
0.086
0.086
0.086
0.086
0.086
0.086
0.086
0.085
0.083
0.082
0.083
0.083
0.086
0.086
0.084
0.000
0.000
0.000
0.000
0.000
0.000
0.000
0.000
0.000
0.084
0.086
0.082
0.082
0.069
0.085
-1.721
-1.557
-1.362
-2.221
-2.216
-2.506
-2.375
-2.504
-3.393
-1.579
-1.503
-1.503
