fixedStep chrom=ENSGT00510000048375 start=1 step=1
0.058
0.058
0.058
0.058
0.058
0.056
0.058
0.058
0.058
0.058
0.049
0.055
-1.478
-1.477
-1.478
0.049
0.058
0.048
0.058
0.058
0.058
0.058
0.058
0.058
0.058
0.058
0.058
0.058
0.058
0.058
0.058
0.058
0.058
0.058
0.058
0.058
0.058
0.058
0.058
0.058
0.056
0.056
0.058
0.058
-1.726
0.058
0.058
0.058
0.058
0.058
0.058
0.049
0.041
0.058
-1.477
-1.478
-1.477
-1.477
-1.477
-2.443
0.058
0.058
0.058
0.058
0.058
0.058
0.058
0.058
0.058
0.058
0.058
0.058
0.058
0.058
0.041
0.058
0.058
0.048
0.058
0.058
0.058
0.058
0.058
0.058
0.058
0.058
0.058
0.058
0.058
0.057
0.058
0.058
0.058
0.058
0.058
0.058
0.058
0.052
0.041
0.058
0.058
0.058
0.058
0.058
0.058
0.058
0.058
0.058
0.058
0.058
0.052
0.058
0.058
0.058
0.058
0.058
0.055
0.058
0.058
0.058
0.058
0.058
0.058
0.058
0.058
0.058
0.058
0.058
0.058
0.058
0.058
0.058
0.058
0.058
0.058
0.058
0.055
0.058
0.058
0.058
0.058
0.058
0.058
0.058
0.058
0.058
0.058
0.058
0.058
0.058
0.058
0.058
0.055
0.058
0.058
0.049
0.058
0.058
0.055
0.058
0.058
0.058
0.058
0.058
0.058
0.058
0.058
0.058
0.058
0.058
0.058
0.058
0.058
0.051
0.058
0.058
0.056
0.058
0.058
0.058
0.058
0.058
0.058
0.058
0.058
0.058
0.058
0.058
0.058
0.058
0.058
0.058
0.058
0.058
0.058
0.058
0.058
0.058
0.058
0.058
0.058
0.053
0.053
0.053
0.053
0.053
0.053
0.053
0.053
0.050
0.053
0.053
0.053
0.053
0.053
0.053
0.053
0.053
0.053
0.053
0.053
0.053
0.053
0.053
0.051
0.053
0.053
0.053
0.053
0.053
0.053
0.053
0.053
0.053
0.053
0.053
0.053
0.053
0.053
0.050
-1.154
0.053
0.053
0.053
0.053
0.053
0.053
0.053
0.053
0.053
0.053
0.052
0.053
0.053
0.053
0.053
0.053
0.053
0.053
0.053
0.053
0.053
0.053
0.053
0.053
0.053
0.053
0.053
0.049
0.049
0.053
0.049
0.053
0.050
0.053
0.053
0.053
0.053
0.053
0.053
0.053
0.050
0.053
0.053
-1.509
0.053
0.053
0.053
0.053
0.053
0.053
0.049
0.053
0.053
0.053
0.053
0.050
0.053
0.053
0.053
0.053
0.053
0.052
0.053
0.053
-1.154
0.053
0.053
0.053
0.053
-1.154
0.049
0.053
0.053
0.053
0.053
0.053
0.053
0.053
0.053
0.053
0.058
0.058
0.056
0.058
0.058
0.058
0.058
0.058
0.052
0.058
0.058
0.057
0.058
0.058
0.057
0.058
0.058
0.058
0.057
0.058
0.058
0.058
0.058
0.058
0.058
0.058
0.058
0.058
0.058
0.058
0.058
0.058
0.058
0.058
0.058
0.058
0.058
0.058
0.058
0.058
0.058
0.055
0.058
0.058
0.055
0.058
0.058
0.056
0.058
0.058
0.058
0.058
0.058
0.058
0.058
0.058
0.052
0.058
0.058
0.058
0.058
0.058
0.058
0.058
0.058
-1.749
0.052
0.058
0.058
0.058
0.058
0.055
0.058
0.058
0.056
0.058
0.058
0.058
0.058
0.058
0.058
0.058
0.058
0.058
0.058
0.058
0.058
0.058
0.058
0.056
0.048
0.056
0.056
0.056
0.058
-1.799
0.058
0.058
0.058
0.058
0.058
0.058
0.058
0.058
0.058
0.058
0.058
0.058
0.058
0.058
0.058
0.058
0.058
0.058
0.058
0.058
0.056
0.058
0.058
0.058
0.058
0.058
0.058
0.058
0.058
0.057
0.057
0.058
0.058
0.052
0.058
0.056
