fixedStep chrom=ENSGT00390000018488 start=1 step=1
0.000
0.000
0.000
0.000
0.000
0.000
0.000
0.000
0.000
0.000
0.000
0.000
0.000
0.000
0.000
0.000
0.000
0.000
0.000
0.000
0.000
0.000
0.000
0.000
0.000
0.000
0.000
0.000
0.000
0.000
0.000
0.000
0.000
0.000
0.000
0.000
0.000
0.000
0.000
0.000
0.000
0.000
0.098
0.098
0.098
0.098
0.098
0.092
0.098
0.098
0.098
0.098
0.098
0.098
0.087
0.092
0.085
0.098
0.098
0.097
0.089
0.098
0.089
0.098
0.098
-3.725
0.092
0.095
0.075
0.098
0.098
0.098
0.098
0.098
-0.602
0.098
0.098
0.092
0.098
0.098
0.098
0.098
0.098
0.098
0.098
0.098
0.098
0.098
0.098
0.095
0.098
0.098
0.094
0.098
0.098
0.098
0.090
0.097
0.098
0.098
0.098
0.098
0.098
0.098
0.098
0.098
0.098
0.098
0.098
0.098
0.098
0.073
0.073
0.073
0.050
0.050
0.072
0.073
0.073
0.073
0.073
0.073
0.073
0.073
0.073
0.073
0.073
0.073
0.073
0.073
0.073
0.073
0.073
0.073
0.069
0.073
0.073
0.073
0.050
0.073
0.073
0.073
0.073
0.070
0.073
0.073
0.068
0.073
0.073
0.069
0.050
0.056
0.073
0.073
0.073
0.071
0.073
0.073
0.073
0.073
0.073
0.073
0.073
0.073
0.073
0.073
0.068
0.073
0.070
0.069
0.067
0.073
0.073
0.073
0.073
0.073
0.073
0.068
0.073
0.073
0.073
0.073
0.073
0.069
0.073
0.050
0.073
0.072
0.073
0.069
0.069
0.072
0.056
0.073
0.073
0.073
0.073
0.069
0.073
0.070
0.073
0.097
0.098
0.098
0.098
0.098
0.097
0.098
0.098
0.098
0.098
0.098
0.094
0.096
0.098
0.088
0.092
0.098
0.087
0.081
0.098
0.094
0.098
0.098
0.089
0.098
0.098
0.080
0.098
0.098
0.087
0.088
0.098
0.087
0.098
0.098
0.090
0.098
0.098
0.093
0.089
0.098
0.087
0.098
0.098
0.098
0.098
0.098
0.088
0.098
0.098
0.098
0.098
0.098
0.098
0.098
0.098
0.089
0.098
0.098
0.094
0.098
0.098
0.087
0.098
0.098
0.096
0.081
0.098
0.096
0.083
0.097
0.090
0.094
0.098
0.089
0.098
0.098
0.088
0.097
-1.089
0.089
0.098
0.098
0.098
0.098
0.094
0.089
0.098
0.094
0.089
0.097
0.098
0.098
0.098
0.094
0.089
0.098
0.098
0.098
-2.067
-0.714
0.090
0.098
0.098
0.098
0.098
0.098
0.098
0.098
0.098
0.098
-0.627
-0.627
-0.627
0.098
0.098
0.098
-0.586
0.098
0.089
0.098
0.098
0.098
0.098
0.098
0.098
0.098
0.098
0.081
0.098
0.098
0.098
0.098
0.098
0.089
0.094
0.098
0.089
0.098
0.098
0.089
-1.892
0.092
0.098
-0.601
0.098
0.089
0.089
0.098
0.098
-0.599
0.098
-2.611
0.098
0.098
0.089
0.098
0.098
0.091
0.087
0.098
0.077
-1.159
0.098
0.098
0.081
0.098
0.097
0.098
0.098
0.095
0.098
0.098
0.089
0.098
0.095
0.081
0.098
0.098
0.098
0.098
0.098
0.092
0.098
0.098
0.081
0.098
0.089
0.098
0.098
0.081
0.089
0.096
0.098
0.094
-0.599
0.089
0.098
0.089
0.090
0.097
0.098
0.098
0.097
0.096
0.098
0.083
0.090
0.098
0.097
0.098
0.098
0.098
0.098
0.098
0.098
0.098
0.097
-2.018
0.098
0.098
0.089
0.098
0.089
0.098
0.098
0.098
0.098
0.089
0.098
0.077
0.056
0.056
0.056
0.056
0.056
0.056
0.098
0.098
0.091
0.076
0.098
0.090
0.092
0.098
0.098
0.074
0.076
-0.599
0.098
0.098
0.089
0.089
0.098
0.098
0.098
0.098
0.098
-0.602
0.098
0.069
0.095
0.087
0.086
0.098
0.098
-0.601
0.098
0.098
0.091
0.081
0.095
0.090
0.098
0.098
0.089
0.098
0.098
0.098
0.098
0.098
0.098
0.076
0.098
0.098
0.098
0.098
0.094
0.092
0.098
0.098
0.098
0.098
0.082
0.098
0.098
0.095
0.098
0.098
0.098
0.098
0.098
0.089
0.098
-0.602
0.098
0.098
0.098
0.098
0.098
0.089
0.089
0.098
0.098
0.095
0.098
0.098
0.098
0.098
0.098
0.098
0.098
0.098
0.098
0.090
0.098
0.098
0.098
0.081
0.089
0.075
0.098
0.089
0.098
0.098
-0.599
0.098
0.098
0.089
0.098
0.098
0.098
0.098
0.098
0.094
0.098
0.098
0.098
0.098
0.098
0.098
0.089
0.098
0.094
0.098
0.098
0.098
0.098
0.098
0.089
0.098
0.098
0.089
-0.586
0.098
-0.586
-0.599
0.098
0.098
0.098
0.094
0.098
0.098
0.098
0.090
0.098
0.092
0.098
0.098
0.098
-0.901
0.098
0.098
0.098
0.098
0.098
0.090
0.098
0.098
0.098
0.098
0.098
0.098
0.098
0.098
0.096
0.098
0.098
0.087
0.096
0.098
0.089
0.098
0.098
0.098
0.098
0.098
0.081
0.098
0.098
0.097
0.091
0.098
0.091
0.086
0.077
0.094
0.098
0.089
0.097
0.098
0.098
0.098
0.098
0.098
0.098
0.098
0.098
0.098
0.098
0.098
0.089
0.098
0.098
0.098
0.087
0.098
-0.601
0.098
0.098
0.089
0.098
0.098
0.098
0.098
0.098
-1.154
0.098
0.098
0.098
0.097
0.098
0.096
0.098
0.098
0.098
0.098
0.098
0.098
0.098
0.098
0.090
-1.266
0.089
0.089
0.098
0.098
0.089
0.098
0.098
0.098
0.094
-0.586
0.086
0.098
0.098
0.080
0.095
0.098
0.098
0.098
0.098
0.098
0.098
0.098
-1.691
0.098
0.098
0.089
0.095
0.098
0.074
-0.599
0.089
0.089
0.089
0.098
0.089
-0.601
0.098
0.098
0.098
0.098
0.098
0.098
-0.599
0.098
0.098
0.098
0.098
-0.586
0.098
0.096
0.098
0.098
0.098
0.098
0.098
-1.151
0.098
0.098
0.089
0.098
0.098
0.077
0.089
0.098
0.069
0.098
0.098
0.098
0.098
0.098
-1.280
0.098
0.092
0.098
0.098
0.098
0.098
0.098
0.098
-1.159
0.098
0.098
0.087
0.098
0.098
0.089
0.098
0.098
0.094
0.084
0.098
-0.599
0.098
0.086
-0.601
0.098
0.098
0.098
0.098
0.098
0.087
0.098
0.098
0.098
0.098
0.098
0.090
0.098
0.098
0.098
0.098
0.098
0.089
0.098
0.094
0.081
0.098
0.098
0.094
0.098
0.098
-0.633
0.098
0.089
0.098
0.098
0.098
0.087
0.098
0.098
0.098
0.098
0.098
0.074
0.087
0.098
0.094
0.098
0.098
0.098
0.098
0.098
0.089
0.089
0.098
-0.599
0.098
0.098
0.098
-0.599
0.094
-0.599
0.098
0.098
-1.704
0.098
0.098
0.089
0.098
0.096
0.089
0.098
0.098
0.089
0.098
0.089
0.092
0.098
0.098
0.098
0.098
0.098
0.097
0.098
0.098
0.098
0.098
0.098
0.098
0.096
0.098
0.098
0.098
0.098
0.089
0.098
0.098
0.094
0.094
0.098
0.095
0.098
0.098
0.089
0.098
0.098
0.098
0.098
0.098
0.098
0.094
0.089
0.090
0.086
0.092
0.098
0.081
0.098
0.093
0.089
0.098
0.098
0.097
0.098
0.098
0.098
0.098
0.098
0.090
0.098
0.098
0.098
0.098
0.096
0.098
0.098
0.097
0.098
-0.601
0.098
0.098
0.089
0.094
0.098
0.098
0.094
0.098
0.087
0.082
0.098
0.094
-1.145
0.098
0.089
0.098
0.098
0.098
0.095
0.098
0.098
0.075
0.098
0.098
0.089
0.098
0.098
0.098
0.091
0.098
0.098
0.098
0.098
0.095
0.098
-0.599
0.094
-0.602
-0.601
0.098
0.098
0.089
0.098
-0.627
-0.627
-0.732
-0.024
-0.024
-0.024
0.098
0.098
-1.122
0.096
0.098
0.094
0.094
0.076
0.098
-0.024
-0.024
-0.024
-1.590
-0.883
-0.883
