fixedStep chrom=ENSGT00390000011513 start=1 step=1
0.000
0.000
0.000
0.000
0.000
0.000
0.000
0.000
0.000
0.000
0.000
0.000
0.000
0.000
0.000
0.000
0.000
0.000
0.000
0.000
0.000
0.000
0.000
0.000
0.000
0.000
0.000
0.000
0.000
0.000
0.000
0.000
0.000
0.000
0.000
0.000
0.000
0.000
0.000
0.000
0.000
0.000
0.000
0.000
0.000
0.000
0.000
0.000
0.000
0.000
0.000
0.000
0.000
0.000
0.000
0.000
0.000
0.000
0.000
0.000
0.000
0.000
0.000
0.000
0.000
0.000
0.000
0.000
0.000
0.000
0.000
0.000
0.000
0.000
0.000
0.000
0.000
0.000
0.000
0.000
0.000
0.000
0.000
0.000
0.000
0.000
0.000
0.000
0.000
0.000
0.000
0.000
0.000
0.000
0.000
0.000
0.000
0.000
0.000
0.000
0.000
0.000
0.000
0.000
0.000
0.000
0.000
0.000
0.000
0.000
0.000
0.000
0.000
0.000
0.000
0.000
0.000
0.000
0.000
0.000
0.000
0.000
0.000
0.000
0.000
0.000
0.000
0.000
0.000
0.000
0.000
0.000
0.000
0.000
0.000
0.000
0.000
0.000
0.000
0.000
0.000
0.000
0.000
0.000
0.000
0.000
0.000
0.000
0.000
0.000
0.000
0.000
0.000
0.000
0.000
0.000
0.000
0.000
0.000
0.000
0.000
0.000
0.000
0.000
0.000
0.000
0.000
0.000
0.000
0.000
0.000
0.000
0.000
0.000
0.000
0.000
0.000
0.000
0.000
0.000
-3.141
-3.863
-3.799
-3.804
-3.252
-3.863
-4.729
-3.586
-5.215
-1.883
-1.854
0.089
0.085
0.089
-1.883
0.070
0.070
0.089
0.089
0.089
0.071
0.089
0.085
-1.881
0.087
-2.695
0.070
0.000
0.000
0.000
0.000
0.000
0.000
0.000
0.000
0.000
0.000
0.000
0.000
0.000
0.000
0.000
0.000
0.000
0.000
0.000
0.000
0.000
0.000
0.000
0.000
0.000
0.000
0.000
0.000
0.000
0.000
0.000
0.000
0.000
0.000
0.000
0.000
0.000
0.000
0.000
0.000
0.000
0.000
-0.998
-2.324
-1.159
0.070
0.074
0.089
0.067
0.063
-1.854
0.089
0.080
0.089
-0.688
0.081
-2.596
0.072
0.089
0.083
-2.698
0.085
-1.889
-2.702
0.070
-1.888
-2.057
-0.666
-1.888
-1.888
0.078
-0.685
-0.017
-0.017
-0.017
-0.683
-0.688
0.072
-0.683
-1.909
0.085
0.089
0.084
0.082
-0.685
-0.683
-0.683
-0.688
0.089
-0.685
-0.685
0.082
-0.925
0.089
-1.269
-0.685
-0.683
0.085
-3.298
-0.688
0.089
0.089
0.087
0.082
0.089
-0.666
-0.666
0.089
0.089
0.086
0.088
0.082
0.089
-0.688
0.089
-0.666
0.082
0.089
-0.666
-0.685
0.089
-0.666
-0.688
0.089
0.089
-0.688
-0.683
-0.688
-1.256
0.064
-1.237
0.062
0.062
0.083
0.085
0.062
0.071
-1.854
0.089
0.089
0.089
0.089
0.089
0.089
0.073
0.089
0.089
0.089
0.089
0.089
0.089
0.089
0.089
0.087
0.089
0.089
0.089
0.089
0.089
0.086
0.085
0.089
0.085
0.089
0.089
0.089
0.082
0.072
0.085
0.089
0.089
0.089
0.089
0.085
-1.003
-1.003
-1.003
-1.003
-1.000
-1.000
-1.003
-1.003
-1.003
0.082
0.089
0.089
0.089
0.089
0.089
0.089
0.089
0.089
0.089
0.089
0.089
0.089
0.089
0.089
0.082
0.085
0.089
0.089
0.089
0.089
0.089
0.089
0.085
0.089
0.089
0.089
0.089
0.089
0.089
0.089
0.089
0.089
0.089
0.089
0.085
0.089
0.089
0.089
0.089
0.089
0.089
0.082
0.089
0.089
0.089
0.089
0.089
0.088
0.089
0.085
0.089
0.089
0.089
0.089
0.089
0.089
0.089
0.089
0.089
0.089
0.089
0.089
0.089
0.089
0.089
0.089
0.089
0.089
0.089
0.089
0.089
0.089
0.088
0.089
0.089
0.089
0.089
0.089
0.089
0.089
0.089
0.089
0.072
0.089
0.089
0.085
0.089
0.089
0.089
0.089
0.089
0.089
0.089
0.089
0.089
0.089
0.089
0.085
0.089
0.089
0.089
0.089
0.088
0.089
0.089
0.089
0.089
0.089
0.089
0.089
0.089
0.089
0.089
0.089
0.088
0.089
0.089
0.089
0.089
0.089
0.089
0.089
0.086
0.081
0.087
0.089
0.089
0.089
0.087
0.087
0.073
0.089
0.089
0.086
0.089
0.089
0.081
0.080
0.089
0.089
0.089
0.089
0.089
0.089
0.089
0.089
0.089
0.089
0.089
0.089
0.089
0.089
0.089
0.089
0.089
0.089
0.089
0.072
0.089
0.089
0.086
0.089
0.089
0.089
0.089
0.089
0.085
0.089
0.089
0.089
0.089
0.089
0.089
0.089
0.089
0.089
0.089
0.089
0.089
0.089
0.089
0.089
0.089
0.089
0.087
0.063
0.089
0.089
0.089
0.089
0.089
0.089
0.083
0.072
0.085
0.089
0.089
0.089
0.089
0.089
0.089
0.089
0.085
0.089
0.089
0.081
0.089
0.085
0.089
0.089
0.089
0.089
0.089
0.089
0.089
0.089
0.089
0.089
0.089
0.089
0.089
0.089
0.089
0.089
0.089
0.089
0.086
0.089
0.089
0.085
0.089
0.089
0.089
0.089
0.089
0.089
0.089
0.089
0.089
0.089
0.089
0.089
0.089
0.089
0.089
0.089
0.089
0.089
0.089
0.089
0.089
0.089
0.089
0.089
0.089
0.089
0.089
0.070
0.089
0.089
0.089
0.089
0.089
0.082
0.089
0.089
0.089
0.089
0.089
0.089
0.072
0.085
0.089
-3.100
0.089
0.086
0.089
0.089
0.089
0.087
0.088
0.086
0.087
0.081
0.000
0.000
0.000
