fixedStep chrom=ENSGT00400000024910 start=1 step=1
0.050
0.050
0.050
0.050
0.050
0.050
0.050
0.048
-2.429
-1.171
0.050
0.050
0.050
0.046
0.046
0.049
0.050
0.047
0.050
0.050
0.050
0.041
0.050
0.050
0.050
0.050
0.050
0.050
0.046
0.050
0.050
0.050
0.050
0.050
0.050
0.050
0.050
0.050
0.050
0.050
0.050
0.050
0.050
0.050
0.050
0.050
0.050
-1.175
0.050
0.050
0.050
0.050
0.050
0.050
0.050
0.046
0.048
0.050
0.050
0.050
0.049
0.050
-1.153
0.050
0.050
0.050
0.050
0.050
0.045
0.050
0.050
0.050
0.050
0.050
0.046
0.050
0.050
0.050
0.050
0.050
0.050
0.050
0.050
0.048
0.050
0.050
-1.202
0.050
0.041
0.050
0.050
0.050
0.050
0.050
0.050
0.048
0.050
0.050
0.050
0.050
0.050
0.050
0.049
0.050
0.048
0.050
0.050
0.050
0.050
0.050
0.050
0.050
0.050
0.048
0.050
0.050
0.050
0.050
0.050
0.050
0.050
0.050
0.050
0.050
0.050
0.050
0.050
0.050
0.050
0.050
0.050
0.050
0.050
0.050
0.050
0.050
0.050
0.050
0.050
0.050
0.050
0.050
0.050
0.050
0.050
0.050
0.046
0.050
0.050
0.050
0.050
0.050
0.049
0.050
0.050
0.046
0.050
0.050
0.045
0.050
0.050
0.050
0.050
0.050
0.050
0.050
0.050
0.049
0.050
0.050
0.050
0.050
0.050
0.050
0.050
0.050
0.050
0.050
0.050
0.050
0.050
0.050
0.050
-1.600
-1.600
-1.894
0.050
0.050
0.048
0.050
0.050
0.048
0.050
0.050
0.050
0.050
0.050
0.049
0.050
0.050
0.050
0.041
0.050
0.049
0.050
0.050
0.050
0.048
0.050
0.050
0.050
0.050
0.050
0.050
0.050
0.050
0.050
0.050
0.048
0.050
0.050
0.047
0.050
0.050
0.050
0.045
0.045
0.045
0.045
0.045
0.045
0.045
0.045
0.045
0.045
0.045
0.045
0.045
0.045
0.045
0.045
0.045
0.045
0.045
0.045
0.045
0.045
0.045
0.045
0.045
0.045
0.045
0.045
0.045
0.045
0.045
0.045
0.045
0.045
0.045
0.041
0.050
0.050
0.046
0.050
0.050
0.050
0.050
0.050
-1.199
0.050
0.050
0.050
0.050
0.050
0.050
0.050
0.050
0.050
0.050
0.050
0.050
0.050
0.050
0.050
0.050
0.050
0.048
0.050
0.050
0.050
0.050
0.050
0.050
-1.600
-1.600
-3.268
0.050
0.050
0.050
0.050
0.050
0.041
0.050
0.050
0.050
0.050
0.050
0.037
0.049
0.050
0.050
0.050
0.050
0.050
0.050
0.050
0.050
0.050
0.050
0.050
0.050
0.050
0.050
0.050
0.050
0.050
0.050
0.050
0.050
0.050
0.050
0.050
0.050
0.050
0.048
0.050
0.050
0.050
0.050
0.050
0.050
0.050
0.050
0.050
0.050
0.050
0.050
0.050
0.050
0.050
0.050
0.050
0.050
0.050
0.050
0.050
0.050
0.050
0.050
0.050
0.050
0.050
-1.601
-1.600
-2.155
0.050
0.050
0.050
0.050
0.050
0.050
0.050
0.050
0.050
0.041
0.050
0.050
0.050
0.050
0.046
0.050
0.050
0.046
0.050
0.050
0.048
0.050
0.050
0.050
0.046
0.050
0.050
0.050
0.050
0.050
0.045
0.049
0.050
0.049
0.050
0.050
0.046
0.050
0.050
0.050
0.050
0.050
0.050
0.050
0.046
0.050
0.050
0.050
0.050
0.050
0.050
