fixedStep chrom=ENSGT00700000104367 start=1 step=1
0.000
0.000
0.000
0.000
0.000
0.000
0.000
0.000
0.000
0.000
0.000
0.000
0.221
0.208
0.212
0.158
-0.576
0.214
0.205
-1.233
0.210
0.211
0.211
0.210
0.895
0.895
0.895
-0.200
-0.253
-0.317
-0.122
-0.212
-0.242
-0.132
-0.252
-0.218
0.224
0.150
0.165
0.235
0.234
0.236
0.250
0.250
0.250
0.235
0.235
0.247
0.240
0.240
0.246
0.198
0.212
0.201
-0.585
0.224
-0.671
0.212
0.161
0.198
0.186
0.209
0.162
0.206
0.224
0.159
0.193
0.183
0.174
0.208
0.216
0.000
0.000
0.000
0.000
0.000
0.000
0.000
0.000
0.000
0.000
0.000
0.000
0.000
0.000
0.000
0.000
0.000
0.000
0.000
0.000
0.000
0.000
0.000
0.000
0.000
0.000
0.000
0.000
0.000
0.000
0.000
0.000
0.000
0.000
0.000
0.000
0.000
0.000
0.000
0.000
0.000
0.000
0.000
0.000
0.000
0.000
0.000
0.000
0.000
0.000
0.000
0.000
0.000
0.000
0.000
0.000
0.250
0.230
0.247
0.250
0.235
0.213
0.220
0.165
0.163
0.161
0.161
0.217
0.198
0.183
0.250
0.250
0.249
0.154
0.165
0.183
0.184
0.218
0.154
0.155
0.154
0.187
0.209
0.211
0.208
0.169
0.207
0.161
0.159
0.159
0.153
0.165
0.163
0.163
0.220
-2.265
0.197
0.162
0.161
0.220
0.213
0.224
-1.477
0.221
0.147
0.169
0.162
0.164
0.164
0.210
0.224
0.224
0.222
0.222
0.202
0.153
0.159
0.217
0.221
0.210
0.163
0.212
0.224
0.149
-0.606
0.222
0.146
0.162
0.208
0.211
0.201
0.160
-1.513
0.212
0.213
0.201
0.221
0.149
0.171
0.213
0.154
0.180
0.209
0.224
0.145
0.211
0.221
0.212
0.152
0.223
0.208
0.224
0.222
0.184
0.154
0.221
-2.005
0.221
0.221
0.213
0.146
-2.005
0.148
0.179
0.224
0.151
0.159
0.213
0.212
0.152
0.218
0.153
0.156
0.224
0.211
0.163
0.211
0.162
0.220
-0.650
0.208
0.165
0.165
0.179
0.214
0.221
0.204
0.151
0.224
0.148
0.185
0.182
-0.603
0.164
0.156
0.146
0.170
0.165
0.152
0.157
0.213
0.168
0.216
0.220
0.154
0.217
0.224
0.163
0.176
0.215
0.208
0.216
0.211
0.217
0.213
0.224
0.221
0.211
0.209
0.168
0.207
0.224
0.147
0.163
0.159
0.157
0.209
0.164
0.213
0.221
0.221
0.211
0.210
0.219
0.221
0.220
0.224
0.209
0.165
0.214
0.157
0.160
0.148
0.177
0.165
0.224
0.149
0.212
0.220
0.214
-0.662
0.165
0.149
0.212
0.208
0.175
0.155
0.211
0.210
0.224
0.224
0.208
0.154
0.157
0.158
0.224
0.213
0.221
0.164
0.165
0.159
0.151
0.210
0.156
0.210
0.210
0.155
0.213
0.224
0.208
0.210
0.212
0.220
0.211
0.221
0.218
0.224
0.224
0.211
0.221
0.221
0.213
0.224
0.224
0.203
0.224
0.222
0.210
0.170
0.221
0.219
0.221
0.221
0.209
0.165
0.212
0.154
0.214
0.224
0.210
-0.603
0.147
-2.859
0.221
0.212
0.158
0.154
0.224
0.200
0.183
0.219
0.158
0.224
0.164
0.179
0.210
0.164
0.210
0.208
0.159
0.151
0.152
0.219
0.000
0.000
0.000
0.000
0.000
0.000
0.000
0.000
0.000
0.000
0.164
0.209
0.146
0.154
0.158
0.215
0.209
0.224
0.164
0.220
0.180
0.210
0.208
0.162
0.210
0.224
0.224
0.216
0.212
0.221
0.212
0.211
0.224
-1.341
0.211
0.213
0.167
0.165
0.164
0.159
0.221
0.221
0.223
0.164
0.149
0.195
0.224
0.165
0.208
0.210
0.220
-1.510
0.208
0.221
0.199
0.181
0.224
0.156
0.165
0.165
0.151
0.212
0.165
0.146
0.165
0.164
0.158
0.146
0.164
0.158
0.163
0.165
0.157
0.183
0.214
0.224
0.164
0.164
0.213
0.164
0.221
0.207
0.147
0.224
0.164
0.154
0.222
0.204
0.163
0.221
0.148
0.211
0.224
0.216
0.154
0.210
0.205
0.151
0.223
0.216
0.215
0.224
0.211
0.205
0.219
0.167
0.165
0.224
0.209
0.212
0.221
0.163
0.000
0.000
0.000
0.000
0.000
0.000
0.000
0.000
0.000
0.000
0.000
0.000
0.164
0.170
0.168
0.203
0.217
0.158
0.205
0.219
0.204
0.157
0.224
0.164
0.207
0.221
0.211
0.218
0.211
0.221
0.162
0.158
0.186
0.216
0.215
0.206
0.198
0.224
0.149
0.163
0.170
0.147
0.151
0.151
0.211
0.164
0.224
0.214
0.212
0.222
0.216
0.250
0.250
0.247
0.247
0.250
0.250
0.196
0.165
0.222
0.207
0.224
-1.028
0.194
0.208
0.165
0.195
0.178
0.146
0.152
0.224
0.209
0.159
0.165
-0.577
0.152
0.224
0.152
0.221
0.186
-1.897
0.165
0.213
0.150
0.154
0.164
0.220
0.207
0.170
0.194
0.202
0.177
0.180
0.212
0.171
0.165
0.168
0.184
0.153
0.430
0.424
0.422
-0.168
-0.201
-0.201
-1.607
-0.852
-1.199
0.221
0.221
0.182
-1.751
0.179
0.202
0.201
0.205
0.167
0.220
0.221
0.210
0.211
0.224
0.156
0.165
0.175
0.169
0.158
0.197
0.158
0.159
0.224
0.144
0.156
0.221
0.158
0.220
0.161
0.158
0.217
0.152
0.208
0.000
0.000
0.000
0.000
0.000
0.000
0.000
0.000
0.000
0.000
0.000
0.000
0.213
-0.603
-2.856
0.222
0.224
0.156
0.222
0.221
0.213
0.198
0.223
0.162
0.250
0.250
0.249
0.250
0.250
0.232
0.250
0.240
0.234
0.201
0.151
0.205
0.150
0.218
-2.131
0.161
-1.465
-0.831
0.181
0.150
-1.529
0.224
0.224
0.165
0.209
-1.329
0.155
0.894
0.895
0.895
0.201
0.165
0.159
0.149
0.209
0.206
0.209
0.224
0.164
0.167
0.151
0.156
0.208
0.159
0.154
-2.602
0.170
0.165
0.142
0.223
0.156
0.221
0.208
0.150
0.165
0.216
0.214
0.148
0.214
0.210
0.210
0.183
0.215
0.148
0.165
0.168
0.215
0.224
0.211
0.199
0.221
0.220
0.179
0.224
0.215
0.202
0.164
0.159
0.213
0.221
0.224
0.220
0.194
0.170
0.208
0.221
0.160
1.482
1.482
1.482
1.432
1.482
1.482
-0.261
-0.221
-0.237
-0.275
-0.222
-0.239
-0.231
-0.245
-0.224
-0.260
-0.260
-0.278
0.158
0.203
0.188
0.183
0.154
0.183
-1.197
-0.977
-0.575
0.154
0.203
0.158
0.213
0.223
0.180
-1.035
0.211
0.147
0.218
0.153
0.201
0.145
0.149
0.224
0.150
0.159
0.214
0.183
0.205
0.204
0.167
0.221
0.163
0.000
0.000
0.000
0.000
0.000
0.000
0.000
0.000
0.000
0.000
0.000
0.000
0.000
0.000
0.000
0.000
0.000
0.247
0.247
0.244
0.250
0.176
0.222
0.177
0.162
-0.870
0.205
0.151
0.214
0.163
0.149
0.158
0.208
0.204
0.178
0.165
0.212
0.224
0.182
0.179
0.213
0.150
0.210
0.217
0.163
0.218
0.204
0.153
0.205
0.221
0.162
0.208
0.224
0.147
0.210
0.221
0.179
0.179
0.210
0.164
0.179
0.213
0.200
0.165
0.212
0.164
0.206
0.221
-0.834
0.151
0.185
0.209
0.213
0.224
-0.834
-1.255
0.218
0.213
0.155
0.167
0.164
0.207
0.224
0.219
0.205
0.224
-2.334
0.165
0.220
0.208
0.208
0.221
0.207
0.147
0.224
0.165
0.165
0.212
0.162
0.205
0.205
0.213
0.894
0.894
0.895
0.164
0.205
0.159
-1.146
0.164
-1.128
0.157
0.224
0.209
0.158
0.164
0.214
0.160
0.220
0.193
0.197
0.224
0.154
-0.604
0.200
0.179
0.163
0.224
0.207
0.154
0.185
0.147
0.210
0.221
0.211
0.147
0.165
0.154
0.221
0.204
0.000
0.000
0.000
0.000
0.000
0.000
0.000
0.000
0.000
0.177
0.187
0.150
0.161
0.221
0.165
0.193
-1.861
0.215
0.185
0.195
0.224
0.207
0.204
0.203
0.205
-1.696
0.143
0.149
0.155
0.157
0.162
0.175
0.179
0.173
0.163
0.165
0.162
0.200
0.204
0.206
0.165
0.206
0.146
0.155
0.205
0.183
0.216
0.187
-0.833
0.212
0.165
0.198
0.895
0.895
0.895
0.895
0.895
0.891
0.185
0.154
0.204
-1.194
0.224
0.207
0.212
0.212
0.213
0.208
0.222
-1.088
0.180
0.224
0.196
0.205
-3.179
0.183
0.178
0.224
0.208
0.149
0.212
0.184
0.165
0.212
0.147
0.161
0.224
-1.832
-1.317
-0.640
0.173
0.179
0.150
0.210
-2.688
0.152
0.205
0.154
0.163
0.203
0.222
0.222
0.219
0.185
0.185
0.211
0.180
0.220
0.165
0.209
0.170
0.159
0.202
0.221
0.157
0.208
0.183
0.201
0.145
-2.121
0.193
0.198
0.165
0.185
0.181
0.164
0.206
-2.381
0.181
0.208
-0.432
0.165
0.185
0.224
0.213
0.151
0.170
0.213
0.181
0.210
0.164
0.184
0.212
0.164
0.212
0.212
0.212
0.165
0.210
0.224
0.162
0.202
0.204
0.216
0.215
0.192
-0.603
0.151
0.224
-1.225
0.221
0.222
0.205
0.208
0.224
0.209
0.165
0.165
0.204
0.208
0.216
0.204
0.208
0.165
0.163
0.165
0.182
-1.647
0.194
0.224
0.179
-0.808
0.214
0.144
0.222
0.165
0.155
0.212
0.224
0.156
0.221
0.213
0.217
0.224
0.179
0.209
0.895
0.893
0.895
0.895
0.895
0.895
0.213
0.222
-1.264
0.165
0.204
0.147
0.180
0.204
0.162
0.193
0.207
0.150
0.221
0.169
0.159
0.147
0.181
0.220
0.224
0.224
0.159
0.147
0.205
0.204
0.223
0.205
0.213
0.223
0.224
0.211
0.208
0.221
0.219
0.211
0.224
0.211
0.186
0.161
0.213
0.195
0.221
0.148
0.221
0.221
0.222
-0.598
0.224
0.158
0.165
0.224
0.195
0.206
0.213
0.155
0.221
0.221
0.156
0.208
0.182
0.193
-1.339
0.165
0.152
0.224
0.224
0.165
0.204
0.221
0.221
0.895
0.895
0.895
0.891
0.895
0.891
0.212
0.152
0.165
0.183
0.179
0.224
0.182
-0.849
-1.679
0.168
0.202
-0.843
0.895
0.894
0.895
0.213
0.165
0.212
0.152
0.217
0.213
-0.432
0.163
-1.543
0.213
0.224
0.211
0.152
0.220
0.203
0.221
0.221
0.156
0.213
0.224
0.154
0.213
0.215
0.218
0.223
0.224
0.212
0.159
0.211
0.187
0.154
0.208
0.168
0.221
0.221
0.224
-0.577
0.216
0.159
0.213
0.224
0.207
0.211
0.164
0.210
0.154
0.161
0.205
0.213
0.224
0.160
0.144
0.156
-1.762
0.179
0.168
0.218
0.208
0.213
0.154
0.211
0.189
0.165
0.148
-3.417
0.151
0.179
0.212
0.162
0.154
0.213
0.157
0.164
0.163
-0.460
0.203
0.164
0.186
-0.248
-0.221
-0.223
0.205
0.149
0.215
0.154
0.165
0.209
0.209
0.224
0.212
0.189
0.152
0.162
-1.582
0.198
0.158
0.203
0.224
0.155
0.221
0.221
0.224
0.164
0.224
0.170
0.221
0.221
0.210
0.158
0.208
0.207
0.221
0.221
0.224
0.148
0.149
0.181
0.205
0.224
0.158
0.152
0.207
0.154
0.209
0.146
0.224
0.424
0.425
0.425
0.216
0.158
0.211
-1.439
0.163
0.223
0.248
0.247
0.231
0.216
0.218
0.221
0.220
0.164
0.223
0.224
0.221
0.213
0.197
0.163
0.150
0.224
0.221
0.221
0.152
0.214
0.159
0.216
0.220
0.216
0.221
0.160
0.157
0.178
0.224
0.206
0.193
0.157
0.161
0.158
0.172
0.177
0.183
0.224
0.208
0.221
0.221
0.210
0.189
0.224
0.212
0.224
0.222
0.166
0.157
0.153
0.159
0.220
0.164
0.157
0.164
-0.741
0.221
0.146
0.224
0.149
-1.605
0.165
0.203
0.210
0.208
0.209
0.196
0.208
0.153
0.209
0.213
0.198
0.250
0.250
0.250
0.182
0.211
0.141
0.224
0.221
0.209
0.165
0.224
0.159
0.222
0.222
0.208
0.177
0.159
0.151
0.221
0.164
0.168
0.150
0.224
0.153
0.165
0.221
0.201
0.206
0.224
0.165
0.213
0.224
0.165
0.221
0.221
0.214
0.162
0.224
0.177
0.159
0.212
0.213
0.220
0.206
0.206
0.221
0.221
0.221
0.177
0.209
0.163
0.164
0.224
0.150
0.171
0.220
-1.924
0.165
0.160
0.150
0.154
0.217
0.174
0.206
0.222
0.222
0.250
0.250
0.249
0.245
0.249
0.231
0.247
0.247
0.247
0.155
0.211
0.147
-6.504
0.157
0.217
0.213
0.224
0.218
0.154
0.152
0.209
0.162
0.148
0.154
0.213
0.224
0.154
0.165
0.210
0.213
0.221
0.221
0.212
0.222
0.224
0.170
0.165
0.214
0.224
0.208
0.224
0.224
0.164
0.222
0.169
0.164
0.164
0.152
0.221
0.221
0.224
0.165
0.154
0.165
0.214
0.224
0.212
0.221
0.158
0.155
0.212
0.164
0.203
0.222
0.224
0.142
0.222
0.222
0.165
0.221
0.212
0.150
0.165
0.164
0.211
0.145
0.161
0.213
0.156
0.152
0.211
0.224
0.224
0.146
0.164
0.164
0.209
0.215
0.163
-1.925
0.213
0.224
0.163
0.213
0.211
0.147
0.216
0.217
0.165
0.209
0.224
0.221
0.218
0.157
0.211
0.221
0.224
0.206
0.210
0.212
0.161
0.159
0.163
-2.022
0.221
0.221
0.213
0.165
0.213
0.181
0.206
0.224
0.157
0.154
0.153
0.211
0.153
0.153
0.198
0.213
0.213
0.163
0.224
0.222
0.157
0.168
-1.711
0.151
0.221
0.221
0.149
0.213
0.165
0.154
0.202
0.224
0.210
0.165
0.221
0.156
0.165
0.164
0.212
0.224
0.164
0.210
0.222
0.218
0.160
0.212
0.194
0.208
0.152
0.224
0.149
0.221
0.208
0.220
0.159
0.222
0.154
0.151
0.224
0.212
0.212
0.221
0.171
0.221
0.222
0.156
0.221
0.221
0.145
0.211
0.208
0.181
0.221
0.221
0.213
0.165
0.159
0.164
0.224
0.224
0.222
0.163
0.154
0.146
0.224
0.221
0.210
0.165
0.221
0.210
0.224
0.221
0.221
0.221
0.221
0.191
0.210
0.224
0.164
0.164
0.154
0.154
0.149
0.164
0.161
0.224
0.224
0.209
0.206
0.213
0.210
0.161
0.219
0.208
0.167
0.179
0.165
0.895
0.895
0.895
0.144
0.157
0.220
0.211
0.160
0.148
0.247
0.250
0.234
0.236
0.247
0.250
0.161
0.170
0.208
0.208
0.146
0.208
0.206
0.174
0.203
0.211
0.224
0.158
0.154
0.224
0.152
-0.228
-0.249
-0.249
0.217
0.205
0.168
0.224
0.221
0.221
0.202
0.222
0.151
0.221
0.220
0.165
0.164
0.165
0.169
0.224
0.221
0.209
0.164
0.154
0.179
0.224
0.221
0.224
0.221
0.221
0.175
0.224
0.164
0.210
0.222
0.222
-2.663
0.162
0.150
0.158
0.163
0.208
0.218
0.154
0.162
0.149
0.164
0.215
0.215
0.221
0.221
0.160
0.164
0.162
-1.584
0.222
0.158
0.195
0.159
0.224
0.155
0.164
0.202
0.209
0.221
0.221
0.207
0.155
0.223
0.212
0.222
0.209
0.207
0.154
0.224
0.154
0.214
0.222
0.149
0.211
0.160
0.206
0.224
0.213
0.157
0.165
0.164
0.153
0.224
0.221
0.219
0.164
0.221
0.221
0.221
0.160
0.212
0.210
0.220
0.156
0.165
0.213
0.210
0.213
0.224
0.219
0.212
0.223
0.148
0.153
0.211
0.212
0.212
0.161
0.221
0.221
0.218
0.163
0.164
0.177
0.157
0.161
0.154
0.209
0.212
0.208
0.222
0.163
0.223
0.214
0.212
0.224
0.154
0.164
0.224
0.177
0.196
0.224
0.221
0.211
0.170
0.169
0.152
0.224
0.211
0.148
0.212
0.209
0.212
0.211
0.216
0.208
0.159
0.154
0.157
0.222
0.212
0.213
0.183
0.163
0.224
0.221
0.213
0.161
0.165
0.222
0.209
0.211
0.210
0.223
0.224
0.152
0.164
0.221
0.224
0.165
0.165
0.185
0.217
0.213
0.165
0.224
0.221
0.221
0.224
0.221
0.213
0.164
0.224
0.163
0.218
0.210
0.210
0.221
0.224
0.221
0.168
0.223
0.211
0.175
0.207
0.154
0.165
0.164
0.154
0.224
0.221
0.179
0.164
0.213
0.181
0.222
0.218
0.208
0.212
0.222
0.181
0.154
0.212
0.206
0.152
0.208
0.164
0.215
0.209
0.221
0.164
0.213
0.210
0.208
0.219
0.221
0.221
0.221
0.147
0.209
0.208
0.165
0.235
0.250
0.242
0.247
0.236
0.250
0.250
0.250
0.246
0.236
0.250
0.250
0.222
0.213
0.222
0.148
0.204
0.147
0.221
0.219
0.212
0.209
0.163
0.213
0.149
0.224
0.222
0.200
0.209
0.153
0.224
0.165
0.211
0.165
0.221
0.212
0.220
0.222
0.149
0.224
0.224
0.223
0.210
0.224
0.217
0.221
0.222
0.160
0.224
0.221
0.209
0.221
0.221
0.221
0.221
0.217
0.216
0.222
0.215
0.154
0.221
0.221
0.224
0.209
0.222
0.213
-1.374
0.145
0.181
0.224
0.221
0.221
0.221
0.224
0.221
0.212
0.221
0.220
0.221
0.218
0.213
0.164
0.165
0.175
0.165
0.224
0.217
0.196
0.224
0.160
0.222
0.163
-0.938
0.181
0.218
0.154
0.221
0.224
0.210
0.221
0.221
0.207
0.214
0.218
0.163
0.164
0.165
0.164
0.210
0.219
0.213
0.206
0.206
0.215
0.216
0.220
0.215
0.165
0.224
0.159
0.154
0.170
0.221
0.162
0.224
0.165
0.224
0.221
0.208
0.222
0.224
0.209
0.213
0.221
0.223
0.212
0.221
0.211
0.164
0.221
0.210
0.203
0.221
0.222
0.224
0.224
0.211
0.212
0.183
0.214
0.222
0.222
0.224
0.221
0.221
0.219
0.221
0.221
0.220
0.165
0.221
0.163
0.220
0.224
0.213
0.208
0.183
0.162
0.221
0.221
0.164
0.221
0.221
0.223
0.221
0.224
0.213
0.212
0.224
0.163
0.212
0.211
0.220
0.224
0.152
0.221
0.221
0.224
0.220
0.221
0.221
0.210
0.220
0.221
0.216
0.221
0.221
0.211
0.213
0.221
0.218
0.221
0.221
0.210
0.165
0.222
0.211
0.212
0.224
0.222
0.224
0.224
0.222
0.221
0.224
0.163
0.210
0.224
0.163
0.224
0.222
0.224
0.165
0.165
0.165
0.211
0.221
0.222
0.224
0.224
0.224
0.221
0.224
0.163
0.165
0.221
0.221
0.221
0.216
0.219
0.221
0.221
0.219
0.224
0.221
0.221
0.224
0.221
0.222
0.165
0.221
0.163
0.224
0.221
0.224
0.221
0.221
0.220
0.216
0.224
0.165
0.165
0.221
0.218
0.224
0.224
0.210
0.164
0.222
0.222
0.222
0.221
0.210
0.213
0.165
0.219
0.164
0.212
0.218
0.216
0.224
0.220
0.224
0.224
0.211
0.165
0.221
0.222
0.218
0.221
0.212
0.208
0.208
0.152
0.155
0.165
0.223
0.207
0.221
0.223
0.169
0.164
0.201
0.150
0.213
0.164
0.221
0.224
0.208
0.221
0.224
-2.801
0.221
0.224
0.208
0.212
0.224
0.152
0.221
0.224
0.220
0.221
0.221
0.209
0.222
0.222
0.219
0.221
0.224
0.218
0.165
0.165
0.211
0.154
0.176
0.168
0.150
0.221
0.164
0.145
0.159
0.216
0.221
0.224
0.217
0.222
0.222
0.216
0.164
0.163
0.163
0.164
0.215
0.149
0.224
0.164
0.212
0.213
0.212
0.206
0.221
0.220
0.211
0.222
0.224
0.204
0.156
0.211
0.209
0.199
0.162
0.162
0.165
0.224
0.187
0.179
0.224
0.221
0.208
0.150
0.148
0.155
0.158
0.152
0.204
0.208
0.211
0.212
0.222
0.169
0.224
0.221
0.209
0.213
0.224
0.218
0.220
0.221
0.212
0.224
0.221
0.221
0.222
0.222
0.214
0.217
0.162
0.191
0.221
0.221
0.148
0.212
0.212
0.211
0.169
0.164
0.207
0.164
0.208
0.207
0.206
0.209
0.163
0.220
0.210
0.198
0.165
0.161
0.163
0.224
0.224
0.212
0.224
0.213
0.221
0.162
0.213
0.159
0.221
0.221
0.212
0.205
0.224
0.148
0.179
0.221
0.220
0.219
0.222
0.208
0.221
0.222
0.158
0.196
0.224
0.165
0.218
0.221
0.162
0.157
0.213
0.196
-0.197
-0.193
-0.253
0.235
0.250
0.247
0.236
0.248
0.249
0.000
0.000
0.000
0.000
0.000
0.000
0.000
0.000
0.000
0.000
0.000
0.000
0.000
0.000
0.000
0.000
0.000
0.000
0.000
0.000
0.000
0.000
0.000
0.000
0.000
0.000
0.000
0.000
0.000
0.000
0.000
0.000
0.000
0.000
0.000
0.000
0.000
0.000
0.000
0.000
0.000
0.000
0.000
0.000
0.000
0.000
0.000
0.000
0.000
0.000
0.000
0.000
0.000
0.000
0.000
0.000
0.000
0.000
0.000
0.000
0.000
0.000
0.000
0.000
0.000
0.000
0.000
0.000
0.000
0.000
0.000
0.000
0.000
0.000
0.000
0.000
0.000
0.000
0.000
0.000
0.000
0.000
0.000
0.000
0.000
0.000
0.000
0.000
0.000
0.000
0.000
0.000
0.000
