fixedStep chrom=ENSGT00390000017259 start=1 step=1
0.000
0.000
0.000
0.000
0.000
0.000
0.000
0.000
0.000
0.000
0.000
0.000
0.000
0.000
0.000
0.000
0.000
0.000
0.000
0.000
0.000
0.000
0.000
0.000
0.000
0.000
0.000
0.000
0.000
0.000
0.000
0.000
0.000
0.000
0.000
0.000
0.000
0.000
0.000
0.000
0.000
0.000
0.000
0.000
0.000
0.000
0.000
0.000
0.000
0.000
0.000
0.000
0.000
0.000
0.000
0.000
0.000
0.000
0.000
0.000
0.000
0.000
0.000
0.000
0.000
0.000
0.000
0.000
0.000
0.000
0.000
0.000
0.000
0.000
0.000
0.000
0.000
0.000
0.000
0.000
0.000
0.000
0.000
0.000
0.000
0.000
0.000
0.000
0.000
0.000
0.000
0.000
0.000
0.000
0.000
0.000
0.000
0.000
0.000
0.000
0.000
0.000
0.000
0.000
0.000
0.000
0.000
0.000
0.000
0.000
0.000
0.000
0.000
0.000
0.000
0.000
0.000
0.000
0.000
0.000
0.000
0.000
0.000
0.000
0.000
0.000
0.000
0.000
0.000
0.000
0.000
0.000
0.000
0.000
0.000
0.000
0.000
0.000
0.000
0.000
0.000
0.000
0.000
0.000
0.000
0.000
0.000
0.085
0.085
0.085
0.085
0.085
0.084
0.085
0.085
-0.768
0.085
0.085
0.085
0.085
0.085
0.085
0.085
0.085
-0.782
0.085
0.085
0.085
0.085
0.085
0.085
0.085
0.085
0.063
0.085
0.063
0.085
0.085
0.084
0.085
0.085
0.085
0.085
0.085
0.085
0.085
0.085
0.085
0.085
0.085
0.085
0.085
0.085
0.085
0.085
0.085
0.085
0.085
0.085
0.085
0.085
0.085
0.085
0.085
0.085
0.085
0.085
-0.766
0.085
0.085
0.085
0.085
0.077
0.085
0.085
0.085
0.085
0.085
0.085
-2.240
0.085
0.077
0.085
0.085
0.085
-0.766
0.085
0.085
-0.100
-0.100
-0.100
-0.100
-0.100
-0.100
0.085
0.085
0.085
0.085
0.085
0.085
0.085
-0.778
0.084
0.085
-0.778
-2.281
0.063
0.085
-0.768
0.077
0.085
0.085
0.085
0.085
0.085
0.085
0.085
-0.778
-0.778
0.085
0.079
0.077
-0.778
-0.778
-0.744
0.085
0.085
0.085
0.085
-0.778
-0.778
0.077
-0.778
0.085
0.085
0.085
-0.772
0.085
-0.768
0.085
0.085
0.085
0.079
0.085
0.085
0.085
0.085
0.079
-0.778
0.085
0.085
0.079
0.085
0.077
-0.778
0.077
0.079
0.085
0.085
0.085
0.085
0.085
0.085
-0.766
0.079
0.085
0.085
-1.635
-0.772
0.079
0.085
-0.768
0.085
0.085
0.085
0.085
0.085
-0.772
0.085
0.085
0.085
0.085
0.085
0.085
0.079
0.085
-0.768
0.085
0.085
0.085
0.085
-0.766
0.085
0.079
0.085
0.085
0.085
0.085
0.085
0.085
0.085
0.085
-3.825
-2.009
0.084
-1.999
0.077
0.085
0.077
0.085
0.085
-0.778
-0.782
0.077
0.085
-0.782
0.085
-0.755
0.077
-0.778
0.077
0.077
-0.768
-0.755
-0.755
-0.755
0.085
-0.782
-1.910
0.085
0.085
0.077
0.077
0.085
-0.778
0.085
0.077
-0.782
-0.782
0.085
-0.778
0.085
0.077
-1.490
0.085
-0.777
0.077
0.085
0.077
0.063
0.077
0.085
-1.482
0.063
0.077
0.077
0.085
-0.782
-1.484
0.077
-0.772
-2.029
0.085
0.085
0.085
0.085
0.085
0.085
0.085
0.085
0.079
0.085
0.085
0.085
0.085
0.085
0.085
0.085
0.085
0.077
0.085
0.085
0.085
0.085
0.085
0.085
0.085
0.085
0.085
0.085
0.085
-0.777
0.085
0.085
0.085
0.085
0.085
0.085
0.085
0.085
-1.903
0.084
-0.755
0.085
-0.755
-0.782
-0.782
0.079
-0.778
-0.778
-0.755
-0.778
0.079
0.077
0.079
0.079
-2.186
0.077
0.063
0.077
0.077
0.077
-0.782
-0.777
-0.782
0.077
-0.777
0.085
0.077
-0.782
-1.490
-0.777
-0.766
0.085
0.085
0.085
0.085
0.085
0.085
0.079
0.085
0.085
0.085
0.085
0.085
0.077
0.085
0.085
0.085
0.085
0.085
0.079
0.085
-0.766
-0.766
0.085
0.085
0.077
0.085
0.085
0.085
0.085
0.085
0.085
0.085
0.085
0.085
0.085
0.085
0.085
0.085
0.085
0.079
0.085
0.085
0.085
0.085
0.079
0.085
0.085
0.085
0.085
0.079
0.085
0.085
0.085
0.085
-2.805
0.085
0.085
0.085
0.085
0.085
0.079
0.085
0.085
0.077
0.085
0.085
-0.782
0.085
0.085
0.085
0.085
0.085
0.085
0.085
0.085
0.079
0.085
0.085
0.077
0.085
0.085
0.079
0.085
0.085
0.085
0.085
0.085
0.085
0.081
0.079
-0.768
0.085
0.085
-1.598
0.085
0.085
0.084
0.085
0.085
0.078
0.085
0.085
0.085
0.079
0.085
0.085
0.085
0.085
0.085
0.085
0.079
0.083
0.085
0.083
-0.768
0.085
0.085
0.085
0.085
0.085
0.085
0.085
0.085
-1.580
0.085
0.085
0.085
0.085
0.085
-0.768
-0.768
0.085
0.077
0.085
0.085
0.085
0.085
0.085
0.077
0.084
0.085
0.085
0.085
-0.772
0.085
0.085
0.085
0.085
0.085
0.085
0.085
0.085
0.085
0.085
0.085
0.085
0.085
0.085
0.085
0.079
0.085
0.085
0.077
0.085
0.085
-1.472
-0.766
0.079
0.077
0.085
0.085
0.085
0.085
0.084
0.085
0.085
0.085
0.085
0.085
0.085
0.085
0.085
0.085
0.079
0.085
-0.768
0.075
-0.768
0.085
-0.744
0.085
0.085
-1.476
0.085
0.085
0.085
0.085
0.085
0.085
0.085
0.085
0.085
0.085
0.085
0.078
0.085
0.085
0.085
0.085
0.085
0.079
0.085
0.085
0.077
0.085
0.085
0.077
0.085
0.085
0.077
