fixedStep chrom=ENSGT00550000076279 start=1 step=1
0.055
0.056
0.055
0.055
0.055
0.055
0.055
0.055
0.055
0.055
0.055
0.055
0.055
0.055
0.055
0.056
0.055
0.055
0.055
-1.245
0.056
0.055
0.055
0.055
0.055
0.055
0.052
-1.250
0.055
0.056
0.055
0.055
0.055
0.055
0.048
0.048
0.055
0.055
0.056
0.053
0.055
0.055
0.055
0.055
0.055
0.055
-1.244
0.056
0.055
0.056
-1.252
0.056
0.056
0.056
0.056
0.056
0.055
0.056
0.055
0.056
-1.550
-1.550
-1.549
0.055
0.055
-2.168
0.055
0.056
-1.244
0.055
0.055
0.055
0.056
0.048
0.048
0.055
0.055
0.055
0.055
0.055
0.055
0.055
0.055
0.056
0.055
0.055
0.055
0.055
0.048
0.055
0.056
0.056
0.055
0.055
0.048
0.055
0.055
0.055
0.055
0.055
0.055
0.056
0.055
0.055
0.056
0.055
0.055
0.055
0.056
0.053
0.048
0.055
0.055
0.055
0.055
0.056
0.055
0.055
0.055
0.055
0.055
0.055
0.055
0.055
0.056
0.055
0.055
0.056
0.055
0.055
0.048
0.056
0.056
0.056
0.056
0.055
0.055
0.055
0.055
0.055
0.055
0.055
0.055
0.055
0.055
0.055
0.055
0.055
0.055
0.055
0.055
0.055
0.055
0.055
0.055
0.048
0.055
0.048
0.048
0.048
0.056
0.055
0.048
0.056
0.055
0.053
0.055
0.056
0.055
0.055
0.048
0.055
0.055
0.055
0.055
0.056
-1.252
0.055
0.055
0.055
0.055
0.055
0.055
0.055
0.055
0.055
0.055
0.055
0.055
0.055
0.055
0.056
0.055
0.055
0.056
-1.031
-1.030
-1.030
-1.252
-2.176
0.055
0.055
0.055
0.055
0.055
0.055
0.055
0.055
0.055
0.055
0.056
0.055
0.048
0.055
0.055
0.055
-1.031
-1.031
-1.031
-1.245
0.056
-1.245
-1.241
0.048
-1.241
-1.241
-1.245
0.048
-1.244
0.055
0.055
0.056
0.055
0.055
0.055
0.055
0.055
0.055
0.056
0.055
0.055
0.056
0.048
0.055
0.055
0.056
0.055
0.056
0.048
0.055
0.055
0.055
0.055
0.056
0.055
0.049
0.055
0.056
0.055
0.055
0.056
0.055
0.055
0.055
-1.245
0.048
0.055
0.056
0.055
0.055
0.056
0.055
0.055
0.055
-1.250
-1.245
-1.031
-1.030
-1.031
-1.237
-1.244
0.053
-1.250
0.055
0.055
-1.250
0.055
0.055
0.055
0.055
0.055
0.055
0.055
0.055
0.055
0.048
0.048
0.055
0.056
0.055
0.046
0.055
0.056
0.055
0.048
0.055
0.056
0.055
0.056
0.055
0.055
0.055
0.056
0.055
0.055
0.055
0.055
0.055
0.055
0.055
0.055
0.053
0.055
0.055
0.055
0.055
0.055
0.055
0.055
0.055
0.048
0.055
0.048
0.055
0.055
0.055
-3.043
-3.038
-3.043
-2.037
-3.400
-2.037
-2.037
-2.037
-2.037
-2.037
-2.037
-2.018
-3.340
-2.042
-2.037
-2.037
-2.037
-2.789
0.056
0.055
0.056
0.055
0.055
0.055
0.055
0.048
0.055
0.046
0.055
0.055
0.053
0.055
0.055
0.055
0.055
0.056
0.056
0.055
0.055
0.056
0.055
0.055
0.055
0.055
0.056
-1.245
0.055
0.055
0.046
0.048
0.056
0.055
0.055
0.055
0.055
0.056
0.055
0.056
0.055
0.055
0.049
0.056
0.055
0.055
0.055
0.055
0.055
0.048
0.056
0.055
0.055
0.055
0.055
0.055
0.047
0.055
0.055
0.055
0.056
0.055
0.055
0.055
0.055
0.048
0.048
0.056
0.056
0.055
0.055
0.056
0.055
0.055
0.056
0.056
0.055
0.056
