fixedStep chrom=ENSGT00390000011962 start=1 step=1
0.081
0.081
0.081
0.081
0.080
0.080
0.081
0.081
0.081
0.081
0.081
0.081
0.081
0.081
0.081
0.081
0.081
0.081
0.081
0.081
0.077
0.077
0.076
0.081
0.080
0.081
0.081
0.081
0.064
0.081
0.076
0.081
0.081
0.068
0.081
0.078
0.081
0.081
0.081
0.081
0.081
0.081
0.076
0.081
0.081
0.081
0.058
0.081
0.081
0.081
0.081
0.081
0.081
0.081
0.081
0.064
0.081
0.076
0.081
0.077
0.081
0.081
0.081
0.076
0.081
0.076
0.081
0.081
0.081
0.081
0.080
0.081
0.081
0.081
0.081
0.081
0.066
0.081
0.081
0.081
0.081
0.066
0.080
0.081
0.081
0.081
0.081
0.081
0.058
0.077
0.072
0.054
0.068
0.072
-0.895
0.054
0.066
-0.906
0.066
0.072
0.072
0.072
0.072
0.072
0.072
0.072
-0.911
0.072
0.072
0.072
0.067
0.072
0.072
0.072
0.072
0.072
0.072
0.072
0.072
0.072
0.072
0.072
0.072
0.072
-2.033
0.068
0.066
0.066
0.066
0.072
0.072
0.072
0.072
0.072
0.072
0.066
0.072
0.072
0.072
0.072
0.072
0.072
0.072
0.072
0.072
0.072
0.068
0.072
0.068
0.072
0.072
0.072
-0.912
0.072
0.072
0.072
0.072
0.072
0.072
0.081
0.081
0.081
0.081
0.081
0.081
0.081
0.081
0.076
0.081
0.081
0.081
0.081
0.081
0.078
0.081
0.081
0.081
0.081
0.081
0.078
0.081
0.081
0.081
0.081
0.081
0.081
0.081
0.081
0.081
0.057
0.081
0.064
0.081
0.081
0.078
0.081
0.081
0.081
0.081
0.081
0.081
0.081
0.081
0.081
0.081
0.081
0.080
0.081
0.081
0.081
0.081
0.081
0.081
0.081
0.081
0.081
0.081
0.081
0.064
0.081
0.081
0.081
0.076
0.058
0.070
0.076
0.081
0.081
0.081
0.081
0.081
0.081
0.081
0.081
0.081
0.076
0.077
0.081
0.081
0.081
0.081
0.081
0.081
0.077
0.081
0.076
0.081
0.081
0.078
0.081
0.081
0.081
0.081
0.081
0.077
0.081
0.081
0.081
0.081
0.081
0.073
0.081
0.081
0.081
0.080
0.081
0.081
0.081
0.081
0.080
0.081
0.081
0.081
0.081
0.081
0.081
0.081
0.081
0.077
0.081
0.081
0.081
0.081
0.081
0.081
0.081
0.081
0.081
0.081
0.081
0.081
0.081
0.081
0.081
0.081
0.081
0.081
0.081
0.081
0.081
0.081
0.081
0.081
0.081
0.081
0.081
0.081
0.081
-1.506
0.076
0.081
0.081
0.081
0.081
0.081
0.081
0.081
-1.463
0.081
0.066
0.078
0.081
0.078
0.081
0.081
0.081
0.077
0.081
0.081
0.081
0.081
0.081
0.076
-2.263
0.081
0.078
0.058
0.081
0.081
0.081
0.058
0.065
0.081
0.077
0.081
0.077
0.081
0.066
0.081
0.077
0.081
0.081
0.073
0.081
0.081
0.076
0.080
0.081
0.081
0.077
0.081
0.081
0.077
0.081
0.081
0.079
0.058
0.081
0.081
-0.114
-0.114
-0.114
0.081
0.064
0.081
0.081
0.081
0.065
0.081
0.081
0.059
0.076
0.081
0.081
0.080
0.081
0.081
0.081
0.080
0.081
0.081
0.081
0.081
0.081
0.081
0.081
0.081
0.058
0.064
-1.636
0.081
0.081
0.076
0.070
0.081
0.081
0.081
0.076
-0.093
-0.093
-0.093
-1.095
-1.095
-1.095
0.081
0.081
0.081
0.081
0.081
0.081
0.081
0.081
0.081
0.081
0.073
0.080
0.066
0.081
0.081
0.075
0.081
0.077
0.081
0.081
0.081
0.077
0.077
0.074
0.081
0.081
0.081
0.081
0.081
0.074
-0.300
-0.380
-0.378
-0.380
-0.380
-0.380
-0.380
-0.383
-0.380
0.076
0.081
0.078
0.077
0.081
0.081
0.081
0.081
0.077
0.081
0.077
0.081
0.081
0.069
0.081
0.081
0.081
0.076
0.081
0.081
0.081
0.081
0.058
0.081
0.081
0.081
0.081
0.081
0.081
0.076
0.081
0.081
0.076
0.058
0.077
0.077
0.081
0.077
0.077
0.076
0.081
0.066
0.081
0.081
0.077
0.081
0.081
0.081
-3.464
-1.565
-1.564
0.081
0.081
0.076
0.058
0.081
0.076
0.081
0.079
-1.823
0.076
0.081
-2.068
0.081
0.081
0.081
0.081
0.081
0.081
0.077
0.081
0.081
0.081
0.058
0.066
0.081
0.081
0.077
0.078
-1.463
0.077
0.081
0.081
0.078
0.073
0.081
0.081
0.078
0.081
0.081
0.081
0.081
0.081
0.081
0.081
0.081
-0.082
-0.082
-0.082
0.077
0.077
0.077
0.081
0.081
0.081
0.081
0.081
0.081
0.081
0.081
0.075
0.081
0.081
0.081
0.081
0.081
0.081
0.081
0.077
0.079
0.081
0.081
0.081
0.081
0.081
0.081
0.081
0.081
0.081
0.081
0.077
0.081
0.081
0.080
0.081
0.081
0.080
0.081
0.081
0.077
0.075
0.081
0.081
0.074
-1.480
-1.499
-1.485
-0.114
-0.114
-0.114
-0.380
-0.380
-0.380
0.078
0.064
0.076
0.081
0.075
0.081
0.081
0.081
0.081
0.081
0.058
0.081
0.070
0.081
0.081
-1.092
-1.235
-1.095
0.081
0.081
-1.755
0.077
0.081
0.081
0.081
0.081
0.081
0.081
0.064
0.081
0.081
0.081
0.081
0.081
0.076
0.078
-0.974
-0.973
-1.624
0.064
0.081
0.070
0.058
-1.469
0.064
0.064
0.081
0.081
-0.973
-1.624
-0.973
0.064
0.081
0.081
-2.016
-3.249
-3.019
0.081
-1.469
-1.442
0.073
0.081
0.081
0.058
0.076
0.058
0.076
-1.474
0.075
0.081
0.081
0.077
0.070
0.081
0.081
0.076
0.080
0.081
0.081
0.081
0.081
0.000
0.000
0.000
0.000
0.000
0.000
0.000
0.000
0.000
0.000
0.000
0.000
0.000
0.000
0.000
0.000
0.000
0.000
0.000
0.000
0.000
0.000
0.000
0.000
-1.095
-1.095
-1.095
-1.189
-1.095
-1.123
-1.095
-1.653
-1.656
-1.513
-1.095
-1.235
-1.095
-1.834
-1.095
-1.095
-1.095
-1.092
-1.840
-1.095
-1.095
-1.095
-1.095
-1.095
-1.233
-1.095
-1.237
