fixedStep chrom=ENSGT00730000111419 start=1 step=1
0.047
0.047
0.047
0.047
0.047
0.047
0.047
0.047
0.047
0.047
0.047
0.047
0.047
0.047
0.047
0.047
0.047
0.047
0.047
0.047
0.047
0.047
0.047
0.047
0.047
0.047
0.047
0.047
0.047
0.047
0.047
0.047
0.047
0.047
0.047
0.047
0.047
0.047
0.047
0.047
0.047
0.047
0.047
0.047
0.047
0.047
0.047
0.047
0.047
0.047
0.047
0.047
0.047
0.047
0.047
0.047
0.047
0.047
0.047
0.047
0.047
0.047
0.047
0.047
0.047
0.047
0.047
0.047
0.047
0.047
0.047
0.047
0.047
0.047
0.047
0.047
0.047
0.042
0.047
0.047
0.047
0.047
0.047
0.047
0.047
0.047
0.047
0.047
0.047
0.047
0.047
0.047
0.047
0.047
0.047
0.047
0.047
0.047
0.047
0.047
0.047
0.047
0.047
0.047
0.047
0.047
0.047
0.047
0.047
0.047
0.047
0.047
0.047
0.047
0.047
0.047
0.047
0.047
0.047
0.047
0.047
0.047
0.047
0.047
0.047
0.047
0.047
0.047
0.047
0.047
0.047
0.047
0.047
0.047
0.047
0.047
0.047
0.047
0.047
0.047
0.044
0.047
0.047
0.047
0.047
0.047
0.047
0.047
0.047
0.047
0.047
0.047
0.047
0.044
0.047
0.044
0.047
0.047
0.044
0.047
0.047
0.047
0.047
0.047
0.047
0.047
0.047
0.047
0.047
0.047
0.047
0.047
0.047
0.035
0.047
0.047
0.045
0.047
0.047
0.047
0.047
0.047
0.044
0.047
0.047
0.045
0.047
0.047
0.047
0.047
0.047
0.047
0.047
0.047
0.047
0.047
0.047
0.047
0.047
0.047
0.042
0.047
0.047
0.047
0.047
0.047
0.042
0.047
0.047
0.047
0.047
0.047
0.047
0.047
0.047
0.047
0.047
0.047
0.047
0.047
0.047
0.042
0.033
0.047
0.035
0.047
0.047
0.046
0.046
0.042
0.041
0.047
0.047
0.047
0.047
0.047
0.047
0.047
0.047
0.047
0.047
0.047
0.047
0.047
0.047
0.045
-2.529
0.045
0.047
0.047
0.047
0.046
0.047
0.047
0.035
0.047
0.047
0.047
0.047
0.047
0.044
0.047
0.047
0.047
0.047
0.047
0.047
0.047
0.047
0.047
-1.586
-1.586
-1.586
0.047
0.047
0.047
0.047
0.047
0.047
0.047
0.047
0.044
0.047
0.047
0.047
0.047
0.047
0.045
0.047
0.047
0.047
0.047
0.047
-2.634
0.047
0.047
0.047
0.047
0.047
0.047
0.047
0.047
0.047
0.033
0.047
0.033
0.047
0.044
0.044
0.047
0.047
0.047
0.047
0.047
0.047
0.047
0.047
0.047
0.047
0.047
0.047
0.044
0.047
-2.587
0.047
0.047
0.047
0.047
0.047
0.045
0.047
0.047
0.047
0.047
0.047
0.044
0.047
0.047
0.047
0.047
0.047
0.047
0.047
0.047
0.047
0.047
0.047
-3.571
0.047
0.047
0.047
0.047
0.047
0.047
0.047
0.047
0.047
0.035
0.047
0.047
0.047
0.047
0.047
0.047
0.047
0.045
0.047
0.047
0.047
0.047
0.047
0.046
0.047
0.047
0.047
0.047
0.047
0.035
0.047
0.047
0.047
0.047
0.047
0.047
0.047
0.047
0.047
0.047
0.047
0.047
0.047
0.047
0.047
0.047
0.047
0.035
0.047
0.047
0.047
0.047
0.047
0.047
0.047
0.047
0.047
0.047
0.047
0.047
0.047
0.047
0.047
0.047
0.047
0.047
0.047
0.047
0.047
0.047
0.047
0.046
0.047
0.047
0.047
0.047
0.047
0.047
0.047
0.047
0.047
0.047
0.047
0.047
0.047
0.047
0.044
0.047
0.047
0.047
0.047
0.047
0.047
0.047
0.047
0.047
0.047
0.047
0.047
0.047
0.047
0.047
0.047
0.047
0.047
0.047
0.047
0.047
0.047
0.047
0.047
0.047
0.047
0.047
0.047
0.047
0.047
0.047
0.047
0.047
0.047
0.047
0.047
0.047
0.047
0.047
0.047
0.047
0.047
0.047
0.047
0.047
0.047
0.047
0.045
0.047
0.047
0.047
0.047
0.047
0.047
0.047
0.047
0.047
0.047
0.047
0.047
0.047
0.047
0.047
0.047
0.047
0.047
0.047
0.047
0.046
0.047
0.047
0.047
0.047
0.047
0.047
0.047
0.047
0.047
0.047
0.047
0.047
0.047
0.047
0.045
0.047
0.047
0.047
0.047
0.047
0.047
0.047
0.047
0.047
0.047
0.047
0.047
0.047
0.047
0.047
0.047
0.047
0.047
0.047
0.047
0.033
0.047
0.047
0.047
0.047
0.047
0.044
0.047
0.047
0.047
0.047
0.047
0.033
0.047
0.047
0.047
0.047
0.047
0.047
0.047
0.047
0.046
0.033
0.047
0.044
0.047
0.047
0.047
0.047
0.047
0.044
0.047
0.047
0.047
0.046
0.035
0.047
0.047
0.047
0.047
0.047
0.047
0.047
0.047
0.047
0.047
0.040
0.040
0.040
0.040
0.040
0.040
0.040
0.040
0.034
0.040
0.040
0.040
0.040
0.040
-0.054
0.037
0.040
-1.312
0.040
0.040
0.040
0.040
0.040
0.040
0.040
0.040
0.040
0.040
0.040
0.040
0.040
0.040
0.040
0.040
0.040
0.040
0.040
0.040
0.040
0.040
0.040
0.040
0.040
0.040
0.040
0.040
0.040
0.040
0.040
0.040
0.040
0.040
0.040
0.040
0.040
0.040
0.040
0.040
0.040
0.040
0.040
0.040
0.040
0.040
0.040
0.040
0.040
0.040
0.040
0.040
0.040
0.040
0.040
0.040
0.040
0.040
0.040
0.040
0.040
0.040
0.040
0.040
0.040
-1.302
0.040
0.034
0.033
0.040
0.040
0.040
0.040
0.040
0.040
0.040
0.040
0.040
0.040
0.040
0.040
0.040
0.040
0.037
0.040
0.040
0.040
0.040
0.040
0.040
0.040
0.040
0.040
0.040
0.040
0.040
0.040
0.040
0.040
0.040
0.040
0.040
0.040
0.040
0.040
0.040
0.040
0.040
0.040
0.040
0.040
0.040
0.040
0.040
0.036
0.040
0.037
0.040
0.040
0.040
0.040
0.040
0.038
0.040
0.040
0.037
0.040
0.040
0.040
0.040
0.038
0.040
0.040
0.040
0.040
0.040
0.040
0.040
0.040
0.040
0.040
0.040
0.040
0.038
0.040
0.040
0.040
0.040
0.040
0.040
0.040
0.040
0.040
0.040
0.040
-1.380
0.040
0.040
0.040
0.040
0.040
0.040
0.040
0.037
0.037
0.040
0.040
0.035
0.040
0.040
-1.380
0.040
0.040
0.040
0.040
0.040
0.040
0.040
0.040
0.040
0.040
0.040
0.040
0.040
0.040
0.040
0.040
0.037
0.038
0.040
0.040
0.040
0.040
0.040
0.040
0.040
0.040
0.039
0.038
0.033
0.033
-1.826
-1.826
-1.826
0.040
0.040
0.040
0.040
0.040
0.040
0.040
0.040
0.040
0.040
0.040
0.040
0.047
0.047
0.047
0.047
0.047
0.047
0.047
0.047
0.047
0.047
0.047
0.046
0.047
0.047
0.047
0.047
0.047
0.045
0.047
0.047
0.044
0.047
0.047
0.047
0.047
0.047
0.047
0.047
0.047
0.041
0.047
0.047
0.047
0.047
0.047
0.047
0.047
0.047
0.044
0.047
0.047
0.046
0.047
0.044
0.047
0.047
0.047
0.047
0.047
0.047
0.047
0.047
0.047
0.043
0.047
0.047
0.047
0.047
0.047
0.047
0.047
0.047
0.047
0.047
0.047
0.044
0.047
0.047
0.047
0.033
0.047
0.047
0.047
0.047
-1.840
0.047
0.047
0.045
0.047
0.047
0.045
-1.446
-1.446
-1.446
-1.446
-1.874
-1.446
-1.446
-2.931
-1.446
-1.446
-1.446
-2.493
0.047
0.047
-1.753
0.047
0.047
0.047
0.047
0.047
0.047
0.047
0.047
0.047
0.047
0.047
0.035
0.047
0.047
0.047
0.047
0.047
0.047
0.047
0.047
0.033
0.042
0.047
0.047
0.047
0.047
0.047
0.047
0.047
0.047
0.047
0.047
0.047
0.047
0.047
0.047
0.047
0.047
0.047
0.047
0.047
0.047
0.047
0.047
0.047
0.047
0.042
0.047
0.047
0.047
0.047
0.047
0.047
0.046
0.047
0.047
0.047
0.047
0.047
0.047
0.047
0.047
0.047
0.047
0.047
0.047
0.047
0.047
0.047
0.047
0.047
0.047
0.047
0.047
0.047
0.047
0.047
0.047
0.047
0.047
0.047
