fixedStep chrom=ENSGT00390000004856 start=1 step=1
0.000
0.000
0.000
-1.541
-1.354
-1.374
0.148
0.147
0.140
0.148
0.157
0.145
0.148
0.145
0.148
0.158
0.161
0.153
-1.713
-0.644
-0.785
0.159
0.161
0.126
-2.660
-2.660
-2.723
-1.162
-1.107
-1.167
-1.107
-1.107
-4.109
-1.111
-1.107
-3.834
-1.934
-1.109
-3.132
-1.279
-1.111
-1.107
-1.107
-1.107
-1.111
-1.093
-1.584
-1.209
-1.111
-1.231
-1.109
0.161
0.161
0.161
0.161
0.161
0.161
0.160
0.157
0.161
0.161
0.161
0.161
0.161
0.161
0.161
0.157
0.161
0.161
0.161
0.162
0.158
0.159
0.161
0.161
0.160
0.157
0.161
0.162
0.161
0.151
0.156
0.160
0.159
0.161
0.151
0.141
0.161
0.161
0.159
0.161
0.159
0.160
0.152
0.157
0.161
0.161
0.161
0.161
-1.934
-1.934
-1.937
0.161
0.161
0.161
0.162
0.161
0.161
0.162
0.161
0.160
0.161
0.161
0.160
0.161
0.156
0.161
0.161
0.161
0.161
0.161
0.162
0.162
0.157
0.150
0.159
0.161
0.161
0.161
0.161
0.161
0.161
0.161
0.162
0.160
0.161
0.161
0.145
0.161
0.161
0.161
0.138
0.157
0.157
0.161
0.139
0.161
0.162
0.151
0.161
0.162
0.138
0.162
0.155
0.161
0.151
0.161
0.161
0.161
0.161
0.155
0.160
0.158
0.161
-6.721
0.159
0.161
0.157
0.158
0.161
0.160
0.159
0.161
0.160
0.155
0.162
0.161
0.162
0.156
0.157
0.161
0.161
0.156
0.161
0.161
0.161
0.161
0.141
0.162
0.160
0.157
0.161
0.161
0.160
0.159
0.158
0.156
0.159
0.161
0.157
0.149
0.153
0.161
0.162
0.000
0.000
0.000
0.000
0.000
0.000
0.000
0.000
0.000
0.148
0.161
0.150
0.159
0.154
0.152
0.161
0.161
0.161
0.160
0.159
0.162
0.161
0.162
0.160
0.141
0.162
0.161
0.162
0.161
0.160
0.161
0.161
0.161
0.161
0.156
0.152
0.161
0.162
0.161
0.154
0.161
0.161
0.161
0.162
0.162
0.156
0.153
0.146
0.161
0.161
0.151
0.157
0.160
0.160
0.161
0.162
0.139
0.161
0.161
0.161
0.161
0.161
0.161
0.149
0.161
0.159
0.161
0.160
0.161
0.161
0.162
0.151
0.161
0.161
0.159
0.161
0.152
0.160
0.140
0.162
0.161
0.161
0.162
0.162
0.161
0.151
0.157
0.161
0.161
0.161
0.161
0.160
0.155
0.148
0.158
0.151
0.161
0.155
0.161
0.161
0.161
0.158
0.161
0.162
0.159
0.161
0.162
0.152
0.162
0.161
0.148
0.161
0.161
0.161
0.161
0.161
0.160
0.161
0.161
0.161
0.161
0.161
0.162
0.161
0.161
0.152
0.161
0.162
0.141
0.161
0.162
0.162
0.152
0.161
0.160
0.161
0.161
0.160
-0.629
-0.630
-0.629
-0.784
-0.629
-0.685
-0.655
-0.629
-0.819
0.161
0.161
0.161
0.141
0.161
0.156
0.160
0.154
0.161
0.161
0.161
0.140
0.161
0.161
0.149
0.161
0.157
0.161
0.161
0.161
0.162
0.161
0.158
0.162
0.161
0.159
0.162
0.161
0.161
0.161
0.161
0.161
0.157
0.151
0.152
0.158
