fixedStep chrom=ENSGT00390000010474 start=1 step=1
0.087
0.087
0.087
0.087
0.087
0.087
0.087
0.087
0.087
0.087
0.087
0.086
0.087
0.087
0.087
0.086
-1.864
0.081
0.087
0.087
0.062
0.087
0.087
0.079
0.087
0.087
0.087
0.087
0.086
0.087
0.087
0.074
0.087
0.087
0.080
0.084
0.087
-1.857
0.085
0.087
0.087
0.080
0.087
0.087
-1.952
0.087
0.087
0.074
0.087
0.087
0.087
0.087
0.087
0.082
0.087
0.087
0.080
0.085
0.087
0.080
0.080
0.087
0.078
0.087
0.087
0.085
0.087
0.087
0.087
0.087
0.087
0.087
-1.164
0.087
-1.896
0.080
0.086
-3.225
0.084
0.087
0.085
0.087
0.087
0.085
0.087
0.087
0.076
0.087
0.087
0.087
0.087
0.087
0.087
0.087
0.087
0.087
0.087
0.087
0.087
0.087
0.087
0.087
0.086
0.085
0.087
0.087
0.087
0.085
0.087
0.086
0.087
0.087
0.082
0.077
0.085
0.087
0.087
0.085
0.087
0.083
0.087
0.087
0.085
0.087
-0.698
0.082
0.086
0.084
0.080
0.087
0.077
0.077
0.087
0.077
0.087
0.087
0.085
0.087
0.084
0.077
0.081
0.077
0.087
0.082
0.077
0.087
0.087
0.067
0.087
0.077
0.068
0.087
0.077
0.073
0.087
0.077
-0.017
-0.017
-0.017
0.087
0.087
0.087
0.087
0.087
0.087
0.087
0.087
0.087
0.087
0.087
0.087
0.077
0.087
0.082
0.087
0.087
0.061
0.087
0.087
0.087
0.078
0.087
0.087
0.087
0.087
0.087
0.087
0.087
0.087
0.087
0.087
0.087
0.087
0.087
0.086
0.086
0.087
0.087
0.087
0.087
0.087
-1.015
0.087
0.087
0.087
0.087
0.084
0.087
0.087
0.085
0.087
0.087
0.087
0.085
0.087
0.087
0.087
0.087
0.087
0.087
0.087
0.082
0.087
0.087
0.087
0.087
0.087
0.087
0.085
0.087
-0.696
0.087
0.087
0.087
0.087
0.087
0.081
0.087
0.087
0.080
0.087
0.087
0.085
0.087
0.087
0.085
0.087
0.087
0.087
0.087
0.087
0.087
0.087
0.087
0.085
0.084
0.087
0.087
0.087
0.087
0.087
0.087
0.087
0.087
0.087
0.087
0.087
0.087
0.087
0.087
0.087
0.087
0.087
0.087
0.087
0.080
0.087
0.087
0.087
0.087
0.087
0.080
0.087
0.087
0.087
0.087
0.087
0.087
0.087
0.087
0.087
0.087
0.087
0.087
0.087
0.087
0.087
0.087
0.085
0.078
0.087
0.087
0.087
0.087
0.087
-1.863
0.087
0.087
0.087
0.087
0.087
0.087
0.087
0.087
0.087
0.087
0.087
0.087
0.087
0.087
0.087
0.080
0.087
0.087
0.087
0.087
0.085
0.087
0.087
0.080
0.080
0.087
0.087
0.087
0.087
0.086
0.087
0.087
0.083
0.087
0.087
0.078
0.087
0.087
0.080
0.087
0.087
0.084
0.087
0.087
0.085
0.087
0.087
0.087
0.087
0.087
0.087
0.087
0.087
0.082
0.087
0.087
0.085
0.087
0.087
0.073
0.087
0.087
0.086
0.087
0.087
0.087
0.087
0.087
0.087
0.087
0.087
-3.399
0.087
0.087
0.074
0.087
0.087
0.085
0.087
0.087
-1.856
0.087
0.087
0.087
0.087
0.087
0.087
0.087
0.087
0.087
0.087
0.087
0.087
0.087
0.087
0.084
0.087
0.087
0.087
0.087
0.087
0.087
0.087
0.087
0.087
0.087
0.087
0.068
0.087
0.087
-1.828
0.087
0.087
0.087
0.087
0.087
0.087
0.087
0.087
0.087
0.087
0.087
0.087
0.087
0.087
0.085
0.087
0.087
0.087
0.087
0.087
0.087
0.087
0.087
0.076
0.087
0.087
0.087
0.087
0.087
0.087
0.087
0.087
0.077
0.087
0.087
0.087
0.087
0.087
0.087
0.087
0.087
0.086
0.087
0.087
0.080
0.087
0.087
-0.700
0.087
0.087
0.085
0.087
0.087
0.080
0.087
0.087
0.080
0.087
0.087
0.087
0.087
0.087
-0.698
0.087
0.087
0.087
0.087
0.087
0.083
0.087
0.087
0.087
0.087
0.087
0.087
0.087
0.082
-0.776
0.082
0.074
0.074
0.074
0.082
0.074
0.082
0.082
-0.774
-0.774
0.082
-0.778
0.082
0.082
0.082
0.082
0.082
-0.759
0.082
-0.778
-0.759
0.082
0.082
0.082
-0.759
-0.759
-0.778
0.074
-0.776
-0.776
0.082
0.074
0.074
0.074
0.074
0.079
-0.774
0.082
-0.774
-0.759
-0.778
-0.778
0.082
0.082
0.082
-0.759
-0.776
0.082
-0.776
0.074
-0.774
0.082
-0.776
-1.302
0.074
-0.774
0.082
0.074
0.074
-0.759
-0.778
-0.774
-0.774
0.074
0.074
0.082
0.082
0.074
-1.642
0.082
0.082
0.079
0.082
0.082
0.071
0.082
-0.759
0.074
-0.759
0.074
-0.776
-0.759
-0.776
0.074
0.082
0.082
0.082
0.074
-0.774
0.074
-0.774
-0.774
-0.778
0.082
0.082
0.082
0.082
0.082
0.082
0.082
0.082
0.082
0.082
0.082
0.082
0.082
0.082
0.082
0.082
0.082
0.082
0.082
0.082
0.082
0.082
0.082
0.082
0.082
0.082
0.082
0.082
0.082
0.082
0.082
0.082
0.079
0.082
0.082
0.080
0.082
0.082
0.082
0.082
0.082
0.079
0.082
0.082
0.082
0.082
0.082
0.082
0.082
0.082
0.082
0.082
0.082
0.082
0.082
0.082
0.082
0.082
0.082
0.082
0.082
0.082
0.082
0.082
0.082
0.082
0.082
0.082
0.082
0.082
0.082
0.082
0.082
0.082
0.082
0.082
0.082
0.082
0.082
0.082
0.082
0.082
0.082
0.075
0.082
0.082
0.082
0.082
0.082
0.082
0.082
0.082
0.082
0.082
0.082
0.082
0.082
0.082
0.082
0.082
0.082
0.082
0.082
0.082
0.082
0.063
0.082
0.082
0.082
0.082
0.082
0.082
0.082
0.079
0.082
0.082
0.082
0.082
0.082
0.082
0.082
0.082
0.074
0.082
0.082
0.082
0.082
0.082
0.082
0.082
0.082
0.082
0.082
0.082
0.071
0.082
0.082
0.082
0.082
0.082
0.074
0.082
0.082
0.070
0.082
0.082
0.070
0.082
0.082
0.082
0.082
0.082
0.079
0.082
0.082
0.082
0.082
0.082
0.082
0.082
0.082
0.081
0.082
0.082
0.080
0.082
0.082
0.082
0.082
0.082
0.082
0.082
0.082
0.082
0.082
0.082
0.082
0.082
0.082
0.082
0.082
0.082
0.082
0.082
0.082
0.079
0.082
0.082
0.082
0.082
0.082
0.082
-0.186
-0.186
-0.186
-0.362
-0.362
-0.452
0.087
0.087
0.087
0.087
0.087
0.087
0.087
0.087
0.087
0.087
0.087
0.087
0.087
0.087
0.087
0.087
0.087
0.087
0.087
0.087
0.087
0.087
0.087
0.083
0.087
0.087
0.087
0.087
0.087
0.087
0.087
0.087
0.087
0.087
0.087
0.087
0.087
0.087
0.086
0.087
0.087
0.087
0.087
0.087
0.087
0.085
0.087
-1.828
0.087
0.087
0.080
0.087
0.087
0.087
0.087
0.087
0.086
0.085
0.087
0.087
0.087
0.087
0.080
0.087
0.087
0.087
0.086
0.087
0.080
0.087
0.087
0.087
0.087
0.082
0.082
0.082
0.082
0.082
0.082
0.082
0.082
0.082
0.082
0.069
0.082
0.074
0.074
0.082
0.082
-0.772
0.082
0.082
0.081
0.082
0.082
0.074
0.082
0.082
0.079
0.082
0.082
0.082
0.082
0.082
0.082
0.073
0.082
0.082
0.082
0.082
0.082
0.082
0.082
0.079
0.082
0.082
0.082
0.082
0.082
0.082
0.082
0.082
0.079
0.087
0.087
0.077
0.087
0.087
0.087
0.087
0.087
0.087
0.087
0.087
0.077
0.087
0.087
0.080
-1.240
-1.240
-1.240
0.087
0.087
0.087
0.087
0.087
0.087
0.087
0.087
0.087
0.087
0.087
0.087
0.087
0.087
0.085
0.087
0.087
0.087
0.087
0.087
0.080
0.078
0.087
0.085
0.087
0.087
0.087
0.087
0.087
0.080
0.087
0.087
0.087
0.087
0.087
0.083
0.087
0.087
0.087
0.087
0.087
0.087
0.087
0.087
0.087
0.087
0.087
0.085
0.087
0.087
0.087
0.087
0.087
0.084
0.087
0.087
0.087
0.087
0.087
0.087
0.087
0.087
0.087
0.087
0.087
0.087
0.087
0.087
0.080
0.087
0.087
0.087
0.087
0.087
0.087
0.087
0.087
0.087
0.087
0.087
0.087
0.087
0.087
0.087
0.087
0.087
0.087
0.087
0.087
0.087
0.087
0.087
0.087
0.087
0.087
0.085
0.087
0.087
0.087
0.087
0.087
0.085
0.087
0.087
0.087
0.087
0.087
0.085
0.087
0.087
0.087
0.085
0.087
0.087
0.087
0.087
0.087
0.087
0.087
0.087
0.087
0.087
0.087
0.087
0.087
0.087
0.087
0.087
0.086
0.087
0.087
0.079
0.087
0.087
0.083
0.087
0.087
0.078
0.087
0.087
0.086
0.087
0.087
0.086
0.087
0.087
0.087
0.087
0.087
0.087
0.087
0.087
0.082
0.087
0.087
0.087
0.087
0.087
0.087
0.087
0.087
0.087
0.087
0.087
0.087
0.087
0.087
0.087
0.087
0.087
0.087
0.087
0.087
0.087
0.087
0.087
0.080
0.087
0.087
0.087
0.087
0.087
0.087
0.087
0.087
0.087
0.087
0.087
0.087
0.087
0.087
0.087
0.087
0.087
0.087
-0.185
-0.186
-0.186
-0.360
-0.362
-0.404
0.087
0.087
0.087
0.087
0.087
0.087
0.087
0.087
0.087
0.087
0.087
0.087
0.087
0.087
0.080
0.087
0.087
0.087
0.078
0.087
0.084
0.087
0.087
0.087
0.087
0.087
0.087
0.087
0.087
0.080
0.087
0.087
0.086
0.087
0.087
0.087
0.087
0.087
0.085
0.087
0.087
0.080
-0.698
0.087
0.087
0.087
-0.698
0.087
-0.698
0.080
-1.268
0.080
0.087
-0.700
-0.681
0.087
0.087
0.087
0.080
0.080
0.087
0.087
0.080
-0.681
-0.698
-1.830
-0.700
0.087
0.087
0.080
-0.696
-0.698
0.080
-0.700
-1.282
0.087
0.087
0.083
-0.696
0.087
0.087
-0.700
0.087
-0.700
0.080
0.080
0.079
-0.811
-0.811
-1.375
-0.811
-0.811
-0.823
0.087
-0.696
-2.074
0.080
-0.700
-2.073
0.080
-0.696
-0.698
-0.681
0.087
0.085
-0.696
0.080
-0.700
0.080
0.087
-0.700
-1.846
-0.700
-0.700
0.080
0.087
-0.698
0.087
-0.698
0.078
-0.698
0.080
0.078
-1.950
-1.463
-2.716
0.080
-0.681
0.070
-0.698
-0.700
0.087
0.080
0.087
0.080
0.087
0.080
-0.681
0.080
0.080
-0.698
-0.681
-0.700
-0.700
0.087
-0.696
0.086
0.087
0.087
0.080
-0.700
-0.696
-0.696
0.080
0.087
0.087
-0.696
0.087
0.074
-0.700
0.080
-0.700
-0.700
0.080
0.087
-1.463
-1.240
-1.463
0.087
0.087
0.087
0.087
0.087
-1.275
0.080
-0.698
-0.696
-0.070
-0.070
-0.070
-0.070
-0.070
-0.070
0.080
-0.696
0.085
-0.696
0.087
0.080
-0.700
-0.698
0.087
0.080
0.080
-0.698
-0.696
-0.700
-1.272
0.080
0.087
-0.700
-0.700
0.080
0.087
0.087
0.087
0.087
-0.681
0.087
-0.698
-0.811
-0.811
-0.811
-0.811
-0.811
-0.811
-0.967
-0.821
-0.830
0.082
0.078
0.082
0.082
0.078
-1.416
0.064
0.064
0.064
0.064
0.082
0.064
0.078
0.064
0.064
0.082
0.082
0.060
0.082
0.078
0.064
0.082
0.082
0.078
0.078
0.082
0.063
0.082
0.078
0.061
-0.031
-0.031
-0.031
0.082
0.078
0.078
0.078
0.082
0.082
0.064
0.082
0.064
0.064
0.078
0.078
0.082
0.064
0.082
0.082
0.082
0.082
-2.133
0.064
0.078
-0.031
-0.031
-0.031
0.064
0.064
0.064
0.078
0.082
0.082
0.082
0.082
0.082
0.078
0.064
0.078
0.064
0.064
0.078
0.078
0.082
0.075
0.082
0.082
0.078
0.082
0.078
0.082
0.082
0.082
0.064
0.082
0.078
0.082
-2.109
0.064
0.082
-1.238
-1.238
-3.049
0.064
0.082
0.064
0.078
0.064
0.078
0.082
0.082
0.078
0.082
0.064
0.082
-1.059
-1.063
-1.059
-1.063
-1.063
-1.063
-1.059
-1.062
-1.059
-1.063
-1.063
-1.062
-1.063
-1.062
-1.063
-1.083
-1.083
-1.082
-1.083
-1.082
-1.200
-1.339
-1.079
-1.082
-1.082
-1.079
-1.083
0.076
0.076
0.057
0.057
0.076
0.057
0.076
0.076
0.076
0.072
0.076
0.057
0.057
0.057
0.068
0.057
0.076
0.056
0.072
0.072
0.057
0.076
0.076
0.076
0.076
0.057
-2.238
0.057
0.057
0.057
0.072
0.076
-1.608
0.076
0.057
0.057
0.057
0.076
0.057
0.076
0.076
0.072
0.076
0.076
0.057
0.057
0.057
0.057
0.057
0.057
-0.864
0.072
0.057
0.076
0.072
0.057
-0.864
0.072
0.057
0.057
0.072
0.057
0.057
0.057
0.057
0.072
0.076
0.076
0.076
0.085
0.080
0.085
0.080
0.086
0.072
0.087
0.087
0.085
0.085
0.087
0.078
-0.011
-0.011
-0.011
0.087
0.087
0.087
0.087
0.087
0.085
0.087
0.087
0.086
0.086
0.087
0.078
0.080
0.087
0.085
0.087
0.087
0.087
0.080
0.086
0.087
0.087
0.087
0.072
0.080
0.087
0.077
0.087
0.087
0.085
-1.320
-1.318
-1.542
0.080
0.087
0.080
0.087
0.087
0.080
0.080
0.080
0.087
0.087
0.087
0.080
0.087
0.085
0.087
0.087
0.080
0.080
0.085
0.080
0.080
0.087
0.085
0.080
0.085
0.087
0.079
0.087
0.087
0.081
0.080
0.080
0.077
0.080
0.080
0.080
0.080
0.080
0.075
0.080
0.085
0.085
0.080
0.080
0.087
0.087
0.087
0.085
0.087
0.087
0.087
0.087
0.087
0.087
0.087
0.087
0.087
0.087
0.087
0.085
0.087
0.087
0.087
0.087
0.087
0.085
0.087
0.087
0.087
0.087
0.087
0.087
0.087
0.087
0.087
0.087
0.087
0.087
0.087
0.087
0.077
0.087
0.087
0.087
0.087
0.087
0.080
0.087
0.087
0.087
0.087
0.087
0.087
0.087
0.087
0.085
0.087
0.087
0.087
0.087
0.087
0.087
0.087
0.087
0.087
0.087
0.087
0.086
0.087
0.087
0.078
0.087
0.087
0.087
0.087
0.087
0.085
0.087
0.087
0.078
0.087
0.087
0.087
0.087
0.087
0.087
0.087
0.087
0.085
0.087
0.087
0.087
0.087
0.087
0.087
0.087
0.087
0.087
0.087
0.087
0.087
0.087
0.087
0.087
0.087
0.087
0.087
0.087
0.087
0.085
0.087
0.087
0.080
0.087
0.087
0.087
0.087
0.087
0.087
0.087
0.087
0.080
0.087
0.087
0.087
0.087
0.087
-1.275
0.087
0.087
0.087
0.087
0.087
0.087
0.087
0.087
0.087
0.087
0.087
0.080
0.087
0.087
0.077
0.087
0.087
0.086
0.087
0.087
0.087
0.087
0.087
0.078
0.087
0.087
0.087
0.087
0.087
0.068
0.087
0.087
0.087
0.087
0.086
0.087
0.087
0.087
0.085
0.087
0.087
0.087
0.087
0.087
0.085
0.087
0.087
0.087
0.087
0.087
0.087
0.087
0.087
0.087
0.087
0.087
0.087
0.087
0.087
0.086
0.087
0.087
0.074
0.087
0.087
0.087
0.087
0.087
0.073
0.087
0.087
0.087
0.087
0.087
0.087
0.087
0.087
0.087
0.080
0.087
0.073
0.087
0.087
0.085
0.087
0.087
0.085
0.087
0.087
0.085
0.085
0.087
0.087
0.087
0.087
0.085
0.087
0.087
0.087
0.087
0.087
0.087
0.087
0.087
0.087
0.087
0.087
0.086
0.087
0.087
0.087
0.087
0.087
0.087
0.087
0.087
0.087
0.087
0.087
-1.867
-0.696
0.087
0.087
0.087
0.087
0.087
0.087
0.087
0.086
0.087
0.087
0.087
0.087
0.087
0.068
0.087
0.087
0.087
0.087
0.087
0.087
0.087
0.087
0.087
