fixedStep chrom=ENSGT00530000064313 start=1 step=1
0.000
0.000
0.000
0.000
0.000
0.000
0.000
0.000
0.000
0.000
0.000
0.000
0.000
0.000
0.000
0.000
0.000
0.000
0.000
0.000
0.000
0.000
0.000
0.000
0.000
0.000
0.000
0.000
0.000
0.000
0.000
0.000
0.000
0.000
0.000
0.000
0.000
0.000
0.000
0.000
0.000
0.000
0.000
0.000
0.000
0.000
0.000
0.000
0.000
0.000
0.000
0.000
0.000
0.000
-1.656
-1.640
-1.703
-0.537
0.113
0.113
-0.538
-0.521
-0.541
0.016
0.016
0.016
-0.510
-0.483
-0.483
0.113
0.113
-0.521
0.113
0.113
-0.541
0.113
0.113
-0.541
0.113
0.113
0.103
0.113
0.113
0.113
-0.624
0.105
0.103
0.113
0.103
0.078
0.105
0.113
0.113
0.113
0.113
0.104
0.112
-0.541
0.113
0.103
0.113
0.103
0.102
0.105
0.105
-0.624
0.113
0.105
-0.624
0.113
0.078
0.104
0.113
0.113
0.113
0.113
0.079
0.113
0.113
0.105
-0.538
0.113
-0.521
0.113
0.113
0.103
0.078
-0.624
0.113
0.078
0.113
-0.624
0.113
-0.521
0.079
0.105
0.113
0.113
0.113
0.113
0.113
-1.054
0.113
0.103
-0.537
0.113
0.105
-0.624
0.113
0.105
0.105
0.113
0.113
0.113
0.113
0.103
-0.541
0.113
0.113
0.113
-1.054
0.111
0.113
0.113
0.113
-0.541
0.113
0.108
0.113
0.113
0.103
0.113
0.103
-1.047
-0.696
-0.483
-0.483
0.081
0.113
-0.541
0.113
0.105
0.103
-0.521
-0.521
0.103
0.113
0.113
0.103
0.113
0.103
0.113
0.113
0.113
0.082
0.113
0.103
-0.521
0.113
0.113
0.113
0.105
0.113
0.103
0.113
0.113
0.113
0.113
0.113
0.103
0.113
0.112
0.113
0.113
0.113
0.113
0.103
-0.521
-0.538
0.113
0.109
-1.346
0.103
0.103
0.113
0.113
0.113
0.113
-1.428
-1.433
-1.600
0.105
0.113
0.081
0.105
0.103
0.103
0.113
0.113
0.113
0.113
0.113
-1.527
0.113
0.113
0.113
0.113
0.113
0.113
-0.521
0.113
-2.370
0.113
0.113
0.113
-0.541
0.078
0.105
0.113
0.113
0.113
0.113
0.113
0.103
0.104
0.111
-0.618
0.113
0.104
0.113
0.113
0.113
0.105
0.113
0.113
0.102
0.113
0.113
0.105
-0.538
0.103
-0.537
0.113
0.112
-1.054
0.084
0.113
0.104
0.102
-0.980
0.082
0.105
-0.537
-0.541
0.105
0.078
0.109
0.113
0.113
0.113
0.113
0.113
0.113
0.113
0.112
0.105
0.113
0.113
0.113
0.078
0.103
0.113
0.113
0.103
0.103
0.110
0.113
0.113
0.113
0.112
0.110
0.104
0.113
0.103
0.113
0.113
0.081
0.113
0.113
-2.419
0.113
0.113
-1.054
0.104
0.113
0.113
0.113
0.113
0.113
0.113
0.113
-1.344
0.113
0.113
0.113
0.113
-0.538
-1.905
0.113
0.103
0.103
0.103
0.103
0.081
-0.538
0.103
0.103
0.113
0.113
0.113
0.113
0.113
0.113
0.113
0.113
0.113
0.113
0.113
0.113
0.112
0.113
0.113
-0.521
0.113
-0.538
0.113
0.113
0.104
0.082
0.113
0.113
0.113
0.113
0.113
0.113
0.113
0.103
0.113
-1.134
0.105
0.103
0.103
0.078
0.000
0.000
0.000
0.000
0.000
0.000
0.000
0.000
0.000
0.000
0.000
0.000
0.000
0.000
0.000
0.000
0.000
0.000
0.000
0.000
0.000
0.000
0.000
0.000
0.000
0.000
0.000
0.000
0.000
0.000
0.000
0.000
0.000
0.000
0.000
0.000
0.000
0.000
0.000
0.000
0.000
0.000
0.000
0.000
0.000
