fixedStep chrom=ENSGT00390000003271 start=1 step=1
0.071
0.071
0.071
0.065
0.071
0.071
0.071
0.071
0.068
0.071
0.071
0.071
0.071
0.071
0.071
0.071
0.071
0.069
0.071
0.071
0.071
0.071
0.058
0.071
0.065
0.071
0.071
0.070
0.071
0.071
0.071
0.071
0.057
0.071
0.071
0.071
0.071
0.071
0.071
0.071
0.071
0.071
0.071
0.071
0.071
0.070
0.065
-2.214
0.071
0.068
0.069
0.071
0.071
0.068
0.071
0.071
0.068
0.071
0.071
0.071
0.071
0.071
0.071
0.071
0.071
0.071
0.071
0.071
0.071
0.057
0.071
-2.472
-1.465
-1.427
-1.264
0.071
0.071
0.071
0.065
0.071
0.069
0.071
0.071
0.071
0.071
0.071
0.071
0.071
0.071
0.071
0.071
0.071
0.071
0.071
0.071
0.070
0.071
0.071
0.071
0.071
0.070
0.071
0.071
0.071
0.071
0.071
0.071
0.071
0.071
0.071
0.071
0.071
0.071
0.071
0.071
0.063
0.071
0.071
0.071
0.071
0.071
0.071
0.071
0.071
0.071
0.071
0.069
0.071
0.071
0.071
0.071
0.071
0.071
0.071
0.071
0.071
0.071
0.071
0.064
0.064
0.064
0.064
0.058
0.064
0.064
0.064
0.058
0.058
0.064
0.064
0.064
0.062
0.062
0.000
0.000
0.000
0.000
0.000
0.000
0.000
0.000
0.000
0.068
0.071
0.071
0.067
0.068
0.071
0.070
0.071
0.071
0.071
0.071
0.068
0.071
0.068
0.067
0.071
0.071
0.071
0.071
0.071
0.071
0.071
0.071
-0.883
0.071
0.071
0.068
0.065
0.071
-0.902
0.070
0.071
0.071
0.071
0.071
0.071
0.071
0.071
0.065
0.071
0.071
0.071
0.071
0.071
0.065
0.071
0.071
0.071
0.071
0.071
0.071
0.063
-0.902
0.071
0.071
0.071
0.070
0.071
0.071
0.071
0.071
0.071
0.071
0.071
0.071
0.071
0.071
0.071
0.071
-0.902
0.071
0.071
0.071
0.071
-0.883
-0.907
0.071
0.071
0.071
0.065
0.071
0.071
0.071
0.070
0.071
0.071
0.071
0.071
0.071
0.071
0.071
0.071
0.071
0.071
0.071
0.071
0.065
0.071
0.069
0.068
-1.755
0.058
0.068
0.071
0.071
0.071
0.071
0.065
0.071
0.071
0.071
0.071
0.071
0.071
0.071
0.071
0.071
0.071
0.071
0.071
0.071
0.071
0.065
0.071
0.071
0.071
0.071
0.071
0.071
0.071
0.052
-0.903
-3.064
0.070
-1.192
0.066
0.071
0.071
0.070
-1.370
0.071
0.071
0.071
0.071
0.071
0.071
0.071
0.071
0.071
0.067
0.068
-0.905
0.068
0.071
0.065
0.068
0.071
0.059
0.068
0.071
0.065
0.065
0.071
-0.905
0.071
0.071
0.071
0.071
0.071
0.071
0.071
0.071
0.071
0.071
0.071
0.071
0.071
0.071
0.071
0.071
0.071
0.068
0.071
0.071
0.071
0.071
-1.015
-1.015
-1.236
0.071
0.063
0.065
0.068
0.071
0.071
0.068
0.063
0.071
0.065
0.068
0.068
0.071
0.071
0.071
0.058
0.071
0.065
-1.771
0.068
0.069
0.071
0.071
0.071
0.068
0.069
0.066
0.069
0.071
0.068
0.071
0.068
0.065
0.071
0.071
0.068
0.071
0.071
0.071
0.071
0.071
0.071
0.071
0.071
0.071
0.071
0.071
0.071
0.071
0.071
0.071
0.071
0.071
0.065
0.071
0.071
0.071
0.071
0.070
0.062
0.065
0.071
0.071
0.071
0.071
0.071
0.071
0.071
0.068
0.071
-0.902
-0.902
0.071
0.071
0.071
0.063
0.071
0.071
0.071
0.058
0.065
0.065
0.068
0.065
0.071
0.070
0.068
0.071
0.071
0.071
0.071
0.071
0.071
0.071
0.071
0.071
0.065
-0.883
-2.468
-1.014
-1.015
-1.236
0.071
0.071
0.071
0.058
0.065
0.071
0.071
0.071
0.071
0.065
0.068
0.065
0.071
0.071
0.071
0.071
0.071
0.071
0.071
0.071
0.058
0.071
0.058
-0.883
0.071
0.065
0.071
-0.902
0.071
0.065
0.065
0.071
0.057
0.065
0.071
0.065
0.068
0.071
0.071
0.071
0.071
0.071
0.071
0.071
0.068
0.071
0.071
0.071
0.071
-0.903
0.071
0.071
0.071
0.071
0.071
0.069
0.071
0.071
0.071
0.071
0.071
-0.902
0.071
0.071
0.071
0.071
0.071
0.065
0.071
0.071
0.071
0.071
0.057
0.071
0.065
0.071
0.070
-1.993
0.071
0.071
0.066
0.071
0.065
0.071
0.071
0.071
0.065
0.071
0.070
0.065
-1.657
0.071
0.071
0.071
0.071
0.069
0.071
0.071
0.071
0.057
0.071
0.071
0.068
0.071
0.071
0.071
0.071
0.071
0.065
0.071
0.071
0.071
-0.902
0.070
0.071
0.071
0.070
0.071
0.071
0.071
0.071
0.071
0.071
0.071
0.071
0.068
0.071
0.071
0.071
0.071
0.066
0.071
0.071
0.071
0.071
0.071
0.071
0.071
0.071
0.071
0.071
0.071
0.071
0.071
