fixedStep chrom=ENSGT00390000006712 start=1 step=1
0.061
0.061
0.061
0.061
0.061
0.061
0.061
0.061
0.061
0.061
0.061
0.061
0.061
0.061
0.061
0.061
0.061
0.061
0.061
0.061
0.061
0.061
0.061
0.061
0.061
0.061
0.061
0.060
0.061
0.061
0.061
0.061
0.061
0.061
0.061
0.061
0.061
0.061
0.061
0.061
0.061
0.061
0.061
0.061
0.055
0.055
0.061
0.061
0.061
0.061
0.061
0.061
0.061
0.061
0.061
0.061
0.061
0.061
0.061
0.061
0.054
0.061
0.055
0.061
0.061
0.061
0.061
0.061
0.061
0.061
0.061
0.061
0.061
0.061
0.061
0.061
0.061
0.061
0.061
0.061
0.061
-1.058
0.061
0.051
0.061
0.061
0.057
0.061
0.061
0.057
-1.058
0.061
0.061
0.061
0.061
-1.058
0.061
0.061
0.061
0.061
0.061
0.061
0.061
0.061
0.061
0.061
0.061
0.061
0.061
0.061
0.061
0.061
0.061
0.061
0.061
0.061
-2.410
0.061
0.061
0.061
0.061
0.061
0.061
0.061
0.061
0.061
0.061
0.061
0.061
0.061
0.061
0.061
0.061
0.061
0.061
0.061
0.061
0.061
0.061
0.061
0.061
0.061
0.061
0.061
0.061
0.061
0.061
0.061
0.055
0.061
0.061
0.061
0.061
0.061
0.061
0.061
0.061
0.057
0.057
0.061
0.061
0.057
0.057
0.061
0.061
0.061
0.061
0.055
0.057
0.061
0.044
0.061
0.061
0.058
0.061
0.061
0.061
0.061
0.061
0.061
0.061
0.061
0.061
0.061
0.061
-1.061
0.061
0.061
0.061
0.061
0.061
0.060
0.061
0.061
0.061
0.061
0.061
0.060
0.061
0.061
0.061
0.061
0.061
0.061
0.061
0.061
0.061
0.057
0.061
0.061
0.061
0.061
0.061
0.061
-1.868
0.061
0.061
0.061
0.055
0.061
0.061
-1.965
0.061
0.061
0.061
0.061
0.061
0.061
-1.058
0.044
0.061
0.061
0.061
0.060
0.061
0.054
0.061
0.061
0.061
0.061
0.061
0.055
0.055
0.061
0.061
0.061
0.061
0.061
0.061
0.044
0.061
0.061
0.061
0.061
0.061
0.061
0.061
0.060
0.061
0.055
0.061
0.061
0.061
0.061
0.061
0.061
0.061
0.061
0.061
0.061
0.061
0.061
0.061
0.055
0.061
0.061
0.061
0.061
0.058
0.061
0.061
0.057
0.061
0.061
0.061
0.061
-2.257
-3.068
0.055
0.061
0.061
0.061
0.061
0.061
0.055
0.061
0.061
0.061
0.061
0.061
0.057
0.061
0.061
0.061
0.057
0.055
0.061
0.061
0.061
0.055
-1.868
0.057
0.061
0.061
0.057
0.061
0.061
0.055
0.061
0.061
0.061
-1.058
0.061
0.055
0.061
0.061
0.061
0.061
0.061
-1.844
0.061
0.061
0.061
0.061
0.061
0.061
0.061
0.061
0.061
0.061
0.061
0.061
0.061
0.061
0.061
0.061
0.061
0.055
0.055
0.061
0.061
0.061
0.061
-1.047
0.061
0.061
0.055
0.044
0.061
0.061
0.061
0.061
0.061
0.061
0.061
-1.914
-0.548
0.061
-2.208
0.044
-2.246
0.055
0.061
0.061
0.061
0.061
0.061
-1.047
0.061
0.061
0.061
0.061
0.061
0.061
0.061
0.061
0.061
0.061
0.061
0.044
0.061
0.061
0.061
0.061
0.061
0.057
0.061
0.061
0.061
0.061
0.061
0.055
0.061
0.061
0.061
0.061
0.061
0.061
0.061
0.061
0.044
0.061
0.061
-1.602
0.061
0.061
0.061
0.061
0.055
0.055
0.061
0.061
0.057
0.061
0.061
0.054
0.061
0.061
0.055
0.061
0.061
0.057
0.061
0.061
0.061
0.061
0.061
0.061
0.061
0.061
0.055
0.061
0.061
0.061
0.061
0.061
0.061
0.061
0.061
0.055
0.061
0.061
0.061
0.055
0.061
0.061
0.061
0.061
0.059
0.061
0.061
0.061
0.061
0.061
0.061
0.061
0.061
0.061
0.061
0.061
0.061
0.061
0.061
0.061
0.061
0.061
0.061
0.054
0.061
0.061
0.061
0.061
0.061
0.061
0.061
0.061
0.061
0.061
0.055
0.060
0.061
0.061
0.061
0.061
0.061
0.061
0.061
0.057
-2.077
-2.075
-3.006
0.000
0.000
0.000
