fixedStep chrom=ENSGT00390000018541 start=1 step=1
0.070
0.070
0.070
0.069
0.067
0.058
0.070
0.070
0.070
0.070
0.070
-2.681
0.070
0.070
0.070
0.070
0.070
0.070
0.070
0.067
0.070
0.070
0.070
0.070
0.065
0.070
0.070
0.070
0.070
0.070
0.070
0.066
0.070
0.070
0.070
0.066
0.058
0.070
0.070
0.070
0.070
0.066
0.070
0.067
0.070
0.070
0.070
0.070
-1.115
-1.359
-1.201
-1.115
-1.115
-1.115
-0.472
-0.471
-0.471
-0.199
-0.199
-0.199
0.070
0.070
0.056
0.070
0.067
0.067
0.070
0.065
0.065
0.070
0.066
0.065
0.070
0.070
0.067
0.070
0.070
0.059
0.067
0.070
0.058
0.065
0.070
0.049
0.070
0.070
0.070
0.070
0.070
0.059
0.070
0.070
0.070
0.066
0.070
0.070
0.070
0.070
-2.347
-1.296
-1.115
-1.301
-0.726
-0.490
-0.490
0.070
0.070
0.070
0.058
0.067
0.070
0.067
0.070
0.070
0.058
0.067
0.058
0.070
0.070
0.058
0.067
0.067
0.070
0.070
0.067
0.070
0.070
0.070
0.070
0.070
0.070
0.070
-1.326
-1.325
-1.371
0.070
0.070
0.065
0.070
0.070
0.070
0.070
0.070
0.066
0.067
0.070
0.070
0.070
0.070
0.069
-1.326
-1.325
-1.513
-1.513
-1.325
-1.326
0.058
0.070
0.069
0.070
0.058
0.070
0.058
0.066
0.070
0.066
0.070
-2.729
0.066
0.058
0.070
0.070
0.070
0.070
0.070
0.070
0.065
0.070
0.070
0.065
0.070
0.070
0.070
0.070
0.070
0.068
0.070
0.070
-2.252
0.070
0.070
0.070
0.070
0.070
0.068
0.070
0.070
0.070
0.070
0.070
0.069
0.070
0.070
0.070
0.070
0.070
0.065
0.070
0.070
0.070
0.070
0.070
0.049
0.070
0.049
0.049
0.070
0.070
0.058
0.070
0.066
0.070
0.070
0.070
0.070
0.070
0.066
0.070
0.067
0.070
0.070
0.070
0.070
0.070
0.070
0.070
0.070
0.070
0.070
0.065
0.065
0.070
0.067
0.070
0.070
-1.698
0.065
0.058
0.067
0.070
0.070
0.069
0.070
0.070
0.066
0.070
0.070
0.070
0.070
0.070
0.070
0.070
0.070
0.070
0.069
0.070
0.070
0.070
0.070
0.058
0.070
0.070
0.058
0.070
0.070
0.070
0.070
0.070
0.049
0.070
0.070
0.070
0.066
0.070
0.066
0.070
0.070
0.066
0.070
0.070
0.070
0.070
0.070
0.070
0.070
0.070
0.070
0.070
0.070
0.070
0.070
0.070
0.070
0.070
0.070
0.070
0.070
0.070
0.066
0.070
0.070
0.049
0.070
0.070
0.070
0.070
0.070
0.070
0.065
0.070
0.058
0.070
0.070
0.058
0.070
0.070
0.070
0.067
0.070
0.066
0.070
0.058
0.070
0.070
0.070
0.070
0.070
0.070
0.070
0.068
0.070
0.070
0.070
0.070
0.070
0.070
0.070
0.066
0.070
0.070
0.070
0.070
0.070
0.059
-2.138
0.070
0.058
0.070
0.070
0.070
0.067
0.070
0.067
0.070
0.070
0.070
0.067
0.070
0.059
0.070
0.070
0.049
0.070
0.070
0.049
0.070
0.070
0.070
0.070
0.070
0.066
0.070
0.070
0.070
0.070
0.070
0.069
0.070
0.070
0.069
0.070
0.070
0.070
0.070
0.070
0.067
0.070
0.070
0.066
0.070
0.070
-1.807
0.070
0.070
0.070
0.070
0.070
0.070
0.070
0.070
0.070
0.070
0.070
0.065
0.070
0.070
0.070
0.070
0.070
0.067
0.070
0.070
0.070
0.070
0.070
0.049
0.070
0.070
0.070
0.070
0.070
0.066
0.070
0.070
0.066
0.070
0.070
0.070
0.070
0.070
0.067
0.070
0.070
0.070
0.070
0.070
0.058
0.070
0.067
0.065
0.070
0.070
0.067
0.070
0.070
0.070
0.070
0.070
0.070
0.070
0.070
0.065
0.070
0.070
0.070
0.070
0.070
0.070
0.070
0.070
0.070
0.070
0.070
0.070
0.070
0.067
0.068
0.070
0.070
0.069
0.070
0.070
0.070
0.070
0.070
0.058
0.070
0.070
0.070
0.070
0.067
0.065
0.069
0.070
0.070
0.067
0.070
0.070
0.070
0.070
0.067
0.070
0.070
0.070
0.070
0.070
0.065
0.070
0.070
0.066
0.070
0.070
0.070
0.070
0.070
0.068
0.070
0.070
0.070
0.070
0.070
0.070
0.070
0.070
0.070
0.070
0.070
0.070
0.070
0.070
0.058
0.070
0.065
0.059
0.070
0.070
0.070
0.070
0.070
0.070
0.070
0.070
0.070
0.070
0.070
0.066
0.070
0.070
0.070
0.070
0.070
0.067
0.070
0.070
0.070
0.070
0.070
0.070
0.070
0.070
0.070
0.070
0.070
0.066
0.070
0.070
-1.751
0.070
0.070
0.067
0.070
0.070
0.067
0.059
0.070
-1.715
0.070
0.070
0.070
0.070
0.070
0.070
0.070
0.070
0.065
0.070
0.070
0.064
0.070
0.070
0.067
0.070
0.070
0.065
0.070
0.070
0.058
0.070
0.070
0.058
0.070
0.070
0.070
0.070
0.070
0.070
0.059
0.070
0.070
0.070
0.070
0.066
0.070
0.070
0.070
0.070
0.070
0.070
0.070
0.066
0.067
0.070
0.070
0.058
0.070
0.070
0.070
0.070
0.070
0.070
0.070
0.070
0.066
0.070
0.070
0.070
0.070
0.070
0.066
0.070
0.070
0.070
0.070
0.070
0.070
0.059
0.070
0.070
0.070
0.070
0.070
0.070
0.070
0.070
0.070
0.070
0.070
0.070
0.069
0.065
0.070
0.070
0.067
0.070
0.070
-2.341
0.070
0.070
0.070
0.070
0.070
0.070
0.070
0.070
0.054
0.070
0.070
0.069
0.070
0.070
0.070
0.070
0.070
0.070
0.070
0.070
0.070
0.070
0.070
0.066
0.070
0.070
0.067
0.070
0.070
0.059
0.070
0.070
0.070
0.070
0.070
0.070
0.070
0.070
0.070
0.070
0.070
0.067
0.070
0.070
0.070
0.070
0.070
0.066
0.070
0.070
0.070
0.070
0.070
0.067
0.070
0.070
0.070
0.070
0.070
0.069
0.070
0.070
0.069
0.070
0.070
0.067
0.070
0.070
0.067
0.070
0.070
0.070
0.070
0.070
0.070
0.070
0.070
0.070
0.070
0.070
0.070
0.070
0.070
0.070
0.070
0.066
0.070
0.070
0.070
0.059
0.058
0.067
0.067
0.070
0.066
0.070
0.070
0.049
0.070
0.067
0.070
0.067
0.070
0.070
0.067
0.066
0.070
0.070
0.070
0.070
0.070
0.070
0.067
0.070
0.070
0.070
0.065
0.070
0.067
0.070
