fixedStep chrom=ENSGT00750000117468 start=1 step=1
0.000
0.000
0.000
0.381
0.384
0.380
0.380
0.381
0.380
0.381
0.380
0.376
0.381
0.381
0.328
0.381
0.381
0.375
0.381
0.381
0.380
0.381
0.381
0.369
0.380
0.381
0.359
0.381
0.380
0.365
0.381
0.381
0.380
0.384
0.381
0.356
0.381
0.381
0.377
0.380
0.380
0.366
0.380
0.380
0.381
0.381
0.381
0.380
0.380
0.381
0.377
0.381
0.381
0.380
0.381
0.380
0.373
0.381
0.381
0.380
0.381
0.381
0.376
0.381
0.384
0.380
0.380
0.381
0.367
0.381
0.381
0.375
0.381
0.381
0.351
0.380
0.381
0.376
0.380
0.381
0.381
0.381
0.380
0.381
0.381
0.381
0.380
0.381
0.380
0.375
0.380
0.381
0.362
0.381
0.381
0.380
0.380
0.381
0.381
0.381
0.381
0.380
0.380
0.380
0.365
0.380
0.380
0.324
0.380
0.384
0.380
0.381
0.381
0.380
0.381
0.381
0.380
0.381
0.381
0.380
0.381
0.381
0.374
0.381
0.380
0.375
0.384
0.381
0.381
0.381
0.380
0.354
0.381
0.381
0.298
0.380
0.380
0.381
0.381
0.381
0.381
0.380
0.384
0.371
0.380
0.381
0.356
0.381
0.384
0.369
0.381
0.380
0.350
0.380
0.381
0.380
0.381
0.384
0.381
0.355
0.380
0.380
0.381
0.380
0.363
0.384
0.381
0.373
0.381
0.381
0.374
0.381
0.381
0.374
0.384
0.381
0.356
0.381
0.381
0.324
0.380
0.381
0.380
0.381
0.384
0.380
0.381
0.384
0.380
0.381
0.384
0.381
0.381
0.380
0.381
0.381
0.381
0.380
0.381
0.384
0.380
0.381
0.381
0.381
0.384
0.384
0.381
0.381
0.381
0.380
0.381
0.380
0.380
0.381
0.384
0.380
0.380
0.384
0.359
0.381
0.380
0.381
0.380
0.381
0.380
0.381
0.384
0.381
0.380
0.381
0.380
0.381
0.381
0.380
0.380
0.381
0.349
0.384
0.384
0.376
0.381
0.381
0.380
0.381
0.381
0.350
0.380
0.381
0.381
0.381
0.384
0.380
0.381
0.380
0.381
0.384
0.384
0.381
0.381
0.381
0.380
0.381
0.380
0.376
0.384
0.381
0.365
0.380
0.381
0.381
0.380
0.384
0.380
0.381
0.384
0.380
0.380
0.381
0.380
0.381
0.384
0.380
0.381
0.381
0.380
0.380
0.381
0.380
0.380
0.381
0.325
0.381
0.380
0.349
0.380
0.381
0.380
0.380
0.381
0.381
0.384
0.381
0.381
0.381
0.384
0.380
0.380
0.384
0.380
0.380
0.380
0.380
0.366
0.384
0.380
0.384
0.384
0.381
0.380
0.381
0.375
0.380
0.381
0.381
0.381
0.381
0.371
0.381
0.381
0.381
0.381
0.384
0.380
0.384
0.380
0.366
0.380
0.381
0.381
0.381
0.384
0.381
0.381
0.381
0.356
0.380
0.381
0.381
0.381
0.381
0.380
0.381
0.380
0.325
0.380
0.384
0.380
0.381
0.381
0.376
0.381
0.384
0.351
0.381
0.384
0.380
0.381
0.381
0.381
0.381
0.381
0.380
0.380
0.381
0.381
0.381
0.384
0.380
0.381
0.381
0.380
0.352
0.384
0.380
0.380
0.373
0.381
0.349
0.380
0.381
0.381
0.380
0.381
0.381
0.384
0.381
0.381
0.380
0.347
0.380
0.380
0.351
0.380
0.381
0.380
0.381
0.380
0.380
0.380
0.381
0.351
