fixedStep chrom=ENSGT00390000006482 start=1 step=1
0.000
0.000
0.000
0.000
0.000
0.000
0.000
0.000
0.000
0.000
0.000
0.000
0.000
0.000
0.000
0.067
0.067
0.067
0.064
0.062
0.062
0.067
0.067
0.065
0.067
0.067
0.067
0.062
0.065
0.067
0.067
0.067
0.062
0.065
0.067
0.066
0.067
0.067
0.067
0.067
0.067
0.067
0.067
0.067
0.065
-0.911
0.062
0.067
0.067
0.067
0.067
0.065
0.067
0.057
-1.781
0.067
0.067
0.067
0.067
0.067
0.067
0.067
0.061
-2.672
0.064
0.067
0.067
0.067
0.067
0.067
0.067
0.065
-2.318
0.067
0.064
0.062
0.067
0.067
0.064
0.067
0.067
0.067
0.067
0.067
0.067
0.067
0.067
0.067
0.060
0.067
0.067
0.067
0.067
0.067
0.064
0.067
0.067
0.062
-0.911
-0.930
0.067
-0.928
0.067
0.067
0.067
0.066
0.067
0.064
0.067
0.065
0.065
0.054
0.067
0.067
0.067
0.067
0.065
0.067
0.067
0.067
0.067
0.067
-1.469
0.067
0.067
0.062
0.067
0.067
0.067
0.067
0.067
0.067
0.067
0.067
0.067
0.067
0.067
0.067
0.067
0.066
0.053
0.067
0.067
0.067
0.067
0.067
0.067
0.067
0.067
0.067
0.067
0.067
0.067
0.067
0.067
0.067
0.067
0.067
0.065
0.067
0.067
0.062
0.067
0.051
-2.292
0.067
0.067
0.067
0.067
0.067
0.067
0.067
0.067
0.067
0.067
0.062
0.067
0.064
0.067
0.065
0.067
0.067
0.067
-0.426
-0.422
-0.834
0.067
0.067
0.067
0.067
0.067
0.067
0.067
0.067
0.064
0.067
0.067
0.067
0.064
0.067
0.067
0.067
0.067
0.067
0.067
0.067
0.067
0.067
0.067
0.067
0.067
0.067
0.067
0.067
0.062
0.067
0.067
0.067
0.067
0.067
0.067
0.062
0.067
0.067
-0.928
0.067
0.067
0.067
0.067
0.067
0.067
0.067
0.067
0.067
0.067
0.067
0.067
0.067
-1.724
0.060
0.067
0.067
0.067
0.067
0.057
0.065
0.067
0.067
0.067
0.067
0.067
0.067
0.067
0.067
0.067
0.067
0.067
0.067
0.067
0.067
0.067
0.067
0.067
0.067
0.067
0.059
0.060
0.067
0.067
0.067
0.067
0.067
0.064
0.067
0.067
0.067
0.067
0.067
0.067
0.067
0.067
0.067
0.067
0.067
0.064
0.067
0.067
0.067
0.067
0.067
0.067
0.067
0.067
0.067
0.067
0.067
0.063
0.067
0.066
0.067
0.067
0.067
0.064
0.067
0.067
0.067
0.067
0.067
0.067
0.054
0.067
0.057
0.067
0.067
0.067
0.067
0.067
0.064
0.067
0.067
0.067
0.067
0.067
0.067
0.064
-0.910
0.066
0.067
0.067
0.066
0.067
0.067
0.067
0.067
0.067
0.065
0.067
0.067
0.067
0.067
0.067
0.062
0.067
0.067
0.067
0.067
0.067
0.067
0.067
0.067
0.067
0.067
0.067
0.067
0.067
0.067
0.067
0.064
0.067
0.067
0.067
0.067
0.067
0.067
0.067
0.064
0.067
0.067
0.067
0.067
0.067
0.059
0.066
0.067
0.067
0.067
0.067
0.067
0.067
0.067
0.067
0.067
0.067
0.067
0.067
0.067
0.067
0.067
0.067
0.067
0.067
0.067
0.067
0.067
0.067
0.067
0.067
0.067
0.066
0.067
0.067
0.062
0.062
0.067
0.067
0.067
0.067
0.067
0.067
0.067
0.067
0.067
0.067
0.067
0.067
0.067
0.062
0.067
0.067
0.067
0.060
0.067
0.065
0.067
0.067
0.067
0.067
0.067
0.067
0.067
0.067
0.066
0.067
0.067
0.067
0.062
0.067
0.067
0.067
0.067
0.066
0.062
0.067
0.067
0.067
0.067
0.067
0.050
0.067
0.067
0.067
0.067
0.067
0.067
0.067
0.054
0.067
0.065
0.067
0.054
0.062
0.062
-0.925
0.062
0.067
0.067
0.067
0.067
0.066
0.061
0.062
0.067
0.067
0.065
0.067
0.067
0.067
0.067
0.067
0.059
0.067
0.067
0.067
0.067
0.067
0.067
0.067
0.067
0.067
0.067
0.067
0.064
0.067
0.067
0.065
0.067
0.067
0.067
0.067
0.067
0.067
0.067
0.067
0.065
0.067
0.067
0.067
0.067
0.067
0.066
0.067
0.067
0.067
0.067
0.067
0.067
0.067
0.067
0.062
0.067
0.067
0.067
0.067
0.067
0.067
0.067
0.067
0.067
0.067
0.067
0.067
0.067
0.067
0.067
0.067
0.067
0.067
0.067
0.067
0.057
0.067
0.067
0.067
0.067
0.067
0.067
0.067
0.067
0.067
0.067
0.067
0.064
0.067
0.067
0.067
0.067
0.067
0.067
0.067
0.067
0.067
0.067
0.067
0.062
0.067
0.067
0.067
0.067
0.067
0.066
0.067
0.067
0.067
0.067
0.067
0.067
0.067
0.067
0.067
0.067
0.067
0.061
0.067
0.067
0.067
