fixedStep chrom=ENSGT00390000003997 start=1 step=1
-1.337
-1.321
-1.529
-1.337
-1.341
-1.626
0.108
0.108
0.108
0.108
0.107
0.099
-1.375
-1.649
-1.375
0.163
0.163
0.163
-1.861
-1.866
0.098
0.099
0.099
-3.312
-1.584
-1.589
-1.584
0.092
0.108
0.108
0.099
0.099
0.108
0.108
0.108
0.108
0.108
0.107
0.107
0.108
0.099
0.108
0.108
0.099
0.108
0.108
0.099
0.099
-1.187
-0.720
-0.652
0.108
0.108
0.108
0.107
0.108
0.108
0.108
0.108
0.108
0.108
0.107
0.108
0.108
0.108
0.108
0.107
0.108
0.107
0.108
0.107
0.108
0.108
0.108
0.108
0.108
0.108
0.108
0.108
0.108
0.108
0.108
0.107
0.108
0.107
0.108
0.099
0.107
0.108
0.108
-0.650
-1.224
0.099
0.108
0.108
0.098
0.099
0.108
0.107
0.107
0.108
0.108
0.108
0.108
0.108
0.108
0.108
0.108
0.108
0.107
0.108
-1.170
0.108
0.099
-0.690
-1.234
0.106
0.107
0.108
0.107
0.108
0.108
0.108
0.099
0.108
0.108
0.108
0.108
0.108
0.108
0.108
0.108
0.108
0.108
0.099
0.107
0.108
0.107
0.099
0.099
0.107
0.107
0.108
-0.619
0.107
0.108
0.108
0.108
-1.441
0.108
0.108
0.108
0.107
-0.659
0.108
-0.628
0.108
-0.690
0.099
0.107
0.107
0.108
0.099
0.107
-0.628
0.108
0.107
0.106
0.108
0.108
0.107
0.108
0.108
0.108
-0.620
0.099
0.099
-0.000
0.005
0.005
0.005
0.005
0.005
-0.979
0.108
0.099
0.107
0.108
0.100
0.107
0.107
0.107
0.107
0.108
0.107
0.108
0.108
0.108
0.108
0.103
0.108
0.108
0.099
0.108
0.108
0.108
0.108
0.108
-1.714
0.099
-0.652
-0.717
-0.715
-1.176
0.107
0.107
0.107
0.103
0.108
0.108
0.099
0.108
-1.487
0.108
0.108
0.107
0.108
0.099
0.108
-1.304
0.098
0.107
-1.204
0.099
0.099
0.108
0.099
-0.739
-0.693
-1.168
0.099
0.099
0.108
0.108
0.108
0.108
-0.717
-0.719
-0.652
-0.668
-1.176
0.099
0.108
0.099
0.107
0.099
0.108
-0.658
-2.160
-1.633
-1.591
-1.321
-2.029
-1.321
-2.158
-2.158
-1.337
0.108
-0.620
0.108
0.099
0.108
0.099
0.108
0.108
0.108
0.108
0.108
0.108
-0.694
-0.739
-0.694
-0.694
-0.693
-0.694
-0.694
-0.739
-0.693
0.107
0.099
0.099
0.107
0.108
0.108
0.107
-1.170
0.108
0.108
0.108
0.107
0.001
0.005
0.005
0.005
0.005
0.005
0.001
0.005
0.005
0.005
0.005
0.005
0.005
0.005
0.005
0.005
0.005
0.005
-1.187
-1.193
-0.715
0.099
-0.668
-0.668
0.099
0.108
0.107
0.108
0.108
0.099
0.099
0.107
-0.628
0.108
0.108
-0.586
0.108
0.099
0.100
-0.620
0.108
0.105
-0.742
-1.163
-0.693
0.108
0.099
0.108
-0.652
-0.652
-0.652
-0.652
-0.670
-1.187
0.099
-0.620
-0.628
-0.652
-0.652
-0.652
-0.652
-0.652
-0.650
0.099
0.099
0.099
0.107
0.107
-0.659
0.108
0.099
-1.221
0.108
0.099
0.108
0.108
0.108
0.108
0.108
0.108
0.108
0.108
0.099
0.108
-0.619
0.099
0.099
-1.418
-1.757
-2.324
-0.385
-0.387
-0.385
-0.652
-0.720
-1.194
-0.720
-1.192
-0.719
-0.719
-1.193
-0.719
-1.194
-1.192
-1.194
-1.187
-1.193
-1.192
-0.652
-1.194
-0.715
-0.720
-1.193
-1.843
-0.652
-1.187
-0.652
0.099
0.099
0.099
0.099
0.099
0.099
0.108
0.099
0.099
-1.227
-1.279
0.099
0.099
0.108
0.099
0.108
0.108
0.099
0.108
0.108
0.108
0.108
0.108
0.099
0.107
-0.668
0.099
0.107
0.108
-0.628
0.099
0.108
0.107
-1.176
-0.668
0.108
0.108
0.108
0.108
0.000
0.000
0.000
