fixedStep chrom=ENSGT00730000111570 start=1 step=1
0.054
0.054
0.054
0.054
0.054
0.054
0.054
0.054
0.054
0.054
0.054
0.054
0.054
0.054
0.054
0.054
0.049
-1.148
0.049
-1.167
-1.164
-1.167
-1.516
-1.166
-1.167
-1.167
-1.167
0.054
0.049
-1.148
0.049
-1.164
-1.151
0.049
-1.148
0.049
0.054
0.054
0.049
0.054
0.054
0.054
0.049
0.054
0.054
0.054
0.054
0.054
0.054
0.054
0.054
0.054
0.054
0.054
0.054
0.054
0.054
0.054
0.054
0.054
0.054
0.054
0.054
0.054
0.054
0.052
0.054
0.054
0.054
0.054
0.054
0.054
0.054
0.054
0.049
0.054
0.054
0.054
0.054
0.054
0.054
0.049
0.054
0.054
0.054
0.054
0.052
-2.246
0.054
0.054
0.054
0.054
0.054
0.054
0.054
0.054
0.054
0.054
0.054
0.054
0.054
0.052
0.054
-2.081
0.053
0.054
0.054
0.054
-1.162
0.054
0.054
0.054
0.054
0.054
0.054
0.054
0.054
0.054
0.054
0.054
0.054
-1.172
0.054
0.049
0.054
0.054
0.054
0.054
0.054
0.054
0.054
0.054
0.054
0.054
0.054
0.054
0.054
0.054
0.054
0.054
0.054
0.044
0.054
0.054
0.054
0.054
0.054
0.054
0.054
0.054
0.053
0.054
0.054
0.054
0.054
0.054
0.054
0.054
0.054
0.054
0.054
0.054
0.054
0.054
0.049
0.049
0.049
0.054
0.049
0.054
0.054
0.054
-1.548
0.054
0.054
0.054
0.054
0.054
0.054
0.054
-1.170
0.049
0.054
0.054
0.054
0.054
0.054
0.054
0.054
0.054
0.054
0.054
0.054
0.054
0.054
0.054
0.049
-1.167
0.054
0.054
0.054
0.054
0.054
0.054
0.054
0.054
0.054
0.054
-1.170
0.054
0.054
0.054
0.054
0.046
0.054
0.054
0.054
0.054
0.054
0.054
0.054
0.054
0.054
0.054
0.054
0.054
0.049
0.054
0.054
0.054
0.054
0.054
0.054
0.054
0.054
0.054
0.054
0.054
0.054
0.054
0.054
0.054
0.054
0.054
0.054
0.054
0.054
0.054
0.054
0.054
0.049
0.054
0.054
0.054
0.054
0.054
0.054
0.054
0.054
0.054
0.054
0.054
0.048
0.054
0.054
0.054
0.054
0.054
-1.170
0.054
0.054
0.054
0.054
0.054
0.054
0.054
0.054
0.054
0.054
0.054
0.054
0.054
0.054
0.054
0.049
0.054
0.054
0.054
0.054
0.054
0.054
0.054
0.054
0.054
0.054
0.054
0.054
0.054
0.049
0.049
0.054
0.054
0.054
0.054
0.054
0.054
0.053
0.054
0.054
0.054
0.054
-1.151
0.054
0.054
0.054
0.054
0.054
0.054
0.054
0.054
0.054
0.054
0.054
0.054
0.054
0.054
0.054
0.054
0.054
0.049
0.049
0.054
0.054
0.054
0.054
0.054
0.054
0.054
0.054
0.054
0.054
0.054
0.054
0.054
0.054
0.054
0.054
0.054
0.054
0.054
0.054
-1.172
0.054
0.054
0.054
-1.151
0.054
0.054
0.054
0.054
0.054
0.054
0.054
0.054
0.054
0.054
0.054
-1.151
0.054
0.054
0.054
0.054
0.054
0.054
0.053
0.054
0.054
0.054
0.054
0.054
0.054
0.054
0.054
0.054
0.054
0.054
0.054
0.054
0.054
0.054
0.054
0.054
0.054
0.054
0.049
0.054
0.054
0.054
0.054
0.054
0.054
0.054
0.054
0.054
0.054
0.054
0.054
0.054
0.046
0.054
0.054
0.054
0.054
0.054
0.052
0.054
0.054
0.054
0.054
0.052
0.052
0.054
0.052
-0.408
-0.408
-0.408
0.054
0.054
0.054
0.054
0.054
0.054
0.054
-1.170
0.054
0.054
0.054
0.054
0.054
0.054
0.054
0.054
0.054
0.054
0.054
0.054
0.054
0.054
0.054
0.052
0.054
0.054
0.054
0.054
0.054
0.054
0.054
0.054
0.053
0.054
0.054
0.054
0.052
0.054
0.054
0.054
0.054
0.054
0.054
0.054
0.054
0.054
0.054
0.054
0.000
0.000
0.000
0.000
0.000
0.000
0.000
0.000
0.000
0.000
0.000
0.000
0.000
0.000
0.000
0.052
0.052
0.054
0.052
0.054
0.049
0.054
0.054
0.049
0.054
0.054
0.054
0.052
0.052
0.049
0.052
0.052
-1.164
0.052
0.054
0.054
0.054
0.052
0.052
0.054
0.054
0.054
0.054
0.052
0.052
0.054
0.054
0.054
0.054
0.054
0.054
0.054
0.054
0.054
0.054
0.054
0.054
0.054
0.054
0.054
0.054
0.054
0.054
0.054
0.049
-1.162
0.054
0.054
0.054
0.054
0.049
0.054
0.054
0.054
0.054
0.054
0.054
0.054
0.049
0.054
0.054
0.054
0.054
0.054
0.054
0.054
0.049
0.054
0.053
0.054
-1.162
0.054
0.054
0.054
0.054
0.052
0.054
0.054
0.054
0.054
0.054
0.054
0.054
0.054
0.054
0.054
0.054
0.054
0.054
0.054
0.054
0.054
0.054
0.054
0.054
0.054
0.054
0.054
0.054
0.054
0.054
0.054
0.054
-1.561
-1.559
-2.353
-1.561
-2.910
-2.343
-1.857
-1.559
-1.559
-1.854
-1.559
-1.559
-1.561
-1.559
-1.857
-2.496
-2.494
-2.494
-2.496
-2.494
-2.494
-1.172
0.054
0.052
0.054
0.054
0.054
0.054
0.054
0.054
0.054
0.054
0.054
0.053
0.054
0.054
0.054
0.054
0.054
0.000
0.000
0.000
0.000
0.000
0.000
0.000
0.000
0.000
0.000
0.000
0.000
0.000
0.000
0.000
0.000
0.000
0.000
0.000
0.000
0.000
0.000
0.000
0.000
0.000
0.000
0.000
0.000
0.000
0.000
0.000
0.000
0.000
0.000
0.000
0.000
0.054
0.054
0.054
0.054
0.054
0.053
0.049
0.054
0.054
0.052
0.046
0.054
0.054
0.054
0.054
0.054
0.054
0.054
0.054
0.054
0.054
0.054
0.054
0.054
0.054
0.054
0.054
0.054
0.054
0.054
0.054
0.054
0.049
0.054
0.054
0.054
0.054
0.054
0.054
0.049
0.054
0.054
0.054
0.054
0.052
0.054
0.054
0.054
0.054
0.054
0.054
0.054
0.054
0.054
0.054
0.054
-1.148
0.054
0.054
0.054
0.054
0.054
0.054
0.054
0.054
0.054
0.054
0.054
0.054
0.054
0.054
0.054
0.054
0.054
0.054
0.054
0.054
0.054
0.054
0.054
0.054
0.054
0.054
0.054
0.054
0.054
0.054
0.054
0.054
0.054
-1.172
0.054
0.054
0.054
0.049
0.054
0.054
0.054
0.054
0.054
0.054
0.054
0.054
0.054
0.054
0.054
0.054
-1.162
0.054
0.054
0.054
0.054
0.054
0.054
0.054
0.054
0.054
0.054
0.054
0.053
0.054
0.054
0.054
0.054
0.054
0.054
0.054
0.054
0.054
0.054
0.049
0.053
0.054
0.054
0.054
0.054
0.054
0.049
0.054
0.054
0.054
0.054
0.054
0.049
0.049
0.049
0.049
-2.811
-2.871
-1.734
0.000
0.000
0.000
0.000
0.000
0.000
0.000
0.000
0.000
0.000
0.000
0.000
0.000
0.000
0.000
0.000
0.000
0.000
0.051
0.054
0.054
0.054
0.054
0.053
0.054
0.054
0.051
0.049
0.054
0.054
-1.993
-2.519
-1.990
-1.737
-2.262
-1.735
-1.735
-1.735
-1.735
-0.369
-0.369
-0.369
0.053
0.054
0.051
0.052
0.054
0.051
0.054
0.054
0.045
0.054
0.052
0.047
-3.270
-3.052
-3.100
0.053
0.049
0.049
-0.369
-0.369
-0.369
0.054
0.054
0.054
0.054
0.054
0.051
0.054
0.054
0.054
0.054
0.054
0.054
0.054
0.054
0.054
0.054
0.046
0.054
0.054
0.054
0.054
0.054
0.054
0.054
0.054
0.054
-1.598
0.054
0.054
0.054
0.054
0.054
0.054
0.054
0.054
0.054
0.054
0.053
0.054
