fixedStep chrom=ENSGT00390000015756 start=1 step=1
0.084
0.084
0.084
0.077
0.084
0.076
0.079
0.084
-0.746
0.081
0.084
0.081
0.084
0.084
0.084
0.077
0.084
0.084
0.084
0.084
0.084
0.083
0.080
0.084
0.084
0.080
0.084
0.083
0.084
0.084
0.084
0.084
0.080
0.082
0.084
0.084
0.084
0.084
0.084
0.084
0.066
0.084
0.084
0.084
0.067
0.084
-0.746
0.083
0.083
-0.744
0.084
0.084
0.080
0.084
0.084
0.077
0.083
0.084
0.084
0.084
0.084
0.084
0.083
0.084
-0.726
0.084
0.084
0.084
0.084
0.084
0.084
0.078
0.084
0.084
0.084
0.078
0.077
0.077
0.084
0.084
0.084
0.084
0.084
0.084
0.077
0.084
0.084
0.082
0.062
0.084
-0.742
0.083
0.084
0.077
0.080
0.084
0.077
0.082
0.084
-2.225
0.081
0.075
0.084
-0.746
0.084
0.084
0.084
0.080
0.075
0.084
0.084
0.084
-1.400
0.079
0.071
0.084
0.084
0.084
0.084
0.084
-0.746
0.084
0.082
0.080
-0.742
0.077
0.084
0.077
0.084
0.084
0.084
-1.405
0.073
0.080
0.084
0.084
0.084
0.084
0.084
0.077
0.084
0.084
0.080
0.084
0.084
0.084
0.084
0.084
0.084
0.082
0.084
0.080
0.081
0.077
0.084
0.082
0.084
0.084
0.084
0.084
0.084
-2.270
0.084
0.084
0.077
0.084
0.084
0.084
0.084
0.080
0.084
0.084
0.084
0.084
0.077
0.075
0.077
0.084
0.084
0.084
0.084
0.080
0.067
0.077
0.084
0.077
0.080
0.079
0.083
0.084
0.084
0.084
0.084
0.084
0.084
0.084
0.084
0.084
0.084
0.084
0.084
0.084
0.084
0.080
0.080
0.084
0.084
0.084
-0.726
0.079
0.080
0.084
0.084
0.084
0.080
0.084
0.084
0.077
0.084
0.084
0.084
0.084
0.084
0.084
0.080
0.084
0.080
0.075
0.077
0.077
0.084
0.084
0.084
0.084
0.084
0.084
0.084
0.084
-0.742
0.084
0.077
0.084
0.084
0.084
0.084
0.077
0.080
0.084
0.084
0.080
-1.402
0.084
0.084
0.084
0.075
0.077
0.084
0.084
0.083
0.080
0.084
0.084
0.084
0.084
0.080
0.084
0.084
0.084
0.084
0.084
0.084
0.084
0.084
0.084
0.084
0.080
0.067
0.084
0.084
0.084
0.084
0.084
0.083
0.084
0.076
0.084
0.084
0.084
0.084
-0.744
0.077
0.081
0.074
0.084
0.080
0.081
0.084
0.084
0.084
0.084
0.084
0.084
0.084
0.083
0.078
0.084
0.084
0.077
0.075
0.084
0.071
-1.403
0.080
0.084
-0.746
0.084
0.074
0.077
0.084
0.084
0.084
0.083
0.084
0.084
0.084
0.084
0.079
0.084
0.080
0.084
0.084
0.077
0.077
0.084
0.084
0.084
0.084
0.084
0.077
0.084
0.084
0.084
0.084
0.084
0.084
0.084
0.084
0.084
0.084
0.084
0.077
0.084
0.084
0.084
0.084
0.084
0.084
0.084
0.084
0.084
0.084
0.084
0.082
0.084
0.084
0.084
0.084
0.084
0.084
0.084
0.084
0.084
0.084
0.084
0.077
0.084
0.084
0.079
0.084
0.084
0.077
0.084
0.084
0.084
0.084
0.084
0.084
0.084
0.084
0.084
0.084
0.084
0.080
0.084
0.084
0.083
0.084
0.084
0.084
0.084
0.084
0.077
0.084
0.084
0.074
0.084
0.084
0.084
