fixedStep chrom=ENSGT00390000017079 start=1 step=1
0.070
0.070
0.070
0.070
0.070
0.066
0.070
0.068
0.064
0.070
0.070
0.070
0.067
0.070
0.052
0.070
0.070
0.070
0.070
0.070
0.070
0.070
0.070
0.070
0.067
0.067
0.070
0.070
0.070
0.070
-2.540
0.070
0.070
0.070
0.070
0.070
0.070
0.070
0.070
0.070
0.070
0.070
0.070
0.070
0.066
0.070
0.070
0.061
0.069
0.067
0.070
0.070
0.070
0.070
0.070
0.062
0.070
0.070
0.070
0.070
0.070
0.070
0.070
0.066
0.070
0.070
0.070
0.070
0.064
0.070
0.070
0.070
0.068
0.070
0.070
0.070
0.070
0.070
0.070
0.070
0.052
0.070
0.070
0.066
0.070
0.062
0.064
0.070
-0.930
0.070
0.070
0.070
0.070
0.070
0.070
0.070
0.051
0.070
0.070
0.062
0.070
0.070
0.070
0.068
0.070
0.070
0.070
0.070
0.070
0.070
0.066
0.070
0.070
0.070
0.070
0.070
0.052
0.070
0.070
-0.908
0.070
0.070
0.070
0.070
0.070
0.064
0.070
0.070
0.070
0.070
0.066
0.070
0.070
0.070
0.070
0.070
0.070
0.070
0.070
0.070
0.064
0.070
0.070
0.070
0.070
0.070
0.070
0.070
0.066
0.067
0.070
0.070
0.070
0.070
0.070
0.070
0.070
0.070
0.068
0.061
0.070
0.070
0.070
0.070
0.070
0.070
0.070
0.070
0.070
0.070
0.070
0.070
0.070
0.070
-0.925
0.070
0.070
0.070
0.070
0.064
0.070
0.070
0.070
0.070
0.070
0.062
0.070
0.070
0.064
0.070
0.067
0.070
0.070
0.070
0.070
0.070
0.070
0.070
0.070
0.064
-2.122
0.070
0.069
0.070
0.070
0.070
0.064
0.070
0.070
0.070
0.064
0.070
0.070
0.070
0.070
0.064
0.070
0.070
-1.903
0.070
0.070
0.070
0.068
0.070
0.068
0.070
0.070
0.052
0.051
0.051
0.064
0.070
0.070
0.070
0.070
0.070
0.070
0.070
0.070
-0.925
0.064
0.070
0.070
0.070
0.070
0.064
0.064
-1.778
0.070
0.070
0.070
0.070
0.070
0.068
0.069
0.070
0.070
0.070
0.068
0.070
0.070
0.070
0.070
0.070
-1.793
-1.809
-1.793
0.070
0.070
0.070
0.070
0.070
0.069
0.062
0.070
0.070
-2.798
0.070
0.070
-2.066
0.070
0.070
0.070
0.070
0.070
0.070
0.067
0.070
0.066
0.070
0.070
0.070
0.070
0.061
0.070
0.070
0.070
0.070
0.064
0.070
0.068
0.070
0.070
0.070
0.064
0.070
0.070
0.070
0.070
0.070
0.070
0.070
0.070
0.070
0.070
0.070
0.070
0.070
0.070
0.070
0.070
0.070
0.070
0.070
0.070
0.051
0.070
0.070
0.070
0.070
0.070
0.070
0.070
0.070
0.070
0.068
0.070
0.070
0.052
0.070
0.070
0.070
0.070
0.070
0.070
0.070
0.070
-0.908
0.070
0.059
0.070
0.070
0.067
0.070
0.070
0.070
0.062
0.070
0.070
0.070
0.070
0.070
0.067
0.070
0.070
0.070
0.070
0.070
0.070
0.070
0.070
0.070
0.070
0.070
0.070
0.070
0.070
0.070
0.070
0.070
0.070
0.070
0.070
0.070
0.070
0.070
0.067
0.070
0.070
0.070
0.066
0.070
0.070
0.070
0.070
0.070
0.070
0.070
0.070
0.070
0.070
0.064
0.070
0.070
0.070
0.070
0.070
0.070
0.070
0.066
0.070
0.067
0.064
0.070
0.070
0.070
0.070
0.070
0.070
0.070
0.070
0.070
0.067
0.064
0.070
0.070
0.070
0.070
0.070
0.070
0.070
0.070
0.070
0.070
0.064
0.070
0.070
0.070
0.070
0.070
0.070
0.070
0.070
0.070
0.070
0.070
0.070
0.070
0.070
0.070
0.070
0.070
0.067
0.070
0.070
0.070
0.070
0.070
0.070
0.070
0.070
0.070
0.070
0.070
0.070
0.070
0.062
0.070
0.070
0.070
0.066
0.070
0.070
0.070
0.070
-0.925
0.070
0.070
0.070
0.070
0.070
0.070
0.055
0.055
0.055
0.055
0.055
0.055
0.055
0.055
0.055
0.055
0.055
0.049
0.055
0.055
0.055
0.055
0.049
0.054
0.052
0.055
0.055
0.055
0.055
0.055
0.055
0.055
0.055
0.055
0.055
0.055
0.055
0.055
0.055
0.055
0.055
0.055
0.055
0.055
0.055
0.055
0.055
0.055
0.055
0.055
0.055
0.055
0.055
0.055
0.055
0.049
0.055
0.049
0.055
0.055
0.055
0.055
0.055
0.055
0.055
0.055
0.055
0.055
0.055
0.055
0.055
0.055
0.055
0.049
0.055
0.055
0.055
0.055
0.055
0.055
0.055
0.055
0.055
0.055
0.055
0.055
0.055
0.054
0.049
0.055
0.055
0.055
0.055
0.049
0.055
0.055
0.055
0.055
0.055
0.055
0.055
0.055
0.049
0.055
0.055
0.052
0.055
0.055
0.055
-1.145
-1.145
-1.144
0.055
0.055
0.055
0.000
0.000
0.000
-0.984
-0.984
-1.273
0.055
0.055
0.055
0.055
0.055
0.055
0.054
-2.511
0.055
0.055
0.049
0.055
0.053
0.055
0.055
0.055
0.055
0.055
0.055
-1.805
0.049
0.055
0.055
0.055
0.055
0.055
0.055
0.049
0.055
0.055
0.055
0.055
0.055
-1.185
-1.174
-1.185
0.052
0.050
0.050
-1.194
-1.174
-1.185
0.049
0.055
0.070
0.070
0.070
0.070
0.049
0.070
0.064
0.065
0.070
0.070
0.064
0.067
0.070
0.068
-1.724
0.070
0.070
0.070
0.070
0.070
0.070
0.070
0.070
0.064
0.070
0.070
0.070
0.070
0.070
0.064
0.070
0.070
0.070
0.070
0.070
0.064
-0.928
0.064
0.070
0.070
0.059
0.070
0.064
0.070
0.067
0.070
0.070
0.070
0.070
0.070
0.070
0.070
0.070
0.070
0.069
0.070
0.070
0.064
0.070
0.070
0.066
0.070
0.070
0.066
0.070
0.070
0.068
0.070
0.070
0.067
-0.925
0.065
0.070
0.070
0.064
0.070
0.064
0.070
0.070
-1.809
-1.807
-2.470
-1.976
0.070
0.070
0.070
0.070
0.059
0.062
0.061
0.070
0.070
0.070
-0.908
0.070
0.059
0.070
0.070
0.067
0.067
0.070
0.070
0.070
0.067
0.070
-2.339
0.064
0.070
0.067
0.067
0.070
0.070
-0.932
0.067
0.070
0.070
0.070
0.070
0.070
0.070
0.070
0.070
0.070
0.070
0.070
0.070
0.066
0.070
0.070
0.070
0.070
0.070
0.070
0.070
0.070
0.070
0.064
0.066
0.067
0.070
0.070
0.070
0.070
0.066
0.070
0.070
0.070
0.064
0.070
0.070
0.070
0.070
0.069
0.070
0.070
0.070
0.064
0.066
0.070
0.070
0.070
0.070
0.069
0.070
0.070
0.066
0.070
0.070
0.070
0.070
0.070
0.070
0.070
0.070
0.067
0.070
0.070
0.070
0.070
0.070
0.064
0.070
0.070
0.070
0.070
0.070
0.070
0.070
0.070
0.070
-0.931
-0.925
0.064
0.070
0.067
0.065
0.070
0.070
0.067
0.070
0.070
0.066
0.070
0.070
0.070
0.070
0.070
0.066
0.070
0.070
0.070
0.070
0.070
0.067
0.070
0.070
0.067
0.070
0.070
0.070
0.070
0.070
0.070
0.064
0.070
0.070
0.070
0.070
0.070
0.070
0.064
0.068
0.068
0.070
-0.908
0.070
0.070
0.070
0.069
0.066
0.052
0.070
-0.928
0.070
0.070
0.062
-0.928
0.070
0.070
0.070
0.068
0.070
0.070
-2.371
-2.936
-4.820
-4.139
-2.867
-1.793
0.065
0.057
0.066
0.070
0.067
0.070
0.070
0.070
0.064
0.066
0.070
0.070
0.070
0.070
0.052
0.070
0.064
0.070
0.070
0.070
0.070
0.070
0.052
0.070
0.070
0.070
0.066
0.070
0.069
0.069
0.070
0.070
0.070
0.064
0.070
0.070
0.070
0.070
0.070
0.070
-1.767
0.070
0.070
0.070
0.070
0.070
0.070
0.064
0.070
0.070
0.070
0.070
0.070
0.070
0.064
0.066
0.070
0.066
0.070
0.070
0.070
0.070
0.068
0.070
0.070
0.066
0.070
0.070
0.070
0.070
0.064
-0.908
0.070
0.070
0.064
0.070
0.070
0.070
0.070
0.070
0.070
0.070
0.070
0.070
0.070
0.064
0.070
0.070
0.070
0.070
0.070
0.070
0.070
0.070
0.070
0.070
0.070
0.070
0.070
0.070
0.070
0.070
0.070
0.070
0.070
0.070
0.070
0.070
0.070
0.070
0.070
