fixedStep chrom=ENSGT00500000045333 start=1 step=1
0.047
-1.430
0.047
0.047
0.047
0.047
0.047
0.047
0.040
0.047
0.047
0.040
0.047
-1.430
0.047
0.047
0.047
0.047
0.040
0.047
0.047
0.047
0.047
0.040
0.047
0.047
0.047
0.047
0.047
0.047
0.047
0.047
0.047
0.047
0.047
0.047
0.047
0.047
0.047
0.047
0.047
0.047
0.047
0.047
0.047
0.040
0.047
0.047
0.047
0.047
0.040
0.047
0.047
0.047
0.047
0.047
0.040
0.047
0.047
0.047
0.047
0.047
0.047
0.047
0.047
0.040
0.047
0.047
0.047
-1.149
-1.149
-1.149
0.047
0.047
0.047
0.047
0.047
0.047
0.047
0.047
-1.403
0.047
0.047
0.040
0.047
0.047
0.047
0.047
0.047
0.047
0.047
0.047
0.047
0.047
-1.420
0.047
0.047
0.047
0.047
0.047
0.047
0.047
-1.431
0.047
0.047
0.047
0.047
0.047
0.047
0.047
0.047
0.047
0.047
0.047
0.047
0.027
0.027
0.027
0.027
0.027
0.027
0.027
0.027
0.027
0.027
0.027
0.027
0.027
0.027
0.027
0.027
0.027
0.027
0.027
0.027
0.027
0.027
0.027
0.027
0.027
0.027
0.027
0.027
0.027
0.027
0.027
0.027
0.027
0.027
0.027
0.027
0.027
0.027
0.027
0.027
0.027
0.027
0.027
0.027
0.027
0.047
0.047
0.047
0.047
0.047
0.047
0.047
0.047
0.047
0.047
0.047
0.047
0.047
0.047
0.047
0.040
0.047
0.047
0.047
0.040
-1.403
0.047
0.047
-1.430
0.047
0.047
0.047
0.047
0.047
0.047
0.047
0.047
0.040
0.047
0.047
0.047
0.047
-1.425
0.047
0.047
0.047
0.047
0.047
0.047
0.047
0.047
0.047
0.047
-1.439
0.047
0.047
0.047
0.047
0.047
0.047
0.047
-1.403
0.047
0.047
0.047
-1.431
0.047
0.047
0.047
0.047
0.047
0.047
0.040
0.047
0.047
0.047
0.047
0.047
0.047
0.047
0.047
0.047
0.047
0.047
0.047
