fixedStep chrom=ENSGT00390000005336 start=1 step=1
0.079
0.079
0.079
0.079
0.079
0.079
0.079
-0.834
0.078
0.072
0.079
0.079
0.079
0.079
0.079
0.068
0.079
0.079
-0.821
0.072
0.079
0.079
0.079
0.079
0.079
0.079
0.079
-0.821
0.079
0.079
0.079
0.079
0.075
0.075
0.079
0.079
0.079
0.079
0.079
0.079
0.079
0.079
0.079
0.072
0.075
0.079
0.072
0.079
-1.614
0.079
0.079
0.079
0.079
0.078
0.079
0.079
0.071
0.079
-0.836
0.079
0.079
0.079
0.079
0.079
0.079
0.079
0.079
0.079
0.079
0.079
0.079
0.069
0.060
0.079
0.072
0.079
0.079
0.079
0.079
0.076
0.079
0.079
0.079
0.079
0.079
0.079
0.079
0.079
0.079
0.079
0.079
0.079
0.079
0.079
0.079
0.075
0.079
0.079
0.079
0.079
0.079
0.072
0.079
0.079
0.079
0.079
0.079
0.079
0.079
0.079
0.079
0.079
0.079
0.079
0.079
0.079
0.079
0.079
0.079
0.072
0.079
0.079
0.079
0.079
0.079
0.072
0.079
0.072
-1.875
0.079
-1.637
0.072
0.072
0.079
0.075
0.072
0.079
-0.837
0.079
0.079
0.079
0.079
0.079
0.072
0.072
0.079
0.079
0.072
-0.837
0.075
-1.637
0.079
0.079
0.079
0.079
0.079
0.072
0.062
0.079
0.079
0.063
0.072
0.079
0.079
0.079
0.079
0.079
0.078
0.079
0.079
0.072
0.079
0.079
0.079
-0.836
0.079
0.079
0.079
0.072
0.079
0.079
0.072
-1.873
0.079
0.079
0.079
0.072
0.079
0.072
0.079
0.072
0.079
0.079
0.075
0.079
0.078
0.079
-0.836
0.079
0.079
0.079
0.079
0.079
0.076
0.079
0.079
0.079
0.079
0.079
0.079
0.078
0.074
0.079
0.079
0.079
0.079
0.079
0.075
0.075
-1.555
0.079
0.079
0.079
0.079
0.079
0.079
0.079
0.079
0.075
0.075
-2.092
0.063
0.079
0.079
-0.836
0.079
0.079
-0.231
-0.231
-0.231
-0.834
0.079
0.079
0.072
0.079
-0.836
-1.540
-0.837
0.079
-1.886
0.063
0.072
-0.834
0.072
-0.837
-0.834
-0.821
0.075
-0.836
0.079
0.079
0.079
-0.834
0.079
-1.875
0.072
0.079
0.075
0.079
0.079
0.079
0.079
0.079
0.077
0.079
0.079
0.072
0.072
0.079
0.079
0.079
0.078
0.079
0.079
0.079
0.079
0.079
0.079
0.079
0.079
0.079
0.079
-0.837
0.079
0.079
0.079
0.079
0.079
0.079
0.072
0.079
0.078
0.075
-0.836
0.079
0.079
-0.837
0.079
0.079
0.079
0.079
0.079
0.079
0.079
0.079
0.079
0.079
0.072
0.079
0.079
0.079
0.079
0.079
0.075
0.078
0.079
0.063
0.079
0.079
0.079
0.079
0.079
0.079
0.079
0.079
0.079
0.075
0.079
0.078
0.079
0.072
0.079
0.079
0.079
0.079
0.079
0.079
0.079
0.079
0.079
0.079
0.079
0.079
0.079
0.079
0.079
0.079
0.079
0.072
0.079
0.079
0.079
0.072
-0.836
0.079
0.072
0.079
0.079
-0.836
0.079
-0.837
0.072
0.079
0.075
0.072
0.079
0.079
0.079
0.079
0.079
0.079
0.079
0.079
0.079
0.063
0.079
0.079
0.079
0.079
0.079
0.079
0.079
0.079
0.079
0.079
0.079
0.079
0.079
0.079
0.079
0.079
0.079
0.079
0.079
0.079
0.075
0.079
0.072
0.079
0.079
0.079
0.079
0.079
0.072
0.072
0.079
0.079
0.079
0.079
0.079
0.079
0.079
0.079
0.078
0.072
-1.370
0.079
0.072
0.072
0.079
0.079
0.079
0.079
0.079
0.079
0.079
0.079
0.079
0.079
0.079
0.079
0.079
0.074
0.079
0.079
0.079
0.079
0.079
0.079
0.079
0.079
0.079
0.079
0.079
0.079
0.079
0.079
0.079
0.079
0.079
0.079
0.079
0.079
0.079
0.079
0.079
0.079
0.079
0.074
0.079
0.079
0.076
0.078
0.076
0.078
0.079
0.076
-1.599
-1.599
-1.599
