fixedStep chrom=ENSGT00510000048203 start=1 step=1
-1.021
-1.020
-1.021
-1.021
-1.021
-1.021
0.065
0.060
0.065
0.065
0.060
0.065
0.065
-2.597
0.060
0.065
0.065
0.065
0.065
0.065
-1.008
0.060
0.065
0.065
0.065
0.065
-1.007
0.065
0.065
-1.008
0.065
0.065
0.060
0.062
0.063
0.064
-0.990
0.065
0.065
0.065
0.065
0.065
0.065
0.065
0.065
0.060
-1.007
0.050
0.065
0.065
0.060
0.065
0.065
0.065
0.062
0.065
-1.009
0.065
0.065
0.065
0.065
0.060
-2.350
0.065
-1.008
0.059
0.059
0.065
0.063
-1.009
0.065
0.063
0.065
0.065
0.065
0.065
0.065
0.065
0.065
0.065
0.065
0.065
0.065
0.062
0.065
0.065
0.060
0.065
0.065
0.063
0.064
0.065
0.064
0.065
0.065
0.062
0.065
0.065
0.062
0.065
0.065
0.062
0.065
0.065
0.060
0.065
0.065
0.057
0.065
0.065
-1.005
0.065
0.065
0.062
0.065
0.065
0.065
0.065
0.065
0.065
-1.007
0.065
0.065
0.065
0.065
0.065
0.065
0.065
-1.007
0.065
0.065
0.065
0.065
0.065
0.065
0.065
0.065
-1.007
0.065
0.065
0.063
0.065
0.065
0.064
0.065
0.065
0.057
0.065
0.065
0.060
0.065
0.065
0.060
0.065
0.065
0.065
0.065
0.065
0.062
0.065
0.065
0.060
0.065
0.065
0.064
0.065
0.065
0.065
0.065
0.065
0.065
0.065
0.065
0.065
0.065
0.063
0.065
0.065
0.062
0.054
0.062
-1.005
0.062
0.063
0.065
0.065
0.065
0.065
0.065
0.065
0.062
-1.005
0.000
0.000
0.000
0.000
0.000
0.000
0.000
0.000
0.000
0.065
0.065
0.062
0.060
0.052
0.065
0.065
0.065
0.060
0.065
0.062
-1.008
0.065
0.065
0.057
0.060
0.065
0.065
0.065
0.065
0.062
0.065
0.065
0.060
0.065
0.065
0.065
0.065
-1.179
0.065
0.065
0.065
-1.007
0.052
0.062
0.060
0.065
0.065
0.065
0.065
0.065
0.065
0.065
0.065
0.065
-2.956
0.052
-1.009
0.065
0.062
0.065
0.065
0.065
0.065
0.065
0.065
-1.853
0.065
0.065
0.063
0.062
0.065
0.065
0.065
0.065
-1.009
0.065
0.065
0.060
0.065
0.065
-1.007
0.063
0.065
0.065
0.065
0.065
0.065
0.065
0.065
0.065
0.062
0.062
0.062
0.065
0.065
0.062
0.065
0.065
0.065
0.065
0.065
0.065
0.065
0.065
0.058
0.065
0.065
0.060
0.065
0.065
0.060
0.065
0.065
0.065
0.065
0.065
0.065
0.065
0.052
0.058
0.058
0.065
0.065
0.060
0.065
-1.009
0.065
0.062
0.065
0.065
0.065
0.065
0.065
0.065
0.060
0.065
0.065
0.065
0.065
0.065
0.060
0.065
0.065
0.065
0.065
0.065
0.060
0.065
0.064
0.060
0.057
-1.874
0.065
0.063
0.065
0.065
0.065
0.065
0.065
0.065
0.065
0.065
0.060
0.065
0.065
0.065
0.065
0.065
0.065
0.065
0.065
0.065
0.065
0.065
0.065
0.065
0.065
0.065
0.065
0.065
0.065
0.065
0.065
0.065
0.065
0.060
0.065
0.065
0.065
0.065
0.065
0.065
0.065
0.065
0.065
0.065
0.060
0.065
0.065
0.065
0.065
0.065
0.065
0.065
0.065
0.065
0.063
0.065
0.065
0.065
0.065
0.065
-1.925
0.065
0.065
0.065
0.065
0.065
0.065
0.065
0.065
0.065
0.065
0.065
0.062
0.065
0.065
0.065
0.065
0.065
0.065
0.065
0.065
0.062
0.065
0.065
0.065
0.065
0.065
0.062
0.065
0.065
0.065
