fixedStep chrom=ENSGT00390000003511 start=1 step=1
0.062
0.062
0.061
0.062
0.062
0.062
0.062
0.062
0.062
0.062
0.062
0.062
0.056
0.062
0.062
0.062
0.062
0.062
0.062
0.062
0.056
-1.068
0.062
0.062
0.059
0.062
-1.056
0.062
0.062
0.056
0.062
0.062
0.062
0.062
0.062
0.062
-1.069
0.062
0.056
0.062
0.062
0.062
0.062
0.062
0.053
0.062
0.062
0.062
0.062
0.060
0.062
0.062
0.056
0.060
0.056
0.062
0.056
-1.056
0.062
0.062
0.062
0.060
0.060
0.062
0.062
0.062
0.062
0.062
0.056
-1.071
0.062
0.057
0.062
0.062
-1.056
0.062
0.062
0.062
0.062
0.060
0.062
0.062
0.062
0.062
0.056
0.062
0.060
0.062
0.062
0.061
0.062
0.062
0.062
0.060
0.062
0.062
0.062
0.062
0.061
0.054
0.062
0.062
0.062
0.062
0.062
0.062
0.062
0.060
0.062
0.062
0.062
0.056
0.062
0.056
0.060
0.062
0.062
0.062
0.062
0.062
0.062
0.062
0.062
0.062
0.062
0.062
0.062
0.062
0.053
-1.056
0.062
0.062
0.053
-1.071
0.062
0.062
0.062
0.062
0.062
0.055
0.062
0.056
0.062
0.062
0.062
0.062
0.062
0.062
0.062
0.060
0.062
0.062
0.062
0.061
0.062
0.062
0.062
0.062
0.062
0.062
0.062
0.062
0.062
0.062
0.062
0.062
0.062
-1.056
0.062
0.062
0.062
0.062
0.062
0.062
0.062
0.062
0.062
0.062
0.062
0.062
0.062
0.062
0.062
0.062
0.062
0.062
0.062
0.056
-1.068
0.062
-1.069
0.062
0.062
0.062
0.061
0.062
0.062
0.061
0.062
0.056
0.062
0.062
0.062
0.060
-1.069
0.056
0.062
0.062
-1.069
0.059
0.056
0.062
0.061
-1.071
0.062
0.062
0.062
0.062
0.062
0.062
0.062
0.062
0.056
0.062
0.062
0.062
0.062
0.062
0.062
0.062
0.062
0.062
0.062
0.062
0.062
0.062
0.062
0.062
0.062
0.062
-1.069
0.056
0.062
0.056
0.062
0.062
0.062
0.062
0.062
0.062
0.062
0.062
0.062
0.062
0.056
0.056
0.062
0.062
0.062
0.062
0.062
0.062
0.062
-1.068
0.062
0.062
0.062
0.062
0.062
0.062
-1.496
-2.157
-1.781
0.062
0.062
0.062
0.062
0.062
0.062
0.062
0.062
0.062
0.062
0.062
0.053
0.061
0.060
0.061
0.062
0.062
0.062
0.062
0.062
0.062
0.062
0.062
0.060
0.060
0.062
0.062
0.062
0.062
0.062
0.062
0.062
0.062
0.056
0.062
0.061
0.062
0.062
-1.069
0.062
0.062
0.062
0.062
0.062
0.056
0.062
0.062
0.058
0.056
0.061
0.062
0.061
0.056
0.062
0.062
0.062
0.056
0.062
0.061
0.062
0.062
0.062
0.062
-0.451
-0.451
-0.451
-0.451
-0.451
-0.451
-1.056
-1.057
-1.057
-1.056
-1.056
-1.056
0.062
0.062
0.062
0.062
0.062
0.062
0.062
0.062
0.062
0.062
0.062
0.062
0.062
0.062
0.062
