fixedStep chrom=ENSGT00390000015400 start=1 step=1
0.000
0.000
0.000
0.000
0.000
0.000
0.000
0.000
0.000
0.000
0.000
0.000
0.000
0.000
0.000
0.000
0.000
0.000
0.000
0.000
0.000
0.000
0.000
0.000
0.000
0.000
0.000
0.000
0.000
0.000
0.000
0.000
0.000
0.000
0.000
0.000
0.000
0.000
0.000
0.000
0.000
0.000
0.000
0.000
0.000
0.000
0.000
0.000
0.000
0.000
0.000
0.000
0.000
0.000
0.000
0.000
0.000
0.000
0.000
0.000
0.000
0.000
0.000
0.000
0.000
0.000
0.000
0.000
0.000
0.000
0.000
0.000
0.000
0.000
0.000
0.000
0.000
0.000
0.000
0.000
0.000
0.000
0.000
0.000
0.000
0.000
0.000
0.000
0.000
0.000
0.000
0.000
0.000
0.000
0.000
0.000
0.000
0.000
0.000
0.000
0.000
0.000
0.000
0.000
0.000
0.000
0.000
0.000
0.076
0.076
0.076
0.076
0.076
0.076
0.076
0.076
0.076
0.076
0.076
0.076
0.076
0.074
0.062
0.066
0.076
0.076
0.076
0.076
0.074
0.076
0.066
0.073
0.076
0.076
0.076
0.076
0.076
0.076
0.076
0.076
0.068
0.063
0.076
0.076
0.076
0.076
0.059
0.075
0.076
0.076
0.071
0.076
0.076
0.076
0.076
0.076
0.076
0.076
0.076
0.074
0.073
0.063
0.076
0.076
0.070
0.076
0.076
0.076
0.076
0.074
0.063
0.076
0.076
0.076
0.074
0.076
0.076
0.076
0.076
0.059
0.076
0.074
0.076
0.076
0.073
0.075
0.073
0.076
0.075
0.072
0.076
0.075
0.076
0.075
0.076
0.076
0.076
0.062
0.076
0.076
0.076
0.073
0.076
0.076
0.063
0.063
0.075
0.076
0.076
0.062
-1.288
-1.288
-1.484
0.076
0.076
0.072
0.076
0.076
0.071
0.076
0.076
0.074
0.067
0.076
0.076
0.076
0.075
0.072
0.076
0.071
0.070
0.076
0.076
0.076
0.076
0.076
0.070
0.076
0.076
0.076
0.076
0.076
0.076
0.076
0.076
0.075
0.076
0.076
0.063
0.073
0.076
0.076
0.076
0.076
0.073
0.076
0.076
0.073
0.062
0.076
0.076
0.076
0.076
0.073
0.075
0.076
0.076
0.076
0.076
0.076
0.076
0.076
0.058
0.076
0.076
0.062
0.072
0.076
-2.015
0.065
0.062
0.076
0.076
0.076
0.076
0.076
0.076
0.076
0.076
0.076
0.076
0.076
0.076
0.059
0.073
0.076
0.066
0.076
0.076
0.073
0.076
0.076
0.063
0.076
0.076
0.074
0.076
0.076
0.076
0.073
0.076
0.076
0.076
0.076
0.076
0.076
0.076
0.076
0.076
0.062
0.074
0.069
0.076
0.076
0.075
0.076
0.074
0.076
0.076
0.075
0.062
0.076
0.076
0.076
0.076
0.076
0.076
0.076
0.071
0.076
0.076
0.076
0.076
0.076
0.076
0.076
0.076
0.076
0.076
0.075
0.076
0.076
0.076
0.076
0.068
0.076
0.076
0.076
0.076
0.076
0.076
0.076
0.076
0.076
0.076
0.074
0.076
0.076
0.076
0.076
0.076
0.074
0.076
0.076
0.076
0.076
0.076
0.076
0.076
0.062
0.074
0.076
0.076
0.076
0.076
0.076
0.059
0.076
0.076
0.076
0.076
0.075
0.074
0.056
0.076
0.076
0.076
0.076
0.076
0.072
0.076
0.076
0.076
0.056
0.076
0.076
0.075
0.076
0.076
0.073
0.071
0.076
0.069
0.069
0.069
0.069
0.068
0.069
0.069
0.069
0.067
0.067
0.064
0.069
0.069
0.069
0.069
0.069
0.069
0.069
0.069
0.069
0.064
0.069
0.059
-0.300
-0.298
-0.293
0.069
0.069
-1.676
-1.481
-1.374
-1.374
0.059
0.069
-1.787
0.069
0.069
0.069
0.069
0.069
0.069
0.067
0.069
0.067
0.069
0.069
0.069
0.069
0.065
0.063
0.069
0.069
0.069
0.069
0.069
0.069
0.064
0.069
0.069
0.069
0.069
0.069
0.069
0.069
0.065
0.069
0.069
0.069
0.069
0.069
0.069
0.069
0.069
0.063
0.069
0.069
0.069
0.069
0.051
0.067
0.069
0.069
0.068
0.058
0.069
0.069
0.076
0.076
0.073
0.076
0.076
0.076
-1.200
-1.261
-1.200
0.076
0.075
0.076
0.076
0.076
0.076
0.063
0.076
0.076
0.076
0.076
0.071
0.071
0.076
0.076
0.076
0.076
0.076
0.076
0.076
0.076
0.076
0.076
0.076
0.076
0.076
0.074
0.071
0.076
-2.045
0.076
0.076
0.076
0.076
0.076
0.076
0.076
0.076
0.073
0.076
0.076
0.076
0.076
0.076
0.063
0.076
0.076
0.069
0.073
0.076
0.076
0.069
0.076
0.076
0.075
0.076
0.076
0.076
0.076
0.076
0.076
0.076
0.071
0.076
0.076
0.071
0.076
0.076
0.073
0.076
0.076
0.076
0.076
0.076
0.076
0.075
0.076
0.074
0.073
0.076
0.076
0.076
0.076
0.076
0.076
0.076
0.073
0.076
0.076
0.076
0.076
0.076
0.076
0.063
0.076
0.076
0.076
0.076
0.076
0.076
0.076
0.076
0.076
0.076
0.074
-2.033
0.076
0.076
0.063
0.076
0.076
0.073
0.076
0.076
0.076
0.076
0.076
0.076
0.076
0.075
0.076
0.076
0.073
0.076
0.076
0.076
0.076
0.076
0.071
0.076
0.076
0.074
0.076
0.076
0.074
0.076
0.076
0.076
0.076
0.076
0.074
0.074
0.076
0.076
0.076
0.076
0.073
0.076
0.076
0.073
0.076
0.076
0.073
0.076
0.076
0.076
0.076
0.076
0.076
0.076
0.076
0.062
0.076
0.076
0.066
0.076
0.076
0.062
0.063
0.076
0.075
0.063
0.076
0.076
0.073
0.076
0.073
0.063
0.076
0.074
0.076
0.074
0.061
0.076
0.076
0.072
0.076
0.076
0.061
0.076
0.076
0.076
0.076
0.076
0.076
0.076
0.076
0.076
0.076
0.076
0.074
0.076
0.076
0.073
0.076
0.076
0.076
0.076
0.076
0.076
0.076
0.076
0.074
0.076
0.076
0.074
0.076
0.076
0.074
0.076
0.076
0.076
0.076
0.076
0.076
0.076
0.076
0.073
0.076
0.076
0.075
0.076
0.076
0.076
0.076
0.076
0.073
0.076
0.076
0.076
0.076
0.076
0.076
0.076
0.075
0.075
0.076
0.076
0.076
0.076
0.076
0.076
0.076
0.076
0.076
0.076
0.076
0.074
0.076
0.076
0.076
0.076
0.076
0.076
0.060
0.076
0.076
0.076
0.075
0.076
0.076
0.076
0.076
0.076
0.076
0.076
0.076
0.076
0.076
0.076
0.076
0.076
0.076
0.076
0.076
0.076
0.076
0.076
0.076
0.076
0.062
0.076
0.076
0.075
0.076
0.076
0.075
0.076
0.076
0.076
0.076
0.076
0.076
0.076
0.076
0.076
0.076
0.076
0.076
0.076
0.076
0.076
0.073
0.076
0.075
0.076
0.076
0.074
0.075
0.076
0.076
0.076
0.076
0.076
0.076
0.076
0.076
0.076
0.076
0.073
0.076
0.076
0.076
0.062
0.076
0.076
0.076
0.076
0.076
0.076
0.076
0.073
0.076
0.076
0.076
0.076
0.076
0.073
0.076
0.076
0.076
0.076
0.076
0.076
0.076
0.076
-1.999
0.076
0.076
0.076
0.076
0.076
0.076
0.076
0.076
0.076
0.076
0.076
0.076
0.076
0.069
0.076
0.076
0.076
0.076
0.076
0.076
0.062
0.076
0.076
0.076
0.076
0.076
0.072
0.074
0.076
0.076
0.076
0.076
0.074
0.076
0.076
0.073
0.076
0.076
0.076
0.076
0.076
0.073
0.076
0.076
0.062
0.076
0.076
0.076
0.076
0.076
0.076
0.076
0.076
0.076
0.076
0.076
0.076
0.076
0.076
0.075
0.076
0.076
0.076
0.063
0.076
0.076
0.076
0.071
0.075
0.076
0.076
0.076
0.075
0.076
0.076
0.076
0.074
0.076
0.062
0.062
0.073
-1.517
0.062
0.072
0.000
0.000
0.000
0.000
0.000
0.000
0.000
0.000
0.000
0.000
0.000
0.000
0.000
0.000
0.000
