fixedStep chrom=ENSGT00390000017996 start=1 step=1
0.063
0.063
0.063
0.063
0.063
0.063
0.063
0.063
0.063
0.057
0.061
0.058
0.063
0.063
0.063
0.063
0.063
0.058
0.063
0.061
0.063
0.063
0.063
0.063
0.063
0.063
0.063
0.063
0.063
0.063
0.063
0.063
0.063
0.063
0.063
0.063
0.063
0.063
0.058
0.063
0.063
0.063
0.063
0.063
0.063
0.063
0.063
0.063
0.063
0.063
0.063
0.063
0.063
0.063
0.063
0.063
0.063
0.063
0.063
0.058
-1.538
0.063
0.063
0.063
0.062
0.063
0.063
0.062
0.063
0.063
0.063
0.063
-0.994
0.063
0.056
0.063
0.063
0.063
0.057
0.063
0.063
0.063
0.063
0.063
0.063
0.063
0.061
-0.990
0.058
-0.980
0.063
0.063
0.063
0.063
0.063
0.063
0.063
0.063
0.058
0.063
0.063
0.061
0.063
0.063
0.063
0.063
0.063
0.061
0.063
0.063
0.063
0.063
0.063
0.063
0.063
0.063
0.063
0.063
0.063
-0.990
0.061
-0.996
0.061
0.063
0.063
0.063
0.063
0.063
0.063
0.063
0.063
0.063
0.063
0.062
0.061
0.063
0.063
0.062
0.063
0.063
0.063
0.063
0.063
0.063
0.063
0.063
0.063
0.063
0.063
0.058
0.063
0.063
0.058
0.063
0.063
0.063
0.063
0.063
0.063
0.063
0.063
0.063
0.063
0.063
0.063
0.063
0.063
0.063
0.063
0.063
0.063
0.063
0.063
0.063
0.063
0.063
0.060
0.062
0.063
0.063
0.063
0.063
0.063
0.063
0.063
0.062
0.063
0.063
0.063
0.063
0.063
0.063
0.063
0.063
0.057
0.063
0.062
0.063
0.056
0.063
0.063
0.063
0.063
0.063
0.063
0.063
0.058
0.063
0.063
0.063
0.063
0.063
0.063
0.058
0.063
0.063
0.063
0.063
0.063
0.063
0.063
0.063
0.063
0.063
0.063
0.058
0.063
0.063
0.063
0.063
0.063
0.063
0.063
0.063
0.063
0.063
0.062
0.063
0.063
0.063
