fixedStep chrom=ENSGT00390000013052 start=1 step=1
0.061
0.061
0.061
0.061
0.061
0.061
0.061
0.061
0.061
0.061
0.061
0.061
0.061
0.061
0.061
0.061
0.061
0.061
0.061
0.061
0.059
0.061
0.061
0.061
0.061
0.061
0.058
0.061
0.061
0.061
0.061
0.061
0.061
0.061
0.061
0.059
0.061
0.061
0.061
0.055
0.061
0.055
0.061
0.059
0.061
-1.018
0.061
0.061
0.061
0.061
0.061
0.061
0.061
0.061
0.061
0.061
0.061
0.061
0.061
0.056
0.061
0.061
0.061
0.061
0.061
0.061
0.061
0.061
0.061
0.061
0.061
0.061
0.061
0.061
0.061
0.061
0.061
0.061
0.061
0.061
0.061
0.061
0.061
0.061
0.061
0.061
0.061
0.061
0.061
0.061
0.061
0.061
0.061
0.061
0.061
0.061
0.061
0.061
0.061
0.061
0.061
0.060
0.061
0.061
0.061
0.061
0.061
0.061
0.061
0.061
0.059
0.061
0.061
0.061
0.061
0.061
0.061
0.061
0.061
0.061
0.061
0.061
0.061
0.061
0.061
0.061
0.061
0.061
0.061
0.061
0.061
0.061
0.061
0.061
0.061
0.061
0.061
0.061
0.061
0.061
0.061
0.061
0.061
0.061
0.061
0.061
0.061
0.061
0.061
0.061
0.061
0.061
0.061
0.061
0.061
0.056
0.061
0.061
0.061
0.061
0.061
0.054
0.061
0.061
0.061
0.061
0.061
0.061
0.061
0.061
0.061
0.061
0.061
0.061
0.061
0.061
0.061
0.061
0.061
0.061
0.061
0.061
0.061
-2.409
0.061
0.061
0.061
0.061
0.061
0.061
0.061
0.061
0.061
0.061
0.061
0.061
0.061
0.061
0.056
0.061
0.061
0.061
0.061
0.061
0.061
0.061
0.061
0.061
0.061
0.061
0.061
0.061
0.061
0.061
0.061
0.061
0.061
0.061
0.059
0.061
0.061
0.056
0.061
0.061
0.061
0.061
0.061
0.061
0.061
0.061
0.061
0.061
0.059
0.061
0.061
0.061
0.061
0.061
0.061
0.061
0.061
0.061
0.061
0.061
0.061
0.061
0.061
0.061
0.061
0.061
0.061
0.061
0.061
0.061
0.061
0.060
0.061
0.059
0.061
0.061
0.060
0.061
0.061
0.061
0.061
0.061
0.059
0.061
0.061
0.061
0.061
0.061
0.061
0.061
0.061
0.061
0.061
0.061
0.061
0.061
0.061
0.061
-1.006
0.061
0.061
0.061
0.061
0.061
0.061
0.061
0.061
0.059
0.061
0.059
0.061
0.061
0.056
0.061
0.061
0.061
0.061
0.061
0.061
0.061
0.061
0.061
0.061
0.061
0.058
0.058
0.058
0.058
0.058
0.058
0.052
0.058
0.058
0.056
0.058
0.058
0.052
0.058
0.058
0.058
0.058
0.058
0.058
0.058
0.058
0.058
0.058
0.058
0.058
0.058
0.058
0.056
0.058
0.058
0.058
0.058
0.058
0.058
0.058
0.058
0.057
0.058
0.058
0.043
0.049
0.058
-2.511
0.058
0.058
0.058
0.058
0.058
0.046
0.058
0.058
0.056
0.058
0.056
0.058
0.049
0.056
0.049
0.058
0.049
0.056
0.058
0.058
0.058
0.056
0.049
-1.081
0.049
0.058
0.058
0.058
0.058
0.054
0.056
0.056
0.048
-2.509
0.058
0.049
0.056
0.049
0.052
0.049
0.058
-4.454
0.049
0.049
0.049
0.049
0.049
0.056
0.049
0.056
-3.206
0.058
0.054
0.049
-1.505
-1.501
-1.506
-1.506
-1.506
-1.487
0.061
0.061
0.056
0.061
0.061
0.061
0.061
0.061
0.061
0.061
0.061
0.061
0.061
0.061
0.061
0.061
0.061
0.061
0.061
0.061
0.056
0.061
0.061
0.061
0.061
0.061
0.061
0.061
0.061
0.061
0.061
0.061
0.061
0.061
0.061
0.061
0.061
0.061
0.061
0.061
0.061
0.061
0.061
0.061
0.061
0.061
0.061
0.061
0.061
0.061
0.056
0.061
0.061
0.061
0.061
0.061
0.061
0.061
0.061
0.056
0.061
0.061
0.061
0.061
0.061
0.061
0.061
0.061
0.061
0.061
0.061
0.061
-1.016
0.061
0.061
0.061
0.061
0.061
0.061
0.061
0.061
0.061
0.061
0.061
0.061
0.061
0.061
0.061
0.061
0.061
0.061
0.061
0.061
0.061
0.061
0.061
0.061
0.061
0.061
0.061
0.061
0.061
0.061
0.061
0.061
0.061
0.061
0.061
0.061
0.061
0.061
0.061
0.061
0.061
0.061
0.061
0.061
0.061
0.061
0.061
0.061
0.061
0.061
0.061
0.061
0.059
0.061
0.061
0.060
0.061
0.061
0.061
0.061
0.061
0.061
0.061
0.061
0.059
0.061
0.061
0.061
0.061
0.061
0.061
0.061
0.061
0.061
0.061
0.061
0.047
0.061
0.061
-1.016
-1.018
0.061
0.061
0.061
0.061
0.059
0.061
0.061
0.059
0.061
0.061
0.061
0.061
0.061
0.055
0.061
0.059
0.061
0.061
0.061
0.056
0.061
0.061
-1.006
0.061
0.061
0.056
0.061
0.061
0.056
0.061
0.061
0.061
0.061
0.059
0.061
0.061
0.061
0.060
0.061
0.061
0.061
0.061
0.061
0.058
0.058
0.058
0.056
0.058
0.058
0.047
0.058
0.058
0.052
0.058
0.058
0.058
0.058
0.058
0.058
0.058
0.058
0.058
-1.074
0.058
0.048
0.058
0.058
-1.075
0.058
0.058
0.058
0.058
0.058
0.052
0.058
0.058
0.058
0.058
0.058
0.058
0.058
0.058
0.050
0.058
0.058
0.058
0.058
0.058
0.058
0.058
0.058
0.050
0.058
0.058
0.058
0.058
0.058
0.058
0.058
0.058
0.058
0.058
0.058
0.058
0.058
0.058
0.058
0.058
0.058
0.058
0.058
0.058
0.058
0.058
0.058
0.058
0.058
0.058
0.058
0.058
0.058
0.058
0.058
0.058
0.058
0.058
0.058
0.058
0.058
0.058
0.057
0.058
0.058
0.058
0.058
0.058
0.058
0.058
0.058
0.058
0.058
0.058
0.058
0.058
0.058
0.058
0.058
0.058
0.058
0.058
0.058
0.058
0.058
0.058
0.052
0.058
0.058
0.056
0.058
0.058
0.052
0.058
0.058
0.052
0.058
0.058
0.058
0.058
0.058
0.056
0.058
0.058
0.058
0.058
0.058
0.058
0.058
0.058
0.058
0.058
0.058
0.058
0.058
0.058
0.058
0.058
0.058
0.058
0.058
0.058
-1.071
0.058
0.058
0.058
0.058
0.058
0.058
0.058
0.058
0.058
0.058
0.058
0.058
0.061
0.061
0.061
0.061
0.061
0.061
0.061
0.061
0.061
0.061
0.061
0.061
0.061
0.061
0.059
0.061
0.061
0.061
0.061
0.061
0.061
0.061
0.061
0.061
0.061
0.061
0.051
0.061
0.061
0.060
0.061
0.061
-1.790
0.061
0.061
0.059
0.061
0.061
0.061
0.061
0.061
0.061
0.061
0.061
0.061
0.061
0.061
0.056
0.061
0.061
0.054
0.061
0.061
0.059
0.061
0.061
0.060
0.061
0.061
0.059
0.053
0.053
0.056
0.061
0.061
0.061
0.061
0.061
0.061
0.061
0.061
0.061
0.061
0.061
0.061
0.061
0.061
0.061
0.061
0.061
0.061
0.061
0.061
0.061
0.061
0.061
0.061
0.061
0.061
0.061
0.061
0.061
0.061
0.061
0.061
0.061
0.061
0.061
0.061
0.061
0.061
0.061
0.061
0.061
0.055
0.061
0.061
0.056
0.061
0.061
0.061
0.061
0.061
0.061
0.061
0.056
0.061
0.061
0.061
0.056
0.061
0.061
0.059
0.061
0.061
0.061
0.061
0.061
0.061
0.061
0.061
0.060
0.061
0.061
0.061
0.061
0.061
0.061
0.061
0.061
0.061
0.061
0.061
0.061
0.061
0.061
0.061
0.061
0.061
0.061
0.061
0.061
0.061
0.061
0.061
0.061
0.061
0.061
0.059
0.061
0.061
0.059
0.061
0.061
0.061
0.061
0.061
0.061
0.061
0.061
0.053
0.061
0.061
0.061
0.061
0.061
0.061
0.061
0.061
0.059
0.061
0.061
0.061
0.061
0.061
0.061
0.061
0.061
0.061
0.061
0.061
0.061
0.061
0.061
0.061
0.061
0.061
0.056
0.061
0.061
0.061
0.061
0.061
0.056
0.061
0.061
0.061
0.061
0.061
0.056
0.061
0.061
0.061
0.061
0.061
0.059
0.061
0.061
0.061
0.061
0.061
0.061
0.061
0.061
0.058
0.061
0.061
0.059
0.061
0.061
0.061
0.061
0.061
0.059
0.061
0.061
0.061
0.061
0.061
0.059
0.061
0.061
0.059
0.061
0.061
0.061
0.061
0.061
0.061
0.061
0.061
0.061
0.061
0.061
0.059
0.061
0.061
0.061
0.061
0.061
0.061
0.061
0.061
0.061
0.061
0.061
0.061
-1.006
0.061
0.055
0.061
0.061
0.061
0.061
0.061
0.061
0.061
0.061
0.061
0.061
0.061
0.059
0.061
0.061
0.056
0.061
0.061
0.061
0.061
0.061
0.061
0.061
0.061
0.061
0.061
0.061
0.061
0.061
-1.018
0.056
0.061
0.061
0.057
0.061
0.061
0.061
0.061
0.061
0.061
0.061
0.061
0.061
0.061
0.061
0.061
0.061
0.061
0.060
0.061
0.061
0.061
0.061
0.061
0.061
0.061
0.061
0.060
0.061
0.061
0.061
0.061
0.061
0.061
0.061
0.061
0.061
0.059
0.060
0.061
0.061
0.061
-1.006
0.061
0.061
0.061
0.061
0.061
0.056
0.061
0.061
0.054
0.061
0.061
0.061
0.061
0.061
0.054
0.061
0.061
0.061
0.061
0.061
0.056
0.061
0.061
0.061
-1.018
0.061
0.061
0.061
0.061
0.061
0.061
0.061
0.061
0.061
0.061
0.061
0.061
0.061
0.061
0.061
0.061
0.061
0.061
0.061
0.061
0.061
0.061
0.061
0.061
0.061
0.059
0.061
0.061
0.059
0.061
0.061
0.059
0.061
0.061
0.056
0.061
0.061
0.056
0.056
0.061
0.061
0.061
0.061
0.061
0.061
0.061
0.059
0.061
0.061
0.061
0.061
0.061
0.060
0.061
0.061
0.061
0.061
0.061
0.056
0.061
0.061
0.061
0.061
0.061
0.060
0.061
0.061
0.055
0.055
0.061
0.061
0.061
0.061
0.061
0.061
0.061
0.061
0.061
0.061
0.061
0.061
0.061
0.061
0.061
0.061
0.061
0.061
0.061
0.061
0.061
0.061
0.061
0.061
0.061
0.059
0.061
0.061
0.056
0.061
0.061
0.061
0.061
0.061
0.061
0.061
0.061
0.061
0.061
0.061
0.061
0.061
0.061
0.059
0.061
0.061
0.061
0.056
0.061
0.061
0.061
0.061
0.061
0.061
0.061
0.061
0.061
0.061
0.060
0.061
0.059
0.061
0.059
0.061
0.061
0.061
0.061
0.061
0.061
0.061
0.059
0.061
0.061
0.061
0.061
0.061
0.061
0.061
0.061
0.061
0.061
0.061
0.061
0.061
0.061
0.060
0.061
0.061
0.059
0.061
0.061
0.056
0.061
0.061
0.061
0.061
0.061
0.061
-1.018
0.061
0.056
0.061
0.061
0.061
0.061
0.061
0.060
0.061
0.061
0.059
0.061
0.061
0.061
0.061
0.061
0.056
0.061
0.061
0.061
0.061
0.061
0.059
0.061
0.061
0.061
0.061
0.061
0.061
0.061
0.061
0.060
0.061
0.061
0.061
0.061
0.061
0.061
0.061
0.061
0.061
0.061
0.061
0.056
0.053
0.061
0.061
0.061
0.061
0.056
0.061
0.061
0.061
0.061
0.061
-1.017
0.061
0.060
0.059
0.061
0.061
0.059
0.061
0.061
0.056
0.061
0.061
0.059
0.061
0.061
0.056
0.061
0.061
0.056
0.061
0.061
0.058
0.056
0.061
0.061
0.061
0.061
0.061
0.061
0.061
0.061
0.061
0.061
0.059
-1.809
0.061
0.061
0.056
0.061
0.061
0.061
0.061
0.056
0.061
0.061
0.061
0.061
0.061
0.061
0.061
0.061
0.061
0.061
0.061
0.055
0.061
0.061
0.061
0.061
0.061
0.061
0.061
0.061
0.059
0.061
0.061
0.059
0.061
0.061
0.059
0.061
0.061
0.061
0.061
0.061
0.059
0.061
0.061
0.061
0.061
0.061
0.061
0.061
0.061
0.061
0.061
0.061
0.061
0.059
0.061
-1.018
0.061
0.061
0.061
0.061
0.061
0.055
0.061
0.061
0.059
0.061
0.061
0.059
0.056
0.061
0.061
0.061
0.061
0.061
0.061
0.061
0.055
0.061
0.061
0.059
0.061
0.061
0.061
0.061
0.056
0.059
-1.532
-1.531
-1.531
0.061
0.061
0.061
0.060
0.061
-1.809
0.056
0.061
0.056
0.059
0.061
0.061
0.061
0.061
0.061
0.061
0.061
0.061
0.061
0.061
0.056
0.061
0.061
-1.713
0.061
0.061
0.061
0.061
0.061
0.061
0.061
0.061
0.059
0.056
0.057
0.059
0.061
0.060
0.061
0.061
0.061
0.061
0.061
0.061
-1.689
-1.016
0.061
0.061
-1.018
0.061
-1.018
0.061
0.061
0.056
0.061
0.061
0.061
0.061
0.061
0.061
