fixedStep chrom=ENSGT00390000001737 start=1 step=1
0.000
0.000
0.000
0.000
0.000
0.000
0.000
0.000
0.000
0.000
0.000
0.000
0.000
0.000
0.000
0.000
0.000
0.000
0.000
0.000
0.000
0.000
0.000
0.000
0.000
0.000
0.000
0.000
0.000
0.000
0.000
0.000
0.000
0.000
0.000
0.000
0.000
0.000
0.000
0.000
0.000
0.000
0.000
0.000
0.000
0.000
0.000
0.000
0.000
0.000
0.000
0.000
0.000
0.000
0.000
0.000
0.000
0.000
0.000
0.000
0.000
0.000
0.000
0.000
0.000
0.000
0.000
0.000
0.000
0.000
0.000
0.000
0.000
0.000
0.000
0.000
0.000
0.000
0.000
0.000
0.000
0.000
0.000
0.000
0.000
0.000
0.000
0.000
0.000
0.000
0.000
0.000
0.000
0.000
0.000
0.000
0.000
0.000
0.000
0.000
0.000
0.000
0.000
0.000
0.000
0.000
0.000
0.000
0.000
0.000
0.000
0.000
0.000
0.000
0.000
0.000
0.000
0.000
0.000
0.000
0.000
0.000
0.000
0.000
0.000
0.000
0.000
0.000
0.000
0.000
0.000
0.000
0.000
0.000
0.000
0.000
0.000
0.000
0.000
0.000
0.000
0.000
0.000
0.000
0.000
0.000
0.000
0.000
0.000
0.000
0.000
0.000
0.000
0.000
0.000
0.000
0.000
0.000
0.000
0.000
0.000
0.000
0.000
0.000
0.000
0.000
0.000
0.000
0.000
0.000
0.000
0.000
0.000
0.000
0.000
0.000
0.000
0.000
0.000
0.000
0.093
0.093
0.093
0.093
0.093
0.088
0.093
0.093
0.093
0.092
0.092
0.093
0.093
0.093
0.093
0.093
0.093
0.093
0.080
0.093
0.093
0.091
0.091
0.093
0.093
0.093
0.083
0.093
0.093
0.093
0.093
0.087
0.083
0.093
0.093
0.091
0.090
0.093
0.093
0.093
0.093
0.091
0.093
0.090
0.093
0.091
0.083
0.072
-0.745
-0.764
-2.181
-0.745
-0.768
-0.769
-0.745
-0.745
-0.745
-0.745
-0.773
-0.745
0.093
0.092
0.091
0.083
0.085
0.091
0.091
0.078
0.091
0.093
0.093
0.093
0.089
0.091
0.093
0.093
0.092
0.093
0.091
0.083
0.093
0.083
0.093
0.087
0.093
0.091
0.086
0.093
0.093
0.093
0.083
0.093
0.093
0.093
0.091
0.091
0.091
0.090
0.093
0.093
0.090
0.093
0.093
0.089
0.093
0.093
0.092
0.093
0.093
0.093
0.093
0.092
0.090
0.093
0.093
0.093
0.093
0.093
0.093
0.090
-1.492
-1.490
-1.493
-1.492
-1.492
-1.477
-1.492
-2.209
-1.490
-1.490
-1.676
-1.477
-2.305
-2.343
-2.305
0.093
0.093
0.093
0.093
0.093
0.089
0.093
0.093
0.093
0.093
0.093
0.092
0.089
0.091
0.087
0.093
0.089
0.091
0.091
0.093
0.093
0.091
0.091
0.091
0.092
0.091
0.093
0.093
0.091
0.084
0.092
0.090
0.093
0.093
0.093
0.083
0.093
0.093
0.093
0.093
0.092
0.093
0.093
0.085
0.093
0.092
0.090
0.092
0.083
0.093
0.089
0.093
0.091
0.092
0.091
0.093
0.091
0.093
0.093
0.093
0.093
0.093
0.093
0.093
0.091
0.089
0.091
0.093
0.091
0.093
0.093
0.093
0.093
0.093
0.090
0.093
0.093
0.080
0.093
0.093
0.091
0.093
0.093
0.091
0.085
0.093
0.093
0.093
0.091
0.093
0.093
0.093
0.093
0.093
0.093
0.093
0.093
0.093
0.090
0.091
0.093
0.093
0.093
0.093
0.093
0.093
0.093
0.093
0.093
0.093
0.093
0.091
0.093
0.093
0.093
0.093
0.066
0.093
0.083
0.081
0.091
0.093
0.083
0.093
0.093
0.091
0.091
0.083
0.081
0.093
0.083
0.083
0.091
0.091
0.091
0.093
0.093
0.093
0.076
0.093
0.083
0.091
0.083
0.082
0.083
0.083
0.083
0.093
0.093
0.083
0.083
0.083
0.083
0.083
0.093
0.093
0.083
0.093
0.091
0.024
0.024
0.024
0.083
0.093
0.071
0.083
0.093
0.093
0.093
0.093
0.093
0.093
0.093
0.093
0.093
0.065
0.093
0.093
0.093
0.093
0.093
0.083
0.093
0.087
0.087
0.090
0.093
0.085
0.089
0.083
0.087
0.093
0.093
0.093
0.093
-1.186
-1.186
-1.187
0.093
0.093
0.091
0.093
0.093
0.093
0.093
0.093
0.090
0.093
0.093
0.093
0.091
0.093
0.092
0.093
0.090
0.087
0.093
0.085
0.090
0.093
0.093
0.093
0.093
0.093
0.091
0.093
0.093
0.092
0.093
0.093
0.089
0.093
0.093
0.093
0.093
0.093
0.093
0.093
0.093
0.089
0.093
0.093
0.093
0.093
0.093
0.093
0.093
0.093
0.083
0.093
0.093
0.093
0.093
0.093
0.093
0.092
0.093
0.093
0.074
0.092
0.093
0.093
0.093
0.093
0.091
0.093
0.092
0.089
0.093
0.093
0.093
0.091
0.093
0.093
0.093
0.088
0.093
0.093
0.093
0.093
0.091
0.093
0.093
0.093
0.093
0.093
0.093
0.093
0.093
0.093
0.091
0.093
0.093
0.091
0.091
0.093
0.093
0.091
0.093
0.093
0.093
0.093
0.093
0.093
0.093
0.083
0.093
0.093
0.093
0.093
0.093
0.093
0.088
0.088
0.085
0.088
0.088
0.088
0.086
0.088
0.088
0.088
0.088
0.085
0.088
0.088
0.088
0.085
0.088
0.084
0.085
0.088
0.088
0.085
0.088
0.088
0.088
0.088
0.087
0.088
0.088
0.088
0.087
0.088
0.088
0.088
0.088
0.083
0.088
0.088
0.087
0.088
0.088
0.088
0.088
0.088
0.085
0.088
0.088
0.088
0.088
0.088
0.088
0.088
0.088
0.088
0.088
0.088
0.088
0.088
0.088
0.088
0.088
0.088
0.088
0.088
0.088
0.088
0.088
0.088
0.088
0.088
0.088
0.073
0.088
0.088
0.088
0.088
0.088
0.088
0.088
0.088
0.088
0.088
0.088
0.088
0.088
0.088
0.088
0.088
0.079
0.085
0.088
0.088
0.088
0.088
0.088
0.088
0.086
0.085
0.085
0.088
0.088
0.085
0.086
0.085
0.084
0.088
0.087
0.085
0.088
0.088
0.078
0.085
0.088
0.085
0.088
0.088
0.088
0.088
0.088
0.088
0.087
0.088
0.088
0.088
0.088
0.085
0.088
0.088
0.086
0.088
0.088
0.077
0.087
0.088
0.088
0.088
0.088
0.086
0.088
0.088
0.088
0.088
0.088
0.088
0.088
0.087
0.088
0.088
0.088
0.088
0.088
0.088
0.088
0.088
0.088
0.085
-1.523
-1.525
-1.523
-1.523
-1.525
-1.521
-1.509
-2.268
-1.798
-2.195
-1.509
-2.289
-1.521
-1.523
-1.523
0.088
0.088
0.088
0.088
0.088
0.088
0.088
0.088
0.078
0.088
0.088
0.088
0.088
0.088
0.088
0.087
0.088
0.088
0.087
0.088
0.088
0.088
0.088
0.070
0.084
0.070
0.069
0.070
0.070
0.070
0.084
0.084
0.084
0.086
0.084
0.088
0.070
0.070
0.070
0.084
0.070
0.070
0.084
0.088
0.088
0.070
0.070
0.070
0.088
0.088
0.085
0.077
0.068
0.070
0.087
0.069
0.070
0.070
0.084
0.082
0.087
0.070
0.067
0.084
0.088
0.084
0.084
0.088
0.082
-1.749
-1.749
-1.746
0.088
0.088
-3.202
0.066
-1.806
-1.800
0.078
0.078
0.075
0.078
0.078
0.078
0.078
0.078
0.075
0.078
0.087
0.088
0.088
0.070
0.078
0.070
0.084
0.070
-1.089
-1.089
-1.089
0.086
0.085
0.076
-1.806
0.068
0.086
0.084
0.084
0.088
0.084
0.085
0.079
0.088
0.085
0.088
0.088
0.088
0.081
0.088
0.078
0.088
0.087
0.087
0.088
0.073
0.088
0.085
0.075
0.075
0.082
0.084
0.076
0.087
0.072
0.070
0.075
-1.460
-1.460
-1.459
-1.608
-1.718
-1.721
-2.789
-2.708
-2.208
-2.600
-2.572
-3.170
-1.638
-1.638
-1.670
-2.552
-3.254
-3.813
-3.024
-2.542
-3.026
-4.423
-4.425
-4.425
