fixedStep chrom=ENSGT00390000017898 start=1 step=1
0.056
0.057
0.056
0.056
0.056
0.054
0.056
0.056
0.056
0.057
0.057
0.057
0.056
0.057
0.052
0.056
0.057
0.056
0.056
0.056
0.054
0.056
0.056
0.056
0.056
0.056
0.056
0.056
0.056
0.057
0.056
0.056
0.057
0.047
0.056
0.056
0.056
0.056
0.056
0.056
0.056
0.057
0.057
0.056
0.057
0.056
0.056
0.056
0.056
0.056
0.057
0.056
0.056
0.047
0.054
0.057
0.056
0.057
0.056
0.057
0.056
0.057
0.056
0.056
0.056
-2.471
0.056
0.056
0.056
0.056
0.057
0.056
0.056
0.056
0.054
0.056
0.056
0.056
0.056
0.057
0.056
0.047
0.056
0.057
0.056
0.056
0.056
0.057
0.057
0.047
0.056
0.056
0.056
0.056
0.056
0.054
0.056
0.056
0.056
0.056
0.057
0.047
0.056
0.056
0.054
0.056
0.056
0.054
0.056
0.056
0.057
0.056
0.056
0.054
0.056
0.056
0.056
0.056
0.056
0.056
0.056
0.057
0.056
0.057
0.057
0.056
0.057
0.056
0.056
0.056
0.056
0.045
0.057
0.056
0.057
0.057
0.056
0.056
0.056
0.056
0.057
0.056
0.057
0.056
0.056
0.057
0.057
0.056
0.057
0.056
0.056
0.056
0.057
0.056
0.056
0.057
0.056
0.057
0.044
0.056
0.056
0.056
0.056
0.056
0.056
0.057
0.056
0.057
0.056
0.056
0.056
0.056
0.057
0.057
0.056
0.056
0.057
0.056
0.056
0.056
0.056
0.056
0.056
0.056
0.057
0.056
0.056
0.056
0.056
0.057
0.056
0.056
0.056
0.056
0.056
0.056
0.056
0.057
0.056
0.056
0.053
0.056
0.056
0.056
0.056
0.056
0.056
0.056
0.056
0.056
0.056
0.056
0.056
0.056
0.056
0.056
0.056
0.056
0.056
0.057
0.057
0.057
0.056
0.056
0.056
0.056
0.056
0.056
0.056
0.056
0.056
0.056
0.056
0.055
0.056
0.057
0.056
0.056
0.056
0.056
0.056
0.056
0.056
0.056
0.056
0.056
0.056
0.056
0.056
0.056
0.056
0.056
0.056
0.056
0.056
0.056
0.057
0.048
0.054
0.056
0.057
0.056
0.056
0.055
0.057
0.056
0.054
0.056
0.057
0.057
0.056
0.056
0.055
0.057
0.056
0.056
0.056
0.056
0.056
0.056
0.056
0.057
0.056
0.056
0.057
0.056
0.056
0.054
0.056
0.056
0.053
0.056
0.056
0.054
0.056
0.056
0.056
0.056
0.056
0.056
0.056
0.057
0.056
0.056
0.056
0.057
0.056
0.057
0.057
0.056
0.057
0.056
0.056
0.056
0.056
0.056
0.056
0.056
0.057
0.057
0.054
0.056
0.057
0.056
0.056
0.056
0.056
0.056
0.057
0.056
0.057
0.056
0.054
0.056
0.057
0.056
0.056
0.056
0.056
0.056
0.056
0.056
0.056
0.056
0.056
0.056
0.057
0.056
0.056
0.056
0.054
0.056
0.057
0.057
0.056
0.056
0.056
0.056
0.056
0.056
0.056
0.056
0.051
0.056
0.056
0.057
0.056
0.056
0.056
0.056
0.056
0.055
0.056
0.056
0.056
0.056
0.057
0.056
0.056
0.056
0.057
0.056
0.056
0.057
0.057
0.057
0.056
0.056
0.057
0.056
0.057
0.056
0.057
0.056
0.056
0.056
0.056
0.056
0.057
0.056
0.057
0.056
0.056
0.056
0.056
0.056
0.056
0.057
0.056
0.056
0.056
0.056
0.056
0.056
0.057
0.056
0.056
0.056
0.057
0.056
0.056
0.056
0.054
0.056
0.056
0.054
0.057
0.056
-1.129
0.056
0.056
0.056
0.056
0.056
0.056
0.056
0.057
0.054
0.056
0.056
0.056
0.056
0.056
0.056
-0.449
-0.449
-0.449
-0.449
-0.449
-0.449
-1.132
-1.132
-2.474
0.050
-1.129
-1.967
-1.138
0.057
-2.522
-1.132
-1.138
0.057
0.050
-1.129
-1.116
0.050
0.056
0.051
-1.120
-1.129
-1.116
0.050
0.050
0.050
0.056
-1.129
0.050
0.050
0.056
-1.975
-1.129
-1.129
0.050
0.050
-1.129
0.056
-1.138
0.050
0.050
0.056
-1.120
0.056
0.056
0.056
-1.132
-1.120
0.050
-1.129
-1.132
-1.129
-1.129
0.056
0.056
0.050
-1.081
-1.082
-1.081
