fixedStep chrom=ENSGT00510000049372 start=1 step=1
0.080
0.080
0.080
0.080
0.080
0.080
0.080
0.080
0.080
0.080
0.075
0.074
-1.506
0.080
0.080
0.080
0.080
0.080
0.074
0.080
0.080
0.080
0.080
0.074
0.080
0.080
0.080
0.080
0.080
0.080
0.075
0.080
0.056
0.080
0.080
0.080
0.080
0.074
0.080
0.080
0.080
0.080
0.080
0.075
0.080
0.080
0.080
0.080
0.080
0.080
0.056
0.056
0.075
0.075
0.080
0.080
0.080
0.075
0.075
0.080
0.079
0.079
0.080
0.080
0.080
0.080
0.080
0.080
0.068
0.080
0.075
0.080
0.080
0.080
0.080
0.080
0.080
0.080
0.056
0.074
0.076
0.080
0.080
0.080
0.080
0.080
0.075
0.080
0.080
0.080
0.075
0.074
0.077
0.080
0.080
-2.127
0.080
0.080
0.073
0.076
0.080
-0.800
0.069
0.080
0.076
0.080
0.080
0.075
0.080
0.080
0.077
0.075
0.080
0.056
0.080
0.080
0.080
0.080
0.080
0.080
0.080
0.080
0.072
0.080
0.080
0.079
0.080
0.080
0.080
0.080
0.080
0.079
0.080
0.080
0.080
0.080
0.080
0.080
0.080
0.080
0.080
-0.800
0.080
0.074
-0.803
0.080
0.076
0.080
-0.881
0.080
0.080
0.080
0.077
0.080
0.080
-0.806
0.074
0.080
0.080
0.080
0.080
0.080
0.080
0.080
0.080
0.074
-1.505
-0.779
0.080
0.080
0.080
0.080
0.080
0.080
0.080
0.080
0.080
0.080
0.080
0.080
0.077
-2.551
0.080
0.080
0.080
0.065
0.065
0.062
0.051
-1.480
0.059
0.065
0.066
0.066
0.065
0.065
0.065
0.065
0.065
0.066
0.065
0.065
0.065
0.065
0.065
0.065
0.066
0.065
0.065
0.065
0.065
0.060
0.062
0.065
0.065
0.062
-0.996
0.066
0.066
0.066
0.065
-1.842
0.065
0.065
0.065
0.065
0.065
0.065
0.065
0.065
0.059
-1.010
0.065
0.065
0.065
0.050
0.059
0.065
0.059
0.065
0.064
0.065
0.065
0.065
-1.793
0.066
0.062
0.065
0.062
-1.006
0.059
0.065
0.065
0.066
0.065
0.065
0.065
0.066
0.065
0.065
0.065
0.066
0.065
0.065
0.065
0.065
0.059
0.065
0.065
0.059
0.065
0.065
0.065
0.065
0.062
0.065
0.065
0.066
0.066
0.059
0.059
0.065
0.065
0.065
0.066
0.062
0.065
0.065
0.065
0.065
0.065
0.065
0.064
-1.011
0.065
0.065
0.064
0.065
0.065
0.066
0.065
0.065
0.065
0.065
0.060
0.065
0.065
0.066
0.066
0.066
0.065
0.065
0.060
0.065
0.065
0.066
0.065
0.065
0.065
0.065
0.065
-0.127
-0.127
-0.127
-1.008
0.059
0.059
0.056
0.080
0.056
0.080
0.080
0.077
0.080
-0.779
0.080
0.080
0.080
0.080
-0.779
0.080
0.080
0.080
0.080
0.080
0.080
0.077
0.080
0.080
0.080
0.080
0.080
0.080
0.074
0.080
0.074
0.075
0.080
0.080
0.080
0.075
0.080
0.077
0.080
0.080
0.076
0.080
0.080
0.080
0.080
0.080
0.074
0.080
0.068
0.056
0.080
0.080
0.080
0.080
0.074
0.079
0.080
-0.803
0.080
0.080
0.080
0.080
0.080
0.080
0.076
0.080
0.080
0.074
0.075
0.080
0.080
0.080
0.080
0.080
0.080
0.080
0.080
0.080
0.080
0.080
0.080
0.074
0.075
