fixedStep chrom=ENSGT00390000003759 start=1 step=1
-1.064
-1.061
-1.064
-1.161
-1.061
-1.064
-1.064
-1.064
-1.064
-1.698
-1.064
-1.061
-1.064
-1.064
-1.064
0.080
0.080
0.079
0.080
0.080
0.074
0.080
0.080
0.080
0.080
0.080
0.080
0.080
0.080
0.076
0.080
0.080
0.080
0.080
0.080
0.080
0.080
0.080
0.080
0.080
0.080
0.076
0.080
0.080
0.055
0.073
0.080
0.071
0.080
-1.621
0.080
0.080
0.080
0.080
0.080
0.080
0.080
0.080
0.080
0.080
0.080
0.080
0.078
0.080
0.080
0.080
0.080
0.080
0.074
0.080
0.080
0.076
0.080
0.080
0.076
0.080
0.080
0.080
0.080
0.078
0.080
0.080
0.080
0.080
0.080
0.080
0.080
0.080
0.080
0.064
0.080
0.080
0.055
0.080
0.080
0.080
0.074
0.080
0.074
0.080
0.080
0.080
0.080
0.079
0.055
0.066
0.080
0.059
0.080
0.080
0.055
-0.949
-0.949
-0.947
-0.949
-0.949
-0.947
-1.130
-0.949
-0.947
0.080
0.055
0.080
0.080
0.080
0.080
0.065
0.073
0.078
0.077
0.080
0.074
0.080
0.080
0.080
0.080
0.080
0.080
0.080
0.080
0.081
0.085
0.085
0.085
0.085
0.083
0.081
-0.438
-0.438
-0.438
-0.436
-0.438
-0.438
0.085
0.062
0.085
0.076
0.085
0.085
0.082
0.085
0.081
0.085
0.085
0.085
0.085
0.084
0.085
0.085
0.085
-2.114
0.083
0.085
0.070
0.085
0.082
0.082
0.085
0.085
0.085
0.078
0.077
0.085
0.083
0.085
0.085
0.085
0.085
0.083
0.085
0.082
0.077
0.085
0.085
0.085
0.085
0.085
0.081
0.085
0.081
0.082
0.085
0.085
0.085
0.070
0.085
0.070
0.068
0.084
0.081
0.085
0.085
0.085
0.076
0.082
0.078
0.085
0.070
0.085
0.085
0.083
0.085
0.072
0.068
0.078
0.085
0.085
0.085
0.085
0.085
0.085
0.082
0.085
0.085
0.085
0.085
0.085
0.085
0.085
0.085
0.085
0.085
0.081
0.085
0.085
0.085
0.085
0.085
0.085
0.085
0.085
0.068
0.085
0.085
0.085
0.085
0.085
0.072
0.082
0.085
0.081
0.085
0.085
0.081
0.085
0.085
0.067
0.085
0.070
0.083
0.080
0.085
0.082
0.085
0.085
0.085
0.079
0.085
0.082
0.085
0.085
0.085
0.085
0.085
0.085
0.085
0.085
0.085
0.082
0.082
0.085
0.085
0.085
0.085
0.085
0.085
0.085
-2.042
0.085
0.083
0.085
0.083
0.082
0.085
0.085
0.085
0.085
0.085
0.072
0.085
0.085
0.081
0.082
0.082
0.072
0.085
0.079
0.082
0.085
0.085
0.085
0.085
0.085
0.074
0.083
0.085
0.061
0.085
0.082
0.075
0.085
0.085
0.081
0.085
0.085
0.085
0.082
0.085
0.085
0.085
0.085
0.078
0.085
0.085
0.085
0.085
0.085
0.083
0.085
0.085
0.082
0.072
0.085
0.081
0.085
0.085
0.085
0.067
0.082
0.085
0.085
0.085
0.085
0.085
0.085
0.082
0.085
0.085
0.082
0.085
0.085
0.078
0.085
0.085
0.076
0.081
0.085
0.085
0.085
0.085
0.085
0.085
0.085
0.064
0.085
0.085
0.085
0.085
0.085
0.062
0.085
0.085
0.072
0.085
0.085
0.085
0.085
0.085
0.085
0.085
0.085
0.085
0.085
0.085
0.074
0.085
0.085
0.082
0.076
0.083
0.065
0.085
0.085
0.083
0.085
0.082
0.079
0.085
0.085
0.084
0.085
0.085
0.085
0.085
0.085
0.085
0.085
0.085
0.085
0.085
0.085
0.085
0.085
0.085
0.085
0.085
0.085
0.084
0.085
0.085
0.085
0.085
0.085
0.081
0.085
0.085
0.082
0.085
0.085
0.078
0.085
0.085
0.085
0.085
0.079
0.084
0.085
0.085
0.085
0.085
0.085
0.082
0.085
0.085
0.085
0.085
0.085
0.085
0.085
0.085
0.085
0.085
0.085
0.085
0.085
0.085
0.085
0.085
0.085
0.085
0.085
0.085
0.085
0.085
0.085
0.085
0.085
0.081
0.084
0.085
0.085
0.078
0.085
0.085
0.085
0.085
0.085
0.079
0.085
0.085
0.081
0.085
0.085
0.085
0.085
0.085
0.085
0.085
0.085
0.083
0.085
0.085
0.085
0.085
0.085
0.083
0.085
0.085
0.085
0.085
0.085
0.085
0.085
0.085
0.085
0.085
0.085
0.082
0.085
0.085
0.085
-1.940
0.085
0.082
0.085
0.085
0.085
0.085
0.085
0.070
0.085
0.085
0.083
0.085
0.085
0.081
0.085
0.085
0.069
0.085
0.085
0.084
0.085
0.081
0.068
0.085
0.085
0.083
0.085
0.085
0.085
0.085
0.085
0.085
0.082
0.081
0.066
0.085
0.082
0.085
0.085
0.085
0.079
0.085
0.083
0.080
0.085
0.085
0.067
0.085
0.085
0.085
0.085
0.085
0.085
0.085
0.085
0.085
0.085
0.085
0.085
0.083
0.083
0.085
0.085
0.085
0.085
0.085
0.085
0.085
0.085
0.085
0.085
0.080
0.081
0.085
0.081
0.085
0.083
0.085
0.085
0.066
0.074
0.085
0.085
0.085
0.085
0.085
0.085
0.085
0.085
0.085
0.085
0.085
-1.915
0.083
0.085
0.085
0.085
0.085
0.085
0.085
0.085
0.085
0.085
0.081
0.077
0.085
0.081
0.085
0.085
0.081
0.082
0.085
0.085
0.085
0.085
0.085
0.085
0.085
0.085
0.085
0.076
0.085
0.085
0.085
0.084
0.085
0.085
0.070
0.085
0.085
0.082
0.085
0.085
0.085
0.085
0.085
0.082
0.085
0.081
0.082
0.085
0.085
0.081
0.085
0.085
0.085
0.085
0.077
0.085
0.085
0.085
0.085
0.074
0.085
0.085
0.085
0.085
0.085
0.085
0.085
0.082
0.085
0.085
0.085
0.085
0.085
0.081
0.085
0.085
0.085
0.085
0.085
0.084
0.085
0.085
0.085
0.085
0.085
0.075
0.085
0.085
0.072
0.085
0.085
0.082
0.081
0.085
0.085
0.085
0.085
0.075
0.085
0.085
0.085
0.083
0.082
0.085
0.085
0.085
0.085
0.085
0.085
0.085
0.085
0.085
0.070
0.085
0.085
0.085
0.085
0.085
0.085
0.085
0.085
0.081
0.085
0.085
0.085
0.072
0.085
0.085
0.085
0.085
0.080
0.085
0.085
0.078
0.085
0.085
0.085
0.085
0.081
0.078
0.085
0.085
0.082
0.083
0.085
0.085
0.085
0.085
0.073
0.085
0.085
0.068
0.085
0.085
0.077
0.085
0.085
0.081
0.085
0.085
0.077
0.081
0.085
0.085
0.085
0.085
0.065
0.070
0.085
0.085
0.085
0.085
0.085
0.083
0.085
0.064
0.085
0.085
0.082
0.085
0.085
0.085
0.074
0.063
0.082
0.085
0.084
0.082
0.080
0.082
0.085
0.085
0.083
0.085
0.085
0.085
0.082
0.085
0.085
0.079
0.085
0.085
0.085
0.085
0.085
0.081
0.085
0.085
0.085
0.085
0.085
0.067
0.085
0.085
0.085
0.076
0.085
0.080
0.085
0.085
0.085
0.085
0.085
0.081
0.085
0.085
0.085
0.078
0.085
0.080
0.085
0.085
0.085
0.085
0.085
0.085
0.085
0.085
0.062
0.085
0.082
0.085
0.085
0.085
0.085
0.085
0.085
0.070
0.078
0.082
0.068
0.084
0.060
0.068
0.085
0.085
0.077
0.085
0.085
0.082
0.085
0.085
0.085
0.085
0.085
0.085
0.085
0.085
0.085
0.085
0.085
0.062
0.082
0.085
0.079
0.085
0.085
0.065
0.085
0.085
0.077
0.085
0.085
0.065
0.085
0.082
0.083
0.081
0.067
0.084
0.066
0.081
-1.377
0.082
0.063
0.063
0.070
0.063
0.072
-1.471
-2.347
-2.488
0.000
0.000
0.000
0.000
0.000
0.000
0.000
0.000
0.000
-1.247
-1.241
-1.247
-0.041
-0.041
-0.041
0.085
0.085
0.066
0.063
0.063
0.064
0.076
0.082
0.068
0.084
0.085
0.085
0.085
0.085
0.068
0.082
0.085
0.082
0.084
0.085
0.081
0.085
0.070
0.082
0.068
0.081
0.079
0.085
0.082
0.078
0.085
0.085
0.068
0.082
0.085
0.085
0.085
0.085
0.085
0.085
0.085
0.085
0.085
0.085
0.085
0.085
0.085
0.085
-1.404
0.085
0.085
0.085
0.085
0.085
0.085
0.085
0.085
0.085
0.085
0.080
0.084
0.085
0.071
0.085
0.085
0.085
0.085
0.085
0.067
0.085
0.085
0.063
0.085
0.085
0.067
0.084
0.085
0.080
0.085
0.085
0.085
0.082
0.085
0.085
0.085
0.085
0.085
0.085
0.085
0.085
0.072
0.081
0.085
0.085
0.085
0.085
0.085
0.085
0.085
0.085
0.085
0.062
0.064
0.085
0.085
-1.386
-1.446
-1.435
0.085
0.085
0.085
0.085
0.085
0.081
0.083
0.085
0.082
0.085
0.085
0.085
0.085
0.085
0.085
0.085
0.085
0.085
0.085
0.085
0.085
0.085
0.085
0.085
0.085
0.085
0.078
0.075
0.081
0.082
0.085
0.085
0.081
0.085
0.085
0.085
0.085
0.085
0.085
0.085
0.085
0.084
0.085
0.085
0.079
0.085
0.085
0.085
-1.064
-1.064
-1.227
-2.304
-1.589
-1.632
