fixedStep chrom=ENSGT00730000111369 start=1 step=1
0.080
0.080
0.080
0.080
0.080
0.080
-1.497
0.080
0.075
0.056
0.075
0.080
0.080
0.080
0.056
0.080
0.080
0.079
0.080
0.080
-0.800
0.080
0.080
0.079
0.080
0.080
0.074
0.080
-1.756
-1.575
0.079
0.073
0.056
0.080
0.080
0.080
0.080
0.080
0.080
0.080
0.080
0.080
-0.804
0.056
0.080
0.080
0.056
0.074
0.080
0.080
0.076
0.074
0.074
0.080
0.080
0.080
0.080
0.080
0.080
0.080
-0.804
0.080
0.080
0.080
0.073
0.080
0.080
0.076
0.080
0.080
0.080
-0.800
0.069
0.080
0.074
0.080
0.080
0.080
0.080
0.080
0.080
0.080
0.080
0.080
0.080
0.079
0.080
0.080
0.080
0.075
0.075
0.075
0.074
0.080
0.080
0.073
0.073
0.080
0.080
0.080
0.080
0.074
0.080
0.080
-1.397
0.075
0.080
0.080
0.080
0.080
0.080
0.080
0.080
0.080
0.080
0.080
0.056
0.080
0.080
0.075
0.080
0.080
0.080
0.080
0.080
0.080
0.074
0.074
0.073
0.080
0.080
0.080
0.080
0.080
0.079
0.080
0.080
0.079
0.080
0.080
0.080
0.080
0.080
0.080
0.080
0.080
0.074
0.079
0.075
0.076
0.080
0.080
0.056
0.080
0.080
0.074
0.080
0.080
0.080
0.080
0.080
0.080
0.080
0.080
0.080
0.080
0.080
0.080
0.080
0.076
0.067
0.080
0.080
0.080
0.080
0.069
0.080
0.080
0.080
0.080
0.080
0.080
0.080
0.080
0.080
0.080
0.075
0.056
0.080
-0.798
0.080
0.078
0.080
0.080
0.080
0.080
0.080
0.080
0.080
0.080
0.080
0.080
0.080
0.080
0.080
0.080
0.080
0.080
0.080
0.073
0.073
0.080
0.080
0.080
0.080
0.080
0.080
0.080
0.076
0.078
0.080
0.080
0.080
0.080
-1.741
0.080
0.080
0.074
0.080
0.080
0.080
0.074
0.073
0.074
0.080
0.080
0.080
-0.798
0.080
0.080
0.080
0.080
0.074
0.080
0.080
0.064
0.074
0.056
0.080
0.080
0.080
0.080
0.080
0.080
-0.798
0.080
0.080
0.080
0.080
0.078
0.073
0.080
0.080
0.080
0.080
0.080
0.056
0.080
0.080
0.078
0.080
0.080
0.080
0.080
0.075
0.075
0.080
0.080
0.056
0.080
0.080
0.075
0.074
0.080
0.074
0.080
0.080
0.074
0.080
0.080
0.080
0.069
0.080
0.080
0.080
0.080
0.074
-2.046
0.074
0.076
0.075
0.080
0.080
0.080
0.080
0.080
0.080
0.080
0.063
0.080
0.080
0.080
0.080
0.080
0.079
0.080
0.080
0.080
0.080
0.080
0.079
0.080
0.080
0.079
0.080
0.080
0.080
0.080
0.069
0.080
0.080
0.056
0.074
0.080
0.080
0.080
0.080
0.080
0.075
0.080
0.080
0.078
0.080
0.080
0.074
0.080
0.080
0.080
0.080
0.080
0.080
-0.858
0.080
0.073
0.080
0.080
0.074
-0.800
0.074
0.080
0.074
-1.513
-1.513
0.074
0.076
-0.798
-0.950
-0.950
0.000
0.000
0.000
0.000
0.000
0.000
0.000
0.000
0.000
0.000
0.000
0.000
0.000
0.000
0.000
0.000
0.000
0.000
0.000
0.000
0.000
0.000
0.000
0.000
0.000
0.000
0.000
0.000
0.000
0.000
0.000
0.000
0.000
0.000
0.000
0.000
0.000
0.000
0.000
0.000
0.000
0.000
0.000
0.000
0.000
0.000
0.000
0.000
0.000
0.000
0.000
0.000
0.000
0.000
0.000
0.000
0.000
0.000
0.000
0.000
0.000
0.000
0.000
0.000
0.000
0.000
0.000
0.000
0.000
0.000
0.000
0.000
0.000
0.000
0.000
0.000
0.000
0.000
0.000
0.000
0.000
0.000
0.000
0.000
0.000
0.000
0.000
0.000
0.000
0.000
0.000
0.000
0.000
0.000
0.000
0.000
0.000
0.000
0.000
0.000
0.000
0.000
0.000
0.000
0.000
0.000
0.000
0.000
0.000
0.000
0.000
0.000
0.000
0.000
0.000
0.000
0.000
0.000
0.000
0.000
0.000
0.000
0.000
0.000
0.000
0.000
0.000
0.000
0.000
0.000
0.000
0.000
0.000
0.000
0.000
0.000
0.000
0.000
0.000
0.000
0.000
0.000
0.000
0.000
0.000
0.000
0.000
0.000
0.000
0.000
0.000
0.000
0.000
0.000
0.000
0.000
0.000
0.000
0.000
0.000
0.000
0.000
0.000
0.000
0.000
0.000
0.000
0.000
0.000
0.000
0.000
0.000
0.000
0.000
0.000
0.000
0.000
0.000
0.000
0.000
0.000
0.000
0.000
0.000
0.000
0.000
0.000
0.000
0.000
0.000
0.000
0.000
0.000
0.000
0.000
0.000
0.000
0.000
0.000
0.000
0.000
0.000
0.000
0.000
0.000
0.000
0.000
0.000
0.000
0.000
0.000
0.000
0.000
0.000
0.000
0.000
0.000
0.000
0.000
0.000
0.000
0.000
0.000
0.000
0.000
0.000
0.000
0.000
0.000
0.000
0.000
0.000
0.000
0.000
0.000
0.000
0.000
0.000
0.000
0.000
0.000
0.000
0.000
0.000
0.000
0.000
0.000
0.000
0.000
0.000
0.000
0.000
0.000
0.000
0.000
0.000
0.000
0.000
0.000
0.000
0.000
0.000
0.000
0.000
0.000
0.000
0.000
0.000
0.000
0.000
0.000
0.000
0.000
0.000
0.000
0.000
0.000
0.000
0.000
0.000
0.000
0.000
0.000
0.000
0.000
0.000
0.000
0.000
0.000
0.000
0.000
0.000
0.000
0.000
0.000
0.000
0.000
0.000
0.000
0.000
0.000
0.000
0.000
0.000
0.000
0.000
0.000
