fixedStep chrom=ENSGT00390000013440 start=1 step=1
0.051
0.051
0.051
0.051
0.051
0.047
0.051
0.051
-1.217
0.051
0.051
0.051
0.051
0.051
0.051
0.051
0.051
0.051
0.051
0.051
0.048
0.051
0.051
0.046
0.051
0.051
0.051
0.051
0.051
-1.210
0.051
0.051
0.051
0.051
0.051
0.051
0.051
0.051
0.048
0.051
0.051
0.051
0.051
0.051
0.051
0.048
0.051
0.048
0.051
0.051
0.051
0.051
0.051
0.051
0.051
0.051
0.047
0.051
0.051
0.051
0.051
0.051
0.051
0.051
0.051
0.051
0.051
0.051
0.051
0.051
0.051
0.051
0.051
0.051
0.051
0.051
0.051
-1.207
0.051
0.051
0.047
0.051
0.051
0.051
0.051
0.051
0.051
0.051
0.051
0.051
0.051
0.051
0.051
0.051
0.051
0.051
0.051
0.051
0.051
-2.894
0.051
0.046
0.051
0.047
0.051
0.051
0.051
0.051
0.051
0.051
0.051
0.051
0.051
0.051
0.047
0.051
0.051
0.051
0.051
0.051
0.051
0.047
0.051
0.051
0.051
0.051
0.051
0.051
0.051
0.051
0.051
0.051
0.048
0.051
0.051
0.051
0.051
0.051
0.051
0.051
0.051
0.051
0.051
0.051
0.051
0.051
0.051
0.051
0.051
0.051
0.051
0.051
0.051
0.051
0.051
0.051
0.047
0.051
0.051
0.051
0.051
0.051
0.051
0.051
0.051
0.051
0.051
0.051
0.051
0.051
0.047
0.051
0.051
0.051
0.051
0.051
0.046
0.051
0.051
0.051
0.051
0.051
0.046
0.051
0.051
0.051
0.051
0.051
0.051
0.051
0.051
0.051
0.051
0.051
0.051
0.051
0.051
0.046
0.051
0.051
0.045
0.048
0.051
0.051
0.046
0.051
0.051
0.051
0.051
0.051
0.051
0.051
0.051
0.051
0.051
0.051
0.051
0.051
0.051
0.051
-1.223
0.051
0.046
0.051
-1.225
0.051
0.051
0.046
0.051
0.051
0.051
0.051
0.051
0.051
0.051
0.051
0.051
-1.792
0.051
0.051
0.051
0.051
0.047
0.051
-1.225
0.051
0.051
0.051
-1.223
0.051
0.051
0.051
0.051
0.051
0.051
0.051
0.051
0.051
0.051
0.051
0.047
0.051
0.051
0.051
0.051
0.051
0.047
0.051
0.051
0.047
0.051
0.051
0.051
0.051
0.051
0.051
0.051
0.051
0.051
0.051
0.051
0.051
0.051
0.051
0.047
0.051
0.051
0.046
0.051
0.051
0.051
0.051
0.051
0.051
0.051
0.051
0.047
0.051
0.051
0.051
0.051
0.051
0.051
0.051
0.051
0.051
0.051
0.051
0.051
0.051
0.051
0.051
0.051
0.048
0.046
0.051
0.051
0.051
0.051
0.051
0.051
0.051
0.051
0.048
0.051
0.051
0.051
0.051
0.051
0.051
0.051
0.051
0.046
0.051
0.051
0.051
0.051
0.051
0.047
0.051
0.051
0.047
0.051
0.051
0.051
0.051
0.051
-1.207
0.051
0.051
0.047
0.051
0.051
0.046
0.051
0.051
0.051
0.051
0.051
0.048
0.051
0.051
0.047
0.051
0.051
0.051
0.051
0.051
0.051
0.051
0.051
0.051
0.051
0.051
0.051
0.050
0.051
0.051
0.051
0.051
0.051
0.051
0.051
0.051
0.051
0.051
0.051
0.051
0.051
0.051
0.051
0.051
-1.204
0.051
0.051
0.051
0.051
0.051
-2.677
0.051
0.051
0.051
0.051
0.051
0.051
0.051
0.051
0.051
0.051
0.051
0.051
0.051
0.051
-1.225
0.051
0.046
0.051
0.051
0.051
0.051
0.051
0.051
-1.225
0.051
0.051
0.051
0.051
0.051
0.051
0.051
0.051
-1.225
0.051
0.051
0.051
0.051
0.051
0.051
0.051
0.051
0.051
0.047
0.051
0.051
0.051
0.051
0.051
0.051
0.051
0.051
0.051
0.051
0.051
0.051
0.051
0.051
0.051
0.051
-1.220
0.051
0.051
0.051
0.051
0.051
0.051
0.051
0.051
0.051
0.051
0.051
0.051
0.051
0.051
0.051
0.051
0.051
0.051
0.051
0.051
0.051
0.051
0.051
0.047
0.051
0.051
0.051
0.051
0.051
0.051
0.051
0.051
0.051
0.051
0.051
0.051
0.051
0.051
0.051
0.051
0.051
0.051
0.051
0.051
0.051
0.051
0.051
0.051
0.051
0.051
0.051
0.051
0.051
0.051
0.051
0.051
0.051
0.051
0.051
0.051
0.051
0.051
0.051
0.051
0.051
0.047
-1.224
0.051
0.051
0.051
0.051
0.051
0.051
0.051
0.047
0.051
0.051
0.051
0.051
0.051
0.051
0.051
0.051
0.051
0.051
0.051
0.051
0.051
0.051
0.051
0.051
0.051
0.047
0.051
0.046
0.051
0.051
0.051
0.047
0.051
0.051
0.051
0.051
0.051
0.051
0.051
0.051
0.051
0.051
0.051
0.051
0.051
0.051
0.051
0.051
0.051
0.051
0.051
0.051
0.051
0.051
0.051
0.051
0.051
0.051
0.051
0.051
0.051
0.051
0.051
0.051
0.051
0.051
0.051
0.051
0.051
0.051
0.051
0.051
0.051
0.047
0.051
0.051
0.051
0.051
0.051
0.051
0.051
0.051
0.046
0.051
0.051
0.051
0.051
0.051
0.051
0.051
0.051
0.051
0.051
0.051
0.051
0.051
0.051
0.051
0.051
0.051
0.051
-1.217
0.051
0.051
-1.222
0.051
0.046
0.051
0.051
0.046
0.051
0.051
0.047
0.051
0.051
0.051
0.051
0.051
0.051
0.051
0.051
0.051
0.051
0.050
0.051
-1.217
0.051
0.051
0.051
-1.239
-1.226
-0.520
-0.520
-0.520
0.046
0.046
0.048
0.046
-1.225
0.051
-1.243
0.047
-2.232
-1.239
0.051
0.051
0.051
0.051
0.051
0.051
0.051
-1.225
0.000
0.000
0.000
0.000
0.000
0.000
0.000
0.000
0.000
0.000
0.000
0.000
0.000
0.000
0.000
0.000
0.000
0.000
0.000
0.000
0.000
