fixedStep chrom=ENSGT00390000004554 start=1 step=1
0.077
0.078
0.077
0.078
0.078
0.077
0.077
0.077
0.077
0.077
0.077
0.077
0.077
0.077
0.060
0.078
0.078
0.077
0.077
0.077
0.077
0.077
0.077
0.077
0.077
0.077
0.077
0.078
0.078
0.077
0.077
0.078
0.077
0.078
0.077
0.077
0.077
0.078
0.077
0.077
0.078
0.077
0.078
0.077
0.077
0.077
0.077
0.077
0.077
0.078
0.076
0.077
0.077
0.076
0.077
0.077
0.077
0.077
0.077
0.074
0.077
0.077
0.077
0.077
0.078
0.077
0.077
0.077
0.075
0.077
0.078
0.072
0.078
0.077
0.077
0.077
0.077
0.077
0.077
0.077
0.077
0.077
0.077
0.077
0.077
0.078
0.077
0.077
0.077
0.077
0.077
0.077
0.078
0.077
0.077
0.077
0.077
0.077
0.073
0.077
0.078
0.077
0.077
0.077
0.077
0.056
0.077
0.077
0.077
0.078
0.063
0.077
0.077
0.078
0.077
0.077
0.078
0.077
0.077
0.074
0.077
0.077
0.077
0.077
0.078
0.077
0.077
0.077
0.077
0.078
0.077
0.077
0.077
0.078
0.053
0.077
0.078
0.077
0.077
0.078
0.056
0.077
0.077
0.075
0.077
0.078
0.078
0.077
0.077
0.077
0.077
0.077
0.077
0.077
0.077
0.077
0.077
0.077
0.078
0.077
0.078
0.074
0.077
0.077
0.074
0.077
0.077
0.077
0.077
0.077
0.077
0.078
0.077
0.077
0.077
0.078
0.077
0.077
0.077
0.077
0.078
0.077
0.077
0.077
0.077
0.078
0.077
0.077
0.077
0.077
0.077
0.077
0.077
0.077
0.071
0.077
0.077
0.077
0.077
0.077
0.077
0.077
0.077
0.077
0.077
0.078
0.060
0.077
0.077
0.077
0.077
0.078
0.078
0.077
0.077
0.073
0.077
0.078
0.076
0.077
0.077
0.075
0.078
0.078
0.077
0.077
0.078
0.073
0.077
0.078
0.077
0.077
0.078
0.077
0.077
0.078
0.074
0.077
0.078
0.077
0.077
0.077
0.077
0.077
0.077
0.077
0.077
0.078
0.077
0.077
0.077
0.077
0.077
0.077
0.075
0.078
0.077
0.078
0.078
0.078
0.078
0.077
0.077
0.077
0.078
0.078
0.075
0.077
0.077
0.077
0.077
0.078
0.071
0.077
0.077
0.073
0.077
0.078
0.077
0.071
0.078
0.076
0.077
0.077
0.078
0.077
0.077
0.077
0.077
0.077
0.077
0.077
0.077
0.078
0.077
0.078
0.071
0.077
0.077
0.078
0.077
0.077
0.062
0.077
0.077
0.062
0.078
0.078
0.078
0.077
0.077
0.077
0.077
0.077
0.077
0.077
0.077
0.078
0.077
0.077
0.075
0.078
0.077
0.077
0.077
0.077
0.073
0.077
0.077
0.077
0.077
0.077
0.075
0.077
0.077
0.077
0.077
0.077
0.077
0.077
0.078
0.060
0.077
0.077
0.077
0.077
0.077
0.077
0.078
0.078
0.077
0.077
0.078
0.077
0.078
0.077
0.075
0.077
0.077
0.077
0.077
0.078
0.077
0.077
0.077
0.076
0.077
0.078
0.077
0.075
0.077
0.077
0.077
0.078
0.075
0.077
0.077
0.078
0.077
0.077
0.075
0.077
0.077
0.077
0.078
0.077
0.077
0.077
0.077
0.077
0.077
0.077
0.074
0.077
0.078
0.078
0.077
0.077
0.077
0.078
0.078
0.077
0.077
0.077
0.077
0.078
0.078
0.075
0.077
0.075
0.075
0.077
0.077
0.077
0.078
0.078
0.077
0.077
0.077
0.062
0.075
0.077
0.073
0.077
0.077
0.077
0.077
0.077
0.077
0.078
0.077
0.070
0.077
0.077
0.077
0.077
0.077
0.067
0.077
0.077
0.078
0.078
0.077
0.075
0.077
0.078
0.074
0.077
0.077
0.075
0.077
0.077
0.077
0.077
0.078
0.069
0.077
0.077
0.076
0.077
0.078
0.077
0.077
0.077
0.077
-1.102
-1.100
-1.102
0.077
0.077
0.078
0.077
0.077
0.077
0.077
0.077
0.072
0.078
0.077
0.078
0.077
0.077
0.075
0.077
0.078
0.077
0.077
0.077
0.077
0.056
0.077
0.077
0.077
0.068
0.068
0.068
0.068
0.068
0.068
0.068
0.068
0.068
0.068
0.068
0.068
0.068
0.068
0.068
0.068
0.068
0.068
0.068
0.068
0.068
0.068
0.068
0.068
0.068
0.068
0.068
0.068
0.068
0.068
0.068
0.063
0.068
0.068
0.067
0.068
0.068
0.068
0.068
0.068
0.065
0.068
0.068
0.068
0.068
0.068
0.068
0.068
0.068
0.068
0.068
0.068
0.068
0.068
0.068
-0.938
0.068
0.068
0.066
0.068
0.068
0.057
0.068
0.068
0.068
0.068
0.068
0.062
0.068
0.068
0.068
0.068
0.068
0.063
-1.102
-1.102
-1.103
0.000
0.000
0.000
0.068
0.068
0.068
0.068
0.068
0.068
0.056
0.056
0.077
