fixedStep chrom=ENSGT00730000111283 start=1 step=1
0.053
0.053
0.053
0.053
0.053
0.053
0.053
0.053
0.053
0.053
0.053
0.053
0.053
0.053
0.053
0.053
0.053
0.053
0.053
0.053
0.053
0.053
0.053
0.053
0.053
0.053
0.053
0.053
0.053
0.053
0.053
0.053
0.051
0.053
0.053
0.053
0.053
0.053
0.051
0.053
0.053
0.051
0.053
0.053
0.051
0.053
0.053
0.051
0.053
0.053
0.051
0.053
0.053
0.053
0.053
0.053
0.053
0.053
0.053
0.044
0.053
0.053
0.053
0.053
0.053
0.044
-1.562
-1.563
-1.562
0.053
0.053
0.053
0.053
0.053
0.053
0.053
0.053
0.053
0.053
0.053
0.053
0.053
0.053
0.053
0.053
0.053
0.053
0.053
0.053
0.053
0.044
0.053
0.053
0.053
0.053
0.053
0.053
0.053
0.053
0.053
0.053
0.049
0.053
0.053
0.053
0.053
0.053
0.053
0.053
0.053
0.053
0.053
0.053
0.053
0.053
0.053
0.053
0.045
0.053
0.053
0.045
0.053
0.051
0.053
0.053
0.053
0.053
0.053
0.051
0.053
0.053
0.053
0.043
0.053
0.053
0.053
0.053
0.051
0.053
0.053
0.053
0.053
0.053
0.051
0.053
0.053
0.053
0.053
0.053
0.052
0.053
0.053
0.053
0.053
0.053
0.053
0.053
0.053
0.040
0.053
0.053
0.053
0.000
0.000
0.000
0.000
0.000
0.000
0.000
0.000
0.000
0.000
0.000
0.000
0.000
0.000
0.000
0.000
0.000
0.000
0.000
0.000
0.000
0.000
0.000
0.000
0.000
0.000
0.000
0.000
0.000
0.000
0.000
0.000
0.000
0.053
0.053
0.053
0.053
0.053
0.053
0.053
0.053
0.051
0.053
0.053
0.053
0.053
0.053
0.053
0.053
0.053
0.053
0.053
0.053
0.053
0.053
0.053
0.053
0.053
0.053
0.052
0.044
0.053
0.053
0.053
0.053
0.053
0.053
0.053
0.053
0.053
0.053
0.053
0.053
0.053
0.053
-1.981
0.053
0.053
0.053
0.053
0.053
0.053
0.053
0.053
0.053
0.053
0.053
0.053
0.053
0.053
0.053
0.053
0.053
0.053
0.053
0.051
0.053
0.053
0.049
0.053
0.053
0.051
0.053
0.053
0.051
0.053
0.053
0.053
0.053
0.053
0.053
0.053
0.053
0.051
0.053
0.053
0.053
0.053
0.053
0.053
0.053
0.053
0.053
0.053
0.053
0.053
0.053
0.053
0.053
0.053
0.053
0.053
0.053
0.053
0.053
0.053
0.053
0.053
0.053
0.053
0.053
0.053
0.053
0.053
0.053
0.053
0.051
0.053
0.053
0.053
0.053
0.053
0.053
0.053
0.053
0.052
0.053
0.053
0.053
0.053
0.053
0.053
0.053
0.053
0.053
0.053
0.053
0.053
0.053
0.044
0.053
0.053
0.044
0.053
0.053
0.053
0.053
0.053
0.053
0.053
0.053
0.053
0.053
0.053
0.053
0.053
0.053
0.053
0.053
0.053
0.053
0.053
0.053
0.053
0.053
0.053
0.053
0.051
0.053
0.053
0.053
0.053
0.053
0.045
0.053
0.053
0.051
0.053
0.053
0.053
0.053
0.053
0.051
0.053
0.053
0.053
0.053
0.053
0.053
0.053
0.053
0.053
0.053
0.053
0.053
-1.675
-1.674
-1.675
0.053
0.053
0.052
0.053
0.053
-2.233
0.053
0.053
0.047
0.053
0.053
0.045
0.053
0.053
0.050
0.053
0.053
0.052
0.053
0.053
0.044
0.053
0.053
-2.127
0.053
0.053
0.053
0.053
0.053
0.047
0.053
0.053
0.053
0.053
0.053
0.052
0.053
0.053
0.052
0.053
0.053
0.051
0.053
0.053
0.053
0.053
0.053
0.051
0.053
0.053
0.051
0.053
0.053
0.053
0.053
0.053
0.049
0.053
0.053
0.053
0.053
0.053
0.053
0.051
0.053
0.053
0.053
0.053
0.053
0.053
0.053
0.053
0.053
0.044
0.053
0.053
0.044
0.053
0.053
0.053
0.051
-2.103
0.044
0.053
0.053
0.051
0.053
0.053
0.053
0.053
0.053
0.053
0.053
0.053
0.053
0.052
0.053
0.053
0.053
0.053
0.053
0.053
0.051
0.045
0.047
0.053
0.051
0.053
0.053
0.053
0.053
0.053
0.053
0.053
0.053
0.053
0.053
0.053
0.053
0.053
0.053
0.053
0.053
0.053
0.053
0.053
0.053
0.053
0.053
0.053
0.053
0.053
0.053
0.053
0.051
0.053
0.053
0.053
0.053
0.053
0.053
0.053
0.053
0.053
0.053
0.053
0.053
0.053
0.053
0.053
0.053
0.053
0.053
0.053
0.053
0.053
0.051
0.053
0.043
0.044
0.053
0.053
0.053
0.053
0.053
0.053
0.053
0.053
0.053
0.053
0.044
0.053
0.053
0.053
0.053
0.053
0.053
-1.515
-1.514
-1.515
-1.515
-1.514
-1.933
-1.515
-1.514
-1.514
-1.515
-1.511
-1.515
0.053
0.053
0.051
0.051
0.053
0.053
0.053
0.053
0.053
0.053
0.053
0.053
0.053
0.053
0.053
0.045
0.053
0.053
0.053
0.053
0.051
0.053
0.053
0.044
0.053
0.053
0.051
0.053
0.053
0.045
0.053
0.053
0.051
0.053
0.053
0.047
0.053
0.053
0.053
0.053
0.051
0.053
0.053
0.053
0.053
0.044
0.053
0.053
0.053
0.053
0.044
0.051
0.053
0.053
0.051
0.053
0.053
0.053
0.053
0.053
0.053
0.053
0.053
0.053
0.053
0.052
