fixedStep chrom=ENSGT00390000016891 start=1 step=1
-1.651
-1.695
-1.642
-3.931
-4.104
-3.628
-1.124
-1.122
-1.124
0.069
0.054
0.073
0.070
0.054
-2.314
0.073
0.073
0.073
0.073
0.073
0.073
-1.124
-1.124
-1.124
0.069
0.052
0.052
0.073
0.072
0.071
0.073
0.073
0.073
0.073
0.073
0.070
0.073
0.073
0.070
0.070
0.073
0.073
0.073
0.073
0.073
0.073
0.054
0.073
0.073
0.073
0.069
0.073
0.073
0.073
0.073
0.073
0.073
0.073
0.073
0.066
0.073
0.073
0.073
0.068
0.073
0.073
0.073
0.073
0.073
0.073
0.073
0.073
0.073
0.073
0.073
0.073
0.073
0.073
0.073
0.073
0.067
0.073
0.073
0.073
0.073
0.073
0.071
0.073
0.073
0.073
0.073
0.073
0.073
0.073
0.073
0.073
0.073
0.073
0.073
0.073
0.073
0.073
0.073
0.073
0.073
0.073
0.073
0.070
0.073
0.073
0.071
0.073
0.073
0.073
0.073
0.073
0.073
0.073
0.073
0.073
0.073
0.073
0.073
0.073
0.073
0.073
0.073
0.073
0.073
0.069
0.073
0.073
0.073
0.073
0.073
0.073
0.073
0.073
0.073
0.073
0.069
0.073
0.073
0.073
0.073
0.073
0.073
0.073
0.073
0.069
0.073
0.073
0.073
0.073
0.073
0.073
0.073
0.073
0.073
0.073
0.073
0.070
0.073
0.073
0.073
0.073
0.073
0.073
0.073
0.073
0.072
0.073
0.072
0.073
0.073
0.073
0.073
0.073
0.073
0.066
0.073
0.073
0.073
0.073
0.073
0.057
0.073
0.073
0.071
0.073
0.073
0.073
0.073
0.073
0.073
0.071
0.073
0.073
0.073
0.073
0.070
0.073
0.073
0.070
0.071
0.073
0.073
0.073
0.073
0.073
0.073
0.073
0.073
0.073
0.073
0.073
0.073
0.073
0.073
0.073
0.073
0.073
0.073
0.073
0.070
0.073
0.073
0.072
0.073
0.073
0.071
0.073
0.072
0.073
0.073
0.073
0.073
0.070
-1.673
0.061
0.073
0.073
0.073
0.071
0.073
0.069
0.068
0.059
0.069
0.073
0.073
0.068
0.073
0.072
0.071
0.067
0.073
0.070
0.061
0.062
-1.679
0.070
0.070
0.073
0.073
0.073
0.073
0.073
0.073
0.070
0.073
0.073
0.073
0.070
0.073
0.054
0.073
0.073
0.073
0.073
0.073
0.066
0.073
0.066
-1.637
0.073
0.073
0.073
0.073
0.073
0.073
0.073
0.073
0.073
0.073
0.073
0.071
0.073
0.073
0.073
0.073
0.073
0.073
0.073
0.073
0.073
0.073
0.073
0.073
0.073
0.073
0.068
0.073
0.073
0.073
0.073
0.073
0.069
0.073
0.073
0.073
0.073
0.073
0.073
0.073
0.073
0.073
0.073
0.073
0.073
0.073
0.073
0.073
0.073
0.073
0.073
0.073
0.073
0.071
0.073
0.073
0.073
0.073
0.073
0.069
0.073
0.073
0.073
0.073
0.073
0.073
0.073
0.073
0.073
0.073
0.072
0.073
0.073
0.073
0.066
0.073
0.073
0.073
0.066
0.073
0.073
0.073
0.073
0.073
0.073
0.073
0.064
0.073
0.065
0.069
0.073
0.055
0.073
0.073
0.073
0.054
0.073
0.070
-1.679
0.073
0.073
0.073
0.073
0.073
0.073
0.073
0.073
0.073
0.073
0.070
0.072
0.073
0.073
0.073
0.073
0.073
0.073
0.073
0.073
0.073
0.073
0.061
0.073
0.073
0.073
0.073
