fixedStep chrom=ENSGT00390000006621 start=1 step=1
0.128
0.127
0.126
-1.478
0.119
0.128
-0.383
0.124
0.126
0.115
0.126
-1.478
0.128
0.128
0.123
0.128
0.129
-0.734
0.128
0.129
0.128
-0.323
0.129
0.123
0.106
0.129
0.104
0.128
0.129
0.121
0.126
0.129
-0.383
0.125
0.128
-0.734
0.128
0.124
-1.489
0.123
0.129
-0.383
-0.773
0.124
-0.323
0.128
0.128
0.124
0.128
0.129
0.127
0.128
0.128
-0.383
0.129
0.129
0.118
0.119
0.129
0.106
0.128
0.121
0.121
0.119
0.129
-2.131
0.121
0.123
-0.774
0.128
0.128
0.128
0.128
0.128
-0.383
0.128
0.128
0.128
0.090
0.129
-1.287
0.126
0.129
0.128
0.128
0.128
0.119
0.118
0.128
0.116
0.128
0.126
0.123
0.128
0.128
0.128
0.128
0.129
-0.383
0.128
0.128
0.101
0.128
0.128
0.128
0.128
0.128
-2.141
0.128
0.128
0.119
0.128
0.128
0.120
0.124
0.129
0.117
0.119
0.129
-0.794
0.128
0.128
-1.336
0.128
0.128
0.103
0.129
0.123
0.119
0.128
0.128
-1.951
0.125
0.129
-0.383
0.121
0.129
-0.383
0.128
0.128
0.126
0.128
0.128
0.128
0.129
0.129
0.117
0.128
0.128
-0.846
0.128
0.128
0.121
0.128
0.128
-0.323
0.106
0.129
0.128
0.128
0.128
0.128
0.128
0.129
-1.775
0.129
0.129
0.119
0.128
0.119
0.121
0.128
0.128
0.128
0.128
0.128
0.124
0.128
0.128
0.128
0.126
0.129
-0.773
-0.383
0.128
-0.383
0.128
0.128
-0.323
-2.071
0.119
-2.121
0.128
0.128
0.119
0.129
0.128
0.099
0.128
0.128
-0.323
-0.383
0.121
0.126
-0.383
0.121
-0.323
0.128
0.129
0.117
0.129
0.128
0.121
0.123
0.129
0.117
0.123
0.126
0.117
0.116
0.128
0.104
0.128
0.128
0.102
0.118
0.128
0.123
0.124
0.129
-0.383
0.128
0.128
0.116
0.123
0.129
-0.795
0.106
0.123
0.126
-0.383
0.129
-0.672
0.128
0.128
0.127
0.128
0.129
0.116
-0.727
0.129
-1.063
-0.734
0.129
0.128
0.129
0.128
0.128
0.128
0.119
0.119
0.128
0.128
0.128
-0.323
0.129
-0.323
0.128
0.128
0.125
0.128
0.129
0.117
0.128
0.128
-0.323
-0.383
0.116
0.119
0.106
0.128
0.123
0.128
0.129
-0.710
-0.866
0.129
0.128
0.128
0.128
0.124
-0.774
0.129
-0.727
0.128
0.128
0.126
0.123
0.129
0.128
0.119
0.128
0.090
-0.323
0.129
0.128
0.128
0.129
0.128
0.129
0.129
0.121
0.128
0.129
0.118
0.128
0.129
0.128
0.128
0.128
-0.323
0.125
0.123
0.104
0.124
0.123
0.102
0.128
0.128
0.119
0.128
0.129
0.128
0.118
0.123
0.123
0.128
0.129
-0.846
0.129
0.128
0.128
0.129
0.128
0.124
0.128
0.129
0.128
0.128
0.129
0.106
0.129
0.128
0.128
0.129
0.128
0.119
0.128
0.128
-0.870
0.129
0.128
0.126
0.128
0.128
0.128
0.129
0.128
0.116
0.128
0.128
0.119
0.129
0.128
-0.724
0.128
0.128
-0.323
0.129
0.128
0.128
0.128
0.128
-0.734
0.124
0.129
0.124
0.128
0.129
0.128
0.128
0.128
0.103
0.128
0.128
0.090
0.125
0.129
-1.364
0.128
0.128
0.125
0.128
0.128
0.098
0.128
0.129
0.090
0.128
0.128
0.128
0.128
0.128
0.128
0.128
0.128
0.125
0.128
0.129
0.123
0.129
0.128
-0.383
0.129
0.128
0.124
0.128
0.128
0.128
0.125
0.129
-0.795
0.128
0.128
0.126
0.128
0.129
-1.707
0.123
0.128
-0.774
0.116
0.129
0.128
0.128
0.129
0.118
0.128
0.129
-1.299
0.125
0.129
0.126
0.084
0.128
0.128
0.118
0.126
-1.669
0.127
0.129
-0.383
0.128
0.129
0.126
0.128
0.129
0.126
0.128
0.116
0.118
0.128
0.128
-0.734
0.129
0.128
0.098
0.129
0.129
0.117
0.128
-0.383
-0.727
0.128
0.129
-0.774
0.104
0.090
-0.727
0.125
0.128
0.104
0.128
0.129
-0.854
0.126
0.129
0.121
0.128
0.126
0.128
0.128
0.128
-0.773
0.128
0.128
0.119
0.128
0.128
0.120
0.119
0.128
0.123
0.117
0.117
-1.473
0.129
0.128
0.128
0.127
0.129
0.103
0.109
0.129
0.125
0.119
0.129
-0.870
0.128
0.128
-0.383
0.109
0.128
-0.383
0.129
0.128
0.128
0.128
0.128
-0.795
0.124
0.129
0.127
0.128
0.128
-0.734
0.116
0.129
0.128
0.128
0.129
0.128
0.129
0.128
0.128
0.129
0.129
0.129
0.128
0.124
0.125
0.129
0.128
-2.064
0.128
0.128
0.128
0.126
0.129
0.128
0.128
0.128
-0.383
0.128
0.128
0.127
0.128
0.128
0.104
0.128
0.128
0.119
0.128
0.128
0.126
0.117
0.128
-0.727
0.128
0.128
0.123
0.129
0.129
0.121
0.128
0.128
0.123
0.128
0.129
0.118
0.124
0.123
0.095
0.128
0.128
0.121
0.128
0.128
-1.720
0.128
0.128
0.127
0.129
0.128
0.095
0.128
0.128
0.128
0.121
0.129
0.128
0.128
0.129
0.098
0.129
0.128
0.125
0.128
0.128
-0.323
0.129
0.129
0.120
0.128
0.128
0.115
0.119
0.126
0.126
0.128
0.128
0.126
0.129
0.128
0.115
0.128
0.128
0.119
0.128
0.128
0.128
0.128
0.128
-0.834
0.128
0.128
-1.390
0.129
0.129
0.126
0.128
0.128
0.128
0.119
0.129
0.128
0.129
0.129
0.124
0.129
0.129
0.119
0.128
0.129
0.128
0.128
0.128
-0.323
0.128
0.128
0.126
0.129
0.128
0.125
0.128
0.124
-0.383
0.128
0.128
0.126
0.128
0.129
0.124
0.128
0.129
0.118
0.116
0.129
0.128
0.128
0.129
0.128
0.128
0.128
0.117
0.126
0.128
0.117
0.128
0.129
0.104
0.128
0.128
-1.451
0.126
0.128
0.121
0.128
0.120
-0.383
0.128
0.129
0.122
0.129
0.129
0.119
0.128
0.129
0.128
0.128
0.128
0.105
0.116
0.128
0.128
0.106
0.119
0.106
0.121
0.116
0.118
0.104
0.106
0.124
0.124
0.117
0.112
0.123
-1.281
0.123
0.129
0.128
0.104
0.128
0.128
-1.356
0.128
0.128
0.128
-0.323
0.129
0.104
0.129
0.106
0.119
0.128
0.128
0.126
0.126
0.117
-1.344
-0.758
0.103
0.127
0.129
0.129
0.127
0.119
0.118
-0.323
0.119
0.125
-0.323
0.128
0.128
0.127
0.126
0.128
0.102
0.128
0.129
0.101
-0.774
0.119
0.118
0.128
0.129
-0.383
0.128
0.128
-0.323
0.129
0.128
-0.734
0.128
0.129
-0.871
0.129
0.129
0.128
0.127
0.129
0.128
0.129
0.128
0.119
0.128
0.129
0.121
0.128
0.128
0.123
0.103
0.128
-1.303
-0.802
0.128
0.128
0.129
0.128
0.115
0.128
0.128
-0.734
0.128
0.128
0.128
0.129
0.129
0.124
0.128
0.128
-0.774
0.129
0.128
0.119
0.128
0.128
0.128
0.128
0.128
0.126
0.119
0.129
-0.774
0.128
0.129
0.122
0.128
0.128
0.119
0.128
0.129
0.097
0.128
0.129
0.126
0.129
0.128
0.128
0.128
0.128
0.128
0.128
0.128
0.117
0.129
0.129
0.128
0.126
0.129
-2.018
0.128
0.128
0.106
0.128
0.129
0.128
0.128
0.128
0.104
0.128
0.129
0.116
0.128
0.128
-0.383
0.118
0.127
-0.383
0.119
0.084
0.103
0.128
0.129
0.126
0.129
0.128
0.128
0.126
0.106
0.126
0.127
0.124
0.126
0.129
0.128
0.104
0.125
0.129
0.128
0.128
0.128
0.126
0.119
0.125
0.120
-0.869
0.119
0.128
0.128
0.126
-0.323
0.129
-0.384
0.128
0.125
0.128
0.128
0.128
0.129
0.117
0.128
0.128
-0.323
0.128
0.128
0.105
0.128
0.128
-0.383
-0.383
0.119
-0.323
