fixedStep chrom=ENSGT00530000064274 start=1 step=1
0.000
0.000
0.000
0.100
0.101
0.100
0.092
-1.656
0.100
0.095
0.075
0.100
0.073
0.100
0.097
0.100
0.068
0.100
0.101
0.101
0.095
0.074
0.075
0.094
0.091
0.092
0.084
0.098
0.100
0.094
0.100
0.101
0.100
0.101
0.101
0.100
0.100
0.100
0.068
0.100
0.100
0.068
0.101
0.100
0.100
0.101
0.100
0.100
0.101
0.100
0.100
0.100
0.100
0.100
0.100
0.086
0.100
0.101
0.075
0.095
0.100
0.100
0.100
0.101
0.100
0.100
0.100
0.100
0.078
0.098
0.101
0.100
0.100
0.100
0.093
0.101
0.100
0.099
0.100
0.100
0.099
0.100
0.101
-1.612
0.100
0.100
0.100
0.101
0.100
0.094
0.100
0.100
0.100
0.101
0.098
0.095
0.100
0.100
0.100
0.100
0.100
0.100
0.100
0.100
0.100
0.101
0.100
0.100
0.101
0.100
0.100
0.100
0.100
0.093
0.100
0.101
0.100
0.100
0.100
0.100
0.101
0.100
0.095
0.100
0.100
0.100
0.094
0.101
0.090
0.100
0.100
0.091
0.101
0.100
0.094
0.100
0.100
0.100
0.101
0.100
0.100
0.100
0.100
0.097
0.100
0.100
0.100
0.101
0.100
0.095
0.100
0.100
0.100
0.098
0.093
0.068
0.076
0.097
0.097
0.093
0.093
0.100
0.101
0.068
0.100
0.100
0.100
0.095
0.100
0.100
0.100
0.101
0.100
0.100
0.101
0.093
0.100
0.100
0.100
0.100
0.101
0.068
0.101
0.100
0.100
0.101
0.100
0.101
-1.075
-0.517
-0.520
-0.520
0.011
0.010
0.000
