fixedStep chrom=ENSGT00390000007693 start=1 step=1
0.000
0.000
0.000
0.000
0.000
0.000
0.000
0.000
0.000
0.000
0.000
0.000
0.000
0.000
0.000
0.000
0.000
0.000
0.000
0.000
0.000
0.000
0.000
0.000
0.000
0.000
0.000
0.000
0.000
0.000
0.000
0.000
0.000
0.000
0.000
0.000
0.000
0.000
0.000
0.000
0.000
0.000
0.000
0.000
0.000
0.000
0.000
0.000
0.000
0.000
0.000
0.000
0.000
0.000
0.000
0.000
0.000
0.000
0.000
0.000
0.000
0.000
0.000
0.000
0.000
0.000
0.000
0.000
0.000
0.000
0.000
0.000
0.000
0.000
0.000
0.000
0.000
0.000
0.000
0.000
0.000
0.000
0.000
0.000
0.000
0.000
0.000
0.000
0.000
0.000
0.000
0.000
0.000
0.000
0.000
0.000
0.000
0.000
0.000
0.000
0.000
0.000
0.000
0.000
0.000
0.000
0.000
0.000
-0.889
-0.885
-0.969
-0.885
-1.375
-0.885
-0.885
-0.889
-1.015
-0.885
-1.021
-1.527
-0.889
-0.885
-0.889
0.098
0.098
0.098
0.092
0.098
0.098
0.098
0.098
0.094
0.098
-0.619
0.098
0.098
0.098
0.089
0.089
0.075
0.098
0.073
0.098
0.098
0.098
0.098
0.089
-0.296
-0.297
-0.299
0.098
0.098
-1.240
0.093
0.083
0.098
0.087
0.098
0.093
0.098
0.098
0.098
0.098
0.098
0.093
0.098
0.093
0.098
0.098
0.098
0.098
0.093
0.098
0.098
0.098
0.098
0.098
0.098
0.098
0.093
0.098
0.085
0.098
0.098
0.098
0.098
0.098
0.089
0.093
0.073
0.073
0.073
0.098
0.098
0.098
0.040
0.040
0.040
0.092
0.091
0.098
0.098
0.098
0.098
0.092
0.098
0.098
0.093
0.098
0.098
0.098
0.072
0.098
-1.176
-0.624
0.098
0.098
0.098
0.098
0.098
0.092
0.089
-1.216
0.073
0.089
-2.544
-3.069
-2.544
0.098
-0.619
0.089
-0.619
0.089
0.098
-0.621
0.089
-1.447
0.089
0.083
-0.624
0.089
0.098
0.092
0.098
0.089
0.098
0.098
0.092
0.089
-1.494
-2.139
-0.854
-1.238
-0.314
-0.297
0.075
0.072
0.098
0.098
-0.619
-0.624
0.083
-0.621
-0.619
0.098
0.089
-0.624
0.092
0.098
-0.624
0.098
0.098
0.089
0.098
0.098
0.098
-0.619
-1.807
0.089
0.088
0.092
0.098
0.093
0.098
0.098
0.098
0.098
0.098
0.098
0.098
0.098
0.093
0.098
0.072
0.098
0.095
0.098
-0.889
-0.971
-0.889
0.098
0.098
0.098
0.098
0.098
0.098
0.098
0.093
-1.182
0.098
0.098
0.098
0.098
0.098
0.082
-0.854
-0.854
-0.850
0.093
0.098
0.098
0.098
0.098
0.098
0.098
0.093
0.075
0.098
0.098
0.098
0.098
0.098
0.098
0.098
0.098
0.098
0.098
0.098
0.098
0.098
0.094
0.087
0.093
0.092
0.098
0.098
0.097
0.097
0.092
0.098
0.073
0.098
0.098
0.098
0.098
0.098
0.098
0.098
0.072
0.092
0.098
0.098
0.098
0.094
0.094
0.098
0.098
0.098
0.098
0.000
0.000
0.000
