fixedStep chrom=ENSGT00390000009320 start=1 step=1
-3.105
-2.050
-2.091
-2.091
-2.083
-2.091
-2.087
-2.610
-2.614
-2.091
-2.514
-2.083
0.075
0.075
0.075
0.075
0.075
0.075
0.075
0.070
0.075
0.075
0.075
0.075
0.075
0.075
0.075
0.071
0.075
0.075
0.075
0.075
0.075
0.070
0.071
0.074
0.075
0.075
0.075
0.075
0.075
0.075
0.075
0.075
0.070
0.075
0.075
0.075
0.075
0.075
0.075
0.070
0.075
0.073
0.075
0.075
0.072
0.075
0.075
0.075
0.075
0.075
0.075
0.075
0.075
0.073
0.075
0.075
0.070
0.075
0.075
0.075
0.075
0.075
0.075
0.075
0.075
0.075
0.072
0.070
0.073
-0.727
-0.823
-0.823
0.075
0.075
0.069
0.075
0.075
0.069
0.075
0.075
0.070
0.052
0.075
0.073
0.075
0.071
0.075
0.075
0.074
0.075
0.075
0.075
0.075
0.075
0.075
0.075
0.075
0.075
0.075
0.075
0.075
0.075
0.070
0.075
0.070
0.075
0.072
0.075
0.075
0.075
0.071
0.075
0.070
0.071
0.075
0.075
0.075
0.075
0.072
0.075
0.075
0.075
0.075
0.075
0.075
0.075
0.075
0.075
0.071
-0.600
-0.600
-0.601
-0.312
-0.666
-0.396
0.075
0.075
0.075
0.075
0.073
0.062
0.075
0.074
0.069
0.071
0.075
0.075
-1.813
-1.788
-1.813
0.075
0.075
0.075
0.075
0.075
0.075
0.075
0.075
0.071
0.075
0.071
-1.588
0.070
0.075
0.073
0.073
0.075
0.073
0.075
0.075
0.073
0.075
0.075
0.075
0.075
0.072
0.075
0.075
0.075
0.075
-1.610
-1.144
-1.146
-1.243
-1.146
-1.144
-1.146
-1.146
-1.146
-1.146
-1.277
-1.146
-1.146
-1.146
-1.146
-1.146
-1.146
-1.146
-1.618
-1.146
-1.144
-1.146
-1.146
-1.144
0.000
0.000
0.000
0.000
0.000
0.000
0.000
0.000
0.000
0.000
0.000
0.000
0.000
0.000
0.000
0.000
0.000
0.000
0.000
0.000
0.000
0.000
0.000
0.000
0.000
0.000
0.000
0.000
0.000
0.000
0.000
0.000
0.000
0.000
0.000
0.000
0.000
0.000
0.000
0.000
0.000
0.000
0.000
0.000
0.000
0.000
0.000
0.000
0.000
0.000
0.000
0.000
0.000
0.000
0.000
0.000
0.000
0.000
0.000
0.000
0.000
0.000
0.000
0.000
0.000
0.000
0.000
0.000
0.000
0.000
0.000
0.000
0.000
0.000
0.000
0.000
0.000
0.000
0.000
0.000
0.000
0.000
0.000
0.000
0.000
0.000
0.000
0.000
0.000
0.000
0.000
0.000
0.000
0.000
0.000
0.000
0.000
0.000
0.000
0.000
0.000
0.000
0.000
0.000
0.000
0.000
0.000
0.000
0.000
0.000
0.000
0.000
0.000
0.000
0.000
0.000
0.000
0.000
0.000
0.000
0.000
0.000
0.000
0.000
0.000
0.000
0.000
0.000
0.000
0.000
0.000
0.000
0.000
0.000
0.000
0.000
0.000
0.000
0.000
0.000
0.000
0.000
0.000
0.000
0.000
0.000
0.000
0.000
0.000
0.000
0.000
0.000
0.000
