fixedStep chrom=ENSGT00750000117311 start=1 step=1
0.711
0.715
0.710
0.715
0.711
0.671
0.710
0.710
-7.939
0.608
0.710
-8.061
0.710
0.710
0.550
0.711
0.711
0.652
0.710
0.710
0.599
0.710
0.710
-9.894
0.711
0.711
0.633
0.710
0.710
0.520
0.631
0.715
0.557
0.710
0.710
0.472
0.711
0.711
0.631
0.710
0.710
-14.142
0.710
0.710
0.619
0.710
0.711
0.633
0.711
0.711
0.695
0.711
0.710
0.628
0.711
0.711
0.666
0.697
0.710
0.503
0.711
0.711
0.662
0.710
0.715
-6.982
0.653
0.715
0.585
0.653
0.710
-14.386
0.710
0.711
0.652
0.711
0.711
0.685
0.711
0.715
0.645
0.711
0.711
0.673
0.710
0.710
0.599
0.711
0.715
0.634
0.711
0.711
0.459
0.711
0.711
0.687
0.711
0.711
-15.256
0.710
0.711
0.473
0.711
0.715
0.648
0.697
0.710
-5.466
0.711
0.710
0.649
0.658
0.715
-12.477
0.710
0.711
0.618
0.631
0.710
-13.317
0.711
0.710
0.621
0.710
0.710
0.486
0.710
0.710
0.572
0.710
0.715
0.507
0.711
0.711
0.685
0.695
0.710
0.522
0.711
0.715
0.651
0.715
0.711
0.520
0.710
0.710
0.645
0.699
0.715
0.556
0.711
0.715
0.653
0.715
0.711
0.653
0.710
0.711
0.696
0.710
0.711
0.695
0.711
0.711
0.599
0.711
0.710
0.456
0.710
0.710
-13.872
0.710
0.715
-6.634
0.706
0.715
-10.343
0.711
0.711
0.666
0.710
0.715
-8.312
0.715
0.715
0.659
0.662
0.715
0.680
0.710
0.711
0.697
0.711
0.711
0.685
0.710
0.715
0.551
0.711
0.715
0.576
0.694
0.710
-13.190
0.710
0.711
0.665
0.710
0.711
0.482
0.710
0.715
0.482
0.711
0.711
0.651
0.715
0.711
0.664
0.711
0.711
0.568
0.710
0.711
0.693
0.711
0.711
0.698
0.710
0.711
0.680
0.711
0.711
0.671
0.711
0.710
0.670
0.711
0.711
0.688
0.711
0.711
-15.955
0.710
0.715
0.525
0.711
0.711
-14.612
0.710
0.711
0.547
0.711
0.715
0.710
0.710
0.711
0.664
0.710
0.715
0.625
0.710
0.715
-8.516
0.715
0.711
0.653
0.710
0.711
0.531
0.711
0.715
-5.186
0.711
0.711
0.659
0.711
0.710
0.517
0.711
0.711
0.696
0.710
0.710
-20.000
0.711
0.710
0.695
0.711
0.711
0.615
0.705
0.715
-7.743
0.715
0.711
0.650
0.710
0.710
0.645
0.715
0.715
0.654
0.710
0.710
0.565
0.710
0.710
0.665
