fixedStep chrom=ENSGT00390000018810 start=1 step=1
0.000
0.000
0.000
0.000
0.000
0.000
0.000
0.000
0.000
0.000
0.000
0.000
0.000
0.000
0.000
0.000
0.000
0.000
0.000
0.000
0.000
0.000
0.000
0.000
0.000
0.000
0.000
0.000
0.000
0.000
0.000
0.000
0.000
0.000
0.000
0.000
0.000
0.000
0.000
0.000
0.000
0.000
0.000
0.000
0.000
0.000
0.000
0.000
0.000
0.000
0.000
0.000
0.000
0.000
0.000
0.000
0.000
0.000
0.000
0.000
0.000
0.000
0.000
0.000
0.000
0.000
0.000
0.000
0.000
0.000
0.000
0.000
0.000
0.000
0.000
0.000
0.000
0.000
0.000
0.000
0.000
0.000
0.000
0.000
0.000
0.000
0.000
0.000
0.000
0.000
0.000
0.000
0.000
0.000
0.000
0.000
0.000
0.000
0.000
0.000
0.000
0.000
0.000
0.000
0.000
0.000
0.000
0.000
0.000
0.000
0.000
0.000
0.000
0.000
0.000
0.000
0.000
0.000
0.000
0.000
0.000
0.000
0.000
0.000
0.000
0.000
0.000
0.000
0.000
0.000
0.000
0.000
0.000
0.000
0.000
0.000
0.000
0.000
0.000
0.000
0.000
0.000
0.000
0.000
0.000
0.000
0.000
0.000
0.000
0.000
0.000
0.000
0.000
0.000
0.000
0.000
0.000
0.000
0.000
0.000
0.000
0.000
0.000
0.000
0.000
0.000
0.000
0.000
0.000
0.000
0.000
0.000
0.000
0.000
0.000
0.000
0.000
0.000
0.000
0.000
0.000
0.000
0.000
0.000
0.000
0.000
0.000
0.000
0.000
0.000
0.000
0.000
0.000
0.000
0.000
0.000
0.000
0.000
0.000
0.000
0.000
0.000
0.000
0.000
0.000
0.000
0.000
0.000
0.000
0.000
0.000
0.000
0.000
0.000
0.000
0.000
0.000
0.000
0.000
0.000
0.000
0.000
0.000
0.000
0.000
0.000
0.000
0.000
0.000
0.000
0.000
0.000
0.000
0.000
0.000
0.000
0.000
0.000
0.000
0.000
0.000
0.000
0.000
0.000
0.000
0.000
0.000
0.000
0.000
0.000
0.000
0.000
0.000
0.000
0.000
0.000
0.000
0.000
0.000
0.000
0.000
0.000
0.000
0.000
0.000
0.000
0.000
0.000
0.000
0.000
0.000
0.000
0.000
0.000
0.000
0.000
0.000
0.000
0.000
0.000
0.000
0.000
0.000
0.000
0.000
0.000
0.000
0.000
0.000
0.000
0.000
0.000
0.000
0.000
0.000
0.000
0.000
0.073
0.073
0.073
0.073
0.070
0.073
0.070
0.073
0.073
0.066
0.073
0.073
0.071
0.073
0.073
0.073
0.073
0.057
0.073
0.073
0.073
0.073
0.073
0.060
0.073
0.071
0.073
0.073
0.073
0.062
0.073
0.073
0.054
0.073
0.073
0.058
0.073
0.073
0.073
0.070
0.073
0.071
0.073
0.073
0.073
0.073
0.073
0.073
0.073
0.070
0.071
0.073
0.073
-2.559
0.071
0.073
0.054
0.067
0.073
0.073
0.073
0.073
0.073
0.073
0.056
0.071
0.073
0.073
0.060
0.073
0.073
0.073
0.073
0.073
0.062
0.073
0.073
0.073
0.073
0.073
0.070
0.073
0.073
0.073
0.073
0.073
0.069
0.060
0.073
0.069
0.073
0.073
0.072
0.073
0.073
0.073
0.073
0.073
0.073
0.067
0.073
0.071
0.069
0.053
0.069
0.073
0.073
0.073
0.073
0.073
0.073
0.073
0.069
0.073
0.073
0.073
0.073
0.073
0.073
0.073
0.070
0.070
0.073
0.073
0.073
0.070
0.073
0.073
0.071
0.073
0.072
0.073
0.073
0.073
0.073
0.073
0.073
0.073
0.073
0.073
0.073
0.073
0.073
0.067
0.073
0.073
0.070
0.073
0.073
0.073
0.073
0.073
0.070
0.073
0.073
0.073
0.073
0.073
0.073
0.073
0.073
0.073
0.073
0.070
0.073
0.073
0.073
0.073
0.073
0.073
0.071
0.073
0.073
0.057
0.073
0.073
0.070
0.073
0.073
0.073
0.073
0.061
0.073
0.073
0.073
0.073
0.073
0.073
0.073
0.073
0.073
0.070
0.073
0.073
0.073
0.073
0.073
0.073
0.073
0.073
0.073
0.073
0.073
0.071
0.073
0.073
0.073
0.073
0.073
0.073
0.073
0.073
0.073
0.073
0.073
0.073
0.073
0.073
0.073
0.073
0.073
0.069
0.070
0.073
0.062
0.073
0.073
0.073
0.073
0.073
0.073
0.073
0.073
0.073
0.073
0.073
0.073
0.073
0.073
0.073
0.073
0.073
-2.134
0.073
0.073
0.073
0.073
0.073
0.073
0.073
0.073
-2.160
0.070
0.070
0.073
0.073
0.060
0.071
0.073
0.070
0.070
0.073
0.070
0.069
0.073
0.073
0.073
0.073
0.073
0.073
0.060
0.060
0.073
0.073
0.073
0.073
0.073
0.073
0.073
0.073
0.073
0.060
0.073
0.073
0.071
0.073
0.073
0.073
0.073
0.073
0.073
0.073
0.073
0.073
0.073
0.073
0.073
0.073
0.073
0.073
0.073
0.073
0.062
0.073
0.073
0.070
0.073
0.073
0.054
0.073
0.073
0.070
0.073
0.073
0.073
0.073
0.073
0.073
0.073
0.073
0.070
0.073
0.073
0.073
0.073
0.073
0.069
0.073
0.073
0.059
0.073
0.073
0.070
0.073
0.073
0.073
0.073
0.073
0.073
0.073
0.073
0.073
0.073
0.073
0.073
0.069
0.073
0.073
0.073
0.073
0.073
0.073
0.073
0.073
0.073
0.073
0.070
0.073
0.073
0.073
0.073
0.073
0.073
0.073
0.073
0.069
0.073
0.073
0.073
0.073
0.073
0.073
0.073
0.073
0.067
0.073
0.073
0.071
0.073
0.073
0.070
0.073
0.073
0.069
0.073
0.073
0.069
0.073
0.073
0.073
0.073
0.073
0.073
0.073
0.073
0.073
0.073
0.073
0.071
0.073
0.073
0.072
0.073
0.073
0.073
0.073
0.073
0.073
0.073
0.073
0.073
0.073
0.073
0.069
0.073
0.073
0.073
0.058
0.057
0.073
0.067
0.073
0.073
0.073
0.073
0.073
0.073
0.073
0.073
0.073
0.073
0.057
0.069
0.073
0.071
-0.532
-0.667
-0.532
0.057
0.069
0.073
0.064
0.073
-1.743
0.073
0.073
0.073
0.073
0.061
0.073
0.073
0.073
0.073
0.073
0.073
0.071
0.070
0.072
0.073
0.073
0.073
0.073
0.073
0.073
0.073
0.072
0.073
0.062
0.073
0.073
0.067
0.073
0.073
0.073
0.073
0.073
0.070
0.073
0.070
0.073
0.073
0.070
0.073
0.073
0.070
0.073
0.073
0.073
0.070
0.073
0.073
0.073
0.070
0.070
0.070
-1.283
-1.282
-1.282
0.058
0.072
0.069
0.073
0.073
0.073
0.073
0.057
0.070
0.071
0.070
0.071
0.073
0.073
0.072
0.073
0.072
0.070
0.073
0.073
0.059
0.070
0.070
0.064
0.062
0.073
0.069
0.073
0.073
0.070
-1.648
0.071
-2.135
-2.345
-1.718
0.073
-0.588
-0.589
-0.793
0.073
0.070
0.073
0.073
0.073
0.073
0.069
0.073
0.062
0.073
0.073
0.073
0.073
0.073
0.073
0.073
0.073
0.073
