fixedStep chrom=ENSGT00390000015623 start=1 step=1
0.000
0.000
0.000
0.000
0.000
0.000
0.000
0.000
0.000
0.000
0.000
0.000
0.000
0.000
0.000
0.000
0.000
0.000
0.000
0.000
0.000
0.123
0.123
0.122
-0.883
0.123
0.085
0.122
0.123
0.118
0.123
0.105
0.114
0.119
-0.909
0.099
0.123
0.115
0.123
0.113
-0.993
-0.890
0.114
0.123
0.122
0.123
0.115
0.123
0.123
0.123
0.115
-0.916
0.091
0.123
0.112
-0.901
0.114
0.092
0.114
0.123
0.123
0.092
0.092
0.123
0.115
0.118
0.123
0.123
0.122
0.123
0.102
0.123
0.123
0.123
0.123
0.115
0.123
0.094
0.085
0.113
0.113
-0.090
-0.091
-0.126
0.123
0.123
0.106
0.115
0.122
0.123
0.092
0.115
0.123
0.122
0.123
0.122
0.123
0.119
0.112
0.123
0.120
0.122
-0.993
0.123
-0.901
0.123
0.123
0.123
-0.988
0.105
0.122
0.123
0.105
0.115
0.123
0.091
0.115
0.122
0.123
0.105
0.122
0.123
0.123
0.123
0.115
0.113
0.108
0.123
0.123
0.108
0.123
0.095
0.123
0.123
0.117
0.122
0.123
0.091
0.122
0.123
0.114
0.123
0.113
0.114
0.092
0.123
0.122
0.115
0.091
-0.901
0.123
0.123
0.115
0.085
0.122
0.116
0.085
0.092
0.122
0.123
-2.016
0.123
0.123
0.085
0.116
0.123
0.123
0.123
0.123
0.086
0.119
0.085
0.116
0.123
0.115
0.123
0.116
0.092
0.097
0.123
0.123
0.123
-0.986
0.123
0.123
0.123
0.115
0.123
0.116
-1.477
0.123
0.122
0.123
0.123
0.115
0.122
0.123
0.116
0.123
0.114
0.123
0.123
0.123
0.086
0.114
0.105
0.116
0.122
0.123
0.123
0.123
0.105
0.114
0.123
0.123
0.115
-0.896
0.123
0.114
0.122
0.123
0.114
0.091
0.088
0.122
0.122
0.123
0.115
0.122
0.122
0.123
-0.933
0.116
-0.900
0.122
0.123
0.122
0.122
0.123
0.123
-0.749
-1.204
-0.749
0.105
0.115
0.123
0.123
0.123
0.115
-0.619
-0.782
-0.619
-0.619
-0.909
-2.015
0.085
0.123
0.085
0.108
-1.991
0.085
0.123
0.092
0.123
0.123
0.091
0.116
0.123
0.123
0.123
0.091
0.123
0.123
0.122
0.114
0.123
0.122
0.105
0.114
0.122
0.123
0.122
0.123
0.122
0.123
0.115
0.114
0.085
0.085
-1.466
0.122
0.085
0.085
-0.907
0.123
0.123
0.123
0.113
0.115
0.115
-0.749
-0.791
-0.749
0.122
0.123
0.122
-0.986
0.123
0.123
-0.986
0.085
0.123
0.117
0.114
0.123
-4.239
0.111
0.112
-0.900
-0.896
0.114
0.123
0.115
-0.916
0.122
0.123
0.123
0.110
0.104
0.112
-0.896
0.123
0.121
0.118
0.092
0.123
0.123
0.116
0.123
0.106
0.123
0.122
0.123
0.123
0.106
0.122
0.123
0.115
0.122
0.119
0.114
0.123
0.123
0.122
0.123
0.123
0.116
0.115
0.115
0.115
0.091
0.123
0.123
0.116
0.118
0.120
0.085
0.114
0.085
0.123
0.091
0.116
0.122
0.117
0.085
