fixedStep chrom=ENSGT00390000017024 start=1 step=1
0.079
0.079
0.079
0.079
0.077
0.076
0.079
0.079
0.075
0.075
0.079
0.079
0.079
0.079
0.075
0.075
0.079
0.079
0.079
0.079
0.079
0.079
0.079
0.070
0.079
0.079
0.075
0.079
0.079
0.079
0.079
0.079
0.079
0.079
0.079
0.058
0.079
0.079
0.079
0.079
0.079
0.075
0.079
0.079
0.079
0.079
0.079
0.078
0.079
0.063
-1.562
0.077
0.079
0.079
0.079
0.079
0.079
0.079
0.079
0.079
0.079
0.079
0.075
0.079
0.079
0.079
0.079
0.079
0.079
0.079
0.063
0.079
0.079
0.079
0.079
0.079
0.079
0.079
0.079
0.079
0.079
0.079
0.079
0.077
0.079
0.079
-2.277
0.079
0.079
0.078
0.075
0.079
0.079
0.078
0.079
0.079
0.079
0.079
0.079
0.079
0.079
0.075
0.070
0.079
0.079
0.079
0.079
0.075
0.070
0.079
0.079
0.079
0.079
0.079
0.079
0.079
0.079
0.079
0.079
0.079
0.079
0.079
0.079
0.079
0.079
0.079
0.079
0.079
0.075
0.079
0.079
0.079
0.079
0.079
0.079
0.079
0.079
0.063
0.079
0.079
0.079
0.079
0.079
0.079
0.079
0.079
0.073
0.075
0.079
0.075
0.057
0.079
0.079
0.079
0.079
0.063
0.079
0.079
0.079
0.063
0.079
0.079
0.079
0.079
0.075
0.074
0.074
0.079
0.076
0.079
0.074
0.079
0.079
0.079
0.079
0.079
0.063
0.079
0.079
0.079
0.079
0.079
-1.551
0.062
0.079
0.075
0.079
0.079
0.058
0.079
0.079
0.075
0.075
0.079
0.065
0.079
0.079
0.075
0.079
0.079
0.077
0.075
0.075
0.079
0.077
0.079
0.079
0.079
0.079
0.079
0.079
0.079
0.075
0.079
0.079
0.079
0.079
0.079
0.075
0.062
0.079
0.079
0.079
0.079
0.079
0.079
0.079
0.079
0.079
0.079
0.075
0.079
0.079
0.075
0.079
0.079
0.079
0.079
0.079
0.079
0.079
0.079
0.078
0.079
0.075
0.079
0.079
0.079
0.079
0.079
0.075
0.079
0.075
0.079
0.079
0.079
0.075
0.063
-1.658
0.063
0.075
0.079
0.079
0.062
0.079
0.063
0.079
0.079
0.075
0.079
0.063
0.075
0.079
0.079
0.079
0.075
0.079
0.078
0.074
0.079
0.079
0.062
0.075
0.075
0.075
0.079
0.079
0.079
0.077
0.079
0.075
0.079
0.079
0.079
0.079
0.074
0.079
0.079
0.079
0.079
0.079
0.079
0.079
0.079
0.079
0.075
0.079
0.079
0.079
0.079
0.079
0.075
0.079
0.079
0.079
0.079
0.079
0.079
0.079
0.079
0.079
0.079
0.079
0.079
0.079
0.079
0.079
0.079
0.079
0.062
0.079
0.079
0.079
0.079
0.079
0.079
0.079
0.079
0.073
0.075
0.079
0.079
0.079
0.079
0.056
0.079
0.079
0.073
0.079
0.079
0.079
0.079
0.079
-2.074
0.079
0.079
0.075
0.079
0.079
0.079
0.079
0.079
0.075
0.079
0.079
0.079
0.079
0.079
0.079
0.079
0.079
0.079
0.077
0.079
0.079
0.079
0.079
0.079
0.079
0.079
0.075
0.078
0.079
0.063
0.079
0.079
0.079
0.079
0.079
0.079
0.075
0.079
0.075
0.079
0.079
0.079
0.079
0.079
0.077
0.079
0.079
0.075
0.079
0.079
0.079
0.079
0.079
0.075
0.079
0.079
0.079
0.063
0.079
0.063
0.079
0.074
0.075
0.079
0.079
0.079
0.079
0.058
0.075
0.079
0.078
0.079
0.079
0.079
0.075
0.079
0.079
0.079
0.079
0.079
0.075
0.079
0.079
0.077
0.079
0.079
0.063
0.079
0.079
0.079
0.079
0.079
0.079
0.063
0.077
0.075
0.079
0.074
0.073
0.079
0.079
0.075
0.060
-1.613
0.078
0.078
0.079
0.079
0.079
0.079
0.079
0.079
0.075
0.079
0.079
0.079
0.074
0.079
0.079
0.079
0.079
0.079
0.063
0.079
0.079
0.079
0.079
0.079
0.077
0.079
0.079
0.079
0.077
0.079
0.079
0.079
0.079
0.079
0.079
0.079
0.079
0.079
0.079
0.079
0.079
0.079
0.079
0.079
0.079
0.076
0.079
0.079
0.075
0.079
0.075
0.079
0.079
0.079
0.058
0.079
0.079
0.075
0.079
0.079
0.077
0.079
0.079
0.079
0.075
0.079
0.075
0.079
0.079
0.079
0.079
0.079
0.079
0.079
0.079
0.079
0.079
0.079
0.075
0.078
0.079
0.075
0.079
0.079
0.079
0.079
0.079
0.079
0.076
0.079
0.075
0.079
0.079
0.079
0.079
0.079
0.078
0.079
0.079
0.079
0.079
0.079
0.075
0.075
-1.555
-3.008
0.077
0.079
0.079
0.079
0.079
0.079
0.078
0.078
0.079
0.079
0.075
0.075
0.079
0.079
0.079
0.077
0.079
0.079
0.079
0.079
0.075
0.075
0.079
0.079
0.079
0.079
-1.569
0.079
0.079
-2.199
0.079
0.079
0.079
0.079
0.079
0.078
0.075
0.079
0.079
0.079
0.079
0.079
0.079
0.075
0.079
0.079
0.079
0.079
0.079
0.078
0.075
0.079
0.078
0.070
0.079
0.079
0.079
0.074
0.079
0.074
0.079
0.079
0.078
0.079
0.079
0.079
0.077
0.079
0.077
0.079
0.079
0.078
0.079
0.079
0.079
0.079
0.079
0.079
0.079
0.079
0.076
0.079
0.079
0.058
0.079
0.079
0.075
0.079
0.079
0.061
0.075
0.079
0.075
0.079
0.079
0.079
0.079
0.079
0.079
0.079
0.079
0.074
0.079
0.079
0.079
0.079
0.079
-1.559
0.079
0.079
0.079
0.079
0.079
0.079
0.079
0.079
0.079
0.079
0.079
0.079
0.075
0.079
-2.255
0.079
0.079
0.062
0.079
0.079
0.079
0.079
0.079
0.075
0.079
0.079
0.079
0.063
0.079
0.079
0.079
0.079
0.057
0.079
0.079
0.062
0.079
0.079
0.070
0.063
0.075
0.075
0.079
0.079
0.079
0.079
0.079
0.059
0.079
0.079
0.077
0.075
0.079
0.074
0.062
0.079
0.075
0.075
0.079
0.079
0.075
0.070
0.079
0.079
0.079
0.079
0.079
0.079
0.078
0.079
0.079
0.079
0.079
0.079
0.079
0.079
0.078
0.075
0.079
0.079
0.063
0.079
0.079
0.079
0.075
0.079
0.079
0.079
0.079
0.079
0.079
0.079
0.079
0.079
0.079
0.075
0.079
0.079
0.079
0.079
0.079
0.076
0.062
0.079
0.079
0.074
0.079
0.077
0.079
0.079
0.076
-1.578
-1.581
-1.581
0.079
0.079
0.079
0.079
0.079
0.075
0.078
0.079
0.079
0.075
0.079
0.068
0.079
0.079
0.079
-0.826
-1.137
-1.136
-0.827
-0.826
-0.829
0.079
0.079
0.075
0.075
0.078
0.075
0.079
0.075
0.079
0.079
0.079
0.063
0.079
0.079
0.079
0.079
0.079
0.079
0.075
0.075
0.075
0.075
0.062
-1.585
0.079
0.079
0.079
0.079
0.079
0.077
0.075
0.079
0.075
0.079
0.079
0.079
0.079
0.079
0.075
0.079
0.079
0.075
0.079
0.079
0.075
0.075
0.079
0.079
0.079
0.078
-1.551
0.079
0.075
0.075
0.075
0.079
0.079
0.079
0.079
0.075
0.079
0.075
0.075
0.079
0.062
0.079
0.075
0.075
0.079
0.079
0.079
0.079
0.079
0.079
0.078
0.062
0.077
-1.534
0.073
0.079
0.075
0.079
0.079
0.079
0.079
0.079
0.075
0.076
0.079
0.079
0.079
0.079
0.079
0.079
0.079
0.079
0.079
0.075
0.075
0.079
0.079
0.079
0.079
0.079
0.075
0.079
0.079
0.079
0.079
0.079
0.079
0.079
0.079
0.079
0.079
0.079
0.075
0.079
0.079
0.079
0.079
0.079
0.063
0.079
0.079
0.075
0.075
0.079
0.075
0.079
0.079
0.075
0.079
0.058
0.075
0.079
0.079
0.075
0.075
0.075
0.079
0.079
0.079
0.075
0.076
0.079
0.079
0.079
0.078
0.075
0.079
0.079
0.079
0.079
0.075
0.075
0.079
0.058
0.079
0.079
0.079
0.063
0.079
0.077
0.079
0.075
0.079
0.062
0.079
0.078
0.075
