fixedStep chrom=ENSGT00390000004282 start=1 step=1
0.058
0.058
0.058
0.058
0.058
0.052
0.058
0.058
0.058
0.058
0.058
0.050
0.058
-1.160
0.058
0.058
0.052
0.058
0.058
0.058
0.058
0.058
0.058
0.058
0.052
0.058
0.050
-1.159
0.058
0.058
0.058
0.058
0.058
0.058
0.055
0.058
0.055
0.058
0.058
0.058
0.058
0.058
-1.143
0.058
0.058
0.058
0.058
0.058
0.058
0.058
0.058
0.058
0.058
0.058
0.058
0.058
0.058
0.052
0.058
0.058
0.058
0.051
0.051
0.052
0.052
0.058
0.058
0.058
0.045
0.045
0.055
0.055
0.058
0.058
-2.385
0.045
0.055
0.050
0.055
0.045
0.058
0.058
0.058
0.058
0.058
0.058
0.058
0.058
0.058
0.058
0.058
0.058
0.058
0.058
0.058
0.058
0.058
0.058
0.058
0.058
0.058
0.058
0.058
0.058
0.058
0.058
0.058
-1.143
0.057
0.058
-1.159
0.055
0.058
0.058
0.058
0.058
0.058
-1.159
0.058
0.058
0.058
0.058
0.052
0.058
0.058
0.058
0.058
0.058
0.058
0.058
0.052
0.058
0.058
0.058
0.058
0.058
0.058
0.058
0.058
0.058
0.058
0.058
0.058
0.058
0.058
0.058
0.058
0.058
0.058
0.058
0.058
0.058
0.058
0.058
0.058
0.058
0.058
0.058
0.058
0.058
0.058
0.055
0.058
0.058
0.058
0.055
0.052
-1.160
0.058
0.058
0.052
0.057
0.058
0.058
0.058
0.058
0.052
0.058
0.058
0.058
0.058
0.058
0.058
0.058
0.058
0.058
0.058
0.058
0.058
0.058
0.058
0.058
0.058
0.058
0.052
0.058
0.058
0.052
0.058
0.058
0.058
0.058
0.058
0.058
0.058
0.058
0.057
0.058
0.052
0.055
0.058
0.058
0.055
-1.161
0.058
0.058
0.052
0.058
0.058
0.058
0.058
0.058
0.058
0.058
0.058
0.058
0.058
0.058
0.058
0.058
0.058
0.058
0.057
-1.159
0.058
0.058
0.058
0.058
0.058
-1.156
0.052
-1.160
0.052
0.058
0.058
0.058
0.058
0.052
0.058
0.058
-1.159
0.058
-1.156
0.058
0.058
0.058
0.058
0.058
0.058
0.058
0.058
0.058
0.057
0.052
0.058
0.058
0.058
0.058
0.058
0.058
0.058
0.058
0.058
0.058
0.058
0.058
0.058
0.058
0.057
0.058
0.058
0.058
0.058
0.058
0.052
0.055
0.058
0.058
0.058
0.058
0.058
0.058
-1.156
0.058
0.058
0.052
0.058
0.058
0.058
0.058
0.058
0.058
0.052
0.058
0.058
0.058
0.058
0.058
0.058
0.058
0.058
0.058
-1.156
0.046
0.058
0.058
0.058
-1.156
0.058
0.058
0.045
0.058
0.058
0.058
0.058
0.058
0.058
0.058
0.058
0.058
0.058
0.058
0.057
0.058
0.058
0.058
0.058
0.058
0.058
0.058
0.058
0.058
0.058
0.058
0.058
0.058
0.058
0.058
0.058
0.058
0.058
0.058
0.058
0.058
0.058
0.058
0.054
0.058
0.058
0.058
0.058
0.058
0.058
0.058
0.058
0.058
0.058
0.058
0.058
0.058
0.058
0.052
0.058
0.058
0.058
0.058
0.058
0.058
0.058
0.058
0.058
0.058
-1.157
0.058
0.058
-1.159
0.057
0.058
0.058
0.058
0.058
0.058
0.058
0.058
0.058
0.058
0.058
0.057
0.058
0.058
0.058
0.058
0.058
0.058
0.058
0.058
0.058
0.057
0.052
0.052
0.055
0.058
0.058
0.058
0.058
0.058
0.058
0.058
0.058
0.052
0.058
0.058
0.058
0.058
0.058
0.058
0.058
0.058
0.058
0.058
0.058
0.058
0.058
-2.111
0.058
0.058
0.058
0.058
0.058
0.058
0.058
0.058
0.058
-1.156
0.058
0.058
0.055
0.058
0.055
0.058
0.051
0.058
0.058
0.058
0.058
0.058
0.058
0.058
0.058
0.058
0.058
0.052
0.058
0.052
0.058
0.058
0.058
0.058
0.057
0.058
0.058
0.058
0.058
0.058
0.058
0.058
0.058
0.058
0.058
-1.157
0.058
0.058
0.058
0.058
0.058
0.058
0.058
0.058
-1.161
0.054
0.058
0.058
0.058
0.058
0.058
0.058
0.058
0.058
0.058
0.058
0.058
0.058
0.058
0.058
0.058
0.058
0.058
0.058
0.052
0.057
0.058
0.058
0.058
0.058
0.058
0.052
0.058
0.058
0.052
0.058
0.058
0.058
0.058
0.058
0.058
0.058
0.058
0.058
0.058
0.058
0.055
0.058
0.058
0.058
-1.160
0.052
0.058
0.058
0.058
0.058
0.052
0.058
0.058
0.058
0.058
0.058
0.058
0.058
0.058
0.058
0.058
0.058
0.052
-1.161
0.058
-1.160
0.058
0.058
0.058
0.058
0.058
0.058
0.050
0.058
0.058
0.058
0.058
0.058
0.058
0.052
0.058
0.058
0.055
0.058
0.058
0.058
0.058
0.058
0.058
0.058
0.058
0.058
0.058
0.058
0.058
0.058
0.058
0.058
-1.143
0.058
0.058
0.058
0.058
0.058
0.052
0.058
0.058
0.055
0.052
0.058
0.058
0.058
0.052
0.058
0.058
0.058
-1.143
-1.159
0.058
0.058
0.052
0.058
0.058
0.058
0.055
0.055
0.058
0.052
0.058
0.058
0.058
0.058
0.058
0.058
-1.422
-1.702
-1.421
