fixedStep chrom=ENSGT00390000011053 start=1 step=1
-1.334
-2.166
-1.624
-2.182
-1.621
-1.624
-2.126
-2.125
-2.512
-0.240
-0.240
-0.240
0.071
0.071
-0.886
0.071
-2.178
0.071
-1.611
0.067
0.062
-0.887
-0.886
0.071
0.071
0.071
0.071
0.071
0.071
0.065
-0.868
-0.887
-0.869
0.071
0.071
0.070
0.071
-0.880
-0.886
-0.868
0.071
-1.574
0.065
-0.886
-1.355
0.060
0.065
-0.886
0.071
0.071
0.065
-0.886
0.071
-0.887
0.071
0.071
0.071
0.071
0.071
0.071
0.071
0.071
0.071
0.071
0.071
0.071
0.071
0.071
0.071
0.071
0.071
0.071
0.071
0.071
0.071
0.060
0.071
0.060
0.071
0.071
0.068
0.071
0.071
0.071
0.071
0.071
0.071
0.071
0.071
0.071
0.071
0.071
0.071
0.071
0.071
0.071
0.071
0.071
0.071
0.071
0.071
0.071
0.071
0.071
0.071
0.071
0.071
0.071
0.071
0.071
0.071
0.071
0.071
0.071
0.071
0.071
0.070
0.071
0.068
0.068
0.068
0.068
0.065
0.057
0.068
0.068
0.068
0.068
0.068
0.068
0.068
0.068
0.068
0.068
0.068
0.068
0.068
0.068
0.068
0.068
0.068
0.068
0.068
0.068
0.068
0.068
0.068
0.068
0.068
0.068
0.068
0.068
0.068
0.068
0.068
0.068
0.068
0.068
0.068
0.068
0.068
0.068
0.068
0.068
0.068
0.068
0.068
0.057
0.068
0.068
0.067
0.068
0.068
0.068
0.068
0.068
0.068
0.068
0.068
0.068
0.071
0.071
0.071
0.071
0.071
0.071
0.071
0.071
0.071
0.071
0.071
0.071
0.071
0.071
0.071
0.071
0.060
0.071
0.071
0.071
0.071
0.071
0.071
0.070
0.071
0.071
0.071
-1.142
-1.143
-1.142
0.071
0.071
0.071
0.060
0.061
0.071
0.071
0.071
0.071
0.071
0.064
0.070
0.067
0.071
0.071
0.067
0.071
0.071
0.071
0.071
0.071
0.071
0.071
0.071
0.071
0.071
0.065
0.071
0.071
0.071
0.070
0.069
0.071
0.071
0.071
0.071
0.067
0.071
0.071
0.067
0.071
0.071
0.071
-0.880
0.070
0.071
0.071
0.066
0.071
0.071
0.070
0.071
0.071
0.071
0.071
0.071
0.071
0.071
0.071
0.071
0.071
0.071
0.071
0.071
0.071
0.071
0.067
0.067
0.052
0.067
0.052
0.067
0.052
0.052
0.063
0.067
0.071
0.067
0.052
0.071
0.052
0.071
0.067
-1.210
-1.140
-1.140
-1.142
-1.140
-1.140
-1.142
-1.142
-1.142
-1.162
0.052
0.071
0.071
0.067
0.071
0.052
0.071
0.067
0.071
0.071
0.071
0.071
0.071
0.071
0.066
0.071
0.071
0.071
0.071
0.071
0.071
0.071
0.071
0.071
0.068
0.068
0.068
0.068
0.068
0.068
0.066
0.068
0.068
0.068
0.068
0.068
0.068
0.068
0.067
0.068
0.068
0.067
0.068
0.068
0.068
0.062
0.068
0.068
0.068
0.068
0.062
0.068
0.068
0.068
0.068
0.068
0.068
-1.151
-1.151
-1.151
0.068
0.068
-1.617
0.068
0.068
0.068
0.068
0.068
0.068
0.068
0.068
0.068
0.068
0.068
0.068
0.068
0.068
0.068
0.068
0.068
0.068
0.068
0.068
0.068
0.071
0.071
0.071
0.071
0.071
0.071
0.068
0.071
0.071
0.071
0.071
0.071
0.071
0.071
0.071
0.071
0.071
0.071
0.071
0.068
0.071
0.071
0.071
0.071
0.071
0.071
0.071
0.070
0.071
0.071
0.071
0.071
0.071
0.071
0.068
0.061
0.071
0.060
0.071
0.071
0.071
0.071
0.071
0.069
0.071
0.071
0.071
0.071
