fixedStep chrom=ENSGT00390000017980 start=1 step=1
0.000
0.000
0.000
0.000
0.000
0.000
0.000
0.000
0.000
0.000
0.000
0.000
0.000
0.000
0.000
0.000
0.000
0.000
0.000
0.000
0.000
0.000
0.000
0.000
0.000
0.000
0.000
0.000
0.000
0.000
0.000
0.000
0.000
0.000
0.000
0.000
0.000
0.000
0.000
0.000
0.000
0.000
0.000
0.000
0.000
0.000
0.000
0.000
0.000
0.000
0.000
0.000
0.000
0.000
0.000
0.000
0.000
0.000
0.000
0.000
0.000
0.000
0.000
0.000
0.000
0.000
0.000
0.000
0.000
0.000
0.000
0.000
0.000
0.000
0.000
0.000
0.000
0.000
0.000
0.000
0.000
0.000
0.000
0.000
0.000
0.000
0.000
0.000
0.000
0.000
0.000
0.000
0.000
0.000
0.000
0.000
0.000
0.000
0.000
0.000
0.000
0.000
0.000
0.000
0.000
0.000
0.000
0.000
0.000
0.000
0.000
0.000
0.000
0.000
0.000
0.000
0.000
0.000
0.000
0.000
0.000
0.000
0.000
0.000
0.000
0.000
0.000
0.000
0.000
0.000
0.000
0.000
0.000
0.000
0.000
0.000
0.000
0.000
0.000
0.000
0.000
0.000
0.000
0.000
0.000
0.000
0.000
0.000
0.000
0.000
0.000
0.000
0.000
0.000
0.000
0.000
0.000
0.000
0.000
0.000
0.000
0.000
0.000
0.000
0.000
0.000
0.080
0.068
-0.792
-0.779
-0.792
0.066
-0.780
0.077
-0.794
-1.824
0.078
-1.021
0.080
0.059
0.080
0.071
0.070
-0.792
0.066
0.071
-0.792
0.074
-0.792
0.080
0.080
0.077
0.074
-0.792
-0.791
0.077
0.078
0.074
0.080
-0.790
-0.942
-2.090
-0.792
0.065
0.080
0.080
-2.048
0.068
-1.983
-0.961
0.074
0.071
-1.021
0.074
0.070
0.080
-0.583
-0.583
-0.583
-0.792
0.080
0.084
0.084
0.071
0.084
0.084
0.084
0.084
0.084
0.084
0.083
0.084
0.084
0.084
0.084
0.084
0.084
0.084
0.084
0.084
0.084
0.084
0.084
0.084
0.084
0.067
0.084
0.084
0.084
0.084
0.084
0.084
0.084
0.084
0.082
0.084
0.084
0.084
0.084
0.084
0.075
0.084
0.084
0.084
0.084
0.084
0.084
0.084
0.084
0.084
0.084
0.084
0.084
0.084
0.084
0.084
0.084
0.084
0.084
0.084
0.084
0.084
0.084
0.084
0.076
0.084
0.084
0.078
0.084
0.084
0.084
0.082
0.084
0.084
0.084
0.084
0.082
0.084
0.084
0.079
0.084
0.084
0.084
0.084
0.084
0.084
0.084
0.084
0.081
0.084
0.084
0.081
0.084
0.084
0.084
0.084
0.084
0.073
0.084
0.084
0.083
0.084
0.084
0.084
0.084
0.084
0.082
0.084
0.084
0.084
0.084
0.084
0.079
0.084
0.084
0.084
0.084
0.084
0.084
0.084
0.084
0.081
0.084
0.084
0.084
0.084
0.084
0.084
0.084
0.084
0.082
0.084
0.084
0.084
0.084
0.084
0.084
0.084
0.084
0.084
0.084
0.084
0.084
0.084
0.084
0.084
0.084
0.084
0.077
0.084
0.084
0.084
0.084
0.084
0.084
0.084
0.084
0.084
0.084
0.084
0.081
0.084
0.084
0.084
0.084
0.084
0.082
0.084
0.084
0.081
0.084
0.084
0.072
0.084
0.084
0.084
0.084
0.084
0.084
0.084
0.084
0.084
0.084
0.084
0.082
0.084
0.084
0.084
0.084
0.084
0.081
0.084
0.084
0.071
0.084
0.084
0.084
0.084
0.084
0.084
0.084
0.084
0.081
0.084
0.084
0.084
0.084
0.084
0.079
0.084
0.084
0.084
0.084
0.084
0.083
0.084
0.084
0.084
0.084
0.084
0.084
0.084
0.084
0.084
0.084
0.084
0.073
0.084
0.084
0.081
0.084
0.084
0.084
0.084
0.084
0.084
0.084
0.084
0.084
0.084
0.084
0.071
0.084
0.084
0.084
0.084
0.084
0.084
0.084
0.084
0.084
