fixedStep chrom=ENSGT00390000012635 start=1 step=1
-1.116
-1.114
-1.116
0.063
0.047
0.063
0.063
0.067
0.047
0.067
0.067
0.067
0.067
0.063
0.047
0.067
0.067
0.067
0.067
0.067
0.067
0.067
0.067
0.067
0.067
0.067
0.067
0.067
0.067
0.067
0.067
0.067
0.067
0.067
0.067
0.062
0.067
0.067
0.067
0.067
0.067
0.067
0.067
0.067
0.067
0.067
0.067
0.067
0.067
0.057
0.067
0.067
0.067
0.067
0.067
0.067
0.067
0.067
0.062
0.067
0.067
0.067
0.063
0.067
0.067
0.067
0.067
0.063
0.067
0.000
0.000
0.000
0.000
0.000
0.000
0.000
0.000
0.000
0.000
-2.451
-2.451
0.067
0.067
0.063
0.053
0.053
0.053
0.053
0.053
0.067
0.053
0.064
0.064
0.067
0.067
0.064
0.067
0.067
0.067
0.067
0.067
0.067
0.067
0.067
0.063
0.047
0.062
0.063
0.067
0.067
0.067
0.057
0.067
0.067
0.067
0.065
0.067
0.067
0.067
0.067
0.067
0.067
0.067
0.067
0.067
0.067
0.067
0.067
0.063
0.067
0.067
0.067
0.065
0.047
0.067
0.067
0.067
0.067
0.067
0.067
0.067
0.067
0.067
0.067
0.067
0.067
0.067
0.067
0.067
0.067
0.067
0.067
0.067
0.067
0.067
0.067
0.067
0.067
0.065
0.067
0.065
0.067
0.067
0.067
0.067
0.067
0.067
0.067
0.067
0.067
0.057
0.067
0.067
0.067
0.067
0.067
-2.586
0.067
0.067
0.067
0.067
0.067
0.066
0.067
0.067
0.067
0.067
0.067
0.067
0.067
0.067
0.067
0.067
0.067
0.063
0.063
0.067
0.067
0.067
0.067
0.047
0.067
0.067
0.067
0.067
0.067
0.067
0.067
0.067
0.067
0.067
0.067
0.067
0.066
0.067
0.067
0.067
0.067
0.067
0.067
0.067
0.067
0.067
0.067
0.067
0.067
0.067
0.067
0.067
0.067
0.067
0.067
0.067
0.067
0.067
0.067
0.067
0.067
0.065
0.067
0.067
0.067
0.067
0.049
0.056
-1.742
0.056
0.056
-1.771
-1.420
-1.987
-1.411
0.065
0.056
0.056
0.067
0.065
0.067
0.067
0.067
0.063
0.067
0.067
0.064
0.067
0.067
0.063
0.067
0.067
0.067
0.067
0.067
0.067
0.067
0.067
0.067
0.067
0.067
0.067
0.067
0.067
0.067
0.067
0.067
0.067
-1.382
-1.382
-1.387
