fixedStep chrom=ENSGT00390000010450 start=1 step=1
0.000
0.000
0.000
0.000
0.000
0.000
0.000
0.000
0.000
0.000
0.000
0.000
0.000
0.000
0.000
0.000
0.000
0.000
0.000
0.000
0.000
0.000
0.000
0.000
0.000
0.000
0.000
-1.360
-1.918
-2.572
-1.934
-1.042
-1.845
-3.474
-1.789
-3.163
-3.638
-1.889
-2.522
-1.042
-2.568
-2.021
-3.084
-0.642
-3.638
-3.443
0.107
0.099
-2.361
0.105
0.102
0.087
0.075
0.102
0.092
0.087
0.096
0.103
-2.357
0.092
0.106
0.105
0.092
0.103
0.103
0.106
0.105
0.103
0.092
0.105
0.103
-3.672
0.103
0.093
0.089
0.106
0.095
-2.365
0.102
-2.488
-2.295
0.103
0.100
-2.248
0.000
0.000
0.000
0.000
0.000
0.000
0.000
0.000
0.000
0.000
0.000
0.000
0.000
0.000
0.000
0.000
0.000
0.000
0.106
0.106
0.106
0.096
0.106
0.106
0.106
0.106
-1.068
0.106
0.106
0.106
-0.572
-0.556
0.096
-0.570
-0.569
0.096
-0.572
0.106
-0.572
0.096
-0.570
-0.570
-0.531
-0.531
-0.530
-0.531
-0.530
-0.531
-0.531
-0.531
-0.531
-0.549
-0.531
-0.531
-0.530
-0.530
-0.531
-0.531
-0.531
-0.531
0.091
0.107
-1.095
-0.556
-0.556
0.096
-0.572
0.096
0.106
0.106
0.096
-0.556
-0.572
-0.572
0.096
-0.570
-0.570
-1.063
-0.570
0.103
-0.569
-0.572
-0.556
0.096
-0.531
-0.531
-0.531
-0.638
-0.531
-1.266
0.106
0.106
0.106
0.096
0.105
0.094
0.106
0.106
-0.960
0.106
-1.076
-0.924
-0.570
0.107
0.096
-0.556
-0.569
0.106
-0.570
-0.556
0.106
0.106
0.096
0.106
0.096
-1.082
-0.572
0.106
0.093
-1.595
-1.684
-0.556
-1.729
0.096
0.096
0.096
0.103
0.096
-0.572
0.096
0.106
-1.077
0.000
0.000
0.000
0.000
0.000
0.000
0.000
0.000
0.000
0.000
0.000
0.000
0.096
0.081
-1.157
-0.572
0.106
-0.960
0.106
0.093
0.101
-0.570
-0.556
-1.051
0.106
0.107
0.106
0.106
0.106
-1.024
0.106
-0.556
0.106
0.106
0.106
-0.570
0.106
0.107
-0.570
0.096
-0.569
0.106
0.107
0.096
-0.556
-0.572
-0.569
0.096
-0.572
0.096
0.081
0.106
0.107
0.106
-0.556
0.096
-1.077
0.096
-1.082
0.094
-0.572
-0.572
-0.570
-0.556
-0.572
0.096
0.106
0.096
-1.814
-1.082
0.106
0.102
0.107
0.107
0.106
-0.020
-0.020
-0.020
0.096
0.096
-0.572
0.095
0.107
-0.570
-0.570
-0.572
-1.068
0.096
-0.569
0.096
0.106
0.107
0.105
0.107
0.107
0.096
0.106
0.106
0.106
0.096
-0.570
0.094
0.107
0.106
0.106
-0.020
-0.020
-0.020
-0.020
-0.020
-0.020
0.106
-0.556
-1.596
0.103
0.107
0.106
-0.572
0.107
0.106
-0.569
-0.556
0.106
0.096
0.096
-0.572
-0.569
0.107
0.096
-0.570
-0.556
0.106
0.106
0.106
0.096
-0.572
0.107
-0.570
-0.569
0.096
-1.082
-0.570
0.107
0.096
0.106
0.096
-0.572
0.106
0.106
-0.570
-0.556
0.106
-0.570
0.096
-0.572
0.106
-0.569
-0.569
0.097
-0.572
0.096
-1.076
0.106
0.106
0.106
0.106
0.106
0.106
-0.570
0.106
0.106
0.106
0.106
0.096
0.106
0.107
0.106
0.106
0.106
0.096
0.106
0.106
0.103
0.093
0.096
0.105
0.107
0.106
0.106
0.106
-0.569
0.096
0.107
0.107
0.106
0.096
0.103
0.106
0.107
0.106
0.106
0.106
0.106
0.106
0.106
0.106
0.107
0.106
0.106
0.103
0.106
0.106
0.103
0.106
0.106
0.106
0.106
0.106
0.106
0.107
0.106
0.106
0.106
0.106
0.096
0.095
0.107
0.106
0.106
0.106
0.106
0.106
0.106
0.106
0.106
0.107
0.106
0.106
0.106
0.106
0.106
0.106
0.106
0.107
0.106
0.106
-1.829
0.107
0.096
0.103
0.107
0.106
0.106
0.106
0.096
0.095
0.101
0.095
0.106
0.107
-0.556
0.106
0.106
0.075
0.096
0.096
-0.572
0.096
-0.569
-1.810
-1.078
0.107
0.106
0.106
0.106
0.106
0.107
0.107
0.106
0.106
0.107
-1.099
0.106
0.106
0.097
0.106
0.107
0.103
0.106
0.107
0.106
0.107
0.106
0.106
0.106
0.107
-0.572
0.106
0.106
0.096
0.106
0.106
0.106
0.107
0.107
-0.556
0.106
0.106
-1.729
0.103
0.106
0.106
0.106
0.107
0.106
0.106
0.106
-1.120
0.103
0.105
0.106
0.106
0.096
0.107
0.106
0.107
-0.572
-0.570
-0.570
0.106
0.106
0.096
-0.569
0.082
0.082
-1.114
-1.112
0.107
-1.120
-1.095
0.082
0.106
0.106
0.107
0.096
0.107
0.082
0.097
0.101
0.106
0.106
0.106
0.106
0.082
0.106
-1.781
-2.547
-1.709
0.082
0.103
0.082
0.082
0.090
0.082
0.082
0.082
0.106
0.082
0.082
0.082
0.106
-1.095
-0.901
-0.820
-0.824
0.082
0.107
0.106
0.097
0.082
0.082
0.107
0.106
0.101
0.106
0.101
0.101
0.101
0.100
0.106
0.106
0.106
0.101
0.106
0.101
0.106
0.082
0.106
-1.112
0.106
0.106
0.106
0.082
0.082
0.106
0.082
0.082
0.082
0.101
0.082
0.082
0.101
0.082
0.101
0.101
0.106
0.101
0.096
0.090
-1.709
0.082
0.106
-1.846
0.082
0.106
0.096
0.101
0.082
0.082
0.000
0.000
0.000
0.000
0.000
0.000
0.000
0.000
0.000
0.000
0.000
0.000
0.000
0.000
0.000
-1.114
-1.712
0.082
0.101
0.106
-1.116
0.106
0.101
0.079
0.101
0.082
0.096
0.082
0.107
-2.532
0.106
0.101
0.101
0.106
0.106
0.082
0.106
0.101
0.076
0.101
0.082
0.092
0.082
0.101
-1.881
0.107
0.082
0.107
0.106
0.107
0.096
0.106
0.082
0.082
-0.820
-0.825
-0.825
-0.825
-0.820
-0.824
-1.420
-0.936
-0.824
-0.865
-0.820
-0.824
-0.824
-0.824
-0.820
-0.825
-0.825
-0.825
0.106
0.106
0.106
-0.570
0.096
0.106
0.107
0.107
0.106
0.093
0.106
0.096
0.106
0.106
0.096
0.093
-1.590
-0.572
0.106
0.103
0.106
0.106
-0.569
0.106
0.106
0.107
0.106
0.106
0.107
0.103
0.096
0.106
0.096
-0.570
0.107
0.105
0.106
0.107
0.106
0.107
0.106
0.106
0.106
0.106
0.106
0.096
0.107
0.106
0.107
0.106
0.106
0.106
0.106
0.106
0.106
0.106
0.095
0.095
0.106
0.106
0.106
0.106
0.106
0.106
0.106
0.095
0.106
0.106
0.107
0.094
0.103
0.106
0.107
0.106
0.106
-0.570
-0.570
-0.556
0.106
0.106
0.106
-0.556
0.096
0.096
0.096
0.106
0.106
0.101
-1.068
-0.570
0.107
0.106
0.096
0.106
-0.556
0.106
0.106
0.106
0.106
0.105
0.096
-1.050
0.106
0.107
0.105
0.107
0.106
0.106
0.096
0.107
0.106
0.106
0.106
0.106
