fixedStep chrom=ENSGT00390000017300 start=1 step=1
0.000
0.000
0.000
0.000
0.000
0.000
0.000
0.000
0.000
0.000
0.000
0.000
0.000
0.000
0.000
0.000
0.000
0.000
-1.064
-1.059
-1.531
-1.065
-2.094
-1.456
-1.064
-1.023
-1.529
-1.529
-1.527
-1.531
-0.943
-0.942
-1.027
-0.943
-0.940
-0.943
-1.054
-0.970
-0.943
-0.942
-0.943
-0.943
-1.259
-1.249
-1.313
0.094
0.096
0.074
0.085
0.080
0.091
0.096
0.095
0.096
0.096
0.097
0.095
0.096
0.097
0.078
0.074
0.092
0.096
-0.113
-0.128
-0.113
-0.113
-0.112
-0.113
-0.113
-0.293
-0.113
-0.113
-0.113
-0.113
-0.113
-0.113
-0.113
0.097
0.082
0.071
0.089
0.097
0.097
0.094
0.097
0.097
0.097
0.094
0.096
0.097
0.092
0.097
0.097
0.096
0.074
0.091
0.091
0.097
0.091
0.096
0.097
0.097
0.094
0.097
0.091
0.092
0.092
0.096
0.097
0.093
0.096
0.097
0.095
0.095
0.097
0.096
0.097
0.097
0.096
0.097
0.097
0.096
0.097
0.097
0.094
0.097
0.097
0.096
0.092
0.097
0.096
0.096
0.097
0.068
0.097
0.097
0.096
0.097
0.097
0.096
0.094
0.097
0.097
0.097
0.097
0.096
0.096
0.097
0.096
0.091
0.097
0.096
0.097
0.097
0.097
0.094
0.097
0.096
0.091
0.096
0.097
0.097
0.097
0.096
0.096
0.095
0.091
0.097
0.097
0.097
0.077
0.088
0.094
0.096
0.096
0.097
0.097
0.096
0.086
0.092
0.092
0.089
0.097
0.096
0.096
0.095
0.097
0.096
0.091
0.092
0.096
0.097
0.097
0.097
0.096
0.097
0.097
0.097
0.096
0.091
0.097
0.097
0.097
0.087
0.096
0.097
0.096
0.097
0.071
0.097
0.096
0.097
0.097
0.097
0.074
0.097
0.094
0.094
0.097
0.097
0.097
0.097
0.097
0.096
0.097
0.097
0.094
0.097
0.094
0.097
0.096
0.085
0.081
0.091
0.090
0.096
0.095
0.097
0.091
0.097
0.097
0.096
0.096
0.096
0.074
0.097
0.097
0.097
0.096
0.097
0.089
0.092
0.097
0.097
0.097
0.097
0.096
0.097
0.097
0.097
0.091
0.094
0.096
0.096
0.097
0.072
0.097
0.097
0.096
-1.781
0.097
0.094
0.094
0.097
0.097
0.096
0.097
0.094
0.097
0.097
0.072
0.097
0.097
0.097
0.097
0.091
0.096
0.095
0.094
0.097
0.097
0.092
0.092
0.097
0.096
0.096
0.097
0.072
0.077
0.087
0.096
0.096
0.096
0.097
0.096
0.097
0.097
0.096
0.096
0.097
0.096
0.097
0.092
0.088
0.097
0.097
0.096
0.094
0.096
0.097
0.092
0.097
0.089
0.097
0.097
0.097
0.092
0.095
0.096
0.096
0.097
0.096
0.097
0.097
0.096
0.092
0.097
0.094
0.096
0.097
0.096
0.089
0.097
0.097
0.096
0.097
0.096
0.096
0.097
0.096
0.097
0.093
0.085
0.091
0.097
0.096
0.097
0.097
0.096
0.096
0.097
0.096
0.097
0.094
0.096
0.097
0.097
0.082
0.096
0.095
0.096
0.095
0.096
0.094
0.096
0.097
0.097
0.097
0.097
0.094
0.096
0.097
0.076
0.091
0.097
0.092
0.097
0.096
0.096
0.097
0.097
0.096
0.096
0.097
0.089
0.089
0.094
0.086
0.094
0.097
0.097
0.097
0.097
0.096
0.096
0.096
0.097
0.096
0.097
0.096
-0.259
-0.259
-0.259
-0.132
-0.132
-0.352
0.094
0.077
0.073
0.091
0.097
0.092
0.092
0.068
0.091
0.096
0.097
0.091
0.096
0.097
0.096
0.089
0.085
0.097
0.097
0.096
0.097
0.091
0.086
0.094
0.094
0.097
0.086
0.000
0.000
0.000
0.000
0.000
0.000
0.000
0.000
0.000
0.000
0.000
0.000
0.000
0.000
0.000
0.000
0.000
0.000
0.000
0.000
0.000
0.000
0.000
0.000
0.000
0.000
0.000
0.000
0.000
0.000
0.000
0.000
0.000
0.000
0.000
0.000
0.000
0.000
0.000
0.000
0.000
0.000
0.000
0.000
0.000
0.000
0.000
0.000
