fixedStep chrom=ENSGT00390000008298 start=1 step=1
0.000
0.000
0.000
0.000
0.000
0.000
0.000
0.000
0.000
0.000
0.000
0.000
0.000
0.000
0.000
-2.831
-1.893
-2.827
-1.855
-2.828
-1.846
-1.846
-1.851
-1.851
-2.826
-2.862
-1.846
-4.122
-2.864
-2.827
-1.851
-2.264
-1.846
-1.851
-1.846
-2.823
-2.254
-1.893
-2.823
0.000
0.000
0.000
0.000
0.000
0.000
0.000
0.000
0.000
0.000
0.000
0.000
0.000
0.000
0.000
0.000
0.000
0.000
0.000
0.000
0.000
0.000
0.000
0.000
0.000
0.000
0.000
0.000
0.000
0.000
0.000
0.000
0.000
0.000
0.000
0.000
0.000
0.000
0.000
0.000
0.000
0.000
0.000
0.000
0.000
0.000
0.000
0.000
0.000
0.000
0.000
0.000
0.000
0.000
0.000
0.000
0.000
0.000
0.000
0.000
-1.855
-1.851
-2.831
-2.831
-2.826
-1.846
-1.846
-1.851
-2.823
-1.855
-2.827
-2.823
-2.826
-2.300
-2.823
-2.831
-1.851
-1.855
-1.846
-1.893
-1.344
0.076
0.076
0.076
0.076
0.076
0.075
0.076
0.076
0.076
0.076
0.076
0.076
0.076
0.076
0.058
0.076
0.076
0.074
0.076
0.076
0.074
0.076
0.076
0.076
0.076
0.076
0.058
0.067
0.076
0.076
0.076
0.076
0.076
0.076
0.076
0.067
0.076
0.076
0.076
0.076
0.076
0.075
0.076
0.076
0.076
0.075
0.076
0.076
0.074
0.076
0.058
0.076
0.076
0.076
0.076
0.076
0.072
0.076
0.076
0.076
0.076
0.076
0.074
0.076
0.076
0.075
0.076
0.076
0.075
0.076
0.076
0.072
0.076
0.076
0.076
0.074
0.076
0.076
0.076
0.076
0.076
0.076
0.072
0.076
0.076
0.076
0.076
0.076
0.076
0.076
0.076
0.076
0.072
0.076
0.076
0.076
0.076
0.076
0.076
0.076
0.076
0.076
0.075
0.076
0.070
0.076
0.076
0.076
0.076
0.076
0.076
0.076
0.076
0.076
0.076
0.076
0.073
0.076
0.076
0.076
0.076
0.076
0.068
0.076
0.076
0.076
0.076
0.076
0.068
0.076
0.076
0.073
0.076
0.076
0.076
0.076
0.076
0.076
0.076
0.076
0.075
0.076
0.076
0.076
0.076
0.076
0.070
0.076
0.076
0.076
0.076
0.076
0.072
0.076
0.076
0.076
0.076
0.076
0.076
0.076
0.076
0.076
0.076
0.076
0.073
0.076
0.076
0.076
0.076
0.076
0.076
0.076
0.076
0.076
0.075
0.076
0.064
0.076
0.076
0.076
0.076
0.076
0.076
0.076
0.076
0.076
0.076
0.076
0.074
0.076
0.076
0.076
0.076
0.076
0.070
0.076
0.076
0.071
0.076
0.076
0.064
0.076
0.076
0.076
0.076
0.076
0.072
0.076
0.076
0.071
0.076
0.076
0.066
0.076
0.076
0.076
0.076
0.076
0.075
0.071
0.076
0.076
0.076
0.076
0.074
0.076
0.076
0.071
0.076
0.076
0.075
0.076
0.076
0.076
0.074
0.076
0.076
0.076
0.076
0.075
0.076
0.076
0.073
0.076
0.076
0.076
0.076
0.076
0.058
0.072
0.076
0.071
0.076
0.076
0.074
0.076
0.076
0.076
0.076
0.076
0.076
0.076
0.076
0.076
0.076
0.076
0.076
0.076
0.076
0.075
0.076
0.076
0.076
0.076
0.076
0.076
0.076
0.074
0.076
0.076
0.076
0.076
0.076
0.076
0.076
0.076
0.076
0.076
0.076
0.076
0.076
0.076
0.076
0.069
0.076
0.068
0.053
0.076
0.076
0.075
0.074
0.073
0.073
0.076
0.076
0.076
0.076
0.076
0.075
0.076
0.076
0.074
0.076
0.074
0.075
0.076
0.076
0.074
0.070
0.076
0.075
0.076
0.076
0.076
0.076
0.065
0.065
0.065
0.065
0.065
0.065
0.056
0.065
0.065
0.065
0.065
0.065
0.065
0.054
0.065
0.065
0.065
0.065
0.057
0.065
0.065
0.065
0.065
0.065
0.065
0.063
0.065
0.065
0.065
0.063
0.065
0.065
0.065
0.065
0.065
0.065
0.065
0.065
0.065
0.065
0.064
0.065
0.065
0.065
0.065
0.065
0.065
0.065
0.065
0.065
0.065
0.065
0.065
0.065
0.065
0.065
0.065
0.063
0.065
0.065
0.065
0.063
0.065
0.065
0.064
0.065
0.065
0.065
0.065
0.065
0.054
0.065
0.065
0.064
0.065
0.065
0.065
0.065
0.065
0.063
0.062
0.065
0.064
0.063
0.065
0.065
0.065
0.065
0.064
0.065
0.065
0.065
0.065
0.065
0.065
0.065
0.065
0.063
0.065
0.065
0.065
0.065
0.065
0.065
0.065
0.065
0.065
0.065
0.065
0.065
0.065
0.065
0.065
0.065
0.065
0.065
0.065
0.063
0.065
0.065
0.065
0.065
0.065
0.065
0.065
0.065
0.065
0.065
0.065
0.065
0.065
0.065
0.065
0.063
0.065
0.065
0.063
0.065
0.065
0.065
0.065
0.065
0.065
0.065
0.065
0.065
0.065
0.065
0.065
0.065
0.065
0.065
0.065
0.065
0.063
0.065
0.065
0.065
0.065
0.065
0.050
0.065
0.065
0.065
0.065
0.065
0.065
0.065
0.065
0.065
0.056
0.065
0.063
0.065
0.056
0.065
0.065
0.065
0.063
0.065
0.065
0.065
0.065
0.065
0.065
0.065
0.065
0.065
0.065
0.065
0.065
0.065
0.065
0.065
0.076
0.072
0.072
0.076
0.076
0.076
0.076
0.076
0.072
0.076
0.076
0.076
0.076
0.076
0.075
0.076
0.076
0.076
0.076
0.076
0.076
0.076
0.076
0.072
0.076
0.076
0.075
0.076
0.076
0.072
0.076
0.076
0.061
0.076
0.076
0.076
0.076
0.076
0.074
0.076
0.076
0.071
0.076
0.076
0.076
0.076
0.076
0.058
0.076
0.076
0.076
0.076
0.076
0.072
0.074
0.076
0.076
0.076
0.076
0.072
0.076
0.074
0.073
