fixedStep chrom=ENSGT00510000049460 start=1 step=1
-2.256
-2.261
-2.292
-2.292
-2.256
-2.292
-2.261
-2.234
-2.234
-2.256
-2.292
-2.292
-2.256
-2.261
-2.292
-2.261
-2.292
-2.292
0.047
0.046
0.040
0.040
0.040
-2.641
0.046
0.046
0.047
0.046
0.046
0.047
0.047
0.047
0.047
0.047
0.040
0.047
0.047
0.047
0.047
0.047
0.047
0.043
0.047
0.047
0.047
0.047
0.047
0.047
0.047
0.047
0.047
0.047
0.047
0.047
0.047
0.047
0.047
0.040
0.047
0.047
0.047
0.047
0.043
0.047
0.047
0.047
-1.702
-1.698
-1.703
0.047
0.047
0.040
0.046
0.047
0.047
0.046
0.047
0.047
0.047
0.047
-1.914
0.047
0.047
-1.237
0.047
0.047
0.047
0.047
0.047
0.047
0.047
0.047
0.047
0.047
0.047
0.043
0.047
0.047
0.045
0.047
0.047
0.047
0.047
0.047
0.047
0.047
0.047
0.047
0.047
0.047
0.047
0.047
0.047
0.047
0.047
0.047
0.047
0.047
0.047
0.047
0.047
0.047
0.047
0.047
0.047
0.046
0.047
0.047
0.047
0.047
0.047
0.047
0.047
0.047
0.047
0.047
0.047
-0.714
0.047
0.047
0.047
0.047
0.047
0.047
0.046
0.047
0.047
0.047
0.047
0.047
0.047
0.047
0.047
0.047
0.047
0.047
0.047
0.047
0.046
0.047
0.047
0.043
0.047
0.047
0.047
0.047
0.047
0.047
0.047
0.047
0.046
0.047
0.047
0.043
0.047
0.047
0.042
0.047
0.047
0.047
0.047
0.047
0.047
0.047
0.047
0.043
0.047
0.047
0.047
0.047
0.047
0.047
0.047
0.047
0.047
0.047
0.047
0.047
0.047
0.047
0.047
0.047
0.047
0.047
0.047
0.047
0.047
0.047
0.047
0.047
0.047
0.047
0.047
0.047
0.047
0.047
0.047
0.047
0.047
0.047
0.047
0.047
0.047
0.047
0.047
0.047
0.047
-1.246
0.047
0.047
0.047
0.047
0.047
0.047
0.047
0.047
0.047
0.047
0.047
0.047
0.047
0.047
0.046
0.047
0.047
-1.237
0.047
0.047
0.047
0.047
0.047
0.047
0.047
0.047
0.047
0.047
0.047
0.043
0.047
0.047
-1.246
0.047
0.047
0.047
0.047
0.047
0.047
0.047
0.047
0.047
0.047
0.047
0.047
0.047
0.047
0.047
0.047
0.047
0.047
0.047
0.047
0.047
0.047
0.047
0.047
0.047
0.047
-1.244
0.047
0.047
0.046
0.047
0.047
0.047
0.047
0.047
-1.237
0.047
0.047
-1.269
0.047
0.047
0.043
0.047
0.047
0.047
0.047
0.047
0.047
0.047
0.047
0.047
0.047
0.047
0.047
0.047
0.047
0.047
0.047
0.047
-1.244
0.047
0.047
0.047
0.047
0.047
0.047
0.047
0.047
0.047
0.047
0.047
-1.269
0.047
0.047
0.043
0.047
0.047
0.047
0.047
0.047
0.047
0.047
0.047
0.047
0.047
0.047
0.047
0.047
0.047
0.043
0.047
0.047
0.047
0.047
0.047
0.047
0.047
0.047
0.047
0.047
0.046
0.047
0.047
0.047
0.047
0.047
0.047
0.047
0.047
0.047
0.047
0.047
0.047
0.045
0.047
0.047
0.047
0.047
0.047
0.047
0.047
0.047
0.047
0.047
0.047
0.047
0.047
0.047
0.047
0.047
0.047
0.043
0.047
0.047
0.047
0.047
0.047
0.047
0.047
0.047
0.047
0.047
0.047
0.043
0.047
0.047
0.047
0.047
0.047
0.047
0.047
0.047
0.042
0.047
0.047
-1.246
0.047
0.047
0.047
0.047
0.047
0.047
0.047
0.047
0.047
0.047
0.047
0.047
0.047
0.047
0.047
0.047
0.047
0.047
0.047
0.047
0.047
0.047
0.047
-1.269
0.047
0.047
0.047
0.047
0.047
0.047
0.047
0.043
0.046
0.047
0.047
0.047
0.047
0.047
0.047
0.047
0.047
0.047
0.047
0.047
-1.244
0.047
0.047
0.043
0.047
0.047
0.047
0.047
0.047
0.047
0.047
0.047
0.047
0.047
0.047
0.045
-1.254
0.047
0.047
0.047
0.047
0.047
0.047
0.047
0.047
0.047
0.047
0.047
0.047
0.047
0.047
0.047
0.047
0.047
0.047
0.047
0.047
0.047
0.047
0.047
0.047
0.047
0.047
0.047
0.047
0.043
0.047
0.047
0.047
0.047
0.047
0.047
0.047
0.047
0.047
0.047
0.047
0.047
0.047
0.047
0.047
0.047
0.047
0.047
0.047
0.047
0.047
0.047
0.047
0.047
0.047
0.047
0.047
0.047
0.047
0.047
0.047
0.047
0.047
0.047
0.047
0.047
0.047
0.047
0.043
0.047
0.047
0.047
0.047
0.047
0.043
0.047
0.047
0.047
0.047
0.047
0.047
0.047
0.047
0.047
0.043
0.047
0.047
0.047
0.047
0.047
0.047
0.047
0.047
0.047
0.047
0.047
0.047
0.047
0.046
0.047
0.047
0.047
0.047
0.047
0.047
0.047
0.047
0.047
0.047
0.047
0.047
0.047
0.047
0.047
0.047
0.047
0.047
0.047
0.047
0.047
0.047
0.047
0.047
0.047
0.047
0.047
0.000
0.000
0.000
0.000
0.000
0.000
0.000
0.000
0.000
-1.237
0.047
0.047
0.047
0.047
0.047
0.047
0.047
0.047
0.047
0.047
-1.269
0.047
0.047
0.047
0.047
0.047
0.047
0.047
0.047
0.046
0.047
0.047
0.046
0.047
0.047
0.047
0.047
0.047
0.043
0.047
0.047
0.044
0.047
0.047
0.047
0.047
0.047
0.047
0.047
0.047
0.047
0.047
0.047
0.047
0.047
0.047
0.047
0.047
0.047
0.047
0.047
0.047
0.047
0.047
0.047
0.047
0.047
0.047
0.047
0.047
0.047
0.047
0.047
0.047
0.047
0.047
0.047
0.047
0.047
0.047
0.047
0.047
0.047
0.047
0.047
0.047
0.043
0.047
0.047
0.047
0.047
0.047
0.047
0.047
0.047
0.047
0.047
0.047
0.043
0.047
0.047
0.047
0.047
0.047
-1.370
0.047
0.047
0.043
0.047
0.047
0.047
0.047
0.047
0.047
0.047
0.047
0.047
0.047
0.047
0.047
0.047
0.047
0.047
0.047
0.047
0.047
0.047
0.047
0.047
0.047
0.047
0.047
0.047
0.047
0.047
0.047
0.047
0.043
0.047
0.047
0.042
0.047
0.047
0.047
0.047
0.047
0.043
0.047
0.047
0.043
0.047
0.047
0.047
0.047
0.047
0.047
0.047
0.047
0.047
0.047
0.047
0.047
0.047
0.047
0.047
0.047
0.047
0.047
0.047
0.047
0.047
0.047
0.047
0.047
0.047
0.047
0.047
0.047
0.047
0.047
0.047
0.047
0.047
0.047
0.047
0.047
0.047
0.047
0.047
0.047
0.047
0.047
0.047
0.047
0.047
0.047
0.047
0.047
0.047
0.047
-1.261
-1.261
0.047
0.047
0.047
0.047
0.047
0.047
0.047
0.047
0.047
0.047
0.047
0.047
0.047
0.047
0.047
0.047
0.047
0.047
0.047
0.047
0.047
0.047
0.047
0.047
0.047
0.047
0.047
0.047
0.047
0.047
0.047
0.047
-2.033
-2.022
-2.022
-2.034
-2.034
-2.683
-2.683
-2.022
-2.036
-2.036
-2.022
-2.036
-2.033
-2.033
-2.022
-2.034
-2.022
-2.036
