fixedStep chrom=ENSGT00390000008040 start=1 step=1
0.049
0.049
0.049
0.049
0.049
0.049
0.049
0.049
0.049
0.049
0.049
0.049
0.049
0.049
0.044
0.049
0.049
0.049
0.049
0.049
0.049
0.049
0.049
0.049
0.049
0.049
0.049
0.049
0.049
0.049
0.049
0.049
0.049
0.049
0.049
0.049
0.049
0.049
0.049
0.049
0.049
0.047
0.046
0.049
0.045
0.049
0.049
0.045
0.049
0.049
0.049
0.046
0.049
0.041
0.049
0.049
0.048
0.049
0.038
0.044
0.046
0.049
0.046
0.047
0.048
0.049
0.047
0.049
0.049
0.049
0.049
0.049
0.049
0.049
0.048
0.049
0.049
0.048
0.049
0.038
0.044
0.049
0.049
0.049
0.049
0.049
0.046
0.049
0.049
0.046
0.049
0.049
0.049
0.049
0.049
0.049
0.049
0.049
0.049
0.049
0.049
0.045
0.049
0.049
0.049
0.049
0.049
0.047
0.049
0.049
0.046
0.049
0.048
0.049
0.049
0.049
0.047
0.049
0.049
0.049
0.049
0.049
0.049
0.049
0.049
0.049
0.049
0.049
0.046
0.049
0.049
0.049
0.049
0.049
0.049
0.049
0.049
0.049
0.049
0.049
0.049
0.049
0.049
0.049
0.049
0.049
0.049
0.049
0.049
0.048
0.049
0.049
0.049
0.049
0.049
0.049
0.049
0.049
0.049
0.049
0.049
0.047
0.049
0.049
0.048
0.049
0.049
0.049
0.049
0.049
0.049
0.049
0.049
0.049
0.049
0.049
0.048
0.049
0.049
0.049
0.049
0.049
0.049
0.049
0.049
0.048
0.049
0.049
0.049
0.049
0.049
0.049
0.049
0.049
0.046
0.049
0.049
0.049
0.049
0.049
0.049
0.049
0.049
0.049
0.049
0.049
0.049
0.049
0.049
0.046
0.049
0.049
0.049
0.049
0.049
0.046
0.049
0.049
0.038
0.049
0.049
0.049
0.049
0.049
0.049
0.049
0.049
0.049
0.049
0.049
0.049
0.049
0.049
0.049
0.049
0.049
0.049
0.049
0.049
0.049
0.049
0.049
0.047
0.049
0.049
0.046
0.049
0.049
0.049
0.049
0.038
0.049
0.049
0.049
0.049
0.049
0.049
0.046
0.049
0.049
0.049
0.049
0.049
0.049
0.049
0.049
0.049
0.049
0.049
0.049
0.049
0.049
0.049
0.049
0.049
0.049
0.049
0.049
0.049
0.049
0.049
0.049
0.049
0.049
0.049
0.048
0.048
0.049
0.049
0.049
0.049
0.049
0.049
0.049
0.049
0.049
0.049
0.049
0.049
0.048
0.049
0.049
0.049
0.049
0.049
0.049
0.049
0.049
0.046
0.049
0.049
0.049
0.049
0.049
0.049
0.049
0.049
0.049
0.049
0.049
0.049
0.049
0.049
0.049
0.049
0.049
0.049
0.046
0.049
0.049
