fixedStep chrom=ENSGT00510000049111 start=1 step=1
0.066
0.066
0.066
0.066
0.065
0.066
0.061
0.066
-0.975
0.066
0.061
0.064
0.065
0.066
0.065
0.066
0.066
0.066
0.061
0.066
-0.975
0.066
0.065
0.061
0.061
0.066
-2.046
0.066
0.065
0.062
0.066
0.066
0.066
0.061
0.066
0.061
0.066
0.066
0.061
0.065
0.066
0.066
0.065
0.066
0.066
0.066
0.066
0.066
0.066
0.061
0.066
0.055
0.066
0.066
0.066
-0.957
0.066
0.066
0.066
0.063
-3.336
0.066
0.066
0.066
0.066
0.061
0.066
0.066
0.066
0.066
0.066
0.066
0.066
0.066
0.066
-0.970
0.066
0.066
0.066
-0.975
0.061
0.066
0.066
-0.956
0.066
0.066
0.064
0.066
0.066
0.065
0.066
0.066
0.066
0.066
0.066
0.066
0.066
0.066
0.066
0.066
0.066
0.066
0.066
0.066
0.066
0.061
0.066
0.066
0.061
0.066
0.066
0.066
0.066
0.066
0.066
0.066
0.066
0.066
0.066
0.066
0.066
0.066
0.066
0.066
-0.971
0.066
0.066
0.066
0.055
0.066
0.066
0.063
0.066
0.066
0.060
0.066
0.066
0.066
0.066
0.061
0.064
0.066
0.066
0.061
0.066
0.066
0.066
0.066
0.066
0.066
0.066
0.066
0.066
0.066
0.064
0.066
0.066
0.066
0.066
0.066
0.066
0.066
0.066
0.064
0.060
0.066
0.065
0.066
0.066
0.066
0.066
0.066
0.066
0.061
-0.970
0.066
0.066
0.061
0.066
0.066
0.066
0.066
-0.974
-3.943
0.066
0.066
0.066
0.066
0.066
0.061
0.066
0.066
-1.800
0.066
0.064
-0.975
0.066
-2.318
0.066
0.066
0.066
0.064
0.066
0.066
0.066
0.066
0.065
0.066
0.066
0.065
0.066
0.066
0.066
0.066
0.066
0.061
0.066
0.066
-0.970
0.066
0.066
0.064
0.066
0.065
0.066
0.066
0.060
-1.754
0.066
0.066
0.062
0.060
0.066
0.066
0.066
0.065
-0.975
0.066
0.066
0.065
0.058
0.061
0.066
0.066
0.066
0.066
0.065
0.066
0.060
0.066
0.066
0.066
0.066
0.066
0.066
-1.776
0.066
0.066
0.066
0.066
0.066
0.061
0.066
0.066
0.066
0.063
0.066
-1.754
0.066
0.066
0.064
0.066
0.055
0.066
0.066
0.066
0.066
0.066
0.066
0.066
0.066
0.066
0.066
0.066
-1.771
0.066
0.066
0.066
-0.345
-0.345
-0.345
-1.063
-1.061
-1.063
0.066
0.066
0.066
0.066
0.066
0.066
-0.993
-1.021
-0.993
-1.024
-1.021
-1.021
0.066
0.066
0.066
0.061
0.061
0.066
0.066
0.066
0.066
0.066
0.066
0.066
0.066
0.066
0.062
0.061
0.066
0.066
0.066
0.066
0.066
0.066
0.065
0.066
0.066
0.066
0.066
0.061
0.066
0.061
0.055
0.066
0.066
0.066
0.066
0.066
0.066
0.066
0.066
0.066
0.066
0.061
0.061
0.066
0.066
-0.975
0.066
-2.349
0.066
0.066
0.066
0.065
-0.970
0.061
-2.070
0.066
0.066
0.061
0.066
0.066
0.066
0.066
0.066
0.066
0.065
0.061
-0.956
0.066
0.064
0.066
0.066
0.066
0.066
0.066
0.064
0.066
0.061
0.066
0.066
0.065
0.066
0.066
0.066
0.066
0.065
0.061
0.066
0.066
0.066
0.066
0.066
0.066
0.066
0.066
0.066
0.066
0.066
0.066
0.061
0.066
0.061
0.066
0.066
0.066
0.066
0.066
0.066
0.066
0.061
0.066
0.066
0.066
0.066
0.061
0.066
0.066
0.066
0.065
0.064
0.062
0.066
0.066
0.066
0.066
0.066
0.066
0.066
0.064
0.066
0.066
0.066
0.066
0.066
0.061
0.066
0.066
0.061
0.066
0.066
0.066
0.066
0.066
0.066
0.066
0.066
0.066
0.066
0.066
0.066
0.061
0.066
0.066
0.066
0.062
0.066
0.066
0.061
-0.975
0.066
0.066
0.066
0.066
-1.688
-1.688
-1.688
-1.688
-1.678
-1.678
0.066
0.066
0.066
0.066
0.066
0.066
0.066
0.066
0.066
0.065
0.066
0.066
0.066
0.066
0.066
0.066
0.066
0.066
0.066
0.066
0.066
0.066
0.066
0.066
0.066
0.066
0.066
0.065
0.066
0.066
0.066
0.066
0.061
0.066
0.066
0.061
0.066
0.066
0.066
0.066
0.066
0.066
0.066
0.066
0.066
0.066
0.066
0.061
0.066
0.066
0.066
0.066
0.066
0.066
0.066
0.066
0.061
0.066
0.066
0.064
0.066
0.066
0.066
0.066
0.066
0.066
0.066
0.066
0.066
0.066
0.066
0.066
0.066
0.066
0.066
0.066
-2.346
0.066
0.066
0.066
0.066
0.066
0.066
0.066
-1.062
-1.062
-1.062
0.066
0.064
0.066
0.066
0.066
0.065
0.066
0.066
0.066
0.066
0.066
0.066
0.066
0.066
0.064
0.066
0.066
0.066
0.066
0.066
0.066
0.066
0.066
0.066
0.066
0.066
0.061
0.066
0.066
0.066
0.066
0.066
0.066
0.066
0.066
0.066
0.066
0.066
0.066
0.066
0.066
0.066
0.061
0.066
0.066
0.066
0.064
-2.046
0.066
0.066
0.066
0.061
0.066
0.066
0.066
0.061
0.066
0.066
0.066
0.066
0.061
0.061
0.066
0.066
0.066
0.066
0.066
0.066
0.061
0.066
0.066
0.066
0.066
0.066
0.064
0.066
0.066
0.066
0.061
0.066
0.066
0.066
0.066
0.066
0.065
0.066
0.066
