fixedStep chrom=ENSGT00390000004116 start=1 step=1
0.068
0.068
0.068
0.068
0.068
0.066
0.068
0.068
0.065
0.068
0.068
0.068
0.068
0.068
0.066
0.068
0.068
0.068
0.050
0.068
0.068
0.068
0.068
0.068
0.068
0.068
0.066
-1.420
-1.421
-1.421
-2.852
-2.852
-3.054
-0.892
-0.892
-0.892
-1.224
-1.225
-1.225
0.068
0.068
0.068
0.058
0.068
0.068
-1.304
-1.308
-2.048
0.064
0.068
0.068
0.068
0.068
0.068
0.068
0.068
0.068
0.068
0.068
0.068
0.068
0.068
0.060
0.068
0.068
0.068
0.068
0.068
0.058
0.068
0.068
0.068
0.068
0.068
0.068
0.068
0.068
0.066
0.068
0.068
0.068
0.068
0.068
0.068
0.068
0.068
0.068
0.068
0.063
0.063
0.063
0.063
0.063
0.063
0.063
-0.986
0.063
0.063
0.063
0.063
0.063
0.059
0.063
0.063
0.059
0.063
0.063
0.059
0.063
0.055
0.061
0.061
0.063
0.063
0.063
0.063
0.063
0.063
0.063
0.058
0.063
0.063
0.060
0.063
0.063
0.063
0.063
0.063
0.063
0.063
0.063
0.063
0.063
0.063
0.063
0.063
0.063
0.063
0.063
0.063
0.060
0.063
0.063
0.063
0.063
0.063
0.063
0.063
0.063
0.063
0.063
0.063
0.063
0.063
0.063
0.060
0.063
0.063
0.063
0.063
0.063
0.063
0.060
0.063
0.063
0.063
0.063
0.063
0.063
0.063
0.063
0.063
0.063
0.068
0.068
0.068
0.068
0.068
0.068
0.068
0.068
0.068
0.066
0.067
0.064
0.068
0.068
0.068
0.068
0.068
0.068
0.068
0.068
0.068
0.063
0.065
0.068
0.067
0.068
0.068
0.068
0.068
0.068
0.056
0.068
0.068
0.068
0.068
0.059
0.068
0.068
0.068
0.068
0.068
0.068
0.068
0.068
0.068
0.068
0.066
0.068
0.065
0.064
0.068
0.068
0.068
0.068
0.068
0.059
0.068
0.068
0.056
0.068
0.068
0.059
0.053
0.066
0.068
0.068
0.067
0.068
0.068
0.068
0.068
0.068
0.066
0.066
0.062
0.068
0.068
0.068
0.068
0.066
0.068
0.068
0.066
0.065
0.068
0.068
0.068
0.066
0.068
0.068
0.059
0.068
0.068
0.067
0.063
0.068
0.066
0.068
0.068
0.068
0.068
0.068
0.068
0.068
0.068
0.068
0.068
0.068
0.068
0.066
0.068
0.064
0.068
0.068
0.068
0.068
0.067
0.068
0.068
0.068
0.065
0.066
0.068
0.066
0.068
0.068
0.064
0.068
0.059
0.068
0.068
0.068
0.068
0.068
0.068
0.063
-0.217
-0.217
-0.217
-1.308
-1.308
0.000
