fixedStep chrom=ENSGT00530000063910 start=1 step=1
0.000
0.000
0.000
0.000
0.000
0.000
0.000
0.000
0.000
0.000
0.000
0.000
0.000
0.000
0.000
0.000
0.000
0.000
0.000
0.000
0.000
0.000
0.000
0.000
0.000
0.000
0.000
0.000
0.000
0.000
0.000
0.000
0.000
0.000
0.000
0.000
0.000
0.000
0.000
0.000
0.000
0.000
0.000
0.000
0.000
0.000
0.000
0.000
0.000
0.000
0.000
0.000
0.000
0.000
0.000
0.000
0.000
0.000
0.000
0.000
0.000
0.000
0.000
0.000
0.000
0.000
0.000
0.000
0.000
0.000
0.000
0.000
0.000
0.000
0.000
0.000
0.000
0.000
0.000
0.000
0.000
0.000
0.000
0.000
0.000
0.000
0.000
0.000
0.000
0.000
0.178
0.213
0.178
0.178
0.213
0.178
0.178
0.178
0.159
0.217
0.178
0.216
0.174
0.213
0.212
0.198
0.178
0.206
0.207
0.217
0.167
0.178
0.162
0.188
0.205
0.214
0.180
0.210
0.216
0.156
0.208
0.161
0.176
0.184
0.180
0.199
0.193
-1.982
-2.507
0.000
0.000
0.000
0.000
0.000
0.000
0.000
0.000
0.000
0.000
0.000
0.000
0.794
0.793
0.794
0.212
0.196
0.156
0.175
0.176
-1.373
0.216
0.215
0.197
0.178
0.214
-1.730
0.178
0.213
0.178
0.216
0.214
0.178
0.178
0.214
0.174
0.214
0.178
0.212
0.215
0.214
0.172
0.178
0.214
0.179
0.213
0.167
0.171
0.178
0.178
0.178
0.212
0.212
-3.177
0.173
0.217
0.178
0.216
0.217
0.169
0.217
0.216
0.206
0.203
0.178
0.178
0.216
0.217
0.164
0.182
0.213
0.208
0.175
0.212
0.174
0.202
0.212
0.173
0.178
0.212
0.173
0.178
0.178
0.213
0.178
0.217
0.181
0.216
0.216
0.176
0.210
0.217
0.173
0.214
0.214
0.208
0.215
0.217
0.180
0.178
0.178
0.178
0.178
0.213
0.164
0.214
0.214
0.211
0.210
0.183
0.216
0.216
0.217
0.214
0.178
0.217
0.174
0.178
0.217
0.201
0.175
0.217
0.214
0.214
0.215
0.178
0.214
0.214
0.216
0.178
0.217
0.174
0.178
0.213
0.206
0.178
0.178
0.216
0.178
0.213
-1.412
0.210
0.172
0.178
0.214
0.213
0.178
0.214
0.217
0.214
0.214
0.216
0.164
0.214
0.217
0.178
0.216
0.216
0.173
0.214
0.214
0.214
0.178
0.217
0.201
0.217
0.214
0.212
0.217
0.217
0.210
0.210
0.217
0.216
0.214
0.214
0.216
0.178
0.217
0.210
0.214
0.216
-2.521
0.214
0.217
0.214
0.214
0.216
0.203
0.214
0.213
0.202
0.216
0.217
0.178
0.213
0.217
0.181
0.216
0.217
0.165
0.213
0.174
0.172
0.211
0.216
-2.391
0.178
0.178
0.178
0.178
0.216
0.197
0.216
0.215
0.169
0.213
0.217
0.171
0.174
0.210
0.178
0.178
0.217
0.176
0.215
0.217
0.203
0.210
0.213
0.216
0.180
0.215
0.175
0.171
0.175
0.177
0.209
0.213
0.178
0.215
0.178
0.172
0.183
0.202
0.000
0.000
0.000
0.000
0.000
0.000
0.000
0.000
0.000
0.000
0.000
0.000
0.000
0.000
0.000
0.000
0.000
0.000
0.000
0.000
0.000
0.000
0.794
0.794
0.794
0.788
0.792
0.785
0.794
0.792
0.792
0.217
0.213
0.170
0.213
0.210
0.211
0.213
0.216
0.176
0.206
0.178
0.208
0.792
0.794
0.792
0.554
0.555
0.546
0.794
0.794
0.793
0.178
0.212
0.172
0.215
0.213
0.211
0.210
0.215
0.173
0.178
0.215
0.165
0.178
0.217
0.204
0.215
0.180
0.164
0.178
0.217
0.210
0.215
0.215
0.184
0.215
0.217
0.178
0.178
0.214
0.176
0.209
0.217
0.178
0.178
0.178
0.216
0.178
0.215
0.181
0.215
0.178
0.178
0.213
0.178
0.178
0.213
0.175
0.216
0.213
0.212
0.174
0.217
0.178
0.216
0.217
0.215
0.213
0.178
0.215
0.213
0.210
0.216
0.216
0.215
0.178
0.204
0.178
0.217
0.182
0.214
0.214
0.216
0.215
0.200
0.209
0.214
0.214
0.216
0.216
0.213
0.215
0.217
0.214
0.216
0.209
0.217
0.211
0.214
0.178
0.161
0.216
0.178
0.159
0.554
0.554
0.554
0.554
0.554
0.550
0.214
0.214
0.173
0.178
0.217
0.214
0.216
0.178
0.172
0.165
0.162
0.178
0.210
0.178
0.216
0.212
0.178
0.178
0.178
0.217
0.177
0.178
0.178
0.192
0.214
0.178
0.211
0.213
0.178
0.213
0.212
0.214
0.164
0.178
0.214
0.193
0.213
0.216
0.165
-1.918
0.214
0.214
0.216
0.178
0.155
0.213
0.178
0.178
0.217
0.214
0.211
0.214
0.214
0.200
0.215
0.217
0.212
0.210
0.217
0.181
0.217
0.214
0.214
0.794
0.794
0.792
0.794
0.794
0.788
0.794
0.794
0.782
0.154
0.217
0.214
0.178
0.213
0.168
0.178
0.216
0.212
0.213
0.178
0.193
0.217
0.215
0.166
0.178
0.216
0.214
0.178
0.216
0.186
0.214
0.217
0.193
0.178
0.217
0.160
0.215
0.215
0.215
0.217
0.178
0.216
0.195
0.215
0.208
0.178
0.178
0.209
0.213
0.175
0.190
0.216
0.210
-2.424
0.178
0.217
0.210
0.215
0.178
0.178
0.175
0.178
0.216
0.178
0.178
0.172
0.211
0.174
-1.867
0.178
0.178
0.198
0.199
0.170
0.174
0.217
0.214
0.211
0.178
0.215
0.216
0.178
0.213
0.178
0.178
0.217
0.174
0.178
0.178
0.206
0.213
0.210
0.209
0.211
0.215
0.163
0.189
0.209
0.211
0.214
0.178
0.163
0.214
0.211
0.187
0.178
0.214
0.175
-0.778
-0.769
-0.769
0.178
0.214
-4.282
0.178
0.178
0.214
0.211
0.217
0.178
0.174
0.215
0.193
0.178
0.217
0.174
-0.701
-0.701
-1.147
0.217
0.178
0.212
0.206
0.214
0.164
0.210
0.217
0.164
0.216
0.216
0.165
0.178
0.213
0.167
0.178
0.212
0.178
0.213
0.215
0.204
0.213
0.215
0.208
0.168
0.178
0.200
0.215
0.178
0.205
0.178
0.161
0.169
0.209
0.172
0.172
0.172
0.209
0.153
0.211
0.211
0.176
0.170
0.211
-2.748
0.172
0.205
-2.067
0.211
0.208
0.157
0.203
0.208
-1.016
0.211
0.167
-2.662
0.207
0.167
0.172
0.213
-2.603
0.205
0.214
0.175
0.174
0.167
0.167
0.164
0.160
0.174
0.168
0.216
0.178
0.000
0.000
0.000
0.000
0.000
0.000
0.000
0.000
0.000
0.000
0.000
0.000
0.000
0.000
0.000
0.000
0.000
0.000
0.000
0.000
0.000
0.000
0.000
0.000
0.000
0.794
0.794
0.794
0.794
0.792
0.794
0.794
0.794
0.794
0.792
0.788
0.791
0.794
0.794
0.784
0.785
0.794
0.794
0.794
0.794
0.792
0.794
0.794
0.785
0.794
0.794
0.794
0.178
0.174
0.210
0.214
0.216
0.170
0.216
0.178
0.171
0.178
0.214
0.191
0.178
0.217
0.180
0.178
0.217
0.178
0.174
0.217
0.208
0.214
0.216
0.174
0.213
0.215
0.159
0.214
0.217
-1.339
0.215
0.178
0.193
0.213
0.215
0.173
0.215
0.178
0.178
0.217
0.217
0.212
0.209
0.178
0.174
0.215
0.178
0.216
0.217
0.214
0.214
0.178
0.215
0.201
0.216
0.216
0.176
0.178
0.214
0.175
0.178
0.214
0.208
0.174
0.217
0.178
0.177
0.213
0.216
0.178
0.217
0.173
0.178
0.178
0.171
0.214
0.178
0.171
0.214
0.212
0.204
0.178
0.215
0.173
0.178
0.217
0.174
0.210
0.178
0.175
0.177
0.174
0.159
0.174
0.216
0.171
0.216
0.199
0.181
0.178
0.178
0.183
0.209
0.213
0.214
0.554
0.554
0.552
0.554
0.554
0.546
0.216
0.216
0.178
0.176
0.178
0.178
0.209
0.163
0.170
0.178
0.178
0.160
0.215
0.175
0.211
0.217
0.178
0.214
0.178
0.176
0.175
0.178
0.213
0.174
0.179
0.215
0.175
0.168
0.178
0.178
0.203
0.178
0.196
0.204
0.217
-1.885
0.213
0.213
0.167
0.197
0.213
0.174
0.178
0.214
0.215
-0.929
0.200
0.166
0.174
0.215
0.178
0.200
0.197
0.161
0.203
0.202
0.187
-0.922
0.215
0.206
0.000
0.000
0.000
0.000
0.000
0.000
0.000
0.000
0.000
0.000
0.000
0.000
0.000
0.000
0.000
0.000
0.000
0.000
0.000
0.000
0.000
0.000
0.000
0.000
0.000
0.000
0.000
0.000
0.000
0.000
0.000
0.000
0.000
0.000
0.000
0.000
0.000
0.000
0.000
0.000
0.000
0.000
0.000
0.000
0.000
0.000
0.000
0.000
0.000
0.000
0.000
0.000
0.000
0.000
0.000
0.000
0.000
0.000
0.000
0.000
0.000
0.000
0.000
-0.130
-0.128
-0.263
-0.124
-0.124
-0.128
-0.124
-0.142
-0.175
-0.129
-0.130
-0.128
-0.129
-0.130
-0.128
-0.127
-0.152
-0.132
-0.152
-0.124
-0.323
-0.129
-0.157
-0.156
0.202
0.216
0.187
0.202
0.213
0.215
0.174
0.213
0.183
1.332
1.332
1.332
1.332
1.332
1.332
-0.652
-0.699
-0.776
-0.816
-0.765
-0.760
0.000
0.000
0.000
0.000
0.000
0.000
0.000
0.000
0.000
0.210
-0.556
0.211
-0.568
0.202
-1.016
0.207
0.209
0.164
0.831
0.162
0.162
0.829
0.162
0.162
0.175
0.199
0.181
0.197
-0.571
0.213
0.190
0.213
0.212
-0.768
-0.860
0.000
0.000
0.000
0.000
0.000
0.000
0.000
0.000
0.000
0.000
0.000
0.000
0.000
0.000
0.000
0.000
0.000
0.000
0.000
0.000
0.000
0.000
0.000
0.000
0.000
0.000
0.000
0.000
0.000
0.000
0.000
0.000
0.000
0.000
-0.729
-0.896
-0.785
-0.660
-0.764
-0.699
-0.656
-0.652
-0.817
0.167
0.200
0.187
0.216
0.174
0.188
0.211
0.160
0.161
0.199
0.191
0.160
0.198
0.214
0.206
-2.156
-1.982
-1.648
-1.441
-0.801
-0.809
-0.859
-1.850
-0.886
0.794
0.794
0.786
-0.743
-0.743
-0.779
0.000
0.000
0.000
0.000
0.000
0.000
0.000
0.000
0.000
0.000
0.000
0.000
0.000
0.195
0.193
0.212
0.208
-0.571
0.211
0.174
0.189
0.000
0.000
0.000
0.000
0.000
0.000
0.000
0.000
0.000
0.000
0.000
0.000
0.000
0.000
0.000
0.000
0.000
0.000
0.200
0.210
0.194
0.191
-0.648
0.212
0.161
0.200
0.150
0.794
0.794
0.794
0.794
0.785
0.791
0.791
0.792
0.791
-0.701
-0.860
-0.769
-1.396
-0.691
-1.392
0.000
0.000
0.000
0.000
0.000
0.000
0.000
0.000
0.000
0.000
0.000
0.000
0.000
0.000
0.000
0.161
0.186
0.197
-0.760
-0.759
-0.912
-0.765
-0.652
-0.817
1.332
1.332
1.332
1.332
1.332
1.332
-0.155
-0.124
-0.227
-0.230
-0.222
-0.259
-0.317
-0.276
-0.391
-1.486
0.000
0.000
0.000
0.000
0.000
0.000
0.000
0.000
0.000
0.000
0.000
0.000
0.000
0.000
0.000
0.000
0.000
0.000
0.000
0.000
0.000
0.000
0.000
0.000
0.000
0.000
0.000
0.000
0.000
0.000
0.000
0.000
0.000
0.000
0.000
0.000
0.000
0.000
