fixedStep chrom=ENSGT00390000015337 start=1 step=1
0.062
0.063
0.062
0.062
0.062
0.062
0.063
0.062
0.062
0.062
0.062
0.056
0.063
0.062
0.063
0.062
0.062
0.062
0.063
0.062
0.062
0.061
0.054
0.063
0.062
0.063
0.054
0.062
0.063
0.063
0.062
0.062
0.062
0.062
0.052
-1.055
0.062
0.054
0.062
0.062
0.062
0.063
0.062
0.061
0.047
0.061
-1.061
0.062
0.062
0.062
-1.062
0.054
0.062
-1.373
0.062
0.054
-1.048
-1.061
0.063
0.062
-1.059
-1.062
0.054
-0.404
-0.404
-0.404
0.062
0.062
0.062
0.053
0.055
0.062
0.063
0.063
0.062
0.062
0.063
0.062
0.062
0.054
0.062
-1.059
0.054
0.062
0.062
0.063
0.062
0.056
-1.061
0.052
0.061
0.062
0.062
0.051
0.062
0.062
0.062
0.062
0.062
0.062
-1.887
0.062
0.062
0.062
0.062
0.062
0.062
0.062
0.062
0.062
0.062
0.062
0.063
0.063
0.062
0.062
0.063
0.062
0.062
0.061
0.062
0.062
0.062
0.062
0.054
0.062
0.061
0.062
0.062
0.054
0.062
0.062
0.062
0.062
0.063
0.055
0.062
0.062
0.061
0.063
0.062
0.054
0.061
0.062
0.062
0.063
0.062
0.062
0.062
0.062
0.062
0.062
0.062
0.062
0.054
-1.059
-1.825
-2.396
-1.825
-2.982
-2.391
-1.826
-2.624
-2.623
-2.624
0.062
0.063
0.063
0.054
0.063
0.057
0.061
0.056
0.055
-1.526
-1.640
-1.525
0.062
0.062
-1.055
0.062
0.062
0.062
0.062
0.062
0.062
0.057
0.063
0.062
0.054
0.062
0.062
0.054
0.063
0.062
0.062
0.063
0.062
0.062
0.062
0.062
0.062
0.062
0.063
0.062
0.062
0.062
0.063
0.062
0.063
0.062
0.062
0.062
0.062
0.062
0.062
0.062
0.054
0.063
0.062
0.062
0.062
0.060
0.063
0.055
-0.905
-0.905
-0.905
0.054
0.062
-1.059
0.062
0.062
0.062
0.062
0.062
0.062
-1.048
0.062
0.063
0.062
0.062
0.062
0.062
0.056
0.062
0.062
0.054
0.062
0.062
0.062
0.062
0.062
0.062
0.063
0.062
0.062
0.062
0.054
0.062
0.063
0.000
0.000
0.000
0.000
0.000
0.000
0.000
0.000
0.000
0.052
0.063
0.057
0.057
0.057
0.061
0.062
0.062
0.063
0.054
0.062
0.062
0.063
0.062
0.062
0.062
0.062
0.060
0.062
0.063
0.063
0.062
0.062
0.062
0.062
0.063
0.062
0.062
0.063
0.062
0.062
0.054
0.063
0.063
0.062
0.062
0.062
0.062
0.063
0.062
0.062
0.063
0.062
0.062
0.063
0.062
0.062
0.062
0.062
0.063
0.062
0.063
0.062
0.062
0.062
0.062
0.062
0.063
0.062
0.062
0.062
0.062
0.062
0.062
0.062
0.054
0.047
0.062
0.063
0.062
0.062
0.062
0.062
0.063
0.062
0.061
-1.061
0.062
0.062
0.062
0.063
-1.055
0.063
0.062
0.062
0.062
0.062
-1.050
0.062
0.062
0.062
0.062
0.061
-1.519
-2.420
-1.519
0.062
0.062
0.062
0.062
0.062
0.062
0.062
0.062
0.062
-0.905
-1.177
-0.905
0.062
0.062
-1.048
0.063
0.063
0.063
0.062
0.062
0.062
0.061
0.062
0.062
0.062
0.062
0.063
0.062
0.062
0.063
0.062
0.062
0.061
0.062
0.062
-1.061
0.062
0.062
0.062
0.054
-1.061
-1.059
0.062
0.062
0.061
0.062
0.063
0.062
0.063
0.063
0.062
0.062
0.062
0.063
0.062
0.062
0.054
0.063
0.062
0.063
0.062
0.063
0.062
0.056
0.062
0.062
0.062
0.062
0.062
0.062
0.062
-1.055
0.062
0.062
0.062
0.062
0.062
0.062
0.062
0.057
0.062
0.062
0.062
0.062
0.062
0.062
0.062
0.062
0.062
0.062
0.062
0.062
-1.055
0.062
0.062
0.062
-0.905
-0.905
-0.905
-1.059
-1.062
-1.059
0.062
0.062
0.062
0.062
0.062
0.063
0.062
0.063
0.062
0.062
0.062
0.062
-1.059
0.062
0.062
0.062
0.062
0.062
0.062
0.054
0.063
0.062
0.062
0.062
0.063
0.062
0.062
0.062
0.062
0.063
0.062
0.062
0.063
0.062
0.062
0.054
0.062
0.054
0.062
0.062
0.062
0.062
0.062
0.062
0.062
