fixedStep chrom=ENSGT00390000010786 start=1 step=1
0.115
0.115
0.114
0.115
0.105
0.115
0.115
0.115
0.115
0.115
0.115
0.115
0.095
0.115
0.109
0.115
0.088
0.115
0.094
0.115
0.115
0.109
0.115
-0.453
0.098
0.115
0.094
0.109
0.115
0.115
0.109
0.109
0.108
0.108
0.115
0.088
0.183
0.183
0.183
0.183
0.183
0.183
0.110
0.115
0.115
0.115
0.115
0.115
0.109
0.105
0.114
0.106
0.110
0.110
0.114
0.109
0.113
0.114
0.114
0.105
0.088
0.115
0.095
0.115
0.115
0.114
0.115
0.105
0.114
0.115
0.115
0.109
0.115
0.115
-0.453
0.109
0.115
-0.453
-0.474
-0.470
0.115
-0.870
-0.869
-0.869
0.000
0.000
0.000
0.105
0.105
0.094
0.104
0.104
0.105
0.104
-0.585
0.105
-1.142
0.105
0.104
0.073
0.105
0.104
0.094
0.104
-0.571
0.105
0.094
0.104
0.104
0.094
0.105
0.104
0.104
0.104
0.104
0.104
0.105
0.104
0.094
-0.571
-0.585
0.104
0.075
0.104
0.094
0.102
-0.587
0.104
0.104
0.104
-0.585
0.104
0.104
0.104
0.104
0.115
0.115
0.115
0.104
0.104
0.074
-1.222
-0.537
-0.537
-0.021
-0.021
-0.021
0.094
0.104
0.094
0.097
0.104
-0.571
-0.587
0.104
-0.571
0.089
0.104
0.075
0.098
0.103
0.104
0.104
-0.585
0.105
-0.571
0.094
0.098
0.091
0.094
0.105
0.104
0.104
0.105
0.104
0.104
0.105
0.104
0.104
0.105
0.104
0.104
0.104
0.104
0.104
0.104
0.104
-0.585
0.105
0.104
0.104
0.094
0.094
0.104
0.094
0.094
0.104
0.105
0.105
0.074
0.094
0.104
0.104
0.104
0.104
0.104
0.105
0.104
0.105
0.104
0.104
0.104
0.103
0.104
0.104
0.074
0.000
0.000
0.000
0.000
0.000
0.000
0.000
0.000
0.000
-1.351
-0.941
-0.865
0.094
-0.571
0.104
0.105
0.105
0.089
0.104
0.094
0.104
0.104
0.104
-0.585
0.104
0.104
-0.585
-0.585
0.104
0.105
0.094
0.104
-0.585
-0.585
-0.585
-0.571
0.115
0.115
0.115
0.104
0.104
-0.587
-0.585
0.094
0.105
-0.589
-0.585
-0.589
0.105
0.104
0.094
-0.589
0.104
-0.585
-1.174
0.074
-0.585
0.089
0.094
0.105
0.094
0.105
0.094
0.104
0.104
0.094
-0.589
-0.587
0.094
0.104
0.104
-0.585
0.104
-0.587
0.105
-0.589
-0.585
-1.137
-0.587
-0.571
0.094
0.104
-0.585
0.094
-0.571
0.105
0.105
-1.235
-0.538
-0.537
-0.538
-0.537
-1.238
0.104
0.104
-0.585
-0.585
-0.585
0.094
0.103
-0.470
0.110
-0.470
-0.470
-0.470
-0.470
0.113
0.104
-0.474
0.115
0.115
-0.470
-0.470
-0.453
0.109
-0.471
-0.920
0.115
-0.471
-0.453
-0.470
0.115
-1.389
-0.897
-1.691
0.105
0.000
0.000
0.000
0.000
0.000
0.000
0.000
0.000
0.000
0.000
0.000
0.000
-0.474
0.110
-0.470
0.105
0.115
-0.470
-0.897
0.097
-0.920
-1.483
0.115
0.115
0.094
-2.413
0.105
0.105
-0.470
-0.921
0.114
0.115
0.115
0.114
0.115
0.115
0.105
-0.471
0.115
0.105
-0.471
-0.453
-0.470
0.113
0.110
-1.506
0.114
-1.321
0.114
0.115
0.115
-0.471
0.115
0.115
0.115
-0.471
0.115
0.115
0.109
0.115
0.115
0.115
-0.470
0.115
0.105
0.115
-0.470
0.095
0.115
0.115
0.111
0.115
0.115
-1.192
0.101
0.084
0.113
0.078
0.115
0.107
-1.898
0.078
0.109
-1.426
0.112
0.107
0.101
0.096
0.088
0.087
0.085
0.078
0.088
0.101
0.115
0.088
0.115
0.108
0.113
0.113
0.078
0.087
0.107
0.078
0.115
0.107
0.115
0.078
0.108
0.115
0.101
0.078
0.107
0.108
0.115
0.107
0.115
0.114
0.115
0.115
-1.181
0.115
0.115
0.115
0.094
0.115
0.114
0.114
0.105
-0.470
0.107
0.105
0.104
0.112
0.102
0.114
0.115
0.114
0.115
0.115
0.115
0.108
-0.453
0.094
0.115
0.115
0.114
0.114
0.115
0.105
0.113
0.115
-0.453
0.115
0.115
0.115
0.114
0.115
0.115
0.115
0.115
0.105
0.115
0.115
0.094
0.115
0.115
0.105
0.115
0.088
0.115
0.115
0.105
0.115
0.109
0.115
0.115
0.115
0.115
0.115
0.108
0.105
-1.574
0.115
0.115
-0.453
0.114
0.115
0.115
-0.474
0.115
0.105
-0.470
-0.470
-0.453
0.108
-0.996
-0.453
0.105
0.115
0.115
0.106
0.115
0.098
0.114
0.110
-0.470
0.114
0.115
-0.470
0.115
0.115
0.097
-2.156
0.088
0.105
0.105
0.115
0.088
0.114
0.115
0.097
0.115
0.109
0.115
0.114
0.115
0.114
0.114
0.115
-0.453
0.115
0.115
0.098
0.115
0.115
0.114
0.115
0.115
-2.996
0.115
0.115
0.115
0.113
0.115
0.105
0.115
0.108
0.114
0.109
0.115
0.114
0.114
0.114
0.097
0.115
0.115
0.115
0.115
0.109
0.103
0.115
0.115
0.114
0.115
0.115
0.114
0.115
0.115
0.115
0.115
0.115
-0.471
-0.996
0.115
0.115
0.115
0.115
0.109
0.115
0.115
0.115
-0.474
0.115
0.094
-2.244
0.115
0.115
0.115
0.115
0.115
0.109
0.115
0.114
0.114
-0.471
0.115
0.115
0.115
-0.471
0.115
0.114
0.105
-2.095
0.114
0.109
0.114
0.115
0.110
0.115
0.115
0.110
0.088
0.115
0.114
0.115
-0.470
0.115
0.115
0.108
0.115
0.115
0.115
0.114
0.115
0.110
0.114
0.109
0.105
-1.846
-0.471
0.115
0.114
0.105
0.110
0.115
0.099
0.088
-0.453
0.115
0.115
-0.470
0.108
-1.004
0.110
0.110
0.108
0.115
0.114
0.115
0.114
0.115
0.114
0.115
0.094
0.115
0.094
0.115
0.115
0.099
0.115
0.088
0.108
0.099
0.115
0.115
0.115
0.115
0.109
0.115
0.115
-1.605
0.114
0.115
0.105
0.115
0.115
0.109
0.114
0.115
-0.996
0.088
0.115
-1.188
0.115
0.088
0.114
0.115
0.115
-0.896
0.115
0.115
0.115
0.115
0.115
0.115
0.115
0.115
0.115
0.115
0.115
0.115
0.115
0.109
0.115
0.108
0.115
0.115
0.114
0.114
0.095
0.114
0.115
0.114
0.115
0.115
0.115
0.114
0.115
0.110
0.115
0.115
0.115
0.115
0.115
0.109
0.115
0.115
0.115
0.115
0.115
0.105
0.115
0.115
0.105
0.115
0.114
0.115
0.108
0.111
0.094
0.114
0.115
0.094
0.115
0.114
0.115
0.115
0.114
0.115
0.115
0.109
-0.920
0.105
0.109
0.111
-0.739
-1.406
-0.744
-0.744
-0.744
-2.331
-0.743
-1.250
-0.832
-0.743
-0.743
-0.739
-0.739
-0.743
-1.269
0.115
0.115
0.094
0.114
0.113
0.115
0.103
0.115
0.114
0.115
0.109
0.115
0.114
0.113
-0.470
-0.894
0.115
0.115
0.105
0.114
0.115
-0.704
0.115
0.115
-0.540
-0.540
-0.540
0.115
-2.088
0.110
-0.453
0.115
0.115
0.110
0.105
0.115
0.115
0.115
-0.453
0.115
0.088
0.107
0.099
-1.168
-2.231
-1.672
-0.539
-0.596
0.110
-2.484
-0.929
0.108
0.115
0.109
-1.883
-1.659
-2.060
0.110
0.115
0.088
0.088
0.088
0.088
-1.691
0.108
0.108
0.087
0.087
0.115
-1.570
0.088
-1.309
0.114
0.115
-1.478
0.114
0.115
-1.570
0.099
-1.504
-1.187
-0.571
-1.682
-1.059
0.090
0.108
0.085
-3.334
-2.027
-1.957
-1.520
-1.297
-2.824
-1.300
-1.297
-1.929
-1.300
-1.297
-2.516
-1.929
-1.519
-3.015
-1.887
-2.188
-1.929
-2.625
-1.668
-2.933
-1.696
-0.961
-1.074
0.000
0.000
0.000
