fixedStep chrom=ENSGT00390000006416 start=1 step=1
0.141
0.143
0.141
-0.289
0.142
-1.156
0.124
0.141
0.122
-2.863
0.142
-1.169
-1.031
0.123
-2.164
-1.899
-0.289
-0.289
-0.283
0.142
-0.312
0.115
0.132
0.138
-0.289
0.122
0.140
0.142
0.141
-0.585
0.115
0.142
0.110
-0.584
0.143
0.122
-0.283
-0.288
-0.489
-1.417
-0.995
-1.215
0.140
-0.283
-0.289
-1.577
-0.799
-0.150
-0.150
-0.150
-0.150
0.143
0.125
-0.289
0.142
0.142
0.124
-0.607
-0.289
-1.131
0.143
0.124
-0.289
-0.288
-0.288
-0.288
0.135
-0.331
0.135
0.118
0.119
0.119
0.119
-0.326
-0.593
0.106
0.118
0.135
0.137
0.136
0.135
-0.580
-0.289
-0.288
-0.283
-0.289
-0.289
-0.289
-0.283
-0.584
0.141
0.124
0.122
0.141
0.124
-0.288
-0.288
-0.283
-0.289
0.141
0.139
-0.583
-0.288
-0.288
0.142
-0.288
0.124
-0.607
-0.289
0.141
0.141
-0.289
0.119
0.125
0.124
-1.156
0.124
0.138
-0.283
0.142
-0.289
0.125
-0.584
0.124
-0.288
0.142
0.141
0.138
0.141
-0.283
0.124
-0.289
0.142
0.141
-0.289
-0.289
0.124
-0.289
-0.588
0.125
-0.329
-1.419
-1.006
-1.112
-0.582
-0.289
0.125
-0.288
0.122
0.143
-2.739
0.131
-0.289
0.142
0.142
0.109
0.141
0.131
0.138
0.139
0.139
0.128
0.137
-0.289
-0.283
0.240
0.240
0.240
-0.289
0.124
-0.289
-1.112
-1.197
-1.419
0.124
0.111
0.142
0.143
0.143
0.141
-1.762
-0.283
0.124
0.141
0.143
-0.592
0.142
-0.288
-0.288
-0.289
-0.288
0.141
-0.588
0.125
0.141
-1.157
0.134
-0.588
-0.289
-0.288
-0.288
0.141
-0.288
0.139
-1.419
-1.003
-1.112
-1.415
-1.419
-1.419
-1.112
-1.112
-1.386
0.141
-0.289
-0.283
0.125
0.143
-0.289
-0.289
-0.288
-0.289
-0.563
0.142
-0.288
-0.289
0.141
0.138
-1.006
-1.003
-1.465
0.240
0.240
0.240
-1.112
-1.003
-1.188
0.143
-0.289
0.143
0.142
0.132
0.122
0.138
-0.584
0.112
0.120
-2.843
-0.607
-1.415
-0.985
-1.006
-1.419
-0.998
-0.985
0.000
0.000
0.000
0.000
0.000
0.000
0.000
0.000
0.000
0.000
0.000
0.000
0.000
0.000
0.000
0.000
0.000
0.000
0.000
0.000
0.000
0.000
0.000
0.000
0.000
0.000
0.000
0.000
0.000
0.000
0.000
0.000
0.000
0.000
0.000
0.000
0.000
0.000
0.000
0.000
0.000
0.000
0.000
0.000
0.000
-0.549
-0.560
-0.561
0.678
0.678
0.678
-1.581
-0.566
0.128
0.113
0.132
-0.289
0.141
0.141
0.141
-1.164
-0.564
0.122
-0.288
-0.283
0.139
-0.587
-0.288
-0.289
-2.171
-0.283
0.124
-0.289
-0.289
-0.283
0.131
0.125
-0.588
0.139
0.125
-0.289
0.124
0.141
0.139
-0.289
0.141
0.124
0.124
0.143
-1.091
0.132
-0.288
0.139
0.142
-0.288
0.124
0.141
0.124
-0.584
0.122
-0.283
0.141
0.141
-0.283
-0.563
-1.114
0.141
-3.100
0.125
-0.288
0.124
0.141
-0.288
-0.579
0.240
0.240
0.240
-0.289
0.141
0.124
0.143
-0.289
0.140
-0.157
-0.150
-0.157
-0.150
-0.150
-0.150
-0.288
-0.587
-1.135
0.141
0.141
0.139
0.125
0.141
0.125
-0.289
-0.288
-0.289
-0.288
-0.288
-0.289
0.141
0.141
0.125
-0.283
0.125
0.124
-0.289
0.124
0.124
-0.283
-0.283
0.143
0.141
0.141
0.143
0.141
0.124
0.139
0.141
0.124
0.124
-0.283
0.141
-0.283
-0.289
0.143
-0.289
0.124
0.124
-0.489
-0.487
-0.283
0.142
-0.288
0.143
-0.289
-0.289
0.125
0.124
0.141
0.125
0.125
0.124
0.141
-0.289
-0.283
0.141
0.124
0.141
0.141
0.130
-0.289
0.125
0.124
-0.288
-0.288
0.142
-0.289
-0.289
-2.351
-1.159
-0.283
-0.289
-0.583
0.143
0.125
-0.283
0.141
0.125
0.000
0.000
0.000
0.000
0.000
0.000
0.000
0.000
0.000
0.000
0.000
0.000
0.000
0.000
0.000
0.000
0.000
0.000
0.000
0.000
0.000
0.000
0.000
0.000
0.000
0.000
0.000
0.000
0.000
0.000
0.000
0.000
0.000
0.000
0.000
0.000
0.000
0.000
0.000
0.000
0.000
0.000
0.000
0.000
0.000
0.000
0.000
0.000
0.000
0.000
0.000
-0.289
0.142
0.143
0.141
-0.283
-0.582
0.125
0.141
-0.283
-0.288
0.133
0.141
0.141
0.124
0.141
0.143
0.141
0.142
0.141
0.141
0.142
0.142
0.143
0.141
0.141
0.141
0.141
0.141
0.143
0.139
0.141
0.142
0.141
0.137
0.141
0.140
0.138
0.141
0.143
0.140
0.143
0.141
0.141
0.143
-2.339
0.124
0.143
0.141
0.143
0.141
0.143
0.142
0.141
0.138
0.143
0.141
0.143
0.141
0.141
0.142
0.142
0.143
0.141
0.143
0.141
0.142
0.141
0.143
0.142
0.142
0.142
0.141
0.143
0.142
0.143
0.142
0.141
0.141
0.143
-1.210
0.143
0.123
0.142
-1.946
0.131
0.141
0.141
0.141
0.143
0.141
0.141
0.142
0.141
0.141
0.141
0.141
0.142
0.141
0.141
0.141
0.141
0.141
0.120
0.143
0.141
0.142
0.141
0.143
0.131
0.142
0.142
0.143
0.128
0.143
0.143
0.143
0.141
0.141
0.141
0.140
0.141
0.111
0.134
0.141
0.141
0.143
0.130
0.143
0.105
0.141
0.141
0.135
0.141
0.141
0.141
0.142
0.141
0.142
0.141
0.141
0.141
0.137
0.142
0.124
0.142
0.141
0.125
0.143
0.141
0.143
0.139
0.139
0.142
0.140
0.141
0.142
0.141
0.142
0.132
0.142
0.142
0.143
0.128
0.141
0.141
0.143
0.143
0.143
0.143
0.142
0.141
0.141
0.143
0.142
0.141
0.142
0.143
0.141
0.122
0.141
0.674
0.674
0.674
0.141
0.141
0.141
0.140
0.125
0.141
0.141
0.141
0.141
0.141
0.141
0.132
0.141
0.141
0.138
0.143
0.142
0.142
0.141
0.138
0.143
0.142
0.143
0.143
0.142
0.143
0.139
0.141
0.143
0.141
0.141
0.141
0.140
0.143
0.141
0.143
0.142
0.143
0.141
0.141
0.141
0.119
0.141
0.141
0.143
0.000
0.000
0.000
0.000
0.000
0.000
0.000
0.000
0.000
0.000
0.000
0.000
0.000
0.000
0.000
0.000
0.000
0.000
0.000
0.000
0.000
0.000
0.000
0.000
0.000
0.000
0.000
0.000
0.000
0.000
0.141
0.140
0.143
0.138
0.141
0.122
0.143
0.139
0.141
0.138
0.141
0.131
0.141
0.143
0.138
0.138
0.143
0.139
0.141
0.143
0.139
0.000
0.000
0.000
0.000
0.000
0.000
