fixedStep chrom=ENSGT00390000014792 start=1 step=1
0.078
0.078
0.078
0.078
0.078
0.074
0.078
0.076
0.078
0.078
0.078
0.077
0.078
0.078
0.074
0.074
0.078
0.078
0.078
0.078
0.074
0.078
0.071
0.074
0.078
0.078
0.078
0.078
0.078
0.078
0.078
0.074
0.078
0.078
0.078
0.074
0.078
0.078
0.078
0.078
0.078
0.074
0.078
0.078
0.078
0.078
0.078
0.076
0.070
0.078
0.078
0.078
0.078
0.078
0.078
0.078
0.056
0.078
0.078
0.078
0.078
0.078
0.078
0.078
0.078
0.078
0.078
0.078
0.078
0.078
0.078
0.078
0.061
0.078
0.061
0.078
0.075
0.078
0.056
0.078
0.074
0.078
0.074
0.078
0.000
0.000
0.000
0.000
0.000
0.000
0.000
0.000
0.000
0.000
0.000
0.000
0.074
0.061
0.078
0.078
0.078
0.078
0.060
0.075
0.078
0.078
0.074
0.074
0.078
0.078
0.060
0.078
0.075
0.074
0.078
0.061
0.078
0.067
0.078
0.060
0.078
0.067
0.078
0.078
0.078
0.078
0.078
0.078
0.078
0.078
0.077
0.074
0.076
0.078
0.077
0.078
0.078
0.078
0.078
0.078
0.078
0.078
0.073
0.075
-0.123
-0.123
-0.123
-0.123
-0.123
-0.123
0.078
0.073
0.078
0.078
0.078
0.078
0.078
0.061
0.078
0.077
0.078
0.056
0.060
0.078
0.060
0.060
-1.593
0.076
0.075
0.074
-1.570
0.067
0.076
0.078
0.078
0.076
0.078
0.078
0.078
0.078
0.078
0.078
0.060
0.078
0.078
0.077
0.078
0.078
0.078
0.078
0.078
0.078
0.078
0.078
0.074
0.078
0.078
0.078
0.078
0.078
0.075
0.078
0.060
0.078
0.078
0.078
0.078
0.078
0.078
-1.552
0.078
0.078
0.078
0.078
0.078
0.078
0.078
0.078
0.078
0.078
0.078
0.055
0.078
0.078
0.078
0.078
0.078
0.078
0.078
0.078
0.074
0.078
0.075
0.076
0.078
0.078
0.078
0.078
0.078
0.078
0.078
0.078
0.078
0.060
0.078
0.078
0.078
0.078
0.056
0.078
0.078
0.078
0.078
0.078
0.078
-3.616
0.078
0.078
0.076
0.078
0.078
0.078
0.078
0.074
0.078
0.078
0.078
0.078
0.078
0.075
0.078
0.070
0.078
0.078
0.078
0.075
0.078
0.078
0.074
0.078
0.078
0.078
0.078
0.078
0.078
0.078
0.078
0.078
0.078
0.078
0.078
0.078
0.078
0.076
0.078
0.078
0.077
0.078
0.078
0.055
0.078
0.078
0.078
0.078
0.078
0.078
0.078
0.078
0.071
0.074
0.078
0.060
0.078
0.078
0.061
0.078
0.075
0.078
0.074
0.078
0.078
-2.290
-1.484
-1.484
0.000
0.000
0.000
0.000
0.000
0.000
