fixedStep chrom=ENSGT00530000063868 start=1 step=1
0.000
0.000
0.000
0.000
0.000
0.000
0.000
0.000
0.000
0.000
0.000
0.000
0.000
0.000
0.000
0.000
0.000
0.000
0.000
0.000
0.000
0.000
0.000
0.000
0.000
0.000
0.000
0.000
0.000
0.000
0.000
0.000
0.000
0.000
0.000
0.000
0.000
0.000
0.000
0.000
0.000
0.000
0.000
0.000
0.000
0.000
0.000
0.000
0.000
0.000
0.000
0.000
0.000
0.000
0.000
0.000
0.000
0.000
0.000
0.000
0.000
0.000
0.000
0.000
0.000
0.000
0.000
0.000
0.000
0.000
0.000
0.000
0.000
0.000
0.000
0.000
0.000
0.000
0.000
0.000
0.000
0.000
0.000
0.000
0.000
0.000
0.000
0.000
0.000
0.000
0.000
0.000
0.000
0.000
0.000
0.000
0.000
0.000
0.000
0.000
0.000
0.000
-2.034
-1.264
-2.040
-1.872
-1.290
-3.948
-1.290
-1.295
-2.006
-2.029
-2.034
-3.014
-1.656
-2.029
-2.134
-1.662
-1.662
-1.648
-1.295
-1.999
-2.029
-2.029
-1.656
-1.878
-1.301
-1.290
-2.208
0.141
-0.322
-0.816
0.141
0.141
0.136
0.141
0.141
-0.613
-0.322
0.143
-0.318
0.141
0.141
0.128
0.141
0.141
0.117
-0.317
0.143
0.141
0.143
0.143
0.143
0.141
0.141
0.141
0.141
0.128
0.128
0.141
0.141
-0.996
-0.321
0.141
0.128
0.128
-0.321
0.143
0.141
0.141
-0.321
-0.317
-0.321
-0.317
-0.318
-0.317
0.111
-0.321
0.141
0.128
0.141
0.143
0.129
-0.321
0.143
-0.322
0.141
0.141
0.137
0.128
0.143
-1.735
-0.318
0.129
-0.983
0.141
0.143
0.143
0.141
0.141
0.128
0.128
0.141
0.133
0.141
0.141
0.138
0.141
0.141
0.128
0.141
0.143
0.129
0.141
0.143
0.141
-0.321
0.143
-0.318
0.141
0.141
-0.317
-0.318
0.141
-0.517
0.143
-0.437
-0.602
-0.321
0.128
-0.318
-0.322
0.141
0.141
0.141
0.141
-0.365
-0.318
0.129
0.128
0.141
0.128
0.129
0.129
-0.322
0.141
0.143
0.141
0.141
0.141
0.141
0.128
-0.321
0.139
0.140
0.141
0.141
0.129
0.143
0.141
0.143
0.141
0.141
0.129
-0.317
-0.322
-0.536
-0.318
0.129
0.133
0.141
0.143
-0.520
0.129
0.143
0.128
0.141
0.141
-0.618
0.141
0.143
0.141
0.129
0.143
0.141
0.141
0.141
-0.521
0.141
-0.321
0.136
-0.321
0.141
0.128
0.141
0.124
0.122
0.141
0.141
-0.724
0.143
0.141
0.141
0.143
0.141
0.129
-0.639
0.126
0.107
0.129
0.143
-1.184
0.143
-0.317
0.141
-0.321
0.141
-0.641
0.133
0.143
-0.321
0.136
0.141
0.133
0.143
0.136
-0.517
0.141
0.141
0.136
0.141
0.141
0.143
0.141
0.124
0.129
0.136
0.141
0.123
0.141
0.141
-3.097
0.143
-0.317
0.129
0.123
0.141
0.135
0.143
0.141
0.141
0.110
0.143
-0.321
0.143
0.143
0.141
-0.321
0.143
0.107
0.141
0.141
-0.619
0.143
0.141
0.141
0.143
0.141
-0.318
0.136
0.141
-0.317
0.136
0.141
0.143
-0.321
0.141
0.107
0.143
0.141
0.129
0.141
-0.321
0.133
0.141
0.143
-0.318
0.141
0.141
-0.318
0.141
-0.317
0.128
0.141
0.141
0.128
0.141
0.143
0.141
0.129
0.143
0.141
0.143
0.141
0.133
0.141
0.141
0.128
0.141
0.141
-1.134
0.141
0.141
0.141
-1.070
0.141
0.128
0.141
0.141
-0.321
0.141
0.141
-0.317
-0.322
0.143
0.141
0.141
0.141
0.141
0.141
0.141
0.140
0.141
0.141
0.140
0.143
0.143
0.143
0.141
0.141
0.136
0.141
0.141
0.126
0.141
0.141
0.141
0.141
0.141
0.141
0.141
0.143
0.129
0.141
0.141
0.128
0.141
0.141
0.143
0.141
0.141
0.128
-0.322
0.143
-0.321
0.143
0.143
0.129
0.141
0.141
0.128
0.141
0.141
-0.317
0.141
0.142
0.128
0.141
0.141
0.141
0.141
0.141
-1.792
0.141
0.141
0.127
-1.186
0.135
-1.184
0.135
0.133
-0.839
0.135
0.141
-1.109
-0.322
-1.184
0.135
0.141
0.141
0.126
0.135
0.133
0.133
-0.321
0.141
0.126
0.139
0.139
0.131
0.129
0.133
0.120
0.107
0.135
0.139
0.120
0.129
0.104
0.135
0.133
-0.321
0.120
0.119
-3.207
-1.172
0.139
-1.791
-0.318
0.133
-1.184
0.133
0.133
0.128
0.133
0.141
0.139
0.141
0.141
0.119
0.141
0.143
0.139
0.139
0.141
0.129
-0.604
0.133
0.119
0.133
0.141
0.123
0.133
0.141
0.138
0.128
0.128
0.141
0.141
0.141
0.128
0.128
0.143
-0.639
0.132
0.128
0.128
0.141
0.141
0.141
0.141
0.143
0.128
-0.321
0.128
-1.000
0.141
0.143
0.137
0.141
0.139
0.129
0.141
0.141
0.141
0.000
0.000
0.000
0.000
0.000
0.000
0.000
0.000
0.000
0.000
0.000
0.000
0.000
0.000
0.000
0.000
0.000
0.000
0.000
0.000
0.000
-1.158
-1.160
-1.159
-1.227
0.130
0.126
0.139
0.130
-1.854
0.137
0.130
-1.865
0.105
0.141
-0.649
0.124
0.137
0.136
0.129
0.141
0.128
0.129
0.130
-1.254
0.137
-0.649
0.124
0.137
0.139
0.137
0.130
0.130
-2.115
0.140
0.139
0.128
0.130
0.138
-0.647
0.138
0.141
0.109
0.140
0.139
0.126
0.137
0.129
-1.227
-1.229
0.141
-0.647
0.129
0.130
-1.227
0.141
0.141
0.127
0.130
0.130
0.117
-1.227
0.131
-0.334
0.127
-1.227
-0.650
0.130
-1.229
-0.665
0.139
0.122
0.109
0.139
0.140
0.134
0.127
-0.333
-0.642
0.138
0.124
0.138
0.137
0.130
-1.218
0.116
0.141
-1.229
-1.229
0.139
0.116
-0.337
0.139
0.126
0.128
0.141
-0.649
0.139
0.134
-0.334
-1.227
0.130
-0.712
0.139
0.126
0.126
-0.671
-0.333
0.122
-0.338
0.141
0.139
0.139
0.139
0.138
0.141
0.139
0.127
0.126
0.141
-0.338
0.140
0.139
0.136
-1.020
0.141
0.139
0.128
0.141
0.128
-0.321
0.143
0.128
0.141
0.141
0.128
-0.321
0.143
0.136
0.128
0.141
0.128
-0.321
0.128
-0.318
0.141
0.141
0.136
0.138
0.129
0.129
0.141
0.143
0.110
0.128
-0.317
-0.631
0.129
0.143
0.141
0.141
0.129
-0.322
-0.321
0.140
0.141
0.141
0.141
0.141
0.128
-0.321
0.128
-1.068
-0.321
0.128
0.141
0.141
0.107
0.141
0.141
-0.634
-0.322
0.143
0.127
0.128
-0.321
-0.321
-0.322
0.141
-0.318
0.129
0.143
0.141
0.124
0.141
-0.321
-0.317
-0.321
-1.003
-0.321
0.141
0.141
0.128
0.143
-0.318
0.141
0.141
0.141
-0.321
0.128
0.128
0.141
0.141
0.143
-0.631
0.141
-0.317
0.123
0.141
-1.112
0.141
0.141
0.129
0.143
0.141
0.130
0.141
0.141
0.129
0.143
0.143
0.139
0.143
0.143
0.129
0.141
0.143
-0.521
0.143
0.141
0.129
0.141
0.141
0.128
0.141
0.141
0.129
-0.317
0.141
0.139
0.141
0.141
0.137
0.141
0.141
0.128
0.141
0.141
-1.000
0.141
0.141
0.141
0.129
-0.610
0.129
0.129
0.143
-0.317
0.141
0.141
0.140
0.143
0.141
0.128
0.128
0.143
0.136
0.141
0.143
-0.318
0.143
0.143
0.129
0.141
0.143
0.129
0.143
0.141
0.129
0.143
0.141
-1.000
0.141
0.143
0.141
0.141
0.141
-3.708
0.141
0.141
0.107
0.143
0.141
0.139
0.141
-0.321
0.128
0.143
0.141
0.141
0.141
0.141
0.129
0.141
0.143
-1.070
0.141
0.128
0.128
0.141
0.141
0.128
0.141
0.141
-2.158
0.141
0.143
0.141
0.139
0.143
-0.322
0.143
0.141
0.129
0.143
0.141
0.129
0.141
0.141
0.141
0.143
0.141
0.141
0.141
0.141
0.141
0.141
0.141
0.141
0.141
-0.357
0.133
0.141
0.143
-0.620
0.141
0.143
-1.110
0.141
0.141
-1.087
-0.317
0.129
0.128
0.141
0.143
0.128
0.141
0.141
0.128
-0.321
0.128
0.128
-0.322
0.141
-0.321
0.129
0.143
-0.321
0.141
0.141
-0.994
-0.321
0.143
0.141
0.141
0.141
-0.318
0.128
0.143
-1.070
0.107
0.129
0.129
0.141
0.128
0.128
0.141
0.141
0.131
0.141
0.143
0.135
0.141
0.141
0.141
0.141
0.143
-0.317
0.141
0.128
0.141
0.128
0.141
0.143
0.141
0.141
0.141
0.141
-0.321
-0.317
0.141
0.141
0.140
0.129
0.143
0.141
0.141
0.141
-0.318
0.141
0.141
0.121
0.141
0.141
-0.322
0.143
0.143
0.141
0.141
0.143
0.129
0.143
0.141
0.133
0.141
0.141
-0.321
0.141
0.141
0.128
0.141
0.143
0.128
0.141
0.141
0.128
0.141
0.141
0.141
0.141
0.141
0.141
0.141
0.141
0.128
0.141
0.141
0.131
0.141
0.141
-0.619
0.129
-0.317
0.141
0.141
0.141
0.141
0.141
0.141
0.128
0.128
-0.322
0.128
0.143
0.143
0.128
0.141
0.141
-0.321
0.141
0.141
0.128
0.141
0.141
-1.070
0.141
0.141
0.128
0.141
0.141
0.129
0.141
0.141
-0.630
0.141
-0.322
0.117
0.141
0.141
-0.321
0.141
0.141
0.128
-0.321
0.141
0.128
0.141
0.141
-0.321
-0.321
-0.317
0.135
-0.321
0.128
0.129
-0.321
0.141
-0.321
0.141
0.143
-1.188
0.141
0.143
0.128
-0.321
0.141
-0.641
0.141
0.141
0.128
0.141
0.141
0.109
0.141
-0.322
0.131
0.141
0.141
0.136
0.141
-0.321
0.140
0.141
0.128
0.128
0.141
-0.321
0.140
0.128
-0.321
0.129
0.141
-0.322
0.129
-0.032
-0.032
-0.032
