fixedStep chrom=ENSGT00560000076863 start=1 step=1
0.000
0.000
0.000
0.000
0.000
0.000
0.000
0.000
0.000
0.176
0.176
0.175
0.175
0.160
-2.224
0.144
0.171
0.171
0.161
0.174
0.166
0.177
0.177
0.174
0.177
0.151
0.139
0.171
0.176
0.161
0.175
0.167
0.166
0.000
0.000
0.000
0.000
0.000
0.000
0.000
0.000
0.000
0.143
0.177
0.174
0.174
0.157
0.172
0.176
0.177
0.177
0.177
0.177
0.171
0.175
0.177
0.174
0.177
0.177
0.129
0.170
0.175
0.176
0.176
0.176
0.158
0.156
0.177
0.175
0.177
0.177
0.171
0.170
0.167
0.147
0.143
0.132
0.152
0.172
0.177
0.171
0.164
0.170
0.174
0.177
0.177
0.170
0.177
0.177
0.170
0.156
0.172
0.154
0.177
0.177
0.143
0.169
0.177
0.132
0.177
0.177
0.173
0.176
0.161
0.153
0.136
0.177
0.157
0.176
0.176
0.175
0.168
0.175
0.174
0.173
0.177
0.154
0.173
0.177
0.128
0.177
0.177
0.171
-2.876
0.177
0.170
0.156
0.176
0.155
0.157
0.177
0.154
0.165
0.177
0.165
0.167
0.177
0.176
0.176
0.176
0.165
0.177
0.177
0.166
0.170
0.177
0.165
0.174
0.167
0.168
0.165
0.177
0.162
0.169
0.177
0.167
0.171
0.177
0.172
0.169
0.177
0.156
0.177
0.177
0.166
0.147
0.177
0.144
0.148
0.177
0.154
0.176
0.177
0.173
0.177
0.177
0.173
0.157
0.170
0.167
0.170
0.177
0.146
0.177
0.177
0.134
0.177
0.175
0.134
0.175
0.177
0.164
0.177
0.177
0.176
0.177
0.177
0.176
0.177
0.177
0.175
0.177
0.177
0.168
0.157
0.177
0.155
0.177
0.176
0.167
0.177
0.177
0.171
0.166
0.177
0.174
0.150
0.177
0.141
0.145
0.173
0.161
0.170
0.171
0.174
0.176
0.177
0.172
0.177
0.177
0.177
0.176
0.176
0.168
0.157
0.177
0.171
0.177
0.177
0.130
0.177
0.177
0.156
0.175
0.170
0.145
0.170
0.177
0.155
0.157
0.170
0.134
0.177
0.177
0.148
0.177
0.177
0.170
0.176
0.177
0.176
0.154
0.177
0.154
0.174
0.171
0.177
0.177
0.175
0.168
0.163
0.177
0.168
0.173
0.165
0.143
0.174
0.163
0.162
0.128
0.177
0.171
0.128
0.174
0.173
0.164
0.177
0.177
0.177
0.171
0.147
0.177
0.177
0.168
0.177
0.177
0.175
0.177
0.177
0.171
0.135
0.169
0.177
0.157
0.135
0.155
0.177
0.176
0.177
0.176
0.171
0.152
0.174
0.175
0.128
0.177
0.177
0.173
0.171
0.177
0.156
0.173
0.177
0.146
0.173
0.173
0.177
0.177
0.177
0.168
-3.030
0.132
0.150
0.171
0.177
0.143
0.177
0.177
0.174
0.177
0.177
0.167
0.171
0.149
0.162
0.163
0.149
0.176
0.176
0.177
0.176
0.147
0.177
0.142
0.177
0.177
0.169
0.177
0.177
0.172
0.175
0.177
0.140
0.177
0.177
0.157
0.176
0.176
0.149
0.177
0.177
0.176
0.162
0.177
0.174
0.177
0.176
0.176
0.176
0.177
0.169
0.176
0.175
0.177
0.177
0.176
0.170
0.176
0.177
0.170
0.176
0.177
0.177
0.177
0.177
0.173
0.177
0.176
0.177
0.177
0.174
0.150
0.177
0.176
0.170
0.174
0.177
0.148
0.177
0.177
0.153
0.177
0.177
0.170
0.161
0.145
0.144
0.170
0.177
0.137
0.177
0.177
0.174
0.171
0.177
0.176
0.151
0.177
0.155
0.146
0.176
0.169
0.152
0.169
0.169
0.143
0.176
0.153
0.170
0.174
0.175
0.159
0.169
-1.960
0.171
0.177
0.164
0.175
0.177
0.174
0.176
0.177
0.168
0.144
0.149
0.123
0.172
0.175
0.158
0.176
0.161
0.147
0.177
0.177
0.177
0.177
0.173
0.173
0.177
0.177
0.175
0.157
0.176
0.172
0.173
0.173
0.135
0.177
0.177
0.169
-0.938
0.157
0.162
0.147
0.177
0.151
0.172
0.177
0.153
0.151
0.177
0.131
0.129
0.174
0.165
0.173
0.173
0.144
0.173
0.174
0.158
0.177
0.177
0.174
0.146
0.177
0.134
0.177
0.177
0.177
0.177
0.145
0.149
0.169
0.174
0.170
0.157
0.174
0.153
0.177
0.177
0.173
0.177
0.171
0.177
0.176
0.176
0.175
0.174
0.156
0.161
0.175
0.177
0.166
0.166
0.177
0.173
0.177
0.177
0.173
0.165
0.168
0.157
0.169
0.177
0.175
0.177
0.177
0.170
0.177
0.177
0.174
0.175
0.176
0.176
0.176
0.177
0.167
0.137
0.157
0.177
0.135
0.173
0.148
0.177
0.176
0.153
0.171
0.177
0.174
-1.814
0.177
0.175
0.168
0.170
0.171
0.157
0.177
0.174
0.177
0.177
0.154
0.177
0.175
0.168
0.177
0.177
0.134
0.161
0.177
0.167
0.171
0.177
0.173
0.164
0.164
0.145
0.176
0.177
0.167
0.148
0.177
0.157
0.173
0.177
0.175
0.164
0.171
0.175
0.156
0.177
0.157
0.176
0.174
0.172
0.145
0.176
0.159
0.157
0.177
0.157
0.177
0.177
0.166
0.157
0.177
0.153
0.176
0.149
0.144
0.174
0.151
0.176
0.172
0.177
0.177
0.175
0.177
0.176
0.139
0.177
0.169
0.177
0.174
0.157
0.177
0.176
0.168
0.175
0.177
0.167
0.168
0.175
0.175
0.171
0.177
0.150
0.176
0.177
0.168
0.174
0.177
0.149
0.169
0.177
0.169
0.177
0.177
0.169
0.177
0.177
0.175
0.132
0.175
0.164
0.170
0.173
0.124
0.177
0.177
0.168
0.171
0.177
0.150
0.152
0.177
0.154
0.174
0.177
0.171
0.172
0.177
0.131
0.171
0.168
0.171
0.155
0.173
0.170
0.173
0.177
0.175
0.157
0.177
0.168
0.177
0.177
0.148
0.175
0.157
0.154
-0.722
-0.609
-0.723
0.176
0.175
0.139
0.177
0.176
0.170
0.134
0.156
0.146
0.177
0.177
0.167
0.176
0.177
0.168
0.172
0.177
0.173
0.177
0.177
0.172
0.177
0.177
0.151
0.177
0.176
0.177
0.170
0.176
0.134
0.162
0.177
0.169
0.177
0.177
0.170
0.174
0.177
0.176
0.177
0.175
0.176
0.176
0.177
0.176
0.173
0.177
0.153
0.158
0.174
0.154
0.172
0.177
0.174
0.177
0.177
0.172
0.177
0.171
0.173
0.176
0.176
0.167
0.157
0.177
0.147
0.167
0.177
0.151
0.166
0.177
0.142
0.177
0.177
0.168
0.177
0.177
0.150
0.177
0.177
0.171
0.143
0.177
0.164
0.177
0.177
0.161
0.177
0.177
0.176
0.173
0.177
0.161
0.177
0.177
0.176
0.177
0.155
0.176
0.177
0.176
0.167
0.148
0.174
0.161
0.175
0.168
0.163
0.174
0.169
0.173
0.176
0.167
0.177
0.176
0.177
0.175
0.177
0.177
0.177
0.173
0.177
0.174
0.176
0.175
0.170
0.177
0.177
0.166
0.156
0.177
0.168
0.177
0.177
0.177
0.177
0.177
0.174
0.177
0.177
0.137
0.167
0.177
0.172
0.173
0.177
0.150
0.177
0.177
0.161
0.177
0.177
0.164
0.177
0.176
0.176
0.163
0.177
0.167
0.177
0.177
0.172
0.177
0.177
0.135
0.162
0.177
0.176
0.177
0.177
0.156
0.177
0.177
0.168
0.177
0.176
0.167
0.169
0.177
0.161
0.175
0.176
0.169
0.177
0.177
0.174
0.176
0.169
0.176
0.176
0.177
0.135
0.176
0.177
0.153
0.177
0.177
0.176
0.154
0.177
0.167
0.176
0.177
0.166
0.168
0.177
0.157
0.142
0.173
-1.921
0.177
0.174
0.168
0.168
0.157
0.130
0.177
0.158
0.145
0.963
0.963
0.963
0.175
0.146
0.000
0.000
0.000
0.000
0.000
0.000
0.000
0.000
0.000
0.000
-1.744
-1.342
-1.680
0.423
0.423
0.422
-1.349
-1.615
-1.313
-1.407
-1.417
-1.591
-2.017
-2.044
-1.823
-2.507
-1.634
-2.079
0.000
0.000
0.000
0.000
0.000
0.000
