fixedStep chrom=ENSGT00390000017252 start=1 step=1
-3.551
-2.342
-2.931
0.038
0.041
0.041
0.041
0.037
-1.330
0.038
0.039
0.030
0.041
0.041
-0.148
0.041
0.041
-1.309
0.039
0.041
0.041
0.041
0.036
0.039
0.039
0.037
0.041
0.039
-0.940
0.037
0.038
0.041
0.024
-0.113
0.041
0.038
0.041
0.041
0.037
-1.321
0.041
0.041
0.029
0.001
0.041
-1.320
0.041
0.041
0.041
0.041
0.041
0.038
-0.309
0.038
0.037
0.041
-0.096
-1.545
-2.459
-1.544
-2.071
-2.071
-1.545
-1.545
-1.549
-2.742
0.041
0.041
-1.996
0.041
-1.358
0.039
-1.261
-1.331
-1.320
-1.358
0.041
0.041
-1.330
0.038
0.041
-1.307
-1.321
0.041
-1.330
-1.358
-1.358
0.030
0.041
0.038
0.041
0.038
0.039
0.041
0.041
0.041
0.041
-1.330
0.041
0.041
0.041
0.041
0.041
0.041
0.038
0.041
0.039
0.038
-2.148
0.041
-1.358
0.041
0.041
-1.330
0.041
-1.358
-1.358
0.041
0.041
-2.148
-1.358
-1.321
-1.358
0.041
-0.740
0.038
-2.030
-0.657
-1.307
-1.358
-1.307
-1.331
-1.330
-1.358
-1.330
-1.307
-2.012
-2.201
-1.320
-0.714
0.041
-2.036
0.037
-1.321
-1.358
0.038
-1.320
0.041
-0.093
0.041
0.038
-2.012
-1.309
0.041
0.041
0.041
0.041
0.041
0.038
0.041
0.041
0.041
0.041
0.041
0.041
0.041
0.041
0.041
0.041
0.041
0.041
0.040
0.041
0.041
0.041
0.031
0.034
0.034
0.033
0.034
0.034
-1.382
0.034
0.034
0.033
0.034
0.034
-1.444
0.034
0.034
0.034
0.034
0.034
0.034
0.034
0.034
0.031
0.033
0.034
0.034
0.034
0.034
0.034
0.034
0.034
-0.028
0.034
0.034
0.034
0.034
0.034
0.034
0.034
0.034
0.034
0.034
0.031
0.034
0.034
0.034
0.034
0.034
0.034
0.034
0.034
0.034
0.034
0.031
0.034
0.034
0.034
0.034
0.034
0.034
0.034
0.034
0.034
0.034
0.034
0.034
0.034
0.034
0.034
0.033
0.034
0.034
0.034
0.034
0.034
0.034
0.034
0.034
0.034
0.034
-1.173
0.034
0.034
0.034
0.034
0.034
0.034
0.034
0.034
0.034
0.041
0.041
0.041
0.041
0.041
0.041
0.041
0.041
0.040
0.041
0.041
0.041
0.041
0.041
0.041
0.041
0.041
0.041
0.041
0.041
0.041
0.041
0.041
0.041
0.041
0.041
0.041
0.041
0.041
0.041
0.041
0.041
0.041
0.041
0.041
0.041
0.041
0.041
0.041
0.041
0.041
0.041
0.041
0.041
0.041
0.041
0.041
0.041
0.041
0.041
0.041
0.041
0.041
0.041
0.041
0.041
0.041
0.041
0.041
0.038
-1.320
-1.321
0.030
0.041
0.041
0.041
-2.024
-1.358
0.041
0.041
0.041
0.040
0.041
0.041
0.041
0.041
0.041
0.041
0.041
0.041
0.039
0.041
0.041
0.041
0.041
0.041
0.041
0.041
0.041
0.038
0.041
0.041
0.038
0.041
0.041
0.041
0.041
0.041
0.041
0.041
0.041
0.041
0.041
0.041
0.041
0.041
0.041
0.030
0.041
0.041
0.041
0.041
0.041
0.041
0.041
0.041
0.041
0.041
0.041
0.041
0.041
0.041
0.041
0.041
0.041
0.041
0.041
0.041
0.041
0.041
0.041
0.041
0.041
0.041
0.041
0.041
0.041
0.041
0.041
0.041
0.041
0.041
0.041
0.041
0.041
0.041
0.041
0.038
0.041
0.041
0.041
0.041
0.041
0.041
0.041
0.041
0.041
0.041
0.041
0.041
0.041
0.041
0.039
0.041
0.038
0.041
0.041
0.041
0.041
-1.320
0.041
0.041
0.041
0.041
0.041
0.041
0.041
0.040
0.039
0.041
0.041
0.041
0.038
0.038
0.041
0.041
0.039
0.041
0.041
0.041
0.041
0.041
0.041
0.041
0.041
0.041
0.041
0.039
0.041
0.041
0.041
0.041
0.041
0.041
0.041
0.041
0.041
0.041
0.041
0.041
0.041
0.041
0.035
0.041
0.041
0.041
0.041
0.041
0.038
0.041
0.038
0.041
0.041
0.041
0.041
0.041
0.041
0.041
0.041
0.041
0.041
0.041
0.041
0.041
0.041
0.041
0.040
0.041
0.041
0.041
0.041
0.039
0.041
0.041
0.041
0.041
0.041
0.041
0.041
0.041
0.041
0.038
0.041
0.041
0.039
0.041
0.041
0.041
0.041
0.041
0.041
0.041
0.041
0.041
0.041
0.041
0.034
0.034
0.034
0.034
0.034
0.034
0.034
0.034
0.034
0.034
0.034
0.034
0.034
0.032
0.034
0.034
0.034
0.034
0.034
0.034
0.034
0.034
0.034
0.034
0.034
0.034
0.034
0.034
0.034
0.034
0.034
0.034
0.034
0.034
0.034
0.034
0.034
0.034
0.034
0.034
0.034
0.034
0.034
0.034
0.034
0.034
0.034
0.034
0.034
0.034
0.034
0.034
0.030
0.034
0.034
0.034
0.034
0.034
0.034
0.041
0.041
0.041
0.041
0.041
0.041
0.041
0.041
0.041
0.041
0.041
0.041
0.041
0.041
0.041
0.041
0.039
0.041
0.041
0.041
0.041
0.041
0.038
0.041
0.041
0.041
0.041
0.041
-2.207
0.041
0.041
0.041
0.041
0.041
0.041
0.041
0.041
0.041
0.041
0.041
0.041
0.041
0.041
0.041
0.041
0.038
0.041
0.041
0.038
0.041
0.041
0.041
0.041
0.041
0.041
0.038
0.038
0.041
0.041
0.041
0.041
0.041
0.041
0.041
0.041
0.041
0.041
0.041
0.041
0.041
0.041
0.041
0.041
0.041
0.041
0.041
0.041
0.041
0.041
0.041
0.041
0.041
0.041
0.041
0.041
0.041
0.041
0.041
0.041
0.041
0.038
0.041
0.041
0.041
0.041
0.039
0.041
0.041
0.041
0.041
0.041
0.041
0.041
0.041
0.041
0.041
0.041
0.039
0.041
0.041
0.041
0.041
0.041
0.041
0.041
0.041
0.041
0.041
0.041
0.041
0.041
0.041
0.041
0.041
0.041
0.041
0.041
0.041
0.041
0.041
0.041
0.041
0.041
0.038
0.041
0.041
0.038
0.041
0.041
0.038
0.041
0.041
-1.309
0.041
0.041
0.039
0.041
0.041
0.041
0.041
0.041
0.041
0.038
0.038
0.041
0.041
0.041
0.041
0.041
0.041
0.041
0.041
0.041
0.041
0.041
0.041
-1.358
0.041
0.041
0.041
0.041
0.041
0.041
0.041
0.038
0.041
0.041
0.041
0.041
0.041
0.041
0.041
0.041
0.041
0.041
0.041
0.041
0.040
0.041
0.041
0.041
0.041
0.041
0.041
0.041
0.041
0.041
0.041
0.041
0.041
0.039
0.041
0.041
0.041
0.041
0.041
0.041
0.041
-1.261
0.041
0.041
0.038
0.041
0.041
0.041
0.041
0.041
0.041
0.041
0.041
0.041
0.038
0.041
0.041
0.041
0.041
0.041
0.041
0.041
0.041
0.041
0.041
0.041
0.041
0.040
0.041
0.041
0.041
0.041
0.041
0.041
0.038
0.041
0.041
0.041
0.041
0.041
0.041
0.041
0.041
0.041
0.041
0.041
0.030
0.041
0.041
0.041
0.041
0.041
0.041
0.041
0.041
0.041
