fixedStep chrom=ENSGT00550000074761 start=1 step=1
0.000
0.000
0.000
0.000
0.000
0.000
0.000
0.000
0.000
0.000
0.000
0.000
0.000
0.000
0.000
0.000
0.000
0.000
0.000
0.000
0.000
0.000
0.000
0.000
0.000
0.000
0.000
0.000
0.000
0.000
0.000
0.000
0.000
0.000
0.000
0.000
0.000
0.000
0.000
0.000
0.000
0.000
0.000
0.000
0.000
0.000
0.000
0.000
0.000
0.000
0.000
0.000
0.000
0.000
0.000
0.000
0.000
0.000
0.000
0.000
0.000
0.000
0.000
0.000
0.000
0.000
0.000
0.000
0.000
0.000
0.000
0.000
0.000
0.000
0.000
0.000
0.000
0.000
0.000
0.000
0.000
0.000
0.000
0.000
0.000
0.000
0.000
0.000
0.000
0.000
0.000
0.000
0.000
0.000
0.000
0.000
0.000
0.000
0.000
0.000
0.000
0.000
0.000
0.000
0.000
0.000
0.000
0.000
0.000
0.000
0.000
0.000
0.000
0.000
0.000
0.000
0.000
0.000
0.000
0.000
0.000
0.000
0.000
0.000
0.000
0.000
0.000
0.000
0.000
0.000
0.000
0.000
0.000
0.000
0.000
0.000
0.000
0.000
0.000
0.000
0.000
0.000
0.000
0.000
0.000
0.000
0.000
0.000
0.000
0.000
0.000
0.000
0.000
0.000
0.000
0.000
0.000
0.000
0.000
0.000
0.000
0.000
0.000
0.000
0.000
0.000
0.000
0.000
0.000
0.000
0.000
0.000
0.000
0.000
0.000
0.000
0.000
0.000
0.000
0.000
0.000
0.000
0.000
0.000
0.000
0.000
0.000
0.000
0.000
0.000
0.000
0.000
0.000
0.000
0.000
0.000
0.000
0.000
0.000
0.000
0.000
0.000
0.000
0.000
0.000
0.000
0.000
0.000
0.000
0.000
0.000
0.000
0.000
0.000
0.000
0.000
0.000
0.000
0.000
0.000
0.000
0.000
0.000
0.000
0.000
0.000
0.000
0.000
0.000
0.000
0.000
0.000
0.000
0.000
0.000
0.000
0.000
0.000
0.000
0.000
0.000
0.000
0.000
0.000
0.000
0.000
0.000
0.000
0.000
0.000
0.000
0.000
0.000
0.000
0.000
0.000
0.000
0.000
0.000
0.000
0.000
0.000
0.000
0.000
0.000
0.000
0.000
0.000
0.000
0.000
0.000
0.000
0.000
0.000
0.000
0.000
0.000
0.000
0.000
0.000
0.000
0.000
0.000
0.000
0.000
0.000
0.000
0.000
0.000
0.000
0.000
0.000
0.000
0.000
0.000
0.000
0.000
0.000
0.000
0.000
0.000
0.000
0.000
0.000
0.000
0.000
0.000
0.000
0.000
0.000
0.000
0.000
0.000
0.000
0.000
0.000
0.000
0.000
0.000
0.000
0.000
0.000
0.000
0.000
0.000
0.000
0.000
0.000
0.000
0.000
0.000
0.000
0.000
0.000
0.000
0.000
0.000
0.000
0.000
0.000
0.000
0.000
0.000
0.000
0.000
0.000
0.000
0.000
0.000
0.000
0.000
0.000
0.000
0.000
0.000
0.000
0.000
0.000
0.000
0.000
0.000
0.000
0.000
0.000
0.000
0.000
0.000
0.000
0.000
0.000
0.000
0.000
0.000
0.000
0.000
0.000
0.000
0.000
0.000
0.000
0.000
0.000
0.000
0.000
0.000
0.000
0.000
0.000
0.000
0.000
0.000
0.000
0.000
0.000
0.000
0.000
0.000
0.000
0.000
0.000
0.000
0.000
0.000
0.000
0.000
0.000
0.000
0.000
0.000
0.000
0.000
0.000
0.000
0.000
0.000
0.000
0.000
0.000
0.000
0.000
0.000
0.000
0.000
0.000
0.000
0.000
0.000
0.000
0.000
0.000
0.000
0.000
0.000
0.000
0.000
0.000
0.000
0.000
0.000
0.000
0.000
0.000
0.000
0.000
0.000
0.000
0.000
0.000
0.000
0.000
0.000
0.000
0.000
0.000
0.000
0.000
0.000
0.000
0.000
0.000
0.000
0.000
0.000
0.000
0.000
0.000
0.000
0.000
0.000
0.000
0.000
0.000
0.000
0.000
0.000
0.000
0.000
0.000
0.000
0.000
0.000
0.000
0.000
0.000
0.000
0.000
0.000
0.000
0.000
0.000
0.000
0.000
0.000
0.000
0.000
0.000
0.000
0.000
0.000
0.000
0.000
0.000
0.000
0.000
0.000
0.000
0.000
0.000
0.000
0.000
0.000
0.000
0.000
0.000
0.000
0.000
0.138
0.112
0.132
0.111
0.140
0.124
-1.150
0.138
0.138
0.138
0.139
0.110
0.132
0.112
-0.653
0.111
0.133
0.107
0.123
0.140
-0.654
0.000
0.000
0.000
0.000
0.000
0.000
0.000
0.000
0.000
0.000
0.000
0.000
0.140
0.140
0.132
0.132
0.111
0.111
0.132
0.132
0.128
0.111
0.138
0.122
0.138
0.138
0.131
0.138
0.138
0.137
0.111
0.139
0.132
0.111
0.138
0.138
0.111
0.133
-1.682
-1.099
0.119
0.133
0.000
0.000
0.000
0.000
0.000
0.000
0.000
0.000
0.000
0.000
0.000
0.000
-1.112
-0.669
-1.107
0.112
0.140
0.111
0.112
0.111
0.139
0.139
0.138
0.138
0.111
-0.624
-0.654
0.140
-0.615
0.111
-0.621
-0.302
-0.300
0.138
0.138
0.132
0.000
0.000
0.000
0.000
0.000
0.000
0.000
0.000
0.000
0.000
0.000
0.000
0.000
0.000
0.000
0.000
0.000
0.000
0.000
0.000
0.000
0.000
0.000
0.000
0.000
0.000
0.000
0.000
0.000
0.000
0.000
0.000
0.000
0.000
0.000
0.000
0.000
0.000
0.000
0.000
0.000
0.000
0.000
0.000
0.000
0.000
0.000
0.000
0.000
0.000
0.000
0.000
0.000
0.000
0.000
0.000
0.000
0.000
0.000
0.000
0.138
0.138
-0.300
0.138
0.124
-0.529
0.139
0.138
0.138
0.139
0.138
0.138
0.139
0.138
0.123
0.138
0.140
0.124
0.123
0.140
0.124
-0.302
0.138
0.122
0.138
0.138
0.138
0.138
0.139
0.140
0.140
0.140
0.139
0.139
0.138
0.140
0.124
0.140
0.123
0.138
0.140
-0.302
0.124
0.124
0.124
0.138
0.138
0.138
-0.302
0.138
0.123
0.138
0.138
0.140
0.138
0.138
-0.302
0.138
0.138
0.124
0.123
0.140
0.133
0.140
0.138
0.140
0.138
0.138
0.122
0.140
0.140
0.139
0.124
0.140
0.122
0.138
0.138
0.123
0.138
0.123
-1.265
0.123
0.123
0.123
-0.418
-0.418
-0.294
0.140
0.140
0.123
0.138
0.140
0.140
0.138
0.138
-0.294
0.138
0.138
-1.590
0.140
0.139
0.139
0.138
0.138
0.139
-0.294
0.138
0.139
0.138
0.137
0.138
0.139
0.140
0.137
0.138
0.140
0.139
0.140
0.138
0.124
-0.302
0.138
0.129
0.139
0.138
0.124
0.140
0.138
0.140
0.138
0.139
-1.077
0.138
0.139
-1.545
0.124
0.140
-0.302
0.140
0.138
0.124
0.140
0.140
0.140
0.138
0.140
-0.672
0.140
0.140
0.124
0.140
0.138
0.140
-1.197
-1.172
-1.197
-1.197
-1.193
-1.172
0.136
0.135
-5.395
0.140
0.139
0.135
0.134
0.135
0.121
0.138
0.138
0.138
0.138
0.138
0.138
0.139
0.140
0.140
0.138
0.138
-0.518
0.138
0.140
0.124
0.140
0.140
0.123
0.138
0.138
0.124
0.139
0.140
-0.302
0.138
0.140
0.123
0.139
0.138
0.123
0.123
0.125
-0.416
0.125
0.125
0.124
0.123
0.125
0.123
0.123
0.123
0.108
0.123
0.123
-0.416
0.107
0.125
0.107
0.123
0.123
0.109
0.123
0.123
0.108
0.125
0.123
0.125
0.125
0.125
0.109
0.123
0.123
0.123
0.123
0.123
0.122
0.123
0.125
-0.420
0.125
0.123
0.125
0.123
0.123
0.122
0.109
0.125
0.123
0.123
0.123
0.125
0.125
0.125
0.120
0.123
0.125
0.107
0.125
0.125
0.123
0.123
0.123
0.123
0.107
0.125
0.107
0.123
0.123
0.107
0.123
0.123
0.123
0.138
0.140
-0.577
0.139
0.138
0.139
-0.294
0.138
0.124
0.138
0.140
0.122
0.139
0.140
0.124
-0.302
-0.301
0.123
0.138
0.138
0.123
-0.710
-0.641
-0.648
0.138
0.140
0.138
0.138
0.140
0.138
0.138
0.138
-0.558
-1.248
-1.248
-1.440
0.132
0.140
0.138
0.110
0.140
-0.669
-0.674
-0.641
-0.737
-0.648
-0.647
-0.709
0.138
0.139
0.127
0.138
0.138
0.136
0.138
0.140
0.138
0.132
0.138
0.112
-0.648
-0.647
-0.791
-0.647
-0.641
-0.708
-0.648
-0.641
-1.750
0.123
0.139
-2.254
0.139
0.138
0.123
0.138
0.140
0.134
0.138
0.138
-0.336
0.130
0.139
-0.294
0.139
0.138
0.138
0.138
0.138
0.119
0.138
0.123
0.135
-0.648
-0.641
-0.672
-0.648
-0.647
-1.732
0.132
0.138
0.128
0.112
0.111
-2.398
0.110
0.111
0.110
0.138
-0.303
0.140
0.138
0.138
0.139
0.124
0.140
-0.529
-0.294
0.139
0.130
0.138
-0.302
0.138
0.138
0.139
0.124
0.139
0.139
-0.318
0.138
0.139
-0.511
0.139
0.138
-0.302
0.138
0.139
0.112
0.138
0.140
0.106
0.140
0.139
-0.999
0.138
0.139
0.109
0.138
0.140
0.123
0.138
0.138
0.123
0.138
0.138
0.122
0.138
0.140
-0.302
0.138
0.138
0.122
0.139
0.140
-1.128
0.139
0.139
0.137
0.138
0.138
0.138
0.138
0.140
0.124
0.139
0.139
-0.294
-0.302
0.138
0.123
0.138
0.138
0.124
0.138
0.140
0.124
0.138
0.138
0.139
0.138
0.140
0.140
0.138
0.138
0.139
0.138
0.138
0.124
-0.302
0.140
0.139
0.138
0.123
0.122
0.138
0.140
-0.302
0.138
0.138
0.137
0.138
0.140
-0.900
0.139
0.139
-0.302
0.138
0.138
0.139
0.137
0.140
0.137
0.124
0.139
0.139
0.124
-0.301
-0.302
0.140
0.140
0.140
0.123
-0.294
0.000
