fixedStep chrom=ENSGT00390000012240 start=1 step=1
0.057
0.057
0.057
0.057
0.057
0.057
-2.267
0.057
0.057
0.053
0.057
-1.122
0.056
0.052
0.053
0.057
0.057
0.057
0.057
0.057
0.039
-2.032
0.057
0.057
0.057
0.057
0.057
0.057
0.057
0.052
0.057
0.057
0.057
0.054
0.057
0.057
-1.984
0.057
0.057
0.057
0.057
0.057
0.057
0.057
0.057
0.053
0.057
0.052
0.057
0.057
0.057
0.053
0.057
0.057
0.057
0.057
0.057
0.057
0.057
0.057
0.057
0.057
0.057
0.057
0.057
0.057
0.057
0.057
0.057
0.057
0.057
0.057
0.057
0.057
0.054
0.057
0.057
0.057
0.052
0.057
-1.123
-1.122
0.057
0.057
0.057
0.057
0.057
0.057
0.057
0.052
0.057
0.057
0.039
0.053
0.040
0.057
0.057
0.057
0.056
0.057
0.057
0.057
0.057
0.052
0.052
0.057
0.057
0.057
0.057
0.057
0.057
0.057
0.057
0.052
0.057
0.057
0.057
0.057
0.057
0.053
0.057
0.052
0.051
0.057
0.057
0.057
0.051
0.057
0.057
0.057
0.057
-1.114
0.057
0.057
0.057
0.057
0.057
0.057
0.057
0.057
0.057
0.056
0.057
-1.104
0.057
0.057
0.053
0.057
0.057
-1.836
0.057
0.057
0.053
0.057
0.057
0.057
0.057
0.057
0.053
0.057
0.057
0.057
0.057
0.057
-1.123
0.057
0.057
0.057
0.057
0.057
0.053
0.057
0.057
0.057
0.057
0.057
0.057
0.057
0.057
0.051
0.057
0.057
0.057
0.050
0.054
0.057
0.057
0.057
0.057
0.057
0.057
0.057
0.057
0.057
0.057
0.057
0.057
0.057
0.054
0.057
0.057
0.057
0.057
0.057
0.057
0.057
0.056
0.052
0.057
0.057
0.057
0.057
0.057
0.057
0.057
0.057
0.057
0.057
0.048
0.057
0.057
0.052
0.057
0.057
0.057
0.057
0.057
0.055
0.057
0.057
0.057
0.057
0.057
0.057
0.057
0.057
0.057
0.057
0.057
0.057
0.057
0.057
0.053
0.057
0.057
-1.116
0.057
0.057
0.057
0.057
0.057
0.057
0.057
0.057
0.057
0.057
0.057
0.057
0.057
0.057
0.056
0.057
0.057
0.057
0.057
0.057
0.057
0.057
0.057
0.057
0.057
0.057
0.057
0.057
0.057
0.057
