fixedStep chrom=ENSGT00510000048144 start=1 step=1
0.057
0.057
0.057
0.057
0.057
-1.056
0.057
0.057
0.057
0.042
0.057
-2.028
0.057
0.056
-2.023
-1.084
0.057
0.053
0.057
0.057
0.042
0.057
0.057
0.057
0.057
0.053
0.057
-1.067
0.057
0.057
0.057
0.057
0.054
0.056
-1.959
0.053
0.057
0.057
0.057
0.057
0.057
0.057
0.057
0.042
0.057
0.057
-1.086
0.057
0.057
0.057
0.053
0.054
0.050
-1.084
0.055
0.057
0.057
0.057
0.057
0.057
0.057
-1.063
0.055
0.057
0.057
0.057
0.057
0.056
0.041
0.057
0.057
0.057
0.057
0.057
0.057
0.057
0.057
0.057
0.057
0.057
0.057
0.057
0.057
0.057
0.057
0.057
0.057
0.057
0.057
0.057
0.053
0.057
0.054
0.057
0.057
0.057
-1.086
0.054
0.055
0.057
0.057
0.057
0.057
0.057
0.057
0.057
0.052
-1.069
0.057
0.057
0.057
0.057
0.057
0.056
0.057
0.057
0.057
0.057
0.057
0.057
0.057
0.057
0.053
-1.086
0.057
0.057
0.057
0.056
0.057
0.054
0.050
0.057
0.057
0.057
0.057
0.057
0.057
0.057
0.057
0.057
0.057
0.057
0.052
0.056
0.057
0.057
0.055
0.057
0.057
0.057
0.057
0.057
0.054
0.056
0.057
0.057
0.057
0.057
0.057
0.053
0.057
0.057
0.057
0.057
0.057
0.057
0.057
0.057
0.057
0.057
0.057
0.057
0.057
0.057
-1.230
-1.231
-1.549
-2.145
-1.231
-1.232
0.054
0.057
0.057
0.054
0.057
0.057
0.057
0.057
0.053
0.053
0.057
0.057
0.057
0.050
0.054
0.057
0.053
0.057
0.053
0.057
0.057
0.053
0.057
0.054
0.057
0.053
0.057
0.057
0.057
0.053
0.057
0.057
0.057
0.057
0.057
0.057
0.057
0.057
0.057
0.057
0.057
0.057
0.057
0.057
0.057
0.053
0.057
0.053
0.057
0.057
0.057
0.057
0.057
0.057
0.054
0.057
0.054
0.057
0.057
-1.097
0.057
0.057
0.057
-1.025
-0.777
-1.025
-1.025
-0.777
-0.778
0.050
0.054
0.049
-0.378
-0.378
-0.378
0.057
0.057
0.057
0.057
0.057
0.057
0.057
0.057
0.057
0.057
0.057
0.057
0.057
0.057
0.057
0.057
0.057
0.057
0.042
0.057
0.053
0.057
0.057
0.053
0.053
-1.086
0.057
0.057
0.053
0.057
0.057
0.054
0.057
0.050
0.057
0.057
0.050
0.054
0.057
0.057
0.057
0.057
0.057
0.057
0.057
0.057
0.054
0.057
0.057
0.057
0.057
0.053
0.041
0.057
0.057
0.057
0.057
-1.768
-1.778
-1.768
0.057
0.057
0.053
0.054
0.057
0.042
-2.077
0.057
0.049
0.057
0.057
0.053
0.057
0.057
0.057
0.056
0.056
0.047
0.057
0.057
-2.003
-1.075
0.057
0.057
0.057
0.057
0.050
0.056
0.054
0.057
0.054
0.057
0.057
0.057
0.055
0.057
0.057
0.050
0.057
0.057
0.057
0.057
0.055
0.042
0.057
0.057
0.057
0.042
0.057
0.057
0.057
0.057
0.057
0.057
0.053
0.054
0.057
0.057
0.057
0.057
0.056
0.057
0.057
0.057
0.057
0.057
-2.633
0.051
0.057
0.057
0.057
0.057
0.057
0.042
0.050
0.057
-2.551
-2.189
0.047
0.057
0.057
0.054
0.057
0.054
0.057
0.057
0.050
0.055
0.057
0.054
0.057
0.050
0.042
0.057
0.057
0.057
0.056
0.057
0.057
0.057
0.057
0.057
0.057
0.057
0.057
0.057
0.056
0.057
0.057
0.057
0.057
0.057
0.057
0.055
0.057
0.057
0.057
0.057
0.057
0.057
0.057
0.057
0.057
0.057
0.057
0.057
0.057
0.057
0.053
0.057
0.057
0.057
0.057
0.052
0.042
0.057
0.057
0.057
0.057
0.057
0.057
0.057
0.055
0.053
0.057
0.054
0.057
0.057
0.057
0.057
0.057
0.057
0.057
0.057
0.057
0.057
-1.336
-1.336
-1.334
-1.550
-1.548
-1.541
0.049
0.043
0.049
0.049
0.049
0.041
0.049
0.049
0.049
0.049
0.049
0.049
0.049
0.049
0.049
0.049
0.049
-1.249
0.049
0.049
0.045
0.049
0.049
0.049
0.049
0.049
0.049
0.049
0.049
0.049
0.049
0.049
0.049
0.049
0.049
0.049
0.049
0.049
0.049
0.049
0.049
0.049
0.049
0.049
-1.237
0.049
0.049
0.049
0.049
0.049
0.049
0.049
0.049
0.049
0.049
0.049
0.049
0.048
0.049
0.049
0.049
0.049
0.049
0.049
0.049
0.049
0.049
0.049
0.049
0.049
0.049
0.049
0.049
0.049
0.049
0.049
0.049
0.048
0.045
0.049
0.045
0.049
0.049
0.049
0.049
0.049
0.049
0.057
0.057
0.050
0.057
0.057
0.057
0.057
0.057
0.057
0.057
0.057
0.053
0.057
0.057
0.053
0.057
0.057
0.057
0.057
0.057
0.057
0.057
0.057
0.054
0.057
0.057
0.057
0.057
0.057
0.057
0.057
0.057
0.053
0.057
0.057
0.053
0.057
0.057
0.057
0.057
0.057
0.057
0.057
0.057
0.057
0.055
0.057
0.057
0.057
0.057
0.053
0.057
0.057
0.057
0.057
0.057
0.057
0.057
0.057
0.057
0.057
0.057
0.057
0.057
0.057
0.057
-1.083
-1.083
-1.086
0.057
0.057
0.057
0.057
0.057
0.053
0.053
0.053
0.057
0.053
0.057
-1.063
0.057
0.053
0.057
0.056
0.057
0.057
0.057
0.057
0.053
0.057
0.057
0.057
0.057
0.057
0.057
0.057
0.057
0.057
0.057
0.057
0.053
0.057
0.057
0.057
-1.038
0.057
0.057
0.057
0.057
0.057
0.053
0.057
0.057
0.057
0.057
0.057
0.057
0.056
0.054
0.057
0.057
0.057
0.057
0.057
0.057
0.057
0.054
0.052
0.057
0.057
0.057
0.057
-1.060
0.057
0.057
0.056
0.057
0.057
0.057
0.057
0.054
0.057
-1.069
0.042
0.057
0.057
0.057
0.057
0.057
0.057
0.057
0.057
0.056
0.056
0.057
0.057
0.049
0.056
0.057
0.057
0.055
0.056
0.057
0.057
0.057
0.057
0.057
0.054
0.057
0.054
0.057
0.057
0.057
0.057
0.057
0.057
0.057
0.057
0.057
0.057
0.057
0.057
0.057
0.057
0.057
0.057
0.057
0.057
0.057
0.057
0.057
0.057
0.057
0.057
0.057
0.057
0.057
0.057
0.057
0.054
0.057
0.057
0.057
0.053
0.057
0.057
0.057
0.057
0.057
0.057
0.057
0.057
0.053
0.054
0.057
0.055
0.057
0.057
0.057
0.057
0.042
0.057
0.057
0.057
0.057
0.054
0.057
-2.614
-1.975
-3.027
0.057
0.057
0.057
0.057
0.057
0.053
-2.284
-1.941
-2.858
0.057
0.057
0.042
0.052
0.050
0.057
0.057
0.057
0.057
0.057
0.057
0.057
0.057
0.057
0.054
0.057
0.054
0.057
0.057
0.057
0.057
0.057
0.056
0.053
0.057
0.057
0.057
0.057
0.057
0.057
0.055
0.057
-1.067
0.053
-1.976
0.057
0.053
0.057
0.057
0.057
0.056
0.057
0.057
0.057
0.057
0.050
0.057
0.042
-1.069
0.057
0.057
0.057
0.053
0.057
0.057
0.057
0.057
0.057
0.057
0.057
0.057
0.057
0.057
0.057
0.057
0.057
0.057
0.057
0.052
0.057
0.057
0.052
-1.063
0.057
0.054
0.057
0.057
0.057
0.057
0.057
0.057
0.057
0.057
0.057
0.057
0.057
0.057
0.057
0.057
0.049
0.049
0.049
0.049
0.049
0.049
0.049
0.049
0.047
0.045
0.049
0.049
0.049
0.049
0.049
0.049
0.049
0.049
0.049
0.049
0.049
0.049
0.049
0.049
0.049
0.049
0.049
0.049
0.049
0.049
0.049
0.049
0.049
0.049
0.049
0.049
0.049
0.049
0.049
0.049
0.049
0.049
0.049
0.049
0.049
0.049
0.049
0.049
0.049
0.049
0.049
0.049
0.049
0.049
0.049
0.049
0.049
0.049
0.049
-1.233
0.049
0.049
0.049
0.049
0.049
0.049
0.049
0.049
0.049
0.049
0.049
-1.226
0.049
0.049
0.049
0.045
-2.094
0.049
0.049
0.049
0.049
0.049
0.049
0.049
0.049
0.049
0.049
0.044
0.049
0.049
0.049
0.049
0.049
0.049
0.049
0.049
0.049
0.049
0.049
0.049
0.049
0.049
0.049
0.049
0.049
0.049
0.049
0.049
0.049
0.049
0.049
0.049
0.049
0.049
0.049
0.049
0.045
0.049
0.049
0.049
0.049
0.049
0.049
0.049
0.049
0.049
0.049
0.049
0.049
0.049
0.049
0.049
0.049
0.049
0.049
0.049
0.049
0.049
0.049
0.049
0.049
0.049
0.049
0.049
0.049
0.049
0.049
-1.216
0.049
0.049
0.049
0.049
0.049
0.049
0.057
0.057
0.057
0.057
0.057
0.057
0.057
0.057
0.057
0.057
0.057
0.057
0.057
0.057
0.057
0.057
0.054
0.057
0.054
0.057
0.057
0.057
-1.086
0.054
0.057
0.057
0.057
0.057
0.057
0.057
0.057
0.057
0.057
0.057
0.057
0.057
0.057
0.057
-1.060
0.057
0.057
0.057
0.057
0.057
0.057
0.057
0.057
0.057
0.057
0.057
0.053
0.057
0.057
0.057
0.057
0.057
-1.060
0.057
0.057
0.057
0.057
0.057
0.057
0.057
0.057
0.057
0.057
0.057
0.057
0.057
0.057
0.056
0.057
0.057
0.057
0.057
0.057
0.048
0.057
0.057
0.057
0.057
0.057
0.057
0.057
0.057
0.053
0.057
0.057
0.057
0.057
0.057
0.057
-1.067
0.057
0.057
0.053
0.057
0.057
0.057
0.057
0.056
0.057
0.057
0.056
0.057
0.057
0.057
0.057
0.057
0.057
0.057
0.057
0.057
0.057
0.057
0.057
0.057
0.057
0.053
0.057
0.057
0.057
0.057
0.057
0.057
0.057
0.057
0.057
0.057
0.057
0.057
0.057
0.057
0.057
0.057
0.057
0.057
0.057
0.057
0.057
0.057
0.057
0.057
0.057
-1.075
0.053
0.053
0.057
0.057
0.057
0.057
0.057
0.057
0.057
0.057
0.057
0.057
0.057
0.057
0.057
0.054
0.057
0.057
0.057
0.057
0.057
0.057
0.057
0.057
0.057
0.057
0.057
0.057
0.054
0.057
0.057
0.057
0.057
0.054
0.053
-1.086
0.057
0.057
0.057
0.057
0.057
0.057
0.057
0.057
0.057
0.057
0.057
0.057
0.055
0.057
0.057
0.057
0.057
0.057
0.057
0.054
0.057
0.057
0.049
0.057
0.053
0.057
0.057
0.057
0.057
0.057
0.057
0.057
0.057
0.053
0.057
0.057
0.053
0.057
0.057
0.057
0.057
0.057
0.056
0.057
0.057
0.057
0.057
0.057
0.057
0.057
-1.086
0.057
0.057
0.057
0.053
0.057
0.057
0.057
0.057
0.057
0.057
0.057
0.057
0.057
0.057
0.057
-2.394
0.057
0.057
0.057
0.057
0.057
0.057
0.053
0.057
0.057
0.042
0.057
0.057
0.057
0.057
0.057
0.057
0.057
0.057
0.042
0.057
0.057
0.057
0.057
0.057
0.057
0.057
0.057
0.057
0.057
0.057
0.057
0.057
0.057
0.057
0.057
0.057
0.057
0.057
0.057
0.057
0.057
0.057
0.057
0.057
0.057
0.057
0.057
0.057
0.057
0.057
0.054
0.053
0.055
0.057
0.057
0.057
0.042
0.057
0.057
0.057
0.050
0.057
0.057
0.055
-1.086
0.042
0.057
0.057
0.057
0.057
0.057
0.042
0.057
0.057
0.057
0.057
0.057
0.057
0.053
0.057
0.057
0.057
0.057
0.057
0.057
0.057
-1.074
0.057
0.057
0.057
0.057
0.057
0.057
0.057
0.057
0.057
0.057
0.057
0.057
0.057
0.056
0.054
0.057
0.057
0.055
0.057
-1.069
0.057
0.057
0.057
0.057
0.053
0.057
0.053
0.057
0.057
0.057
0.057
0.057
0.046
0.057
0.057
0.057
0.057
0.057
0.057
0.057
0.057
0.049
0.049
0.049
0.049
0.049
0.048
0.049
0.049
0.049
0.049
0.049
0.049
0.049
0.049
0.049
0.049
0.049
0.049
0.049
0.049
0.049
0.049
0.049
0.049
0.049
0.049
0.045
0.046
0.046
0.049
0.049
0.049
0.049
0.046
0.049
0.049
0.049
0.049
0.049
0.049
0.049
0.049
0.049
0.049
0.049
0.045
0.049
0.049
0.049
0.049
0.049
0.049
-1.216
0.049
0.049
0.049
0.049
0.049
0.049
0.045
0.049
0.049
0.049
0.047
0.049
0.049
0.049
0.049
0.049
0.049
0.049
0.049
0.049
0.049
0.049
0.049
0.049
0.049
0.049
0.049
0.049
0.049
0.049
0.049
0.049
0.049
0.049
0.049
0.049
0.049
-1.741
0.049
0.049
0.049
0.049
0.049
0.049
0.049
0.049
0.049
0.049
0.049
0.049
0.049
0.049
0.049
0.049
-1.226
0.049
0.049
0.049
0.049
0.049
0.049
0.049
0.049
0.049
0.049
0.049
0.049
0.049
0.045
0.049
-1.238
-1.240
0.049
0.049
0.049
0.049
0.048
0.049
0.049
0.049
0.049
-1.238
0.049
0.049
0.049
0.048
0.049
0.049
0.049
0.049
0.049
0.049
0.049
0.049
-1.216
0.049
0.049
0.049
0.049
0.049
0.057
0.057
0.057
0.053
0.057
0.057
0.057
0.057
0.057
0.057
0.057
0.057
0.057
0.057
0.057
0.057
0.057
0.057
0.057
0.056
0.057
0.057
0.042
0.057
0.055
0.056
0.052
-1.060
0.050
0.057
0.052
0.057
0.057
0.057
0.057
0.057
-0.451
0.057
0.057
0.057
0.057
0.057
0.053
0.057
0.057
0.057
0.057
0.057
0.057
0.057
0.057
0.057
0.057
0.057
0.057
0.057
0.057
0.057
0.057
0.057
0.057
0.057
0.057
0.055
0.050
0.057
0.057
0.057
0.057
0.057
0.057
0.057
0.057
0.057
0.057
0.057
0.057
0.057
0.057
0.057
0.057
0.057
0.057
0.057
0.057
0.057
0.057
0.057
0.057
0.057
0.052
0.057
0.057
0.057
0.057
0.057
0.055
0.055
0.057
0.057
0.057
0.057
0.057
0.057
0.057
0.055
0.054
0.057
0.057
0.057
0.057
0.057
0.057
0.057
0.057
0.057
0.057
0.057
0.057
0.057
0.055
0.057
0.057
0.056
-1.084
0.057
0.054
0.057
0.057
0.057
0.053
0.057
0.057
0.057
-1.086
0.057
0.057
0.057
0.057
0.057
0.057
0.057
0.057
0.057
0.057
0.053
0.056
0.042
0.057
0.057
0.057
0.057
0.057
0.057
0.057
0.057
0.057
0.056
0.057
0.054
0.057
0.057
0.057
0.057
0.057
0.055
0.057
0.057
0.057
0.057
0.057
0.057
0.057
0.057
0.057
0.057
0.057
0.057
0.057
0.057
0.057
0.057
0.057
0.057
0.053
0.057
0.056
0.053
0.057
0.055
0.057
0.057
0.057
0.057
0.057
0.055
0.057
0.057
0.057
-1.025
-0.773
-0.773
0.057
0.054
0.057
0.057
0.057
0.057
0.057
0.057
0.057
0.054
0.054
0.057
0.057
0.057
0.057
0.057
0.057
0.057
0.057
0.057
0.053
0.057
0.057
0.057
0.057
0.057
0.057
0.057
0.057
0.057
0.057
0.057
0.057
0.057
0.057
0.057
0.057
0.057
0.055
0.057
0.057
0.057
0.057
0.057
0.053
0.057
0.057
0.054
0.057
0.057
0.057
0.057
0.057
0.057
0.057
0.057
0.057
0.057
0.057
0.057
-1.063
0.057
0.057
0.057
0.057
0.057
0.057
0.057
0.057
0.057
0.057
0.057
0.057
0.057
0.057
0.057
0.057
0.054
0.057
0.057
0.055
0.057
0.057
0.057
0.057
0.054
0.057
0.057
0.057
0.057
0.057
0.057
0.057
0.057
0.057
0.057
0.057
0.057
0.057
0.057
0.057
0.057
0.057
0.053
0.052
0.054
0.057
-1.873
0.057
0.054
0.040
-2.386
0.052
0.056
0.042
0.054
-2.259
