fixedStep chrom=ENSGT00390000015914 start=1 step=1
0.110
0.110
0.109
0.110
0.110
0.082
0.110
0.110
0.110
0.110
0.110
0.103
0.110
0.109
0.110
-1.530
0.103
0.110
0.110
0.109
0.109
0.103
0.110
0.110
0.110
0.110
0.109
0.109
0.102
0.110
0.110
0.110
0.109
0.110
0.110
0.096
-1.267
0.097
-0.557
0.110
0.110
0.082
0.110
0.109
0.110
0.103
0.110
0.110
0.110
0.109
0.108
0.109
0.108
0.082
0.108
0.110
0.109
0.109
0.110
0.110
0.110
0.110
0.109
0.109
0.110
0.110
0.110
0.109
0.103
0.110
0.110
0.110
0.109
0.082
0.109
0.109
0.110
0.110
0.110
0.109
0.110
-0.557
0.110
0.109
0.096
-1.081
0.096
0.082
0.110
0.097
-1.086
-1.081
-1.119
-1.090
-1.297
-2.152
0.082
-1.528
-0.556
0.097
-0.560
0.097
0.097
0.097
-0.557
-0.557
-1.737
0.087
0.097
-0.560
-0.557
0.108
-0.557
0.097
0.110
0.109
-2.138
0.110
-0.557
0.110
0.096
0.110
-0.560
0.049
0.049
0.049
-0.557
0.104
0.096
0.097
-0.556
0.109
0.110
-1.524
0.082
-1.121
0.103
-1.072
-0.947
-0.913
-0.811
0.000
0.000
0.000
0.000
0.000
0.000
0.000
0.000
0.000
0.110
0.109
0.109
-0.556
0.097
-0.557
0.097
0.083
0.097
0.109
-0.540
0.103
0.082
0.095
0.103
0.103
0.109
-1.081
-0.556
-1.086
0.097
0.000
0.000
0.000
0.000
0.000
0.000
0.000
0.000
0.000
0.000
0.000
0.000
0.103
-0.540
0.109
-0.556
0.110
0.103
0.097
-0.556
0.097
-0.557
0.110
0.109
-1.534
0.097
0.097
0.097
0.097
0.095
-1.140
-0.557
0.097
0.082
0.097
-1.086
0.102
0.097
-0.560
0.049
0.049
0.049
0.110
-1.297
-0.557
-0.556
0.103
0.109
-0.556
-0.557
-0.557
0.110
0.109
0.109
0.109
0.110
-1.119
0.100
0.109
0.109
-0.540
0.109
-0.560
-0.472
-0.472
-0.896
-0.471
-0.472
-0.472
0.100
0.100
0.100
-0.689
-0.689
-0.689
-0.471
-0.472
-0.472
-0.586
-0.472
-0.472
0.110
0.097
0.090
0.103
0.109
0.082
-1.121
-0.557
0.110
0.097
0.110
0.110
0.109
0.103
0.109
0.109
0.109
0.110
0.110
0.110
0.103
0.081
0.110
0.109
0.110
0.110
0.097
0.110
0.110
0.088
0.110
0.110
0.110
0.110
0.110
0.104
0.082
0.110
-1.081
0.109
0.110
0.110
0.110
0.110
0.110
0.097
0.110
0.102
0.110
0.103
0.109
0.109
0.110
0.110
0.110
0.110
0.109
0.109
0.109
0.110
0.110
0.110
-1.267
0.110
0.108
0.110
0.110
0.110
0.110
0.110
0.110
0.109
0.097
0.110
0.110
0.110
0.109
0.109
0.109
0.110
0.110
0.110
0.083
-0.926
0.100
0.103
0.082
0.110
0.110
0.110
0.110
0.110
0.103
0.109
0.110
0.095
0.103
0.109
0.110
0.110
0.110
0.110
0.104
0.110
0.102
0.110
0.110
0.108
0.110
0.110
0.103
0.103
0.110
0.110
0.097
0.110
0.081
0.110
0.109
0.110
0.110
0.110
0.109
0.110
0.109
0.103
0.110
0.110
0.110
0.110
0.109
0.109
0.102
0.110
0.110
-1.300
0.110
0.110
0.110
0.109
0.110
0.109
-0.560
0.109
0.109
0.110
0.110
0.097
0.110
0.109
0.097
0.110
0.110
-0.472
-0.472
-0.472
-0.472
-0.587
-0.471
