fixedStep chrom=ENSGT00510000048615 start=1 step=1
0.000
0.000
0.000
0.000
0.000
0.000
0.000
0.000
0.000
0.000
0.000
0.000
0.000
0.000
0.000
0.000
0.000
0.000
0.000
0.000
0.000
0.000
0.000
0.000
0.000
0.000
0.000
0.000
0.000
0.000
0.000
0.000
0.000
0.000
0.000
0.000
0.000
0.000
0.000
0.000
0.000
0.000
0.000
0.000
0.000
0.000
0.000
0.000
0.000
0.000
0.000
0.000
0.000
0.000
0.000
0.000
0.000
0.000
0.000
0.000
0.000
0.000
0.000
0.000
0.000
0.000
0.000
0.000
0.000
0.000
0.000
0.000
0.000
0.000
0.000
0.000
0.000
0.000
0.000
0.000
0.000
0.000
0.000
0.000
0.000
0.000
0.000
0.000
0.000
0.000
0.000
0.000
0.000
0.000
0.000
0.000
0.000
0.000
0.000
0.000
0.000
0.000
0.000
0.000
0.000
0.000
0.000
0.000
0.000
0.000
0.000
0.000
0.000
0.000
0.000
0.000
0.000
0.000
0.000
0.000
0.000
0.000
0.000
0.000
0.000
0.000
0.000
0.000
0.000
0.000
0.000
0.000
0.000
0.000
0.000
0.000
0.000
0.000
0.000
0.000
0.000
0.000
0.000
0.000
0.000
0.000
0.000
0.000
0.000
0.000
0.000
0.000
0.000
0.000
0.000
0.000
0.000
0.000
0.000
0.000
0.000
0.000
0.000
0.000
0.000
0.000
0.000
0.000
0.000
0.000
0.000
0.000
0.000
0.000
0.000
0.000
0.000
0.000
0.000
0.000
0.000
0.000
0.000
0.000
0.000
0.000
0.000
0.000
0.000
0.000
0.000
0.000
0.000
0.000
0.000
0.000
0.000
0.000
0.000
0.000
0.000
0.000
0.000
0.000
0.000
0.000
0.000
0.000
0.000
0.000
0.000
0.000
0.000
0.000
0.000
0.000
0.000
0.000
0.000
0.000
0.000
0.000
0.000
0.000
0.000
0.000
0.000
0.000
0.000
0.000
0.000
0.000
0.000
0.000
0.000
0.000
0.000
0.000
0.000
0.000
0.000
0.000
0.000
0.000
0.000
0.000
0.000
0.000
0.000
0.000
0.000
0.000
0.000
0.000
0.000
0.000
0.000
0.000
0.000
0.000
0.000
0.000
0.000
0.000
0.000
0.000
0.000
0.000
0.000
0.000
0.000
0.000
0.000
0.000
0.000
0.000
0.000
0.000
0.000
0.000
0.000
0.000
0.000
0.000
0.000
0.000
0.000
0.000
0.000
0.000
0.000
0.000
0.000
0.000
0.000
0.000
0.000
0.000
0.000
0.000
0.067
0.067
0.067
0.059
0.062
0.067
0.067
0.067
0.067
0.067
0.067
0.067
0.067
0.067
0.067
0.067
0.067
0.067
0.067
0.067
0.067
0.067
0.067
0.067
0.067
0.067
0.054
0.067
0.067
0.067
0.067
0.067
0.067
0.067
0.067
0.067
0.067
0.067
0.067
0.067
0.067
0.067
0.067
0.067
0.067
0.067
0.067
0.067
0.067
0.065
0.067
0.067
0.067
0.053
0.067
0.067
0.059
0.067
0.067
0.067
0.067
0.067
0.067
0.067
0.067
0.066
0.067
0.067
0.067
0.067
0.067
0.054
0.067
0.067
0.067
0.067
0.067
0.067
0.062
0.067
0.067
0.063
0.066
0.067
0.067
0.067
0.067
0.067
0.067
0.067
0.067
0.067
0.067
0.067
0.067
0.065
0.067
0.067
0.067
0.067
0.067
0.067
0.051
0.051
0.064
0.067
0.067
0.067
-2.477
-3.912
-2.710
0.067
0.064
0.059
0.059
0.067
0.067
0.067
0.067
0.059
0.067
0.067
0.067
0.065
0.067
0.067
0.062
0.067
0.067
0.067
0.067
0.067
0.067
0.067
0.066
0.067
0.067
0.067
0.067
0.067
0.067
0.067
0.067
0.067
0.067
0.067
0.064
0.067
0.067
0.067
0.067
0.067
0.058
0.067
0.067
0.067
0.067
0.067
0.067
0.067
0.067
0.064
0.067
0.066
0.051
0.065
0.067
0.067
0.067
0.067
0.067
0.067
0.053
0.067
0.067
0.067
0.067
0.054
0.067
0.067
0.067
0.067
0.067
0.067
0.067
0.067
0.067
0.067
0.067
0.067
0.065
0.064
0.067
0.067
0.067
0.067
0.067
0.067
0.067
0.067
0.062
0.067
0.067
0.067
0.067
0.067
0.067
0.067
0.067
0.067
0.067
0.067
0.067
0.067
0.067
0.067
0.067
0.067
0.067
0.067
0.067
0.064
0.067
0.067
0.067
0.067
0.067
0.067
0.067
0.067
0.067
0.067
0.067
0.065
0.064
0.067
0.065
0.064
0.067
0.067
0.067
0.067
0.067
0.064
0.067
0.067
0.067
0.067
0.067
0.067
0.067
-2.259
0.067
0.067
0.065
0.067
0.067
0.067
0.067
0.067
0.067
0.067
0.067
0.063
0.067
0.067
0.067
0.067
0.067
0.067
0.065
0.067
0.067
0.067
0.067
0.067
0.067
0.067
0.065
0.067
0.067
0.066
0.065
0.064
0.056
0.064
0.064
0.065
0.064
0.067
0.064
0.067
0.067
0.053
0.065
0.067
0.054
0.067
0.067
0.067
0.067
0.064
0.067
0.056
-2.392
0.067
0.064
0.067
0.064
0.067
0.067
0.067
0.067
0.067
0.067
0.067
0.067
0.067
0.067
0.067
0.064
0.067
0.067
0.067
0.067
0.067
0.067
0.067
0.064
0.067
0.067
0.067
0.067
0.067
0.067
0.062
0.067
0.067
0.067
0.067
0.067
0.067
0.067
0.065
0.067
0.067
0.067
0.064
0.067
0.067
0.067
0.067
0.067
0.067
0.067
0.067
0.064
0.067
0.067
0.064
0.067
0.067
0.067
0.067
0.067
0.055
0.067
0.067
0.067
0.067
0.067
0.067
0.067
0.067
0.065
0.067
0.067
0.067
0.067
0.067
0.067
0.067
0.067
0.064
0.067
0.067
0.064
0.067
0.067
0.067
0.067
0.067
0.056
0.067
0.067
0.054
0.067
0.067
0.059
0.067
0.067
0.067
0.064
0.067
0.067
0.067
0.067
0.067
0.056
0.067
0.054
0.067
0.067
0.067
0.067
0.067
0.067
0.067
0.062
0.067
0.067
0.067
0.064
0.067
0.067
0.054
0.067
0.064
0.067
0.067
0.067
0.059
0.067
0.067
0.067
0.064
0.067
0.067
0.067
0.054
0.067
0.067
0.067
0.064
0.067
0.067
0.067
0.067
0.064
0.065
0.065
0.067
0.067
0.067
0.067
0.067
0.067
0.067
0.064
0.058
0.067
0.067
0.067
0.067
0.067
0.067
0.067
0.056
0.064
0.065
0.065
0.067
0.067
0.067
0.067
0.064
0.054
0.067
0.067
0.067
0.067
0.067
0.067
0.067
0.067
0.064
0.067
0.067
0.064
0.067
0.067
0.067
0.067
0.067
0.067
0.054
0.058
0.067
0.067
0.064
0.062
0.067
0.067
0.066
0.066
0.065
0.067
0.067
0.059
0.066
0.067
0.066
0.064
0.059
0.067
0.067
0.067
0.067
0.064
0.067
0.067
0.062
0.059
0.059
0.055
0.067
0.066
0.067
0.067
0.067
0.063
0.067
0.067
0.055
0.067
0.067
0.067
0.067
0.067
0.067
0.067
0.067
0.067
0.067
0.067
0.067
0.067
0.067
0.067
0.067
0.067
0.051
-2.525
-2.527
-2.527
