fixedStep chrom=ENSGT00390000002713 start=1 step=1
0.000
0.000
0.000
0.000
0.000
0.000
0.000
0.000
0.000
0.000
0.000
0.000
0.000
0.000
0.000
0.000
0.000
0.000
0.000
0.000
0.000
0.000
0.000
0.000
0.000
0.000
0.000
0.000
0.000
0.000
0.000
0.000
0.000
0.000
0.000
0.000
0.000
0.000
0.000
0.000
0.000
0.000
0.000
0.000
0.000
0.000
0.000
0.000
0.000
0.000
0.000
0.000
0.000
0.000
0.000
0.000
0.000
0.000
0.000
0.000
0.000
0.000
0.000
0.000
0.000
0.000
0.000
0.000
0.000
0.000
0.000
0.000
0.000
0.000
0.000
0.000
0.000
0.000
0.000
0.000
0.000
0.000
0.000
0.000
0.000
0.000
0.000
0.000
0.000
0.000
0.000
0.000
0.000
0.000
0.000
0.000
0.000
0.000
0.000
0.000
0.000
0.000
0.000
0.000
0.000
0.000
-3.475
-2.459
-3.440
-3.197
-2.416
-3.443
-3.209
-2.458
-1.322
-1.324
-1.324
0.078
0.078
0.078
0.078
0.078
0.076
0.078
0.078
0.078
0.078
0.078
0.075
0.078
0.078
0.078
0.078
0.078
0.075
0.078
0.078
0.078
0.078
0.078
0.075
0.078
0.078
0.078
0.078
0.078
0.078
0.078
0.078
0.078
0.078
0.078
0.076
0.078
0.078
0.078
0.078
0.078
0.078
0.078
0.078
0.075
0.078
0.078
0.077
0.078
0.078
0.072
0.078
0.078
0.064
0.078
0.078
0.078
0.078
0.078
0.078
0.078
0.078
0.076
0.078
0.078
0.078
0.078
0.078
0.078
0.078
0.078
0.078
0.078
0.078
0.078
0.078
0.078
0.078
0.078
0.078
0.078
0.078
0.078
0.078
0.078
0.078
0.074
0.078
0.078
0.071
0.078
0.078
0.078
0.078
0.078
0.075
0.078
0.078
0.078
0.078
0.078
0.078
0.078
0.078
0.078
0.078
0.078
0.078
0.078
0.078
0.078
0.078
0.078
0.078
0.059
0.078
0.078
0.078
0.078
0.059
0.078
0.078
0.075
0.078
0.078
0.074
0.078
0.078
0.078
0.078
0.078
0.078
0.078
0.078
0.078
0.078
0.078
0.078
0.078
0.078
0.069
0.078
0.078
0.078
0.078
0.078
0.076
0.078
0.078
0.068
0.078
0.078
0.078
0.078
0.078
0.074
0.076
0.078
0.074
0.078
0.078
0.078
0.078
0.078
0.078
0.078
0.078
0.078
0.078
0.078
0.078
0.078
0.078
0.078
0.078
0.078
0.074
0.078
0.078
0.078
0.078
0.078
0.078
0.078
0.078
0.078
0.075
0.078
0.073
0.078
0.078
0.078
0.078
0.078
0.078
0.078
0.078
0.062
0.078
0.078
0.078
0.078
0.078
0.078
0.078
0.078
0.078
0.067
0.078
-1.585
0.078
0.078
0.078
0.078
0.078
0.074
0.078
0.078
0.078
0.078
0.078
0.078
0.078
0.078
0.078
0.078
0.078
0.078
0.078
0.078
0.078
0.078
0.078
0.078
0.078
0.078
0.076
0.078
0.078
0.068
0.078
0.078
0.078
0.078
0.078
0.075
0.078
0.078
0.075
0.078
0.078
0.078
0.078
0.078
0.078
0.078
0.078
0.078
0.078
0.076
0.078
0.078
0.078
0.078
0.078
0.078
0.078
0.078
0.078
0.078
0.078
0.078
0.078
0.078
0.078
0.078
0.078
0.078
0.078
0.078
0.078
0.078
0.078
0.078
0.078
0.078
0.078
0.075
0.075
0.078
0.078
0.078
0.078
0.065
0.078
0.078
0.078
0.078
0.078
0.072
0.068
0.078
0.078
0.078
0.078
0.067
0.078
0.078
0.073
0.078
0.078
0.075
0.078
0.078
0.078
0.073
0.073
0.073
0.073
0.073
0.073
0.073
0.073
0.071
0.078
0.078
0.076
0.078
0.078
0.078
0.078
0.078
0.078
0.076
0.078
0.067
0.078
0.078
0.078
0.078
0.078
0.078
0.078
0.078
0.078
0.078
0.078
0.078
0.078
0.078
0.077
0.078
0.078
0.078
0.078
0.078
0.076
0.078
0.078
0.078
0.078
0.078
0.078
0.078
0.078
0.078
0.078
0.078
0.075
0.078
0.078
0.078
0.078
0.078
0.078
0.078
0.078
0.078
0.078
0.078
0.078
0.078
0.078
0.075
0.078
0.078
0.078
0.078
0.078
0.077
0.078
0.078
0.074
0.078
0.078
0.074
0.078
0.078
0.058
0.078
0.078
0.078
0.078
0.078
0.078
0.078
0.078
0.078
0.078
0.078
0.078
0.078
0.078
0.076
0.078
0.078
0.078
0.078
0.078
0.078
0.078
0.078
0.078
0.078
0.078
0.064
0.078
0.078
0.078
0.078
0.078
0.078
0.078
0.078
0.075
0.078
0.078
0.068
0.078
0.078
0.078
0.078
0.078
0.078
0.078
0.078
0.078
0.078
0.078
0.078
0.078
0.078
0.078
0.078
0.078
0.078
0.078
0.078
0.078
0.078
0.078
0.078
0.078
0.078
0.078
0.078
0.078
0.078
0.078
0.078
0.078
0.078
0.078
0.078
0.078
0.078
0.078
0.078
0.078
0.078
0.078
0.078
0.078
0.078
0.078
0.076
0.077
0.076
0.076
0.078
0.078
0.078
0.078
0.078
0.078
0.078
0.078
0.078
0.078
0.076
0.076
0.078
0.078
0.064
-0.566
-0.573
-0.573
0.074
0.078
0.063
0.078
0.076
0.059
0.078
0.078
0.078
0.067
0.078
0.078
0.078
0.078
0.071
0.076
0.076
0.078
0.078
0.078
0.078
0.078
0.078
0.078
0.078
0.078
0.078
0.077
0.078
0.078
0.078
0.078
0.073
0.078
0.078
0.078
0.078
0.078
0.078
0.078
0.078
0.073
0.078
0.078
0.078
0.078
0.078
0.078
0.078
0.078
0.078
0.078
0.078
0.078
0.078
0.078
0.078
0.078
0.078
0.076
0.078
0.078
0.078
0.078
0.078
0.075
0.078
0.078
0.078
0.078
0.078
0.064
0.076
0.069
0.076
0.077
0.078
0.075
0.078
0.078
0.068
0.078
0.078
0.078
0.078
0.078
0.067
0.076
0.067
0.078
0.078
0.078
0.076
0.078
0.077
0.076
0.078
0.064
0.078
0.078
0.078
0.073
0.078
0.078
0.076
0.078
0.078
0.063
0.078
0.078
0.062
0.077
0.078
0.075
0.076
0.078
0.077
0.067
0.078
0.078
0.078
0.078
0.068
0.073
0.078
0.078
0.078
0.078
0.078
0.078
0.078
0.078
0.078
0.078
0.076
0.078
0.078
0.078
0.078
0.078
0.075
0.078
0.078
0.078
0.078
0.078
0.078
0.078
0.078
0.078
0.078
0.078
0.066
0.078
0.078
0.078
0.076
0.078
0.074
0.078
0.078
0.075
0.075
0.078
0.078
0.078
0.078
0.076
0.076
0.078
0.075
0.078
0.068
0.078
0.078
0.078
0.064
0.078
0.078
0.078
0.078
0.078
0.076
0.078
0.078
0.077
0.078
0.078
0.064
0.075
0.078
0.076
0.078
0.078
0.078
0.078
0.078
0.078
0.078
0.078
0.078
0.078
0.078
0.078
0.078
0.078
0.078
0.077
0.078
0.078
0.078
0.078
0.078
0.078
0.078
0.074
0.078
0.078
0.078
0.078
0.078
0.075
0.078
0.078
0.076
0.075
0.076
0.076
0.069
0.078
0.077
0.078
0.075
0.078
0.078
0.078
0.078
0.078
0.078
0.076
0.076
0.076
0.063
0.078
0.078
0.078
0.078
0.078
0.078
0.078
0.078
0.078
0.078
0.078
0.078
0.078
0.078
0.074
0.078
0.078
0.076
0.078
0.078
0.078
0.078
0.078
0.078
0.078
0.078
0.076
0.078
0.078
0.078
0.078
0.076
0.078
0.078
0.078
0.076
0.078
0.078
0.075
0.078
0.078
0.078
0.078
0.076
0.077
0.075
0.078
0.078
0.078
0.078
0.078
0.074
0.078
0.078
0.078
0.078
0.078
0.078
0.078
0.078
0.078
0.078
0.076
0.077
0.078
0.067
0.078
0.078
0.078
0.078
0.078
0.067
0.078
0.078
0.078
0.078
0.078
0.076
0.078
0.078
0.078
0.078
0.078
0.074
0.078
0.078
0.078
0.078
0.078
0.069
0.078
0.078
0.078
0.078
0.078
0.078
-1.070
-1.067
-1.237
-1.070
-1.070
-1.836
-1.069
-1.070
-1.070
-1.069
-1.067
-1.070
-1.070
-1.069
-1.746
-1.070
-1.070
-1.070
-1.067
-1.067
-1.070
-1.067
-1.070
-1.070
-1.069
-1.237
-1.790
0.069
0.078
0.074
0.059
0.074
0.072
0.078
0.078
0.078
0.078
0.059
0.078
0.076
0.059
0.078
0.000
0.000
0.000
0.000
0.000
0.000
0.000
0.000
0.000
0.074
0.078
0.078
0.059
0.074
0.064
0.078
0.078
0.057
0.059
0.059
0.078
0.059
0.074
0.059
0.078
0.078
0.078
0.059
0.055
0.074
0.078
0.059
0.057
0.059
0.074
0.074
0.074
0.059
0.056
0.078
0.078
0.077
0.074
0.059
0.059
0.000
0.000
0.000
0.000
0.000
0.000
0.000
0.000
0.000
-1.572
-1.322
-2.757
0.077
0.059
0.059
0.058
0.059
0.074
0.078
0.078
0.078
0.059
0.074
0.074
0.078
0.078
0.078
0.059
0.078
0.075
0.059
0.078
0.078
0.078
0.059
0.056
0.078
0.074
0.074
0.078
0.074
0.078
0.074
0.078
0.057
0.078
0.074
0.078
0.059
0.078
0.078
0.078
0.078
0.058
-1.067
-1.070
-1.250
0.056
0.078
0.078
0.078
0.059
0.059
0.074
0.059
0.055
0.058
0.078
0.074
0.059
0.059
-2.980
0.078
0.078
0.078
0.078
0.078
0.059
0.074
0.074
0.055
0.059
0.078
0.076
0.078
0.059
0.056
0.078
0.074
0.059
0.078
0.059
0.059
0.078
0.059
0.059
0.059
0.078
0.059
0.078
0.059
0.075
0.078
0.059
0.075
0.074
0.078
0.073
0.078
0.078
0.074
0.055
0.059
0.073
0.078
0.059
0.078
0.078
0.074
0.078
0.074
0.059
0.056
0.078
0.059
0.059
0.078
0.078
0.059
0.059
0.059
0.074
0.059
0.059
0.078
0.078
0.068
0.078
0.077
0.065
0.078
0.078
0.078
0.071
0.078
0.078
0.078
0.078
0.078
0.078
0.078
0.078
0.078
0.078
0.078
0.074
0.077
0.078
0.078
0.078
0.078
0.078
0.078
0.078
0.078
0.078
0.078
0.077
0.078
0.078
0.078
0.078
0.078
0.078
0.078
0.078
0.078
0.078
0.078
0.078
0.078
0.078
0.078
0.078
0.078
0.076
0.075
0.078
0.075
0.075
0.078
0.078
0.076
0.076
0.078
0.069
0.076
0.075
0.076
0.078
0.074
0.078
0.078
0.078
0.078
0.078
0.068
0.078
0.078
0.078
0.078
0.078
0.078
0.076
0.078
0.078
0.067
0.078
0.075
0.078
0.078
0.075
0.078
0.078
0.078
0.078
0.078
0.078
0.078
0.078
0.078
0.078
0.078
0.078
0.078
0.067
0.078
0.078
0.078
0.075
0.078
0.078
0.075
0.076
0.078
0.078
0.078
0.078
0.078
0.078
0.078
0.078
0.078
0.078
0.076
0.078
0.078
0.074
0.078
0.078
0.078
0.078
0.074
0.078
0.078
0.078
0.078
0.078
0.078
0.078
0.078
0.078
0.067
0.078
0.078
0.078
0.078
0.075
0.078
0.078
0.078
0.078
0.078
0.078
-1.547
0.078
0.078
0.078
0.078
0.078
0.078
0.078
0.078
0.078
0.078
0.078
0.076
0.078
0.078
0.078
0.078
0.078
0.078
0.078
0.078
0.076
0.076
0.078
0.078
0.078
0.078
0.067
0.077
0.078
0.078
0.078
0.078
0.078
0.078
0.078
0.078
0.078
0.078
0.078
0.078
0.078
0.078
0.078
0.078
0.077
0.078
0.078
0.064
0.078
0.078
0.070
0.078
0.078
0.078
0.078
0.078
0.078
0.078
0.078
0.078
0.078
0.078
0.065
0.078
0.078
0.078
0.078
0.078
0.078
0.076
0.078
0.078
0.078
0.078
-1.482
0.078
0.078
0.078
0.076
0.078
0.078
0.078
0.078
0.078
0.078
0.078
0.055
0.078
0.078
0.078
0.078
0.078
0.078
0.078
0.078
0.078
0.078
0.078
0.078
0.078
0.078
0.075
0.078
0.078
0.067
0.078
0.078
0.078
0.078
0.078
0.078
0.078
0.078
0.078
0.078
0.078
0.075
0.078
0.078
0.078
0.078
0.078
0.078
0.075
0.078
0.078
0.078
0.078
0.076
0.078
0.078
0.075
0.078
0.078
0.078
0.078
0.064
0.077
0.078
0.078
0.078
0.076
0.078
0.078
0.078
0.078
0.060
0.078
0.078
0.078
0.078
0.078
0.078
0.078
0.078
0.059
0.059
0.074
0.078
0.074
0.074
0.077
0.074
0.059
0.059
0.059
0.059
0.072
0.074
0.078
0.071
0.059
0.056
-3.067
0.074
0.078
0.059
0.074
0.059
0.078
0.078
0.076
0.078
0.078
0.078
0.075
-1.190
-1.194
-1.194
0.078
0.078
0.076
0.078
0.078
0.077
0.078
0.078
0.068
0.078
0.078
0.078
0.078
0.078
0.078
0.078
0.078
0.076
0.078
0.078
0.075
0.078
0.078
0.078
0.078
0.078
0.078
0.078
0.078
0.078
0.078
0.078
0.075
0.078
0.078
0.078
0.078
0.078
0.073
0.078
0.078
0.078
0.078
0.078
0.078
0.078
0.078
0.078
0.078
0.078
0.078
0.078
0.078
0.076
0.078
0.078
0.068
0.078
0.078
0.074
0.078
0.078
0.078
-0.108
-0.108
-0.108
-0.108
-0.108
-0.108
0.078
0.078
0.064
0.078
0.078
0.078
0.078
0.078
0.078
0.078
0.078
0.078
0.078
0.078
0.078
0.078
0.078
0.078
0.078
0.078
0.078
0.078
0.078
0.078
0.078
0.078
0.078
0.078
0.078
0.078
0.078
0.078
0.078
0.078
0.078
0.078
0.078
0.078
0.078
0.078
0.078
0.078
0.078
0.078
0.078
0.078
0.078
-1.510
0.078
0.078
0.078
0.078
0.078
0.078
0.078
0.078
0.058
0.078
0.078
0.078
0.078
0.078
0.078
0.078
0.078
0.078
0.076
0.067
0.077
0.068
0.078
0.067
0.078
0.078
0.067
0.057
0.078
0.076
0.078
0.078
0.076
0.078
0.078
0.078
0.078
0.078
0.078
0.078
0.078
0.078
0.076
0.078
0.078
0.078
0.078
0.067
0.078
0.078
0.077
0.078
0.078
0.078
0.078
0.078
0.078
0.078
0.078
0.062
0.078
0.078
0.076
0.078
0.067
0.058
0.078
0.078
0.078
0.078
0.078
-2.856
0.078
0.067
0.078
0.078
0.078
0.078
0.078
0.078
0.075
0.076
0.078
0.078
0.078
0.078
0.078
0.078
0.078
0.078
0.078
0.078
0.075
0.076
0.078
0.078
0.073
0.078
0.078
0.078
0.078
0.078
0.078
0.078
0.066
0.078
0.078
0.078
0.073
0.078
0.075
0.078
0.078
0.057
-1.323
-1.323
-1.323
0.078
0.078
0.078
-1.510
0.077
0.078
0.078
0.067
0.075
0.078
0.078
0.078
0.068
0.076
0.078
0.078
0.078
0.075
0.078
0.078
0.078
0.078
0.077
0.078
0.078
0.078
0.078
0.078
0.078
0.073
0.075
0.078
0.075
0.067
0.078
0.078
0.078
0.078
0.075
-1.501
0.076
0.078
0.078
0.078
0.078
0.076
0.076
0.058
0.067
0.076
0.078
0.078
0.076
0.075
0.078
0.078
0.078
0.076
0.078
0.078
0.078
0.078
0.078
0.078
0.078
0.074
0.078
0.078
0.078
0.078
0.078
0.078
0.078
0.078
0.078
0.076
0.077
0.078
0.078
0.077
0.078
0.078
0.078
0.078
0.078
0.078
0.078
0.078
0.078
0.076
0.078
0.078
0.078
0.078
0.078
0.078
0.078
0.078
0.075
0.078
0.078
0.078
0.078
0.078
-1.480
0.078
0.078
0.078
0.078
0.078
0.078
0.078
0.078
0.075
0.078
0.078
0.078
0.078
0.078
0.078
0.078
0.078
0.076
0.078
0.078
0.078
0.078
0.078
0.077
0.078
0.078
0.078
0.078
0.078
0.078
0.078
0.078
0.078
0.078
0.078
0.078
0.078
0.078
0.078
0.078
0.078
0.078
0.078
0.078
0.075
0.067
0.078
0.076
0.078
0.078
0.078
0.078
0.078
0.078
0.078
0.078
0.077
0.075
0.075
0.064
0.076
0.078
0.077
0.078
0.078
0.078
0.078
0.076
0.078
0.078
0.078
0.078
0.078
0.078
0.078
0.078
0.078
0.068
0.075
0.078
0.078
0.078
0.078
0.078
0.078
0.078
0.078
0.058
0.078
0.078
0.075
0.078
0.078
0.078
0.078
0.078
0.078
0.078
0.078
0.078
0.078
0.073
0.078
0.078
0.076
0.078
0.078
0.076
0.078
0.078
0.078
0.078
0.078
0.078
0.078
0.078
0.078
0.078
0.078
0.073
0.078
0.078
0.078
0.078
0.078
0.077
0.078
0.078
0.078
0.064
0.078
0.076
0.078
0.078
0.078
0.078
0.078
0.076
0.078
0.078
0.073
0.078
0.078
0.078
0.078
0.068
0.076
0.078
0.078
0.075
0.078
0.078
0.078
0.078
0.078
0.078
0.078
0.078
0.078
0.078
0.078
0.078
0.078
0.078
0.078
