fixedStep chrom=ENSGT00390000004173 start=1 step=1
0.000
0.000
0.000
0.000
0.000
0.000
0.108
-0.370
0.109
0.126
0.126
0.123
0.126
0.109
0.110
0.110
0.126
0.122
-0.864
-0.866
-0.864
-0.864
-0.866
-0.929
0.122
0.122
0.118
0.126
0.126
0.120
0.126
0.110
-1.796
0.126
0.126
0.122
0.110
0.126
0.124
0.109
0.126
0.126
0.000
0.000
0.000
0.000
0.000
0.000
0.000
0.000
0.000
-0.903
-0.367
-0.367
0.127
0.126
0.124
0.126
0.124
0.114
0.123
0.114
0.126
0.123
0.114
0.118
0.126
0.126
0.113
0.122
0.127
0.126
0.126
0.126
0.109
0.113
0.121
0.126
0.126
0.121
0.126
0.122
0.126
0.126
0.126
0.122
0.126
0.118
0.124
0.114
0.126
0.126
0.126
0.126
0.126
0.126
0.126
0.127
0.107
0.126
0.122
0.127
0.126
0.126
0.126
0.126
0.127
0.127
0.126
0.126
0.123
0.126
0.126
0.126
0.122
0.126
0.125
0.126
0.127
0.126
0.126
0.126
0.126
0.126
0.114
-3.218
0.126
0.125
0.126
0.126
0.126
0.120
0.126
0.126
0.123
0.124
0.126
-0.379
0.126
0.114
0.117
0.124
0.126
0.126
0.126
0.115
0.126
-1.044
-1.087
-1.799
-2.283
-1.089
-0.964
-0.964
-1.381
-1.409
-1.000
-2.069
-0.964
0.122
0.126
0.124
0.126
0.126
0.124
0.126
0.126
-1.807
0.126
0.126
0.126
0.126
0.125
-1.906
0.126
0.126
0.126
0.126
0.127
0.126
0.126
0.126
0.126
0.126
0.126
0.126
0.126
0.126
0.118
0.126
0.126
0.126
0.126
0.127
0.124
0.126
0.126
0.123
0.126
0.109
0.126
0.127
0.126
0.125
0.126
0.123
0.126
0.126
0.126
0.126
0.127
0.126
0.126
0.123
0.125
0.126
0.126
0.126
0.124
0.127
0.126
0.126
0.127
0.127
0.126
0.123
0.127
0.124
0.126
0.126
0.127
0.127
0.126
0.121
0.121
0.126
0.126
0.126
0.118
0.126
0.126
0.127
0.126
0.126
0.126
0.126
0.126
0.126
0.114
0.126
0.126
0.113
0.127
0.127
0.122
0.110
0.126
0.126
0.127
0.126
0.118
0.126
0.126
0.126
0.126
0.126
0.110
0.126
0.126
0.126
0.126
0.126
0.126
0.126
0.126
0.126
0.126
0.126
0.126
0.113
-1.166
-0.382
0.000
0.000
0.000
0.000
0.000
0.000
0.000
0.000
0.000
0.000
0.000
0.000
0.000
0.000
0.000
0.000
0.000
0.000
0.000
0.000
0.000
0.000
0.000
0.000
0.000
0.000
0.000
0.000
0.000
0.000
0.000
0.000
0.000
0.000
0.000
0.000
0.000
0.000
0.000
0.000
0.000
0.000
-0.380
-0.379
-0.382
0.112
-0.370
-0.382
0.000
0.000
0.000
0.000
0.000
0.000
0.000
0.000
0.000
0.126
-0.382
0.111
-0.741
0.113
0.121
-0.646
0.126
-0.382
0.113
0.126
0.126
0.127
-0.379
0.113
-0.276
-0.276
-0.276
-1.160
-1.161
-1.159
0.113
-1.121
-0.382
-0.382
-0.379
-0.379
-0.382
-0.379
-0.382
-0.382
-0.380
0.100
0.126
-0.379
-0.382
0.113
0.113
0.113
0.126
0.126
0.126
0.126
0.126
-0.382
0.126
0.113
-0.370
-0.379
-0.370
-0.382
-0.382
0.126
0.115
-0.370
0.126
0.126
0.113
-0.379
-0.370
-0.403
-0.370
0.118
0.106
0.126
-1.822
-0.380
-0.380
-0.722
0.126
0.121
0.113
0.148
0.148
0.148
-1.324
0.118
0.111
-0.380
-0.370
-2.757
0.109
-0.380
-0.580
0.113
-0.370
-0.382
-0.380
-0.380
-1.966
0.126
-0.380
-1.169
0.126
0.113
0.113
0.113
0.127
-0.382
0.113
0.113
-0.380
-0.379
-0.380
0.124
0.126
-0.379
-1.312
-0.382
0.113
0.126
0.126
-0.380
-0.370
0.126
-0.379
0.126
0.126
0.113
-0.382
0.126
0.113
0.126
-0.865
-1.312
-2.642
-1.305
-0.864
-1.108
-1.312
-1.652
-0.893
0.000
0.000
0.000
0.000
0.000
0.000
0.000
0.000
0.000
0.000
0.000
0.000
