fixedStep chrom=ENSGT00390000008766 start=1 step=1
0.084
0.084
0.084
0.084
0.084
0.084
0.084
0.084
0.084
0.080
0.067
0.084
0.084
0.084
0.084
0.084
0.084
0.067
0.084
0.084
0.080
0.084
0.084
0.081
0.081
0.084
0.081
0.084
0.084
0.084
0.084
0.070
0.068
0.070
0.084
0.084
0.084
0.084
0.064
0.071
0.084
0.082
0.084
0.080
0.084
0.084
0.084
0.084
-0.415
-0.415
-0.415
0.084
0.080
0.064
0.084
0.084
0.081
0.079
0.084
0.084
0.082
0.080
0.080
0.060
0.084
0.071
0.084
0.082
0.078
0.081
0.084
0.079
0.084
0.084
0.084
0.084
0.084
0.081
0.084
0.084
0.084
0.000
0.000
0.000
0.000
0.000
0.000
0.000
0.000
0.000
-1.170
-1.170
-1.170
0.084
0.084
0.084
0.084
0.084
0.084
0.084
0.084
0.084
0.084
0.084
0.080
0.084
0.084
0.064
0.084
0.084
0.081
0.084
0.084
0.080
0.084
0.084
0.084
0.076
0.084
0.084
0.084
0.084
0.082
0.084
0.084
0.081
0.084
0.084
0.084
0.067
0.081
0.071
0.084
0.084
-1.457
0.084
0.084
0.084
0.084
0.084
0.080
0.084
0.084
0.084
0.084
0.084
0.084
0.084
0.084
0.084
0.084
0.084
0.080
0.084
0.084
0.080
0.084
0.084
0.084
0.084
0.084
0.084
0.084
0.084
0.084
0.084
0.084
0.079
0.084
0.084
0.084
0.084
0.084
0.084
0.079
0.084
0.084
0.084
0.084
0.084
0.084
0.084
0.079
0.084
0.084
0.084
0.084
0.084
0.084
0.084
0.084
0.084
0.084
0.084
0.084
0.077
0.077
0.076
0.077
0.077
0.077
0.077
0.077
0.072
0.077
0.077
0.077
0.077
0.077
0.077
0.077
0.077
0.077
0.077
0.077
0.077
-0.831
0.077
0.072
0.077
0.077
0.077
0.077
0.077
0.077
0.077
0.077
0.077
0.077
0.077
0.077
0.077
0.077
0.077
0.077
0.077
0.077
0.077
0.077
0.077
0.077
0.077
0.077
0.077
0.077
0.077
0.077
0.077
0.077
0.077
0.077
0.077
0.077
0.077
0.076
0.077
0.077
0.077
0.077
0.077
0.077
0.077
0.077
0.077
0.077
0.077
0.077
0.077
0.077
-0.831
0.066
0.077
0.077
0.077
0.077
0.066
0.077
0.077
0.077
0.077
0.077
0.077
0.077
0.077
0.070
0.077
0.077
0.077
0.077
0.084
0.084
0.084
0.084
0.084
0.084
0.084
0.081
0.084
0.084
0.084
0.084
0.084
0.076
0.084
0.084
0.084
0.084
0.084
0.081
0.084
0.084
0.084
0.084
0.084
0.084
0.084
0.084
0.084
0.084
0.084
0.084
0.084
0.084
0.084
0.084
0.084
0.080
0.084
0.084
0.082
0.084
0.084
0.081
0.084
0.084
0.076
0.084
0.084
0.081
0.084
0.084
0.084
0.070
0.084
0.084
0.084
0.084
0.070
0.084
0.084
0.084
0.076
0.084
0.084
0.084
0.084
0.084
0.084
0.064
0.063
0.079
0.084
0.064
0.064
0.064
0.079
0.064
0.064
0.060
0.064
0.084
0.079
0.064
0.084
0.079
0.064
0.084
0.079
0.084
0.084
0.071
0.084
0.084
0.084
0.084
0.084
0.079
0.064
0.064
0.084
0.084
0.084
0.080
0.084
0.084
0.084
0.084
0.084
0.084
0.084
0.084
0.084
0.084
0.084
0.084
0.084
0.084
0.084
0.084
0.084
0.083
0.084
0.084
0.084
0.084
0.084
0.078
0.084
0.084
0.080
0.084
0.084
0.084
0.079
0.084
0.084
0.084
0.084
0.084
0.084
0.084
0.084
0.084
0.084
0.079
0.084
0.084
0.084
0.084
0.084
0.084
0.084
0.084
0.084
0.084
0.084
0.082
0.084
0.084
0.084
0.084
0.084
0.064
0.084
0.084
0.078
0.084
0.084
0.084
0.084
0.084
0.084
0.084
0.084
0.084
0.084
0.084
-1.419
0.084
0.084
0.084
0.084
0.084
0.084
0.084
0.084
0.064
0.084
0.084
0.064
0.084
0.064
0.084
0.064
0.084
0.084
0.064
0.079
0.062
0.064
0.079
0.064
0.079
0.084
0.064
0.084
0.079
0.084
0.079
0.084
0.061
0.064
0.064
0.064
0.084
0.084
0.061
0.084
0.064
0.084
0.064
0.064
0.064
0.064
0.064
0.084
0.079
0.064
0.064
0.084
0.079
0.061
0.060
0.064
0.084
0.084
0.064
0.079
0.064
0.064
0.064
0.084
0.084
0.064
0.084
0.064
0.079
0.079
0.064
0.064
0.064
0.079
0.079
0.084
0.084
0.079
0.064
0.064
0.079
0.084
0.064
0.064
0.076
0.084
0.084
0.084
0.084
0.084
0.076
0.084
0.071
0.084
0.084
0.084
0.084
0.084
0.080
0.084
0.084
0.084
0.084
0.084
0.084
0.084
0.084
0.084
0.079
0.084
0.084
0.084
0.084
0.080
0.084
0.084
0.084
0.084
0.084
0.080
0.084
0.084
0.084
0.084
0.084
0.084
0.083
0.084
0.084
0.084
0.084
0.084
0.084
0.084
0.068
0.084
0.084
0.084
0.084
0.084
0.084
0.084
0.084
0.083
0.071
0.084
0.084
0.084
0.084
0.084
0.084
0.084
0.084
0.084
0.084
0.082
0.084
0.084
0.080
0.084
0.084
0.082
0.084
0.084
0.081
0.084
0.081
0.084
0.084
0.084
0.081
0.084
0.084
0.084
0.084
0.083
0.081
0.080
0.081
0.071
0.080
0.084
0.084
0.084
0.084
0.084
0.084
0.084
0.084
0.084
0.084
0.084
0.071
0.084
0.081
0.084
0.077
0.083
0.084
0.084
0.084
-2.680
0.084
0.081
0.084
0.083
0.084
0.084
0.084
0.084
0.084
0.084
0.084
0.084
0.084
0.082
0.084
0.071
0.082
0.084
0.084
0.084
0.084
0.084
0.067
-1.411
0.084
0.084
0.000
0.000
0.000
0.000
0.000
0.000
0.000
0.000
0.000
0.000
0.000
0.000
0.000
0.000
0.000
0.084
0.079
0.082
0.081
0.076
0.084
0.084
0.084
0.084
0.084
0.084
0.084
0.084
0.081
0.084
0.084
0.077
0.064
0.082
0.084
0.067
0.081
0.084
0.084
0.084
0.084
0.084
0.068
0.084
0.084
0.084
0.084
0.084
0.081
0.084
0.080
0.084
0.084
0.084
0.073
0.081
0.084
0.084
0.084
0.080
0.080
0.081
0.079
0.084
0.084
0.080
0.070
0.084
0.084
0.083
0.084
0.082
0.083
0.084
0.084
0.084
0.084
0.067
0.084
0.080
0.081
0.084
0.084
0.071
0.084
0.084
0.084
0.076
0.084
0.062
0.083
0.084
0.084
0.084
0.084
0.084
0.084
0.084
0.084
0.084
0.084
0.084
0.084
0.084
0.084
0.084
0.084
0.084
0.084
0.084
0.083
0.084
0.084
0.084
0.084
0.080
0.084
0.084
0.084
0.084
0.084
0.084
0.084
0.084
0.084
0.084
0.084
0.084
0.084
0.084
0.084
0.084
0.084
0.084
0.084
0.084
0.084
0.084
0.084
0.082
0.081
0.084
0.084
0.084
0.084
0.084
0.084
0.084
0.080
0.081
0.084
0.084
0.084
0.067
0.084
0.061
0.071
0.071
0.067
-1.416
0.067
-2.307
0.084
0.071
-2.694
-0.061
-0.061
-0.061
0.067
0.067
-1.427
0.070
-2.022
0.062
0.084
0.067
0.080
0.079
0.067
0.061
0.081
0.082
0.084
0.067
0.084
0.081
0.084
0.067
0.080
-2.446
-3.114
-2.426
-1.922
-3.106
-3.101
-0.415
-0.415
-0.308
-0.065
-0.065
-0.065
0.083
0.084
0.065
0.084
0.082
0.070
0.084
0.061
0.084
-1.997
0.080
0.080
0.084
0.084
0.084
-1.170
-1.170
-1.166
0.084
0.084
0.076
0.078
0.084
0.084
0.084
0.084
0.078
0.084
0.084
0.082
0.084
0.084
0.084
0.084
0.084
0.081
0.070
0.084
0.081
0.080
0.084
0.084
0.070
0.084
0.079
-1.103
-1.099
-3.003
0.080
0.084
0.084
0.084
0.084
0.079
0.084
0.084
0.084
0.084
0.084
0.082
0.071
0.084
0.084
0.071
0.082
0.071
0.084
0.084
0.084
0.076
0.084
0.084
0.084
0.084
0.084
0.081
0.071
0.084
0.067
0.080
0.065
0.067
0.084
0.084
-1.102
-1.102
-1.314
-1.701
-1.098
-1.102
-1.101
-1.102
-1.098
-1.102
-1.101
-1.101
-1.102
-1.101
-1.101
-1.142
-1.098
-1.101
-1.101
-1.098
-1.189
-1.101
-1.101
-1.102
0.080
0.071
0.068
-1.389
-1.388
-1.166
0.071
0.071
0.071
0.084
0.084
0.080
0.084
0.080
0.081
0.081
0.081
0.084
0.076
0.076
0.084
0.084
0.071
0.084
0.084
0.084
0.084
0.084
0.071
0.084
0.071
0.084
0.084
0.083
0.084
0.084
0.076
0.084
0.066
0.084
0.084
0.084
0.084
-1.457
0.064
-1.418
0.071
0.084
0.084
0.084
0.081
0.081
0.084
0.084
0.084
0.081
-1.418
0.080
0.079
0.084
0.084
0.083
0.080
0.084
0.084
0.084
0.084
0.082
0.084
0.084
0.081
0.084
0.081
0.082
0.084
0.071
0.084
0.084
0.084
0.084
0.071
0.084
0.079
0.082
0.080
0.084
0.080
0.084
0.067
0.084
0.079
0.084
-1.417
0.064
0.084
0.068
0.084
0.084
0.070
0.084
0.080
0.083
0.083
0.084
0.082
0.084
0.084
0.071
0.079
0.079
0.084
0.084
0.084
0.084
0.064
0.084
0.084
0.084
0.084
0.084
0.084
0.084
0.084
0.080
0.084
0.084
0.084
0.084
0.084
0.081
-1.419
0.080
0.078
0.084
0.084
0.084
0.084
0.084
0.084
0.084
0.081
0.084
0.084
0.084
0.082
0.084
0.080
0.084
0.080
0.080
0.067
0.081
0.083
0.084
0.084
0.084
0.067
0.084
0.084
0.084
0.084
0.084
0.084
0.084
0.080
0.084
0.084
0.084
0.084
0.084
0.084
0.084
0.084
0.082
0.084
0.084
0.084
0.084
0.084
0.068
0.080
0.084
0.084
0.082
0.084
0.081
0.084
0.084
0.084
0.071
0.084
0.071
0.084
0.081
0.080
0.084
0.084
0.078
0.084
0.084
0.084
0.084
0.080
0.076
0.084
0.084
0.082
0.082
0.084
0.079
0.081
0.084
0.084
0.080
0.084
0.076
0.084
0.082
0.081
0.083
0.083
0.084
0.084
0.084
0.084
0.084
0.084
0.071
0.084
0.080
0.067
0.000
0.000
0.000
0.000
0.000
0.000
0.000
0.000
0.000
0.000
0.000
0.000
0.000
0.000
0.000
0.000
0.000
0.000
0.000
0.000
0.000
0.000
0.000
0.000
0.000
0.000
0.000
0.000
0.000
0.000
0.000
0.000
0.000
0.084
0.084
0.084
0.067
0.067
0.084
0.084
0.084
0.068
0.080
0.071
0.080
0.067
-1.432
0.084
0.080
0.084
0.084
0.084
0.084
0.080
0.067
0.084
0.080
-1.102
-1.101
-1.102
0.067
0.084
0.067
0.067
0.084
0.067
0.067
0.067
0.067
0.084
0.080
0.084
0.084
0.080
0.065
0.084
0.071
-2.226
0.067
0.067
0.084
-1.102
-1.102
-1.101
-1.098
-1.102
-1.098
