fixedStep chrom=ENSGT00510000048687 start=1 step=1
0.000
0.000
0.000
0.000
0.000
0.000
0.000
0.000
0.000
0.000
0.000
0.000
0.000
0.000
0.000
0.000
0.000
0.000
0.000
0.000
0.000
0.000
0.000
0.000
0.000
0.000
0.000
0.000
0.000
0.000
0.000
0.000
0.000
0.000
0.000
0.000
0.000
0.000
0.000
0.000
0.000
0.000
0.000
0.000
0.000
0.000
0.000
0.000
0.000
0.000
0.000
0.000
0.000
0.000
0.000
0.000
0.000
0.000
0.000
0.000
0.000
0.000
0.000
0.000
0.000
0.000
0.000
0.000
0.000
0.000
0.000
0.000
0.000
0.000
0.000
0.073
0.073
0.073
0.073
0.073
0.073
0.070
0.065
0.073
0.073
0.073
0.073
0.073
0.073
0.071
0.073
0.073
0.073
0.073
0.068
0.070
0.069
0.073
0.073
0.073
0.073
0.073
0.073
0.073
0.070
0.073
0.073
0.073
0.073
0.073
0.073
0.072
-2.130
0.073
0.073
0.073
0.073
0.073
0.073
0.073
0.073
0.073
0.068
0.070
0.073
0.073
0.073
0.073
0.070
0.073
0.073
0.073
0.073
0.073
0.073
0.073
0.073
0.073
0.072
0.073
0.061
0.073
0.073
0.073
0.073
0.073
0.073
0.073
0.073
0.065
0.073
0.070
0.070
0.073
0.073
0.061
0.073
0.073
0.072
0.071
0.073
0.072
0.073
0.073
0.073
0.073
0.073
0.070
0.073
0.073
0.073
0.073
0.073
0.073
0.065
0.065
0.065
0.065
0.065
0.064
0.065
0.065
0.065
0.065
0.065
0.062
0.065
0.065
0.063
0.065
0.065
0.063
0.065
0.065
0.062
-1.170
-1.167
-1.191
0.065
0.065
0.065
0.065
0.062
0.065
-3.358
0.062
0.065
0.000
0.000
0.000
0.065
0.065
0.065
0.065
0.065
-1.806
0.065
0.065
0.065
0.065
0.065
0.065
0.065
0.065
0.065
0.065
0.065
0.064
0.065
0.060
0.053
0.051
0.065
0.065
0.065
0.065
0.065
0.065
0.064
0.065
0.055
0.065
0.065
0.065
0.065
0.065
0.065
0.065
0.065
0.065
0.060
0.065
0.063
0.065
0.065
0.062
0.062
0.062
0.065
0.065
0.065
0.055
0.065
0.065
0.065
0.065
0.065
0.065
0.064
0.061
0.065
0.065
0.064
0.065
0.065
0.064
0.050
0.065
-1.785
0.062
0.065
0.064
0.065
0.065
0.063
0.054
0.065
0.061
0.065
0.065
0.065
0.065
0.065
0.065
0.065
0.065
0.065
0.065
0.065
0.063
0.065
0.065
0.065
0.065
0.064
0.053
0.065
0.053
0.065
0.054
0.064
0.064
0.065
0.063
0.065
0.052
0.051
0.065
0.065
0.065
0.065
0.065
0.065
0.054
0.053
0.065
0.065
0.062
0.062
0.065
0.065
0.065
0.065
0.065
0.065
0.065
0.065
0.065
-1.792
0.062
0.062
0.062
0.065
0.065
0.065
0.065
0.065
0.059
0.065
0.065
0.065
0.065
0.065
0.065
0.065
0.065
0.054
0.055
0.065
0.065
0.065
0.065
0.065
0.065
0.065
0.065
0.065
0.065
0.065
0.065
0.065
0.065
0.065
0.065
0.065
0.065
0.065
0.065
0.065
0.073
0.070
0.058
0.073
0.072
0.071
0.073
0.073
-4.240
-1.786
-1.804
0.071
0.073
0.053
0.073
0.073
0.073
0.073
0.073
0.073
0.071
0.073
-2.105
0.071
0.073
0.071
-1.402
-1.169
-1.334
0.073
0.071
0.056
-1.030
-0.638
-0.635
0.073
-3.155
0.061
0.073
0.073
0.073
0.072
0.072
0.065
0.073
0.073
0.073
0.073
0.061
0.064
0.073
0.061
0.073
0.073
0.073
0.068
0.073
0.073
0.072
0.058
0.070
0.060
0.073
0.073
0.073
0.065
0.071
0.073
0.073
0.073
0.070
0.073
0.073
0.073
0.073
0.073
0.070
0.073
0.068
0.073
0.073
0.073
0.067
0.070
0.070
0.061
0.073
0.073
0.059
0.073
0.065
0.062
0.073
0.073
0.070
0.069
0.073
0.070
0.072
0.073
0.073
0.073
0.073
0.073
0.073
0.073
0.073
0.073
0.073
0.070
0.073
0.073
0.072
0.061
0.073
0.073
0.073
0.073
0.071
0.067
0.073
0.071
0.073
0.073
0.073
0.073
0.073
0.064
0.073
0.073
0.068
0.073
0.073
0.073
0.073
0.073
0.070
0.073
0.073
0.073
0.073
0.073
0.073
0.073
0.073
0.073
0.073
0.070
0.070
0.073
0.073
0.058
0.072
0.073
0.073
0.072
0.073
0.065
0.073
0.073
0.061
0.073
0.073
0.073
0.073
0.065
0.065
0.065
0.065
0.065
0.065
0.065
0.062
0.065
0.065
0.065
0.065
0.065
0.065
0.053
0.053
0.062
0.065
0.065
0.065
0.065
0.065
0.061
0.065
0.065
0.065
0.065
0.065
0.065
0.065
0.065
0.050
0.065
0.065
0.065
0.065
0.062
0.063
0.065
0.062
0.065
0.065
0.065
0.065
0.065
0.065
0.065
0.065
0.065
0.065
0.065
0.065
0.065
0.065
0.065
0.065
0.065
0.065
0.050
0.062
0.065
0.065
0.065
0.065
0.065
0.065
0.065
0.054
0.065
0.065
0.064
0.065
0.052
0.065
0.065
0.065
0.065
0.065
0.065
0.065
0.065
0.065
0.065
0.065
0.065
0.065
0.065
0.065
0.050
0.065
0.065
0.065
0.065
0.065
0.061
0.065
0.065
0.065
0.048
0.065
0.065
0.065
0.065
0.062
0.065
0.065
0.065
0.064
0.065
0.060
0.065
0.063
0.065
0.065
0.065
0.065
0.065
0.062
0.052
0.065
0.065
0.063
0.065
0.065
0.065
0.065
0.065
0.062
0.065
0.065
0.065
0.073
0.073
0.064
0.070
0.073
0.072
0.073
0.073
0.072
0.073
0.073
0.060
0.073
0.073
0.073
0.073
0.071
0.069
0.073
0.073
0.073
0.073
0.073
0.073
0.073
0.073
0.073
0.073
0.072
0.073
0.073
0.073
0.073
0.073
0.073
0.073
0.073
0.073
0.073
0.073
0.073
0.073
0.073
0.073
0.073
0.073
0.073
0.073
0.073
0.073
0.073
0.073
0.073
0.073
0.073
0.073
0.073
0.073
0.073
0.073
0.073
0.072
0.058
0.073
0.073
0.073
0.073
0.071
0.056
0.073
0.073
-2.312
0.070
0.073
0.064
0.073
0.073
0.073
0.062
0.073
0.073
0.073
0.073
0.073
0.073
0.073
0.071
0.073
0.073
0.073
0.073
0.073
0.073
0.073
0.073
0.073
0.073
0.073
0.068
0.073
0.073
0.073
0.073
0.073
0.072
0.073
0.073
0.073
0.073
0.073
0.073
0.073
0.073
0.073
0.073
0.073
0.073
0.073
0.073
0.073
0.073
0.073
0.073
0.073
0.073
0.073
0.073
0.073
0.073
0.073
0.073
0.070
0.067
0.073
0.073
0.073
0.073
0.073
0.073
0.073
0.073
0.073
0.073
0.072
0.071
0.073
0.073
0.073
0.073
0.073
0.073
0.073
0.073
0.073
0.073
0.073
0.072
0.071
-2.274
0.073
0.073
0.073
0.073
0.068
0.073
0.073
0.073
0.051
0.073
0.073
0.071
0.061
0.073
0.073
0.073
0.073
0.073
0.073
0.073
0.073
0.071
0.071
0.061
0.073
0.073
0.073
0.073
0.073
0.073
0.073
0.073
0.073
0.071
0.073
0.073
0.073
0.070
0.064
0.073
0.073
0.072
0.068
0.073
0.071
0.073
0.073
0.072
-1.659
-1.591
-1.591
