fixedStep chrom=ENSGT00390000001761 start=1 step=1
0.086
-0.727
0.077
0.077
-0.740
0.082
0.086
0.086
0.086
0.086
0.086
-1.913
-0.739
-0.739
0.076
0.086
0.086
0.086
0.086
0.086
0.086
-0.740
-0.727
0.086
0.085
0.085
0.080
-0.739
0.086
-0.742
-1.266
-0.740
0.073
-0.742
-0.727
-2.744
0.000
0.000
0.000
0.000
0.000
0.000
0.000
0.000
0.000
0.086
0.086
0.077
0.086
0.086
0.077
0.086
0.085
-0.739
-0.742
-1.360
0.086
0.086
0.086
0.086
0.077
-0.742
-1.360
0.086
-0.739
0.086
0.083
0.086
0.078
0.086
0.077
-0.740
0.083
0.086
-0.740
0.086
-0.727
-0.740
-1.369
-0.742
0.077
-0.742
-0.739
0.086
0.086
0.086
-0.739
-2.792
-1.731
-1.731
-1.710
-1.731
-2.811
0.086
0.086
0.065
0.083
0.086
0.086
0.086
0.086
0.086
0.086
0.086
0.086
0.086
0.086
0.086
0.086
0.086
0.086
0.076
0.071
0.086
0.086
0.086
0.083
0.086
0.086
0.086
0.086
0.086
0.086
0.086
0.086
0.086
0.086
0.086
0.086
0.086
0.086
0.086
0.086
0.086
0.086
0.086
0.083
0.086
0.086
0.086
0.086
0.086
0.086
0.086
0.086
0.086
0.086
0.083
0.086
0.086
0.086
0.086
0.086
0.086
0.086
0.081
0.086
0.086
0.086
0.086
0.086
0.086
0.086
0.086
0.086
0.086
0.086
0.085
0.086
0.085
0.086
0.086
0.086
0.085
0.086
0.086
0.086
0.086
0.086
0.086
0.086
0.086
0.086
0.086
0.086
0.086
0.086
0.086
0.086
0.086
0.086
0.086
0.086
0.086
0.086
0.086
0.086
0.086
0.082
0.086
0.086
0.086
0.086
0.086
0.086
0.086
0.086
0.086
0.086
0.086
0.086
0.086
-1.551
0.086
0.086
0.086
0.086
0.086
0.086
0.086
0.086
0.086
0.086
0.086
0.086
0.086
0.086
0.070
0.086
0.086
0.086
0.086
0.082
0.086
0.086
0.086
0.086
0.086
0.082
0.086
0.086
0.086
0.086
0.086
0.086
0.084
0.086
0.086
0.086
0.086
0.086
0.086
0.086
0.086
0.086
0.086
0.086
0.086
