fixedStep chrom=ENSGT00390000012244 start=1 step=1
0.076
0.076
0.076
0.076
0.076
0.076
0.076
0.070
0.076
0.076
0.070
0.074
0.070
0.070
0.055
0.076
0.076
0.076
0.076
0.055
0.055
0.056
0.071
0.076
0.071
0.076
0.076
0.076
0.076
0.070
-0.193
-0.193
-0.193
0.075
0.075
0.076
0.076
0.076
0.076
0.076
0.076
0.070
-0.858
0.076
-1.734
0.076
0.071
0.076
0.076
0.076
0.055
0.070
0.076
0.076
0.076
0.076
0.076
0.076
0.076
0.076
0.076
0.076
0.076
0.076
0.076
0.076
0.076
0.076
0.076
0.071
0.071
0.076
0.054
0.069
0.076
0.076
0.076
0.076
0.055
0.071
0.076
0.076
-1.734
0.076
0.076
-0.890
0.069
-0.885
0.076
0.071
0.070
0.071
0.076
-0.933
-1.186
-0.932
-0.890
0.070
0.076
0.076
0.071
0.070
0.076
0.076
0.076
0.076
0.064
-1.662
0.076
0.071
0.076
0.076
0.076
0.076
0.076
0.076
0.071
0.076
0.076
0.076
0.071
0.076
0.076
0.070
0.055
0.071
0.076
0.055
0.076
0.076
0.076
0.076
0.076
0.076
-1.721
0.076
0.071
0.056
-1.661
0.055
0.070
0.071
0.076
-0.886
0.070
0.076
0.071
0.076
0.076
0.070
0.076
0.076
0.076
0.076
0.076
0.076
0.070
0.076
0.076
0.076
0.076
0.076
0.076
0.076
0.076
0.076
0.076
0.069
0.076
0.076
0.076
0.071
-1.662
0.076
0.076
0.076
0.076
0.076
0.076
0.076
0.076
0.076
0.076
0.076
0.076
0.070
0.076
0.076
0.076
-0.886
0.076
0.076
0.076
0.076
0.076
0.076
0.076
-0.858
0.076
0.076
0.076
0.071
0.070
-1.736
0.056
0.076
0.071
0.076
0.076
0.076
0.076
0.076
0.076
0.076
0.076
-0.883
0.076
0.076
0.076
0.076
0.076
0.076
0.076
0.076
0.076
0.076
0.076
0.076
0.076
0.076
0.076
0.076
0.076
0.076
0.076
0.076
0.076
0.076
0.076
0.076
0.076
0.076
0.076
0.076
0.076
0.076
0.076
0.076
0.076
0.076
0.076
0.076
0.076
0.076
0.076
0.076
0.076
0.076
0.076
0.055
0.071
0.076
0.076
0.071
0.076
0.076
0.076
0.055
0.076
0.071
0.076
0.076
0.076
0.076
0.076
0.076
0.070
0.076
0.076
0.070
0.076
0.070
0.076
0.076
-0.858
0.071
0.076
0.076
0.076
0.076
-1.754
0.076
0.076
0.055
0.076
0.076
0.076
0.076
0.076
0.076
0.076
0.076
0.076
-0.883
0.071
0.071
-1.336
0.076
0.076
0.076
0.060
-0.858
-0.890
0.076
0.076
0.076
0.076
0.076
0.076
0.076
0.076
0.076
0.055
0.076
0.076
0.076
0.076
0.070
0.076
0.076
0.076
0.076
0.070
0.076
0.076
0.076
0.076
0.076
0.055
0.071
0.071
0.076
0.070
0.076
0.076
0.069
-0.858
0.076
0.076
0.076
0.076
0.076
0.071
0.076
0.076
0.076
0.076
0.076
0.076
0.076
0.076
0.076
0.076
0.076
0.070
-0.886
-0.886
0.076
0.076
0.076
0.076
0.070
0.076
0.076
0.076
0.076
0.076
0.071
0.056
0.071
0.070
-1.747
0.076
0.071
0.076
0.076
0.055
0.070
0.076
0.076
0.076
0.076
0.076
0.076
0.071
0.076
0.076
0.076
0.076
0.076
0.076
0.076
0.076
0.076
0.069
0.076
0.076
0.076
0.071
0.070
0.076
0.076
0.076
0.076
0.076
0.076
0.076
0.076
0.076
0.076
0.076
0.076
0.076
0.076
0.076
0.076
0.076
0.076
0.076
0.076
0.076
0.076
0.076
0.076
0.076
0.076
0.076
0.076
0.076
0.076
0.071
-2.130
0.076
0.076
0.076
0.076
0.076
0.076
0.076
0.076
0.076
0.076
0.070
0.076
0.071
0.076
0.076
0.076
0.055
0.076
0.076
0.076
0.076
0.076
0.076
0.076
0.076
0.076
0.076
0.076
0.076
0.076
0.076
0.070
0.076
0.076
0.076
0.076
0.076
0.055
0.076
0.076
0.071
-1.677
0.076
0.076
0.074
0.074
0.055
0.071
0.055
-1.754
0.059
0.071
0.076
0.070
0.076
0.075
0.069
0.076
0.070
0.076
-0.890
0.076
0.076
0.071
0.076
0.076
0.055
0.071
0.076
0.076
0.071
0.076
0.076
0.076
0.076
0.076
0.070
0.056
0.076
0.076
0.076
-0.886
0.076
0.076
0.071
0.071
0.055
0.076
0.076
0.076
0.071
0.055
0.071
0.076
0.055
0.076
0.076
-0.883
0.076
0.070
0.075
-0.933
-0.933
-0.932
-1.183
-0.933
-0.933
-0.932
-1.079
-1.183
-0.933
-0.933
-0.933
0.076
0.076
0.076
0.076
0.076
0.076
0.075
0.076
0.076
0.076
0.071
0.076
0.076
0.071
-0.858
0.076
0.076
0.076
0.076
0.076
0.076
0.071
0.076
0.076
0.055
0.076
0.055
0.076
0.076
0.071
-1.076
-1.096
-1.075
0.071
0.071
0.074
0.076
0.076
0.070
0.070
0.056
-0.858
0.076
0.076
0.055
-0.858
0.076
0.076
0.076
0.076
0.076
0.076
0.076
0.076
0.076
0.076
0.076
0.071
0.071
0.071
0.071
0.076
0.076
0.076
0.076
0.076
0.071
0.076
0.055
0.076
0.075
0.071
0.076
0.072
0.076
-1.733
0.076
0.076
0.076
0.071
0.055
0.076
0.076
0.076
0.076
0.075
0.076
0.076
0.076
0.076
0.076
0.072
0.076
0.076
0.076
0.076
-1.735
0.071
0.070
0.055
0.076
0.075
0.071
0.076
0.076
-2.183
-1.541
-1.553
0.076
0.076
0.071
0.076
0.076
0.076
0.076
0.076
0.076
0.070
0.076
0.076
0.076
0.076
0.076
0.076
0.070
0.070
0.076
0.054
0.075
0.076
0.055
0.070
0.076
0.076
0.076
0.071
0.076
0.076
0.075
-0.883
0.076
0.076
0.070
0.076
0.071
0.070
0.076
0.076
0.076
0.076
0.054
0.076
0.076
0.076
0.076
0.076
0.076
0.055
0.076
0.076
0.076
0.055
0.076
0.076
0.076
0.076
0.076
0.070
0.070
0.076
0.076
0.076
0.071
0.075
0.076
0.070
0.055
0.076
0.069
0.076
0.076
0.071
0.076
0.070
-1.672
0.076
0.076
0.071
0.076
0.076
-0.858
0.076
0.071
0.059
0.071
0.071
0.070
0.070
0.056
0.076
0.071
0.076
-0.890
0.070
0.070
0.076
0.076
0.076
0.070
0.076
-0.933
-0.933
-1.183
-0.933
-0.933
-0.933
-0.932
-0.933
-0.933
-1.719
-1.079
-1.257
0.076
0.076
0.055
0.076
0.076
0.070
0.055
0.071
0.075
-1.747
0.075
0.076
0.076
0.055
0.071
-0.885
0.076
0.076
0.071
0.071
-1.718
0.076
-0.858
0.076
0.076
0.076
0.071
0.070
0.071
0.071
0.071
0.074
-0.889
0.071
0.070
0.071
0.076
0.076
0.070
0.055
0.071
0.071
0.076
0.076
0.076
0.076
0.066
0.076
0.055
0.071
0.076
0.070
0.076
0.071
0.055
-1.658
0.076
0.076
0.076
0.076
0.070
0.071
-1.752
0.076
0.076
0.076
-0.858
0.076
0.071
0.076
0.076
0.076
0.076
0.076
0.070
0.076
0.076
0.054
0.071
0.076
0.076
0.076
0.071
-1.734
-0.885
0.076
0.076
0.070
-0.885
0.076
-0.885
0.076
0.076
0.076
0.076
0.076
0.070
0.076
0.076
0.070
0.076
0.070
0.075
0.076
0.076
0.076
0.076
-1.685
0.070
0.076
0.076
-0.858
0.076
0.076
0.076
0.076
0.076
-1.732
0.076
0.076
-0.890
0.071
0.076
0.076
0.076
0.076
0.076
0.076
0.071
0.076
0.076
0.071
0.070
0.076
0.071
0.071
0.076
0.076
-0.858
0.070
-0.886
0.076
0.076
-0.858
0.076
0.076
0.070
0.076
0.071
0.070
0.076
0.055
0.076
0.076
0.076
0.070
0.076
0.071
0.075
0.070
0.076
0.076
-0.883
0.076
0.076
0.076
0.076
0.076
0.076
0.076
0.071
0.070
0.076
0.076
0.076
0.076
0.070
0.076
0.076
0.071
0.076
0.076
0.076
0.071
0.070
0.076
0.076
0.076
0.076
0.076
0.071
0.070
0.076
0.076
0.076
0.076
0.055
0.076
0.076
0.076
0.076
0.076
0.076
0.076
0.076
0.076
-0.883
0.076
0.076
0.076
0.076
0.076
0.071
0.076
0.076
0.076
0.076
0.076
0.071
0.055
0.076
0.076
0.076
0.076
0.076
0.076
0.076
0.076
0.076
0.070
0.070
0.076
0.076
0.076
0.076
0.076
0.076
0.076
0.076
0.076
0.076
0.076
0.076
0.076
0.076
0.076
0.076
0.076
0.076
0.076
0.076
0.076
-1.743
0.076
0.071
0.075
0.071
0.076
0.076
0.076
0.076
0.076
0.076
-2.274
0.076
0.076
0.076
0.076
0.076
0.076
0.076
0.076
0.076
0.076
0.076
0.076
0.076
0.076
0.076
0.071
0.071
0.070
0.076
0.076
0.070
0.076
0.076
0.076
0.076
0.076
0.071
0.055
0.071
0.073
0.071
0.076
0.076
0.076
0.076
0.076
0.076
0.076
0.076
0.076
-0.858
0.076
0.076
0.076
0.076
0.076
0.076
0.076
0.076
0.076
0.070
0.071
0.076
0.076
-2.140
0.076
0.076
0.076
0.076
0.070
0.076
0.076
0.076
0.076
0.076
0.069
0.070
0.055
-0.883
0.076
0.076
0.076
0.076
0.076
0.076
0.071
0.076
0.076
0.076
0.076
0.076
-1.456
0.076
0.070
0.076
0.076
0.076
0.076
0.076
0.076
0.076
0.076
0.076
0.076
0.076
0.076
0.076
0.076
0.071
-1.075
-1.075
-1.075
0.076
0.076
0.076
0.076
0.076
0.076
0.071
0.076
0.076
0.076
0.076
-0.890
0.055
0.055
0.076
0.076
0.076
0.076
0.076
-0.883
0.076
0.076
0.076
0.076
0.076
0.076
0.076
0.076
0.076
0.076
0.076
0.076
0.076
0.076
0.076
0.076
0.076
0.076
0.071
0.076
0.076
0.076
0.076
0.076
-1.718
0.076
0.076
0.070
0.070
0.071
0.071
0.076
0.076
0.071
0.070
0.076
0.071
-1.732
0.062
0.070
0.076
0.076
0.071
-1.658
0.076
-0.890
0.076
0.073
0.076
0.076
0.076
0.076
0.076
0.076
0.076
0.076
0.076
0.076
0.076
0.076
0.076
0.076
0.076
0.070
0.076
0.076
0.076
0.076
0.076
0.070
0.076
0.055
0.076
0.076
0.076
0.076
0.076
0.076
0.071
0.076
0.076
0.070
0.076
0.076
0.076
0.076
0.076
0.076
0.076
0.076
-0.858
0.076
0.076
0.070
0.075
0.076
0.076
0.076
0.076
0.076
0.070
0.076
0.070
0.076
0.076
-1.781
0.076
0.075
0.076
0.055
-1.741
0.076
0.076
0.065
0.070
0.071
0.076
0.071
0.076
0.076
0.076
0.076
0.071
0.076
-0.883
0.076
0.070
0.076
0.076
0.076
0.076
0.076
0.076
0.071
0.076
0.076
0.076
0.076
0.076
