fixedStep chrom=ENSGT00390000001158 start=1 step=1
0.024
0.024
0.024
0.024
0.024
0.023
0.024
0.024
0.024
0.024
0.023
0.024
0.024
0.024
0.024
0.024
0.024
0.024
0.024
0.024
0.024
0.024
0.024
0.024
0.024
0.024
0.024
0.024
0.024
0.024
0.024
0.024
0.024
0.024
0.024
0.024
0.024
0.024
0.024
0.024
0.024
0.024
0.024
0.024
0.024
0.024
0.024
0.024
0.024
0.024
0.024
0.024
0.024
0.024
0.024
0.024
0.024
0.024
0.024
0.024
0.024
0.024
0.024
0.024
0.019
0.024
0.022
0.024
0.024
0.024
0.024
0.024
0.024
0.024
0.024
0.024
0.024
0.024
0.024
0.024
0.024
0.024
0.024
0.024
0.024
0.024
0.024
0.024
0.024
0.024
0.024
0.024
0.024
0.024
0.024
0.024
0.024
0.024
0.024
0.024
0.024
0.024
0.024
0.024
0.024
0.024
0.024
0.024
0.024
0.024
0.024
0.024
0.024
0.024
0.024
0.024
0.024
0.024
0.024
0.024
0.024
0.024
0.024
0.024
0.024
0.024
0.024
0.024
0.024
0.024
0.024
0.024
0.024
0.024
0.024
0.024
0.024
0.024
0.024
0.024
0.024
0.024
0.024
0.024
0.024
0.024
0.024
0.024
0.024
0.024
0.024
0.024
0.024
0.024
0.024
0.024
0.024
0.024
0.024
0.024
0.024
0.024
0.024
0.024
-0.009
0.024
0.024
0.024
0.024
0.024
0.024
0.024
0.024
0.024
0.024
0.023
0.024
0.024
0.024
0.024
0.024
0.024
0.024
0.024
0.024
0.024
0.024
0.024
0.024
0.024
0.024
0.024
0.024
0.024
0.024
0.024
0.024
0.024
0.024
0.024
0.024
0.024
0.024
0.024
0.024
0.024
0.024
0.024
0.024
0.024
0.024
0.024
0.024
0.024
0.024
0.024
0.024
0.024
0.024
0.024
0.024
0.024
0.024
0.024
0.024
0.024
0.024
0.024
0.024
0.022
0.024
0.024
0.024
0.024
0.024
0.024
0.024
0.024
0.024
0.024
0.024
0.024
0.024
0.024
0.019
0.024
