fixedStep chrom=ENSGT00390000016366 start=1 step=1
0.087
0.087
0.087
0.084
0.087
0.087
0.087
0.087
0.084
0.085
0.077
-1.974
0.087
0.087
0.087
0.087
0.087
0.087
0.087
0.087
-1.213
0.087
0.087
0.087
0.087
0.078
0.078
0.087
0.087
0.087
0.087
0.087
0.079
0.087
0.087
0.087
0.087
0.087
0.079
0.087
0.087
0.087
0.087
0.087
-1.130
0.083
0.087
-0.726
0.087
0.087
0.079
0.087
0.087
0.087
0.087
0.087
0.087
0.087
0.087
0.087
0.087
0.087
0.087
0.087
0.087
0.083
0.087
0.087
0.087
0.087
0.087
0.085
0.087
0.087
0.087
0.087
0.087
0.083
0.087
0.087
0.079
0.087
0.087
-1.236
0.087
-0.724
0.077
0.087
0.087
0.077
0.087
0.070
-0.712
0.087
-0.724
0.084
0.087
0.082
0.077
0.087
0.087
0.085
0.086
0.085
0.079
0.084
-0.724
0.086
-0.727
0.087
0.087
-0.724
0.087
0.079
0.079
0.087
0.078
0.087
0.086
0.087
0.087
-0.712
0.085
0.087
0.087
0.079
0.079
0.087
0.087
0.087
0.087
0.087
0.087
0.087
0.087
0.087
0.087
0.084
0.087
0.087
0.077
0.087
0.087
0.087
0.087
0.087
0.078
0.078
0.087
0.084
0.087
0.087
0.086
0.087
0.087
0.087
0.087
0.087
0.086
0.087
0.087
0.087
0.087
0.087
0.078
0.087
0.079
0.077
0.087
0.087
0.087
0.087
0.087
-1.370
0.087
0.087
0.087
0.087
0.087
-0.712
0.084
0.087
0.087
0.087
0.086
0.087
0.087
0.087
-2.058
0.087
0.087
-0.724
0.087
0.087
0.087
0.087
0.087
0.084
0.087
0.087
0.077
0.079
0.079
0.079
0.079
0.087
0.068
0.087
0.087
0.087
0.087
0.084
0.079
0.087
0.087
0.078
0.087
0.087
0.079
0.087
0.087
0.087
0.087
0.087
0.087
0.087
0.087
0.087
0.086
0.087
0.076
0.087
0.087
0.077
0.087
0.087
0.087
0.087
0.087
0.087
0.087
0.087
0.078
0.086
0.087
0.087
0.087
0.087
0.086
0.087
0.087
0.085
0.087
0.087
0.078
0.087
0.087
0.078
0.087
0.087
0.087
0.087
0.087
0.079
0.087
0.087
0.087
0.087
0.087
0.087
0.077
-0.724
0.079
0.083
0.087
0.087
0.084
0.084
0.087
0.087
0.087
0.087
0.087
0.087
0.087
0.086
-0.724
0.087
-0.712
0.087
-0.712
0.084
0.087
0.079
0.084
0.087
0.079
0.087
-0.724
0.086
0.087
0.087
0.077
0.087
0.087
0.085
0.087
0.087
0.079
0.087
0.087
0.087
0.087
0.087
0.087
0.086
0.079
0.079
0.087
0.087
0.087
0.087
0.087
0.087
0.085
0.087
0.084
0.077
0.087
0.083
0.087
0.087
0.085
0.087
0.087
0.087
0.087
0.087
0.084
0.087
0.087
0.087
0.087
0.087
0.079
0.087
0.087
0.084
0.087
0.087
0.087
0.087
0.087
0.085
0.087
0.087
0.079
0.087
0.087
0.078
0.087
0.087
0.079
0.087
0.087
0.069
0.087
0.087
0.079
0.079
0.087
0.087
0.087
0.087
0.084
0.087
0.087
0.087
0.087
0.087
0.077
0.076
0.077
0.068
0.085
0.084
-0.724
0.087
0.087
0.087
0.078
0.087
0.087
0.087
0.087
-2.204
0.087
0.087
0.079
0.087
0.087
0.079
0.087
0.087
0.087
0.087
0.087
0.085
0.087
0.087
0.078
0.087
0.087
0.074
0.077
0.087
0.079
0.087
0.087
0.085
0.087
0.087
0.079
0.087
0.087
0.087
0.087
0.087
0.079
0.087
0.087
0.079
0.087
0.087
0.087
0.087
0.087
0.079
0.087
0.087
0.087
0.087
0.087
0.077
0.087
0.087
0.087
-0.726
0.087
-0.726
0.087
0.087
0.079
0.087
0.086
0.087
0.087
0.087
0.077
0.087
0.087
0.086
0.087
0.087
0.087
0.087
0.087
0.087
0.087
0.087
0.087
0.087
0.087
0.087
0.087
0.087
0.087
0.087
0.087
0.087
0.087
0.087
0.083
0.087
0.083
0.084
0.087
0.087
-0.726
0.087
0.087
0.087
0.087
0.087
0.084
0.087
0.087
0.087
0.087
0.087
0.087
0.087
0.087
0.087
0.087
0.087
0.078
0.087
0.087
0.072
0.087
0.087
0.087
0.079
0.087
0.087
0.087
0.087
0.087
0.087
0.087
0.079
0.087
0.087
0.087
0.087
0.079
0.087
0.087
0.087
-0.724
0.079
0.087
-0.724
0.079
0.079
0.086
0.087
0.087
0.087
0.087
0.087
0.087
0.087
0.087
0.085
0.087
0.087
0.087
0.087
0.087
0.087
0.087
0.087
0.087
0.087
0.087
0.087
0.087
0.078
0.087
0.087
0.087
0.087
0.086
0.087
0.087
0.087
0.087
0.087
0.079
0.086
0.079
0.087
0.087
0.084
0.087
0.087
0.087
0.087
0.087
0.084
0.087
0.087
0.087
0.077
0.087
0.087
0.087
0.087
0.079
0.087
0.087
0.085
0.087
0.087
0.087
0.087
0.087
0.086
0.084
0.087
0.087
0.087
0.087
0.079
0.087
0.087
0.087
0.087
0.087
0.087
0.087
0.087
0.087
0.087
0.087
0.078
0.087
0.087
0.079
-0.712
0.087
0.087
0.087
0.087
0.079
0.087
0.087
0.083
0.087
0.087
0.084
0.079
0.079
0.087
0.083
0.083
-1.654
-1.674
0.087
0.087
