fixedStep chrom=ENSGT00390000008808 start=1 step=1
0.049
-1.235
0.049
0.043
0.049
0.049
0.049
0.049
0.047
0.049
0.049
0.048
0.049
0.049
0.049
0.049
0.049
0.049
0.049
0.049
0.049
0.049
0.049
0.049
0.049
0.043
-1.225
0.049
0.049
0.047
0.049
0.049
0.049
0.049
0.049
0.043
0.043
0.049
0.049
0.048
0.049
0.049
0.049
0.049
0.049
0.049
0.049
0.049
0.049
0.049
0.049
0.049
0.049
0.049
0.049
0.049
0.043
-1.251
0.049
0.049
0.049
0.049
0.048
0.043
0.049
0.043
0.049
0.049
0.049
0.049
0.049
0.049
-1.177
-1.177
-1.177
0.043
-1.238
0.042
0.049
0.049
0.047
0.049
0.049
0.049
0.049
0.049
0.048
0.049
0.049
0.049
0.049
0.049
0.043
0.049
0.049
0.049
0.049
0.049
0.049
0.049
0.049
0.049
0.049
0.049
0.049
0.049
0.049
0.049
0.049
0.049
0.049
0.049
0.049
0.049
0.049
0.049
0.049
0.049
0.049
0.049
0.049
0.049
0.049
0.049
0.049
0.049
0.049
0.049
0.047
0.049
0.049
0.048
0.049
0.049
0.049
0.049
0.049
0.047
0.049
0.049
0.049
0.049
0.049
0.041
0.049
0.049
0.047
0.049
0.049
0.049
0.049
0.049
0.049
0.049
0.049
-1.235
0.049
0.049
0.049
0.049
0.049
0.043
0.049
0.049
0.049
0.049
0.049
0.048
0.049
0.049
0.049
0.049
0.049
0.049
0.049
0.049
0.049
0.049
0.049
0.041
0.049
0.049
0.049
0.049
0.049
0.049
0.049
0.049
0.049
0.049
0.049
0.049
0.043
0.049
0.049
0.047
0.049
0.049
0.049
0.049
0.049
0.049
0.049
-1.235
0.049
0.049
0.049
0.049
0.049
0.049
0.049
0.049
0.049
0.049
0.049
0.049
0.049
0.049
0.049
0.049
0.049
0.048
0.049
0.049
0.049
0.049
0.049
0.049
0.049
0.049
0.049
0.049
0.049
0.049
0.049
0.049
0.049
0.049
0.049
0.049
0.049
0.049
0.049
0.049
0.049
0.049
0.049
0.049
0.049
0.049
0.049
0.049
0.049
0.049
0.049
0.049
0.049
0.049
0.049
0.049
0.049
0.049
0.049
0.049
0.049
0.049
0.049
0.049
0.049
0.049
-2.392
-2.392
-2.393
-2.463
-2.463
-2.457
0.049
0.049
0.049
0.049
0.049
0.049
0.049
0.049
0.049
0.049
0.049
0.049
0.049
0.049
0.049
0.049
0.049
0.049
0.049
0.049
0.049
0.049
0.049
0.049
