fixedStep chrom=ENSGT00390000011914 start=1 step=1
0.071
0.071
0.071
0.071
0.071
0.058
0.071
0.071
0.071
0.071
0.071
0.071
0.071
0.071
0.071
0.067
0.066
0.071
0.071
0.071
0.071
0.071
0.071
0.068
0.071
0.068
0.071
0.071
0.071
0.071
0.071
0.071
0.071
0.071
0.071
0.067
0.071
0.071
0.071
0.071
0.071
0.071
0.071
0.071
0.069
0.071
0.071
0.068
0.071
0.071
0.071
0.068
0.071
0.071
0.071
0.071
0.056
0.071
0.066
0.071
0.071
0.071
0.071
0.071
0.068
0.071
0.071
0.071
0.071
0.071
0.071
0.071
0.071
0.071
0.058
0.071
0.071
0.060
0.071
0.071
0.071
0.071
0.071
0.071
-0.215
-0.215
-0.215
0.068
0.071
0.071
0.071
0.067
0.071
0.068
0.071
0.071
0.071
0.071
0.071
0.071
0.071
0.056
-1.680
0.071
0.056
-1.224
-1.344
-2.488
0.071
0.071
0.071
0.071
0.071
0.071
0.071
0.071
0.071
0.071
0.060
0.071
0.071
0.071
0.069
0.071
0.071
0.071
0.071
0.071
0.071
0.071
0.071
0.071
0.070
0.062
0.071
0.071
0.071
0.071
0.071
0.071
0.071
0.071
0.071
0.071
0.071
0.071
0.071
0.071
0.071
0.071
0.071
0.070
0.071
0.068
0.069
0.066
0.071
0.071
0.071
0.071
0.066
0.060
0.071
0.071
0.068
0.071
0.071
0.071
0.071
0.071
0.071
0.071
0.071
0.068
0.071
0.071
0.071
0.071
0.071
0.071
0.071
0.071
0.058
0.071
0.071
0.062
0.071
0.071
0.071
0.071
0.071
0.071
0.071
0.068
0.071
0.068
0.071
0.071
0.071
0.071
0.068
0.071
0.071
0.071
0.071
0.071
0.071
0.068
0.071
0.071
0.071
0.071
0.066
0.071
0.071
0.071
0.068
0.071
0.071
0.071
0.069
0.070
0.071
0.071
0.068
0.071
0.071
0.068
0.071
0.071
0.069
0.071
0.069
0.071
0.071
0.071
0.071
0.071
0.071
0.071
0.071
0.068
0.071
0.071
0.071
0.058
0.071
0.071
0.071
0.071
0.071
0.058
0.071
0.068
0.071
0.071
0.071
0.071
0.071
0.071
0.067
0.071
0.071
0.070
0.071
0.071
0.071
0.071
0.071
0.071
0.071
0.068
0.071
0.071
0.071
0.071
-1.334
-1.334
-1.675
-0.183
-0.183
-0.183
0.067
0.071
-1.693
0.071
-1.678
0.071
0.071
0.071
0.071
0.071
0.071
0.071
0.071
0.068
0.071
0.070
0.071
0.071
0.071
0.071
0.071
0.071
0.071
0.070
0.070
0.068
0.069
0.069
0.071
0.071
0.068
0.068
0.068
0.071
0.071
0.056
0.058
0.071
-1.679
0.055
0.068
0.071
0.069
0.068
0.068
0.071
0.071
0.071
0.071
0.071
0.071
0.071
0.071
0.071
0.071
0.068
0.071
0.071
0.071
0.060
-4.166
0.068
0.071
0.071
0.071
0.071
0.071
0.071
0.068
0.071
0.071
0.071
0.071
0.071
0.071
0.071
0.071
0.070
0.062
0.068
0.071
0.071
0.071
0.071
0.071
0.071
-1.706
0.071
0.071
0.068
0.071
0.071
0.068
0.071
0.071
0.071
0.071
0.071
0.069
0.071
0.068
0.071
0.071
0.071
0.071
0.071
0.071
0.068
0.071
0.071
0.071
0.071
0.071
0.070
0.070
0.071
0.069
0.071
0.071
0.071
0.071
0.067
0.070
0.071
0.071
0.071
0.071
0.071
0.071
0.071
0.071
0.068
0.071
0.071
0.067
0.071
0.071
0.070
0.071
0.071
0.067
0.071
0.071
0.071
0.071
0.071
0.071
0.071
0.058
0.071
0.071
0.071
0.071
0.071
0.071
0.071
0.071
0.071
0.071
0.071
0.071
0.071
0.071
0.071
0.070
0.071
0.071
0.071
0.071
0.071
0.071
0.071
0.071
0.071
0.071
0.071
0.070
0.071
0.071
0.056
0.071
0.071
0.071
0.071
0.071
0.071
0.071
0.071
0.068
0.071
0.071
0.071
0.071
0.071
0.071
0.071
0.071
0.068
0.071
0.071
0.071
0.071
0.071
0.068
0.071
0.071
0.071
0.071
0.071
0.071
0.071
0.071
0.071
0.071
0.069
0.068
0.071
0.068
0.065
0.071
0.071
0.071
0.071
0.071
0.071
0.067
0.071
0.071
0.071
0.071
0.071
0.071
0.071
0.062
0.071
0.069
0.071
0.068
0.071
0.071
0.071
0.070
0.071
0.071
0.068
0.070
0.071
0.068
0.071
0.071
0.068
0.071
0.071
0.071
0.071
0.071
0.071
0.071
0.071
0.071
0.071
0.071
0.071
0.071
0.071
0.071
0.071
0.064
0.071
0.067
-1.612
-1.614
-2.002
0.000
0.000
0.000
0.000
0.000
0.000
0.000
0.000
0.000
0.000
0.000
0.000
0.000
0.000
0.000
0.000
0.000
0.000
0.000
0.000
0.000
0.000
0.000
0.000
0.000
0.000
0.000
0.000
0.000
0.000
0.000
0.000
0.000
