fixedStep chrom=ENSGT00390000007040 start=1 step=1
0.000
0.000
0.000
0.000
0.000
0.000
0.000
0.000
0.000
0.000
0.000
0.000
0.000
0.000
0.000
0.000
0.000
0.000
0.000
0.000
0.000
0.000
0.000
0.000
0.000
0.000
0.000
0.000
0.000
0.000
0.000
0.000
0.000
0.000
0.000
0.000
0.000
0.000
0.000
0.000
0.000
0.000
0.000
0.000
0.000
0.000
0.000
0.000
0.000
0.000
0.000
0.000
0.000
0.000
0.000
0.000
0.000
0.000
0.000
0.000
0.000
0.000
0.000
0.000
0.000
0.000
0.000
0.000
0.000
0.000
0.000
0.000
0.000
0.000
0.000
-1.892
-1.938
-1.968
-1.284
-0.994
-0.935
-0.708
-0.706
-0.813
-0.706
-0.706
-1.012
-0.752
-0.845
-2.477
-0.708
-0.737
-0.860
0.216
0.270
0.267
0.215
0.233
0.169
0.267
0.266
0.248
0.256
0.270
0.199
0.264
0.233
0.232
0.267
0.259
0.221
0.269
0.257
0.252
0.266
0.265
0.257
0.250
0.254
0.267
0.232
0.268
0.207
0.267
0.267
0.259
0.257
0.270
0.267
0.267
0.267
0.267
0.267
0.267
0.248
0.266
0.265
0.183
0.256
0.267
0.202
0.267
0.254
0.212
0.216
0.267
0.259
0.267
0.267
0.254
-0.685
-0.685
-0.792
0.267
0.267
0.256
0.176
0.268
0.164
0.266
0.270
0.214
0.266
0.267
0.218
0.234
0.268
0.253
0.267
0.267
0.256
0.267
0.267
0.257
0.267
0.266
0.164
0.267
0.269
0.247
0.201
0.266
0.248
0.268
0.260
0.267
-0.539
-0.537
-0.539
0.267
0.267
0.256
0.212
0.259
0.243
0.195
0.169
0.172
0.267
0.204
0.208
0.192
0.231
0.224
0.202
0.268
0.000
0.000
0.000
0.000
