fixedStep chrom=ENSGT00390000007087 start=1 step=1
0.089
0.089
0.089
0.089
0.089
0.085
0.089
0.089
0.064
0.089
0.089
0.080
0.080
0.089
-1.378
0.089
0.080
0.075
0.089
0.089
0.079
0.089
0.089
0.089
0.089
0.089
0.083
0.089
0.089
0.083
0.089
0.089
0.089
0.089
0.089
0.089
0.089
0.089
0.080
0.089
0.089
0.085
0.080
0.089
0.071
0.089
0.089
0.089
0.089
0.089
-0.725
0.089
0.089
0.089
0.080
0.089
0.089
0.089
0.089
0.088
0.089
0.089
0.089
0.089
0.089
0.089
0.089
0.089
0.089
0.089
0.089
-1.972
0.089
0.089
0.089
0.089
0.089
0.089
0.089
0.089
-1.965
0.085
0.085
-1.342
0.071
0.071
0.071
0.071
0.089
-2.777
0.085
0.085
0.089
0.089
0.089
0.080
0.089
0.089
0.085
0.089
0.089
0.074
0.089
0.089
0.080
0.089
0.089
0.084
0.080
0.089
0.089
0.089
0.089
0.089
0.089
0.089
0.089
0.089
0.089
0.080
0.089
0.089
0.089
0.089
0.080
0.085
0.089
0.089
0.089
0.089
0.089
0.089
0.089
0.089
0.089
0.080
0.089
0.089
0.089
0.080
0.071
0.089
0.089
0.089
0.089
0.089
0.089
0.080
0.089
0.085
0.089
0.089
0.089
0.089
0.089
0.084
0.089
0.089
0.071
0.089
0.089
0.089
0.089
0.089
0.089
0.089
0.089
0.080
0.089
0.089
0.089
0.089
0.089
0.089
0.089
0.089
0.085
0.089
0.089
0.089
0.089
0.089
0.085
0.089
0.080
0.080
0.080
0.089
0.083
0.089
0.089
0.085
0.089
0.089
0.080
0.089
0.089
0.089
0.089
0.089
0.089
