fixedStep chrom=ENSGT00390000000885 start=1 step=1
0.076
0.080
0.079
0.079
0.080
0.079
0.079
0.079
0.079
-1.496
0.076
0.079
0.079
0.080
0.065
0.077
0.080
0.079
0.079
0.079
0.076
0.080
0.079
0.079
0.079
0.079
0.065
0.062
0.079
0.079
0.079
0.080
0.064
0.079
0.080
0.079
0.079
0.080
0.065
0.079
0.079
0.080
0.076
0.080
0.076
0.079
0.079
0.079
0.079
0.080
0.077
0.079
0.080
0.079
0.079
0.080
0.079
0.079
0.080
0.080
0.076
0.080
0.079
0.079
0.076
0.079
0.080
0.079
0.075
0.080
0.079
0.065
0.079
0.076
0.080
0.079
0.079
0.079
0.079
0.079
0.079
0.073
0.079
0.066
0.073
0.079
0.080
0.069
0.072
0.079
0.073
0.075
0.076
0.073
0.073
0.073
0.073
0.079
0.079
0.079
0.079
0.079
0.080
0.079
0.079
0.079
0.079
0.077
0.080
0.079
0.079
0.079
0.080
-1.555
0.079
0.079
0.079
0.080
0.079
0.079
0.079
0.077
0.080
0.079
0.079
0.074
0.076
0.079
0.079
0.079
0.079
0.080
0.079
0.079
0.080
0.080
0.079
0.076
0.079
0.079
0.079
0.079
0.079
0.079
0.080
0.079
0.079
0.078
0.080
0.080
0.079
0.079
0.063
0.079
0.079
0.077
0.079
0.079
0.076
0.079
0.079
0.079
0.079
0.079
0.073
0.079
0.080
0.079
0.080
0.080
0.075
0.079
0.079
0.078
0.079
0.080
0.063
0.063
0.076
0.080
0.079
0.079
0.079
0.075
0.076
0.077
0.079
0.079
0.079
0.080
0.079
0.067
0.079
0.079
0.076
0.079
0.076
0.079
0.079
0.080
0.076
0.075
0.076
0.079
0.079
-1.478
0.073
0.079
0.076
0.076
0.079
0.079
0.079
0.079
0.079
0.080
0.079
0.079
0.079
0.079
0.077
0.080
0.080
0.080
0.080
0.076
0.079
0.079
0.079
0.063
0.076
0.079
0.079
0.079
0.079
0.079
0.079
0.074
0.080
0.064
0.079
0.079
0.079
0.076
0.079
0.076
0.065
0.065
0.079
0.076
0.079
0.080
0.063
0.075
0.080
0.079
0.080
0.079
0.080
0.080
0.079
0.079
0.079
-1.923
0.065
0.080
0.080
0.080
0.079
0.080
0.079
0.079
0.076
0.079
0.079
0.076
0.065
0.065
0.075
0.000
0.000
0.000
0.000
0.000
0.000
0.000
0.000
0.000
0.000
0.000
0.000
0.000
0.000
0.000
0.000
0.000
0.000
0.000
0.000
0.000
0.000
0.000
0.000
0.000
0.000
0.000
0.000
0.000
0.000
-0.696
-0.696
-0.803
-0.696
-0.696
-0.698
0.080
0.079
0.065
0.079
0.079
-2.947
0.080
0.079
0.063
0.079
0.079
0.078
0.080
0.079
0.073
0.079
0.079
0.079
0.080
0.079
0.076
0.079
0.079
0.079
0.080
0.079
-1.524
0.079
0.079
0.065
0.080
0.079
-1.496
0.079
0.079
0.065
0.080
0.079
0.077
-0.104
-0.104
-0.104
-0.104
-0.104
-0.104
0.079
0.079
0.076
0.079
0.076
0.080
0.079
0.077
0.079
0.080
0.080
0.079
0.073
0.080
0.076
0.079
0.077
0.077
0.079
0.079
0.079
0.079
0.080
0.079
0.079
0.079
0.076
0.079
0.065
0.074
0.079
0.079
-2.149
0.080
0.079
0.079
0.079
0.079
0.076
0.079
0.074
0.079
0.079
0.077
0.079
0.079
0.079
0.079
0.079
0.079
0.079
0.067
0.079
0.080
0.079
0.079
0.080
0.079
0.079
0.080
0.080
0.080
0.079
0.076
0.079
0.076
0.057
0.079
0.077
0.079
0.079
0.079
0.076
0.076
0.080
0.079
0.063
0.079
0.080
0.079
0.080
0.079
0.080
0.080
0.079
0.065
0.079
0.079
0.079
0.079
0.079
0.079
0.080
0.079
0.080
0.079
0.079
0.079
-1.550
0.080
0.079
0.079
0.076
0.079
0.077
0.077
0.076
0.079
0.079
0.079
0.079
0.079
0.079
0.079
0.080
0.080
0.079
0.079
0.079
0.080
0.064
0.079
0.079
0.063
0.067
0.080
0.079
0.079
0.079
0.076
0.077
0.065
0.079
0.079
0.079
0.079
0.079
0.076
0.076
0.079
0.080
0.080
0.080
0.080
0.079
0.077
0.057
0.078
0.080
0.076
