fixedStep chrom=ENSGT00390000007747 start=1 step=1
-1.564
-1.561
-1.565
0.050
0.050
0.050
0.048
0.050
0.050
0.048
0.050
0.050
0.048
0.050
0.050
0.050
0.049
0.050
0.050
0.050
-0.000
0.050
0.050
0.040
0.050
0.050
0.050
0.050
0.050
0.050
0.050
0.050
0.050
0.050
0.050
0.047
0.050
0.048
0.050
0.050
0.050
0.050
0.050
0.050
0.049
-2.064
0.050
0.050
0.050
0.050
0.050
0.050
0.050
0.050
0.050
0.050
0.050
0.050
0.040
0.050
0.050
0.050
0.050
0.048
0.050
0.045
0.049
0.050
0.050
0.050
0.050
0.050
0.000
0.000
0.000
0.000
0.000
0.000
0.000
0.000
0.000
0.000
0.000
0.000
0.050
0.050
0.050
0.050
0.050
0.050
0.050
0.050
0.050
0.050
0.045
0.050
0.040
0.050
0.050
-0.569
-0.569
-0.569
-2.140
-2.140
-2.129
-0.784
-1.375
-0.786
-1.061
-1.061
-1.062
0.048
0.050
0.050
0.045
0.050
0.048
0.050
0.050
0.050
0.050
0.050
0.050
0.050
0.050
0.050
0.050
0.050
0.050
0.050
0.050
0.050
0.037
0.050
0.050
0.040
0.050
0.050
0.050
0.050
0.050
0.050
0.050
0.050
0.050
0.050
0.050
0.040
0.050
0.050
0.050
0.047
0.050
0.050
0.050
0.040
0.050
0.050
0.050
0.050
0.050
0.050
-1.565
-1.565
-1.565
0.050
0.050
0.050
0.050
0.050
0.050
0.050
0.050
0.050
0.050
0.050
0.050
0.050
0.050
0.050
0.050
0.050
0.050
0.050
0.050
0.040
0.050
0.050
0.040
0.050
0.050
0.050
0.050
0.050
0.050
0.050
0.050
0.050
0.050
0.050
0.050
0.050
0.050
0.050
0.050
0.050
0.050
0.050
0.050
0.050
0.050
0.050
0.050
0.050
0.050
0.050
0.050
0.050
0.050
0.050
0.050
0.050
0.050
0.050
0.050
0.050
0.050
0.038
0.050
0.050
0.050
0.050
0.050
0.050
0.050
0.050
0.050
0.050
0.050
0.050
0.050
0.050
0.050
0.050
0.050
0.050
0.050
0.050
0.050
0.050
0.050
0.050
0.050
0.050
0.050
0.050
0.050
0.050
0.050
0.050
0.050
0.050
0.050
0.048
0.040
0.050
0.050
0.050
0.050
0.049
0.050
0.050
0.049
0.050
0.050
0.050
0.050
0.050
0.050
0.050
0.050
0.050
0.050
0.050
0.050
0.050
0.050
0.050
0.050
0.050
0.050
0.050
0.050
0.050
0.050
0.050
0.048
0.050
0.050
0.050
0.050
0.050
0.050
0.050
0.050
0.050
0.050
0.050
0.050
0.050
0.050
0.050
0.050
0.050
0.050
0.050
0.050
0.050
0.050
0.050
0.050
0.050
0.050
0.050
0.050
0.050
0.050
0.050
0.050
0.050
0.050
0.050
0.049
0.050
0.050
0.050
0.050
0.050
0.050
0.050
0.050
0.048
0.050
0.050
0.050
0.050
0.050
0.048
0.050
0.050
0.038
0.050
0.050
0.049
0.050
0.050
0.047
0.050
0.050
0.048
0.050
0.050
0.050
0.050
0.050
0.050
0.050
0.050
0.048
0.050
0.050
0.047
0.050
0.050
0.050
0.050
0.040
0.050
0.050
0.050
0.050
0.050
0.050
0.050
0.042
0.045
0.045
0.041
0.045
0.042
0.045
0.045
0.045
0.045
0.045
0.041
0.045
0.045
0.045
0.045
0.045
0.045
0.045
0.045
0.045
0.045
0.045
0.045
0.045
0.045
-2.325
0.045
0.045
0.045
0.045
0.045
0.050
0.050
0.048
0.050
0.050
0.050
0.040
0.050
0.050
0.047
0.050
0.050
0.050
0.050
0.050
0.050
0.050
0.050
0.047
0.050
0.050
0.050
0.050
0.050
0.050
0.050
0.050
0.048
0.050
0.050
0.050
0.050
0.050
0.050
0.050
0.050
0.048
0.050
0.050
0.050
0.050
0.050
0.050
0.038
0.047
0.048
0.050
0.040
0.050
0.050
0.050
0.050
0.050
0.050
0.050
0.050
0.050
0.050
0.050
0.050
0.050
0.050
0.050
0.050
0.050
0.050
0.050
0.050
0.050
0.050
0.050
0.050
0.050
0.048
0.050
0.048
0.040
0.050
0.036
0.050
0.050
0.048
0.050
0.050
0.048
0.050
0.050
0.050
0.050
0.050
0.040
0.050
0.050
0.050
0.050
0.050
0.050
0.050
0.050
0.050
-0.786
-0.785
-0.785
0.049
0.050
0.047
0.050
0.050
0.050
0.050
0.049
-2.177
0.050
0.050
0.050
0.048
0.050
0.047
0.050
0.050
0.050
0.050
0.050
0.050
0.050
0.050
0.050
0.050
0.050
0.050
0.050
0.050
0.050
0.050
0.050
0.047
0.050
0.050
0.050
0.050
0.047
0.050
0.050
0.050
0.050
0.050
0.050
0.050
0.038
0.050
0.040
0.050
0.050
0.040
0.050
0.050
0.050
0.038
0.050
0.050
0.050
0.050
0.050
0.047
0.050
0.050
0.050
0.050
0.050
0.050
0.050
0.050
0.050
0.050
0.050
0.050
0.050
0.050
0.040
0.050
0.048
0.050
0.050
0.037
0.050
0.050
0.050
0.050
0.050
0.049
0.040
0.050
0.050
0.050
0.050
0.050
0.050
0.050
0.050
0.050
0.050
0.050
0.050
0.050
0.050
0.050
0.050
0.038
0.050
0.050
0.048
0.050
0.050
0.050
0.038
0.050
0.050
0.050
0.050
0.049
0.050
0.050
0.050
0.050
0.050
0.047
0.050
0.050
0.050
0.050
0.050
0.050
0.050
0.050
0.050
0.050
0.050
0.050
0.050
0.050
0.050
0.050
0.050
0.050
0.050
0.050
0.050
0.050
0.050
0.050
0.050
0.050
0.050
0.050
0.050
0.050
0.050
0.050
0.050
0.050
0.050
0.050
0.050
0.050
0.050
0.050
0.050
0.050
0.050
0.050
0.050
0.050
0.050
0.049
0.050
0.050
0.048
0.050
0.050
0.050
0.050
0.050
0.050
0.050
0.050
0.050
0.050
0.050
0.050
0.050
0.050
0.050
0.050
0.050
0.050
0.047
0.050
0.048
0.050
0.050
0.050
0.050
0.050
0.040
0.050
0.050
0.049
0.048
0.050
0.050
0.050
0.050
0.047
0.050
0.050
0.050
0.049
0.050
0.050
0.050
0.040
0.040
0.050
0.050
0.050
0.050
0.050
0.050
0.050
0.050
0.050
0.048
0.048
0.050
