fixedStep chrom=ENSGT00390000013353 start=1 step=1
0.105
0.105
0.105
0.105
0.105
0.105
0.105
0.101
0.105
0.105
0.105
0.101
0.105
0.105
-1.637
0.105
0.105
0.105
0.100
0.105
0.092
0.105
0.105
0.105
0.105
0.105
0.105
-0.757
-0.757
-0.812
-0.801
-0.755
-0.757
-0.757
-0.757
-0.757
0.098
0.105
0.105
0.105
0.098
0.098
0.105
0.105
0.105
0.105
0.105
0.095
0.095
0.095
0.095
0.095
0.095
0.095
0.095
0.095
0.095
0.105
0.105
0.102
0.094
0.105
0.105
0.105
0.105
0.105
0.105
0.105
0.098
0.090
0.105
0.105
0.075
0.105
0.105
0.105
0.105
0.104
0.105
0.105
0.075
0.105
0.105
0.100
0.105
0.075
0.105
0.105
0.105
0.105
0.105
0.105
0.105
0.105
0.105
0.105
0.105
0.105
0.105
0.105
0.105
0.101
0.105
0.105
0.104
0.000
0.000
0.000
0.000
0.000
0.000
0.000
0.000
0.000
0.102
0.102
0.102
0.099
0.089
0.102
0.117
0.117
0.117
0.099
0.098
0.105
0.105
0.101
0.105
0.098
0.105
0.101
0.101
0.105
0.102
0.082
0.092
0.087
0.105
0.083
0.103
-1.002
0.101
0.105
0.101
0.105
0.101
0.105
0.104
0.093
0.105
0.097
0.098
0.098
0.102
0.105
0.105
0.101
0.105
0.105
0.105
0.085
0.105
0.101
0.084
0.103
0.105
0.105
0.105
0.075
0.105
0.105
0.105
0.105
0.105
0.105
0.105
0.098
0.103
0.105
0.105
-1.002
0.105
0.105
0.105
0.105
0.105
0.104
0.105
0.105
0.105
0.105
0.105
0.105
0.103
0.093
-1.467
0.100
0.104
0.105
-1.467
0.097
0.097
0.100
0.100
0.075
0.095
-1.288
-1.289
-1.512
-2.157
0.105
0.104
-1.457
0.105
0.100
0.100
0.105
0.105
0.105
0.092
0.104
0.098
0.105
0.105
0.105
0.105
0.105
-1.648
0.092
0.097
0.105
0.105
-1.673
0.081
0.105
0.103
0.103
0.087
0.105
0.105
0.102
-1.692
0.105
0.105
0.105
0.105
0.105
0.101
0.102
0.105
0.105
0.105
0.105
0.105
0.105
0.105
0.105
0.105
0.105
0.102
0.105
0.105
0.105
0.105
0.105
0.101
0.105
0.105
0.075
0.105
0.086
0.105
0.105
0.105
0.105
0.098
0.104
0.103
0.105
0.105
0.084
0.097
0.082
0.105
0.105
0.105
0.087
0.105
0.105
0.105
0.105
0.105
0.105
0.104
0.105
0.105
0.104
0.105
0.105
0.105
0.105
0.105
0.100
0.105
0.105
0.105
0.093
0.105
0.105
0.105
0.092
-1.133
0.095
-0.622
-0.620
0.095
0.093
0.095
0.094
0.092
-1.726
-1.179
0.095
0.087
0.095
0.094
0.095
0.095
0.092
0.095
0.075
0.095
0.075
0.105
0.075
0.098
0.098
-1.002
-1.000
0.105
0.105
0.105
0.105
0.104
0.075
0.102
0.102
0.105
0.105
0.104
0.105
0.098
0.105
0.087
0.092
0.105
0.075
0.097
0.072
0.092
0.103
0.098
0.105
0.105
0.105
0.075
0.098
0.104
0.105
0.105
0.075
0.105
0.105
0.101
0.099
0.102
0.102
0.105
0.095
0.087
0.105
0.105
0.105
0.081
0.103
-1.001
0.102
0.075
0.105
0.102
0.073
0.086
0.105
0.102
0.105
0.105
0.102
0.105
0.075
0.093
0.093
0.105
0.105
0.105
-3.711
0.096
0.102
0.100
0.105
0.099
0.087
0.105
0.105
0.105
0.101
0.105
0.105
0.105
0.105
0.105
0.105
0.105
0.105
0.093
0.100
0.099
0.075
0.094
0.105
0.087
0.087
0.101
0.101
0.105
0.121
0.121
0.121
0.105
0.105
0.105
0.105
0.081
0.105
0.102
0.105
0.105
0.101
0.105
0.105
0.105
0.102
0.105
0.095
0.075
0.105
-1.269
0.087
0.097
-0.364
-0.303
-0.355
-1.007
0.098
0.105
0.087
0.105
0.105
0.098
0.105
0.105
0.105
0.105
0.094
0.087
0.083
-1.613
0.095
0.104
0.105
0.102
0.105
0.105
0.105
0.105
0.105
-2.196
0.105
0.105
-1.572
0.105
-1.511
0.105
0.105
0.105
0.099
0.087
0.105
0.105
0.105
0.101
0.075
0.105
0.099
0.105
0.105
0.105
0.105
0.105
0.105
0.105
0.105
0.101
0.105
0.105
0.105
0.105
0.105
0.098
0.105
0.105
0.105
0.102
0.102
0.105
0.105
0.105
0.105
0.105
0.105
0.105
0.101
-2.964
0.098
0.102
0.105
0.105
-1.423
-1.449
-0.936
0.096
-1.000
0.101
0.105
0.105
0.075
0.102
0.092
0.101
0.085
-2.328
0.102
0.105
0.075
0.092
0.087
-1.511
0.075
0.099
0.093
0.104
0.102
0.094
0.102
0.102
0.086
0.105
0.105
0.105
0.105
0.094
0.094
0.094
0.094
0.105
0.105
0.103
0.094
0.094
0.105
0.105
0.105
0.105
0.094
0.105
0.094
0.088
0.094
0.092
0.105
0.091
0.094
-1.557
0.094
0.094
0.105
0.094
0.074
0.102
0.103
0.087
0.105
0.094
0.102
0.105
0.094
0.094
0.094
0.094
0.094
0.105
0.105
0.102
0.102
0.105
0.094
0.105
0.096
0.102
0.094
0.085
0.102
0.102
0.090
0.098
0.105
0.098
0.094
0.094
0.105
0.105
0.102
0.102
0.105
0.105
0.105
0.095
0.105
0.087
0.105
0.105
0.105
0.075
0.105
0.101
0.105
0.097
0.087
0.105
0.105
0.094
0.105
0.098
0.105
0.105
0.102
0.102
0.105
0.105
0.105
0.105
0.098
0.098
0.105
0.089
0.105
0.099
0.095
0.105
0.105
0.105
-1.277
0.105
0.105
0.105
0.105
0.105
0.105
0.085
0.105
0.105
0.105
0.105
0.105
0.105
0.105
0.101
0.105
0.105
0.105
0.105
0.105
0.105
0.105
0.105
0.105
0.105
0.105
0.105
0.075
0.075
0.092
0.105
0.105
0.093
0.075
0.087
0.101
0.105
0.098
0.105
0.075
0.102
0.105
0.105
0.105
0.105
0.105
0.105
0.105
0.102
0.091
0.094
0.105
0.105
0.075
0.105
0.101
0.105
0.105
0.105
0.105
0.105
0.105
0.087
0.105
0.105
0.105
-2.328
0.075
0.082
0.105
0.105
0.105
0.099
0.075
0.105
0.075
0.105
0.101
0.105
0.092
0.105
0.105
0.105
0.105
0.105
0.093
0.105
0.105
0.105
0.100
0.101
0.105
0.084
0.079
0.102
0.104
0.081
0.094
0.105
0.105
0.105
0.101
0.103
0.103
0.092
0.074
0.105
0.105
0.105
0.105
0.075
0.104
0.074
0.105
0.105
0.105
0.101
0.102
0.096
0.105
0.105
0.105
0.075
0.105
0.099
0.105
0.075
0.098
0.105
0.105
0.105
0.105
0.105
0.105
0.105
0.105
0.105
0.105
0.105
0.075
0.105
0.105
0.105
0.098
0.092
0.105
0.086
0.105
0.105
0.091
0.096
-1.000
0.105
-1.146
-1.144
-1.148
-0.240
-0.240
-0.224
