fixedStep chrom=ENSGT00390000014089 start=1 step=1
0.089
0.089
0.089
0.089
0.089
0.089
0.068
0.080
0.084
0.065
0.089
0.063
0.089
0.089
0.085
0.089
0.088
0.080
0.089
0.082
0.089
0.084
0.089
0.070
-2.989
-0.953
-1.206
0.076
0.089
0.070
-1.970
-1.837
0.071
0.089
0.089
0.089
0.089
0.087
0.089
0.089
0.089
0.088
0.071
0.089
0.089
0.070
0.089
0.089
0.089
0.089
0.089
0.081
0.089
0.087
0.086
0.068
0.089
0.089
0.089
0.089
0.084
0.087
0.083
0.088
0.089
0.087
0.068
0.089
0.089
0.089
0.089
0.084
0.081
0.081
0.089
0.089
0.081
0.089
0.084
0.089
0.089
0.080
0.089
0.078
0.089
0.089
0.079
0.089
0.089
0.089
0.089
0.089
0.089
0.089
0.089
0.078
0.089
0.089
0.089
0.089
0.089
0.089
0.088
0.089
0.086
0.089
0.089
0.089
0.089
0.089
0.089
0.089
0.089
0.089
0.089
0.089
0.089
0.089
0.088
0.089
0.089
0.089
0.087
0.089
0.089
0.089
0.085
0.089
0.089
0.089
0.089
0.089
0.089
0.089
0.089
0.089
0.089
0.084
0.089
0.089
0.083
0.089
0.089
0.089
0.089
0.089
0.084
0.089
0.089
0.084
0.089
0.089
0.089
0.089
0.089
0.089
0.089
0.089
0.089
0.087
0.089
0.089
0.089
0.089
0.089
0.089
0.089
0.082
0.089
0.089
0.089
0.089
0.089
0.084
0.084
0.089
0.089
0.082
0.068
0.068
0.080
0.087
0.070
0.089
0.089
0.084
0.089
0.089
0.089
0.089
0.089
0.089
0.084
0.081
0.089
0.089
0.087
0.085
0.089
0.089
0.089
0.089
0.089
0.089
0.089
0.089
0.089
0.089
0.089
0.070
0.089
0.089
0.088
0.089
0.089
0.089
0.089
0.089
0.089
0.089
0.089
0.065
0.086
0.089
0.070
0.087
0.089
0.087
0.089
0.086
0.089
0.089
0.089
0.089
0.089
0.089
0.070
0.089
0.089
0.089
0.089
0.087
0.089
0.089
0.089
0.089
0.089
0.089
0.089
0.089
0.089
0.089
0.084
0.089
0.089
0.089
0.089
-1.932
0.088
0.089
0.089
0.089
0.089
0.084
0.089
0.089
0.089
0.065
0.089
0.085
0.089
0.089
0.084
0.089
0.089
0.070
0.089
0.089
0.089
0.089
0.089
0.089
0.086
0.089
0.089
0.089
0.089
0.089
0.089
0.083
0.080
0.089
0.089
0.089
0.089
0.081
0.089
0.085
0.089
0.089
0.089
0.089
0.089
0.068
0.089
0.089
0.085
0.089
0.087
0.089
0.089
0.089
0.087
0.084
0.089
0.089
0.089
0.089
0.089
0.089
0.089
0.086
0.087
0.084
0.084
0.089
0.084
0.081
0.068
0.086
0.088
0.085
0.088
0.070
0.081
0.086
0.089
0.089
0.089
0.070
0.086
0.089
0.089
0.089
0.085
0.089
0.089
0.070
0.089
0.089
0.089
0.089
0.089
0.089
0.089
0.089
0.089
0.089
0.089
0.089
0.089
0.080
-2.269
0.084
0.084
0.084
0.062
0.089
0.084
0.068
0.089
0.086
0.089
0.087
0.089
0.089
0.089
0.083
0.085
0.089
0.089
0.070
0.089
0.084
0.087
0.089
0.082
0.089
0.089
0.089
0.089
0.089
0.076
0.068
0.089
0.084
0.089
0.089
0.084
0.089
0.089
0.089
0.089
0.089
0.089
0.089
0.087
0.089
0.089
0.089
0.081
0.089
0.089
0.068
0.089
0.089
0.089
0.089
0.089
0.089
0.089
0.089
0.089
0.078
0.089
0.089
0.089
0.089
0.078
0.089
0.089
0.089
0.089
0.089
0.086
0.089
0.089
0.084
0.089
0.087
0.088
0.089
0.089
0.089
0.089
0.089
0.089
0.089
0.089
0.089
0.089
0.089
0.089
0.089
0.089
0.085
0.089
0.089
0.089
0.089
0.089
0.089
0.089
0.089
0.089
0.070
0.089
0.082
0.089
0.089
0.089
0.089
0.089
0.089
0.089
0.080
0.089
0.089
0.089
0.086
0.089
0.089
0.087
0.089
0.089
0.089
0.089
0.089
0.089
0.089
0.089
0.089
0.070
0.089
0.079
0.088
0.089
0.088
0.089
0.089
0.089
0.085
0.088
0.087
0.089
0.084
0.089
0.084
0.085
0.085
0.089
0.089
0.089
0.089
0.089
0.089
0.089
0.087
-1.516
0.089
0.089
0.085
0.089
0.089
0.066
0.065
0.089
0.089
0.084
0.086
0.086
0.089
0.080
0.087
0.087
0.089
0.089
0.089
0.089
0.087
0.077
0.076
0.089
0.089
0.089
0.089
0.089
0.088
0.089
0.068
0.089
0.084
0.089
0.089
0.089
