fixedStep chrom=ENSGT00530000064267 start=1 step=1
-2.162
-2.178
-2.158
-2.162
-2.158
-1.413
-2.158
-2.162
-2.158
0.064
0.064
0.064
0.064
0.064
0.064
0.058
0.064
0.064
0.064
0.064
0.058
0.064
0.064
0.064
0.062
0.064
0.064
0.064
0.064
0.064
0.064
0.064
0.063
0.064
0.064
0.064
0.064
0.064
0.064
0.064
0.064
0.057
0.064
0.064
0.064
0.064
0.064
0.058
0.064
0.064
0.064
0.064
0.064
-2.476
0.064
0.064
0.064
0.064
0.064
0.058
0.064
0.064
0.064
0.064
0.064
0.063
0.064
0.064
0.064
0.064
0.064
0.064
0.064
0.064
0.058
0.064
0.064
0.058
0.064
0.064
0.056
0.064
0.064
0.056
0.064
0.064
0.063
0.064
0.064
0.058
0.064
0.064
0.064
0.064
0.064
0.058
0.064
0.064
0.063
0.064
0.064
0.064
0.064
0.064
0.058
0.064
0.064
0.056
0.064
0.064
0.064
0.064
0.064
0.064
0.064
0.064
0.064
0.064
0.064
0.064
0.064
0.064
0.058
0.064
0.064
-1.016
0.064
0.064
0.056
0.064
0.064
0.064
0.064
0.064
0.064
0.064
0.064
0.063
0.064
0.064
0.064
0.064
0.064
0.064
0.064
0.064
0.064
0.064
0.064
0.064
0.064
0.064
0.064
0.064
0.064
0.064
0.064
0.064
0.064
0.064
0.064
0.064
0.064
0.064
0.064
0.064
0.064
0.064
0.064
0.064
0.064
0.064
0.064
-0.875
0.064
0.064
0.056
0.064
0.064
0.064
0.064
0.064
0.064
0.064
0.064
0.064
