fixedStep chrom=ENSGT00390000014553 start=1 step=1
0.000
0.000
0.000
0.086
0.086
0.086
0.084
0.086
0.086
0.086
0.079
0.076
0.086
0.064
0.064
0.086
0.086
0.086
0.084
0.086
0.086
0.069
0.086
0.086
0.086
0.086
0.082
0.064
0.086
0.080
0.065
0.086
0.086
0.072
0.086
0.073
0.086
0.086
0.086
0.086
0.086
0.065
0.086
0.086
0.086
0.080
0.086
0.086
0.086
0.086
0.086
0.064
0.086
0.086
0.086
0.086
0.080
0.086
0.086
0.086
0.086
0.061
0.086
0.086
0.081
0.064
0.086
0.086
0.080
0.086
0.086
0.086
0.086
0.086
0.076
0.086
0.082
0.086
0.086
0.086
0.086
0.086
0.086
0.086
0.086
0.086
0.086
0.086
0.086
0.086
0.086
0.086
0.085
0.086
0.086
0.086
0.083
0.086
0.086
0.086
0.086
0.086
0.086
0.086
0.086
0.086
0.086
0.086
0.086
0.086
0.084
0.086
0.086
0.086
0.069
0.069
0.062
0.062
0.069
0.062
0.062
0.069
0.069
0.069
-0.960
0.069
0.069
0.069
0.069
0.069
0.069
-0.962
0.069
-0.960
0.062
-0.892
-0.892
-0.892
0.069
0.069
0.069
0.069
0.069
0.062
0.069
0.069
0.069
0.069
0.069
0.069
0.067
0.069
0.069
0.067
0.067
0.069
0.069
0.062
0.069
0.069
0.069
-0.960
0.069
0.069
0.069
0.061
0.069
0.069
0.061
0.069
0.067
0.069
0.069
0.069
0.069
0.069
0.069
0.069
0.062
0.069
0.062
0.062
0.069
0.069
0.069
0.062
0.069
0.069
0.068
0.069
0.069
0.069
0.069
0.069
0.069
0.062
0.069
-0.962
0.069
0.069
0.069
0.069
0.069
0.069
0.069
0.069
0.069
0.069
0.069
0.069
0.069
0.069
0.069
0.069
0.069
0.064
0.069
0.062
0.069
0.069
0.069
0.069
0.062
0.069
0.062
0.069
0.069
0.069
0.086
0.086
0.086
0.086
0.086
0.078
0.086
0.083
-2.913
0.086
0.086
0.086
0.086
0.086
0.086
0.086
0.086
0.086
0.086
0.086
0.086
0.086
0.086
0.086
0.086
0.086
0.083
0.086
0.086
0.086
0.086
0.086
0.086
0.086
0.086
0.086
0.086
0.086
0.085
0.086
0.086
0.086
0.084
0.086
0.085
-1.357
0.086
-1.325
0.086
0.086
0.086
0.082
0.086
0.081
0.086
0.086
0.069
0.086
0.086
0.083
0.086
0.086
0.083
0.086
0.086
0.064
0.086
0.086
0.081
0.086
0.086
0.086
0.086
0.086
0.086
0.086
0.086
0.086
0.086
0.086
0.086
0.086
0.086
0.086
0.086
0.086
0.086
0.086
0.086
0.082
0.079
0.084
0.082
0.086
0.086
0.086
0.086
0.086
0.086
0.086
0.086
0.083
0.086
0.086
0.069
0.086
0.086
0.086
0.086
0.086
0.086
0.086
0.086
0.076
0.086
0.086
0.086
0.086
0.086
0.086
-1.888
0.086
0.086
0.086
0.086
0.086
0.086
0.081
0.082
0.081
0.086
0.084
0.064
0.086
0.078
0.086
0.086
0.086
0.085
0.082
0.085
0.069
0.086
0.086
0.086
0.086
0.086
0.081
0.086
0.084
0.086
0.086
0.081
0.086
0.086
0.081
0.086
0.086
0.086
-1.871
0.086
0.084
0.086
0.086
0.086
0.086
0.080
0.083
0.086
0.086
0.086
0.086
0.086
0.086
0.086
0.086
0.083
0.086
0.086
-1.499
0.086
0.086
0.082
0.086
0.086
0.086
0.086
0.086
0.069
0.086
0.086
0.084
0.086
0.086
0.082
0.086
0.086
0.086
0.086
0.086
0.086
0.086
0.079
0.082
0.086
0.086
0.085
0.086
0.086
0.085
0.086
0.086
0.076
0.086
0.086
0.086
0.086
0.086
0.086
0.086
0.082
0.082
0.086
0.086
0.086
0.086
0.065
-1.900
-1.478
-1.464
-1.466
-0.682
-0.593
-0.682
0.081
0.086
0.086
0.083
0.081
0.064
0.081
0.082
0.086
0.067
0.086
0.083
0.073
0.084
0.064
-0.042
-0.042
-0.042
-0.042
-0.042
-0.042
0.064
0.084
0.086
0.078
0.086
0.086
0.086
0.086
0.086
0.086
0.079
0.072
0.086
0.086
0.079
0.083
0.086
0.071
0.082
0.081
0.084
0.086
0.086
0.086
0.086
0.086
0.086
0.086
0.086
0.083
0.086
0.086
0.086
0.086
0.086
0.083
0.086
0.086
0.082
0.079
0.085
0.081
0.086
0.086
0.069
0.086
0.086
0.082
0.061
0.086
0.086
0.086
0.086
0.083
0.084
0.076
0.080
0.078
0.086
0.069
0.086
0.069
0.081
0.085
0.086
0.081
0.086
0.086
0.073
0.086
0.086
0.085
0.086
0.086
0.079
0.086
0.086
0.081
0.086
0.082
0.086
0.086
0.086
0.073
0.082
0.081
0.086
0.085
0.081
0.083
0.083
0.086
0.085
0.086
0.086
0.084
0.086
0.086
0.086
0.067
0.069
0.086
0.086
0.086
0.086
0.078
0.064
0.086
0.086
0.082
0.086
