fixedStep chrom=ENSGT00690000102096 start=1 step=1
0.209
0.212
0.208
-0.766
0.210
0.198
0.090
0.088
0.093
0.093
0.092
0.088
0.090
0.093
0.000
0.000
0.000
0.000
0.000
0.000
0.000
0.000
0.000
0.000
0.000
0.000
0.000
0.000
0.000
0.000
0.000
0.000
0.000
0.000
0.000
0.000
0.000
0.000
0.000
0.000
0.000
0.000
0.000
0.000
0.000
0.000
0.000
0.000
0.000
0.000
0.000
0.000
0.000
0.000
0.000
0.000
0.000
0.000
0.148
0.206
-2.235
-1.126
-2.137
-0.732
0.195
0.146
0.195
0.146
-1.591
0.146
-0.211
0.197
0.143
0.143
0.142
0.145
0.211
0.210
0.146
0.210
-1.659
-0.015
-0.013
-0.013
-0.025
-0.014
-0.023
-0.032
-0.024
-0.025
-0.023
-0.021
-0.013
-1.206
-1.354
-1.213
0.143
0.137
0.141
0.138
0.187
0.192
0.143
0.143
0.198
0.091
0.085
0.084
0.088
0.088
0.089
0.084
0.091
0.083
0.092
0.092
0.091
0.193
0.148
0.204
-0.023
-0.028
-0.015
0.140
0.135
0.164
0.195
0.208
0.147
0.198
0.196
0.134
-0.024
-0.016
-0.025
0.090
0.089
0.092
0.144
0.143
0.194
0.144
0.147
-0.637
0.144
0.144
0.167
0.142
0.141
-1.580
-0.014
-0.026
-0.027
-0.023
-0.021
-0.014
-0.024
-0.022
-0.013
-0.023
-0.018
-0.024
-0.017
-0.023
-0.021
-0.013
-0.023
-0.016
-0.023
-0.021
-0.021
-0.014
-0.024
-0.021
-0.023
-0.014
-0.021
0.194
0.198
0.144
0.197
0.151
0.139
0.212
0.194
0.211
0.207
0.198
0.148
0.209
0.212
0.209
0.197
0.144
0.150
0.133
0.197
-0.565
0.140
0.198
0.198
0.212
0.209
0.198
0.148
-0.210
0.143
0.147
0.211
-0.122
0.209
0.212
0.210
0.209
0.212
0.197
-0.512
0.195
0.193
0.194
0.212
0.194
0.208
0.208
0.210
-0.121
0.212
0.145
-1.484
0.212
0.147
0.208
0.208
0.144
0.209
0.209
0.196
0.194
0.196
0.197
0.208
0.196
0.144
0.195
0.212
0.143
0.196
0.212
0.149
0.209
0.209
0.195
0.194
0.212
0.210
0.212
0.212
0.197
0.145
0.144
0.195
0.207
0.144
-0.211
0.194
0.134
0.210
0.209
0.196
0.133
0.145
0.210
0.210
0.209
0.212
0.208
0.144
0.195
0.190
0.209
-0.153
0.142
0.208
0.212
0.197
0.210
0.210
0.132
0.209
0.208
0.197
0.142
0.212
-0.211
0.212
0.212
0.207
0.209
0.212
0.195
0.146
0.210
0.189
0.209
0.196
0.194
0.210
0.212
0.208
0.208
0.210
0.151
0.151
0.198
-0.301
0.208
0.208
0.196
0.208
0.209
0.197
0.196
0.212
0.137
0.197
0.212
-0.262
0.210
0.212
0.134
0.210
0.212
0.208
-2.039
0.212
0.148
0.209
0.210
-2.098
0.212
0.208
0.197
0.208
0.195
-1.049
0.210
0.210
0.172
0.208
0.212
0.206
0.208
0.209
0.198
0.208
0.209
0.144
0.148
0.144
0.144
0.144
0.191
0.144
0.212
0.209
0.208
0.197
0.212
-0.328
0.148
0.197
0.132
0.207
0.208
0.144
0.194
0.196
0.196
0.212
0.208
0.208
0.148
0.212
0.208
0.212
0.212
0.194
0.208
0.208
-1.114
0.208
0.196
0.195
0.196
0.211
0.151
0.208
0.208
0.187
0.212
0.208
0.197
0.209
0.209
0.195
0.144
0.212
0.208
0.143
0.212
0.206
0.197
0.210
-1.228
0.149
0.210
0.195
0.209
0.212
0.142
0.210
0.196
0.208
0.210
0.212
0.191
0.209
0.210
0.195
0.212
0.210
0.198
0.208
0.212
0.140
0.208
0.208
0.136
0.208
0.212
0.135
0.212
0.210
-0.950
0.208
0.212
0.142
0.212
0.212
0.210
0.209
0.210
0.191
0.197
0.212
0.144
0.209
0.210
-2.086
0.195
0.197
-0.328
0.210
0.212
0.210
0.142
0.142
-1.591
0.208
0.210
-1.132
0.208
0.209
0.210
1.013
1.013
1.013
1.013
1.013
1.013
0.203
0.208
0.191
0.208
0.205
0.192
0.205
0.192
0.192
0.205
0.206
0.136
0.190
0.208
0.193
0.205
0.208
-0.528
0.137
0.190
0.141
0.206
0.206
0.138
0.139
0.208
0.137
0.205
0.205
-0.152
0.134
0.141
-0.704
0.206
0.205
0.205
-0.687
0.205
0.139
0.207
0.206
-0.293
-0.254
0.192
0.147
0.205
0.206
0.141
-0.375
0.208
0.138
0.139
0.208
0.205
0.144
0.192
0.195
0.205
0.191
0.193
0.208
0.205
0.192
0.137
0.193
-0.254
0.205
0.205
0.191
0.205
0.206
0.192
0.192
-0.160
0.145
0.147
-0.717
-1.262
0.203
0.208
0.206
0.208
0.205
0.205
0.191
0.208
0.136
0.187
0.208
0.139
0.208
0.206
0.193
0.191
0.208
0.201
-0.264
0.206
0.190
0.190
0.208
0.138
0.205
0.206
-0.575
-0.747
0.208
-2.446
0.206
0.206
0.141
0.205
0.205
0.191
0.205
0.206
0.166
0.191
0.208
0.190
0.208
0.208
0.206
0.208
0.206
0.135
0.191
0.205
-0.593
0.137
0.208
-1.527
-0.172
0.144
0.141
0.137
0.138
0.193
0.147
0.208
0.190
0.143
0.188
0.135
0.092
0.092
0.090
-0.264
-0.159
0.138
0.137
-0.178
0.138
0.192
0.137
-0.545
0.205
0.205
0.189
0.153
-0.269
0.140
0.205
0.145
0.137
0.204
0.208
0.193
0.192
-0.223
0.136
-0.157
0.139
-2.202
0.208
0.205
0.208
0.189
0.192
0.192
0.193
0.206
-0.992
0.208
0.205
0.191
0.206
0.206
-0.757
0.139
0.134
0.142
0.147
0.206
0.141
0.189
0.205
0.141
0.191
0.204
0.191
0.192
0.208
-1.142
0.205
0.139
-0.252
0.206
0.139
-0.796
0.192
0.205
0.191
0.205
0.208
-0.251
0.206
0.205
0.192
0.208
0.206
-0.179
-0.159
0.208
0.204
0.139
0.192
-0.799
0.147
-0.731
0.193
0.208
0.208
0.191
0.191
0.208
0.191
0.205
0.208
0.139
0.208
0.147
0.192
0.208
0.144
0.203
0.143
0.208
0.192
0.205
0.208
-0.182
0.206
0.206
0.205
0.206
0.208
-0.868
0.147
0.206
0.140
0.205
0.208
0.192
0.205
0.208
0.192
0.147
0.145
0.193
0.190
0.208
0.191
0.208
0.205
0.192
0.208
0.205
0.192
0.208
0.139
0.190
0.194
0.147
-0.151
0.205
0.208
0.208
0.205
0.206
-0.272
0.205
0.190
0.190
0.205
0.139
0.193
0.193
0.208
-0.157
0.139
0.141
0.193
0.137
0.205
0.189
0.205
0.205
0.193
0.188
0.206
-0.172
0.191
0.139
0.137
0.205
0.205
0.194
0.139
0.208
0.141
0.206
0.206
0.206
0.191
-0.172
-0.252
0.205
0.205
0.192
0.143
0.190
-0.310
0.139
0.205
0.141
0.192
-0.879
0.134
0.206
0.205
0.208
0.192
0.191
0.203
0.139
0.192
-0.201
0.205
0.205
0.190
0.206
0.205
0.205
0.209
0.212
0.133
0.208
0.209
0.209
0.145
0.210
0.149
0.210
0.208
0.208
0.208
0.208
0.196
0.144
0.207
0.138
0.144
0.212
0.151
0.208
0.210
0.197
0.209
0.207
0.192
0.209
0.197
-0.483
0.208
0.212
0.189
0.197
0.212
0.206
0.208
0.212
0.148
0.211
0.212
0.146
0.208
0.212
0.208
0.208
0.135
0.195
0.197
0.151
0.139
0.212
0.212
0.202
0.204
0.197
0.190
0.194
0.212
0.210
0.212
0.208
0.197
0.212
0.208
0.208
0.196
0.212
-0.145
0.210
0.210
0.142
0.209
0.209
0.203
0.210
0.209
0.204
-0.129
0.212
0.208
0.144
0.212
0.143
0.212
0.209
0.204
0.149
0.212
0.143
0.212
0.209
0.197
0.210
0.195
0.149
0.212
0.210
0.158
0.212
0.146
0.209
0.142
0.143
0.196
0.200
0.206
0.195
0.996
0.996
0.996
0.142
0.149
0.180
0.139
0.205
0.141
0.196
0.207
0.137
0.208
0.209
0.196
0.143
0.210
0.147
0.212
0.210
0.195
-1.102
0.198
-0.660
-0.321
0.151
0.138
0.210
0.209
0.195
0.146
0.212
0.149
0.187
0.212
0.196
0.188
0.196
0.210
0.209
0.139
0.210
0.147
0.212
0.134
0.151
0.146
0.192
0.143
0.210
0.195
0.210
0.208
-1.086
0.141
0.212
0.196
0.210
0.212
0.208
0.196
0.149
0.194
0.212
0.212
0.197
0.148
0.142
0.209
0.209
0.209
0.196
0.212
0.210
0.195
0.212
0.208
0.195
0.208
0.212
0.133
0.209
0.209
0.195
0.210
0.210
0.193
0.212
0.212
0.212
0.208
0.210
0.195
0.210
0.212
0.197
0.212
0.209
0.210
0.197
0.146
0.196
0.210
0.212
0.148
0.209
0.208
0.197
0.196
0.205
0.194
0.209
0.142
0.195
0.212
0.212
0.210
0.137
0.195
0.208
0.208
0.196
0.194
0.210
0.209
0.143
0.212
0.212
0.197
0.209
0.209
0.144
0.188
0.149
0.196
0.210
0.209
0.208
0.209
0.212
0.140
0.092
0.090
0.093
0.212
0.208
0.211
0.212
0.208
0.197
-0.021
-0.021
-0.023
-0.851
0.143
0.195
-0.219
0.137
0.141
-0.781
-1.293
0.139
0.197
0.134
0.140
0.133
0.136
-2.120
-0.169
0.149
0.133
0.149
0.142
-0.420
0.192
0.208
0.142
-0.219
0.143
0.197
0.195
0.195
0.210
0.148
0.149
0.191
-0.299
-0.768
-1.765
0.144
0.146
-0.301
0.209
0.192
0.194
0.148
0.142
0.198
-0.210
0.197
-0.363
0.996
0.996
0.994
-0.023
-0.021
-0.028
-0.025
-0.024
-0.023
-0.122
0.208
-0.850
0.209
0.145
0.208
0.196
0.197
0.149
0.198
0.210
-0.185
-0.166
0.146
0.146
0.204
0.143
-0.202
0.196
0.208
0.136
0.209
-1.181
0.197
0.194
0.144
-0.178
0.149
0.141
0.142
-0.023
-0.013
-0.013
0.149
0.197
0.136
0.208
0.146
0.192
0.192
0.197
0.196
0.209
-0.219
0.203
0.146
0.198
0.146
0.195
-0.210
0.196
0.195
0.211
-0.366
-0.734
0.212
0.148
0.195
0.143
0.210
0.208
0.207
0.198
-0.836
0.195
0.194
-0.023
-0.023
-0.024
0.196
0.206
0.140
0.142
0.193
0.142
0.027
0.027
0.027
-2.535
-2.179
-2.851
0.208
0.209
0.195
0.193
0.133
0.143
-0.343
-0.719
-0.952
0.147
0.212
0.149
