fixedStep chrom=ENSGT00510000048298 start=1 step=1
-1.295
-1.290
-1.297
0.079
0.079
0.072
0.072
0.072
0.072
0.079
0.081
0.081
0.081
0.081
0.081
0.081
0.081
0.078
0.077
0.081
0.079
0.081
0.081
0.081
0.081
0.081
0.079
0.081
0.081
0.081
0.081
0.081
0.081
0.081
0.081
0.078
0.081
0.081
0.067
0.080
0.081
0.081
0.081
0.081
0.081
0.081
0.071
0.081
0.081
0.081
0.081
0.081
0.081
0.081
0.081
0.081
0.078
0.081
0.081
0.081
0.081
0.081
0.081
0.081
0.081
0.076
0.081
0.081
0.081
0.081
0.081
0.078
0.081
0.081
0.078
0.081
0.081
0.081
0.069
0.081
0.062
0.074
0.081
0.081
0.081
0.081
0.081
0.081
0.081
0.081
-0.069
-0.069
-0.069
0.081
0.081
0.081
0.081
0.081
0.081
0.081
0.081
0.081
0.081
0.081
0.081
0.081
0.081
0.079
0.081
0.081
0.079
0.081
0.081
0.079
0.081
0.081
0.081
0.081
0.081
0.081
0.081
0.081
0.079
0.081
0.081
0.081
0.081
0.081
0.081
0.081
0.081
0.081
0.081
0.081
0.078
0.081
0.081
0.081
0.081
0.081
0.081
0.081
0.081
0.081
0.081
0.076
0.081
0.081
0.081
0.079
0.081
0.081
0.078
0.069
0.081
0.081
0.081
0.081
0.081
0.081
0.081
0.081
0.081
0.081
0.081
0.081
0.081
0.081
0.081
0.081
0.081
0.081
0.081
0.079
0.081
0.081
0.078
0.069
0.081
0.081
0.081
0.081
0.079
0.081
0.081
0.081
0.081
0.081
0.079
0.081
0.081
0.075
0.081
0.081
0.081
0.078
0.081
0.076
0.081
0.081
0.081
0.081
0.081
0.069
0.081
0.081
0.081
0.081
0.081
0.081
0.081
0.081
0.078
0.081
0.081
0.081
0.081
0.081
0.081
0.081
0.081
0.059
0.081
0.081
0.081
0.081
0.081
0.078
0.081
0.081
0.081
0.081
0.081
0.081
0.081
0.081
0.081
0.081
0.081
0.069
0.081
0.081
0.081
0.081
0.081
0.069
0.081
0.081
0.081
0.081
0.081
0.081
0.081
0.081
0.081
0.081
0.081
0.081
0.079
0.081
0.069
0.081
0.081
0.081
0.077
0.081
0.078
0.081
0.081
0.081
0.081
0.081
0.081
0.069
0.081
0.081
0.081
0.081
0.079
0.081
0.081
0.081
0.081
0.081
0.081
0.081
0.081
0.081
0.081
0.081
0.081
0.081
0.081
-2.118
0.081
0.081
0.081
0.081
0.081
0.079
0.080
0.081
0.081
0.081
0.081
0.066
0.081
0.081
0.069
0.079
0.081
0.081
0.081
0.078
0.081
0.081
0.081
0.081
0.081
0.081
0.081
0.081
0.081
0.081
0.081
0.081
0.069
0.081
0.081
0.079
0.079
0.078
0.081
0.081
0.081
0.081
0.081
0.081
0.081
0.081
0.081
0.078
0.081
0.081
0.068
0.081
0.081
0.077
0.076
0.081
0.077
0.081
0.081
0.074
0.081
0.081
0.079
0.078
0.081
0.080
0.081
0.081
0.081
0.081
0.081
0.061
0.081
0.081
0.081
0.081
0.081
0.077
0.079
0.081
0.081
0.081
0.081
0.081
0.079
0.081
0.079
0.066
0.081
0.077
0.072
0.079
0.078
0.081
0.081
0.081
0.081
0.077
0.074
0.079
0.081
0.081
0.079
0.063
0.080
0.081
0.068
0.081
0.081
0.081
0.060
0.081
0.081
0.081
0.081
0.081
0.081
0.081
0.081
0.079
0.078
0.081
0.081
-3.256
0.079
0.078
0.081
0.081
0.078
0.081
0.081
0.081
0.078
0.081
0.061
0.081
0.081
0.081
0.081
0.081
0.081
0.081
0.081
0.081
0.081
0.081
0.077
0.081
0.081
0.081
0.081
0.081
0.081
0.081
0.081
0.079
0.081
0.081
0.081
0.081
0.081
0.066
0.079
0.081
0.081
0.081
0.078
0.078
0.078
0.078
0.061
0.081
0.081
0.078
0.081
0.081
0.081
0.081
0.081
0.081
0.081
0.081
0.081
0.081
0.081
0.081
0.081
0.081
0.060
0.081
0.081
0.081
0.081
0.081
0.081
0.081
0.081
0.081
0.081
0.081
0.079
0.081
0.081
0.081
0.081
0.081
0.081
0.061
0.071
0.079
0.081
0.081
0.078
0.081
0.081
0.081
0.081
0.081
0.066
0.077
0.081
0.081
0.081
0.081
0.078
0.081
0.081
0.081
0.081
0.081
0.081
0.081
0.081
0.078
0.081
0.081
0.081
0.081
0.079
0.081
0.077
0.081
0.081
0.069
0.081
0.081
0.081
0.081
0.079
0.081
0.081
-2.440
0.069
0.081
0.081
0.081
0.081
0.081
0.081
0.081
0.081
0.081
0.081
0.081
0.081
0.081
0.076
0.081
0.081
0.081
0.081
0.081
0.074
0.081
0.081
0.081
0.081
0.081
-3.053
0.069
0.081
0.076
0.081
0.069
0.079
0.080
0.078
0.078
0.071
0.081
0.081
0.081
0.081
0.078
0.074
0.079
0.079
0.081
0.081
0.081
0.079
-1.983
0.081
