fixedStep chrom=ENSGT00400000023306 start=1 step=1
0.072
0.072
0.071
0.072
0.072
0.071
0.072
0.072
0.069
0.064
0.072
0.072
0.072
0.071
0.072
0.072
0.072
0.072
0.072
0.072
0.064
0.072
0.072
0.071
0.072
0.064
0.070
0.072
0.070
0.072
0.066
0.072
0.072
0.072
0.072
0.072
0.072
0.072
0.072
0.071
0.072
0.071
0.072
0.072
0.070
0.072
0.071
0.064
0.071
0.071
0.072
0.072
0.072
0.072
0.072
0.072
0.072
0.071
0.072
0.072
0.064
0.064
0.072
0.072
0.072
0.071
0.000
0.000
0.000
0.000
0.000
0.000
0.000
0.000
0.000
0.000
0.000
0.000
0.000
0.000
0.000
-0.920
-0.920
0.064
0.072
0.064
0.062
0.072
-0.922
0.072
0.072
-0.923
0.072
0.071
0.072
-0.920
0.071
0.072
0.072
0.071
0.072
0.072
-0.923
0.072
0.069
0.072
0.070
0.072
0.072
0.072
0.072
0.072
0.071
0.072
0.071
0.072
0.072
0.072
0.071
0.072
0.072
0.072
0.068
0.072
0.072
0.072
0.071
0.072
0.064
0.072
0.071
-0.907
0.071
0.071
0.072
0.071
0.064
0.069
0.072
0.071
0.072
0.072
0.072
0.071
0.069
0.072
0.063
0.071
0.072
0.072
0.072
0.071
0.061
0.072
0.072
0.072
-0.920
-2.316
-1.650
0.072
0.071
0.071
0.071
0.072
0.072
0.072
0.072
0.063
0.064
0.072
0.069
0.069
0.062
0.072
-0.907
0.072
0.069
0.072
0.072
0.064
0.072
0.071
0.061
0.071
0.069
0.072
0.071
-0.907
0.072
0.072
0.072
0.050
0.072
0.072
0.072
0.072
0.071
0.072
0.072
0.071
0.072
0.071
0.071
0.064
0.071
0.072
0.072
0.071
0.070
0.064
0.071
0.072
0.059
0.072
0.072
0.072
0.062
0.072
0.072
0.072
0.072
0.071
0.072
0.072
-0.920
0.064
-0.907
0.072
0.064
0.064
0.072
0.072
0.072
-0.922
0.064
0.066
0.072
0.072
0.062
0.072
0.072
0.071
0.070
0.069
0.070
0.071
0.072
0.068
0.072
-2.187
-1.364
-2.187
-1.677
0.064
0.067
0.072
-1.647
0.072
0.072
-0.920
0.064
0.000
0.000
0.000
