fixedStep chrom=ENSGT00390000002748 start=1 step=1
0.081
0.082
0.081
0.082
0.082
0.081
0.081
0.081
0.061
0.081
0.082
0.081
0.081
0.081
0.081
0.081
0.082
0.081
0.081
0.081
0.081
0.081
0.082
0.081
0.081
0.081
0.081
0.081
0.081
0.081
0.082
0.081
0.081
0.081
0.081
0.081
0.079
0.082
0.081
0.081
0.081
0.081
0.081
0.082
0.081
0.081
0.081
0.081
0.081
0.081
0.079
0.081
0.081
0.081
0.081
0.081
0.081
0.081
0.081
0.079
0.081
0.081
0.081
0.081
0.082
0.081
0.081
0.081
0.073
0.081
0.081
0.077
0.081
0.082
0.079
0.077
0.082
0.079
0.081
0.081
0.081
0.082
0.081
0.082
0.081
0.082
0.081
0.081
0.082
0.081
0.081
0.081
0.081
0.081
0.081
0.081
0.081
0.081
0.082
0.081
0.081
0.081
0.081
0.082
0.081
0.081
0.081
0.081
0.081
0.081
0.081
0.081
0.081
0.081
0.081
0.081
0.082
0.081
0.082
0.081
0.081
0.081
0.082
0.081
0.081
0.079
0.081
0.081
0.078
0.081
0.081
0.079
0.081
0.081
0.081
0.081
0.081
0.078
0.081
0.081
0.070
0.081
0.081
0.081
0.082
0.081
0.081
0.081
0.081
0.081
0.073
0.081
0.081
0.081
0.081
0.081
0.081
0.081
0.082
0.081
0.081
0.068
0.081
0.068
0.079
0.079
0.078
0.081
0.082
0.081
0.081
-1.178
-1.174
-1.597
-1.180
-1.179
-1.178
-2.111
0.081
0.068
0.068
0.081
0.078
0.068
0.068
0.068
0.068
0.081
0.068
0.081
0.081
0.073
-0.773
-0.773
-0.773
-0.772
-0.773
-0.772
0.081
0.073
0.081
-0.788
0.073
0.081
0.082
-0.773
-0.788
0.081
0.081
0.081
-0.788
0.081
-0.788
-0.788
0.073
0.081
-0.788
-0.790
0.073
0.073
0.081
-0.790
0.081
0.081
0.081
0.073
0.081
0.079
-0.786
-0.790
0.081
0.081
0.081
0.079
0.081
0.073
-0.790
-0.786
-0.773
-0.790
0.081
-0.786
-0.773
-1.404
-1.402
-2.282
0.073
-0.790
0.081
0.081
0.082
-0.790
0.073
0.081
-1.447
-0.790
0.081
-1.479
-0.790
-0.790
-0.786
-0.790
0.073
-0.790
0.081
0.081
-1.042
0.081
0.081
-0.790
0.073
-0.790
-0.786
0.073
0.081
-0.788
0.073
0.081
0.081
0.068
0.081
0.064
0.082
0.081
0.082
0.081
0.082
0.081
0.081
0.082
0.081
0.081
0.081
0.081
0.081
0.082
0.081
0.082
0.082
0.079
0.081
0.081
0.072
0.081
0.081
0.079
0.081
0.081
0.073
0.081
0.082
0.080
0.081
0.081
0.081
0.079
0.082
0.081
0.081
0.081
0.073
0.081
0.081
0.081
0.082
0.082
0.081
0.081
0.081
0.072
0.081
0.081
0.081
0.081
0.081
0.081
0.081
0.081
0.079
0.081
0.081
0.058
0.081
0.082
-0.790
0.082
0.081
0.078
0.081
0.081
0.072
0.081
0.082
0.081
0.082
0.081
0.081
0.081
0.081
0.078
0.081
0.081
0.081
0.082
0.081
0.081
0.081
0.082
0.081
0.081
0.081
0.069
0.081
0.081
0.081
0.081
0.081
0.081
0.081
0.081
0.072
0.073
0.081
0.073
0.081
0.082
0.081
0.081
0.081
0.081
0.081
0.081
0.081
0.081
0.081
0.064
0.081
0.081
0.078
0.082
0.081
0.081
0.082
0.081
0.073
0.081
0.081
0.081
0.081
0.081
0.081
0.082
0.081
0.081
0.081
0.081
0.072
0.081
0.082
0.081
0.081
0.081
0.077
0.081
0.081
0.079
0.073
0.082
0.081
0.081
0.081
0.079
0.081
0.081
0.079
0.081
0.081
0.082
0.081
0.081
0.081
0.081
0.081
0.081
-0.143
-0.143
-0.143
-0.143
-0.143
-0.143
0.081
0.081
-1.449
-0.773
-0.788
-0.786
0.073
0.073
0.073
-0.790
-0.773
-1.924
0.073
0.079
0.073
0.073
0.070
-0.788
-0.786
0.073
-0.788
0.073
0.081
0.073
-0.786
0.081
-0.773
-0.788
-0.898
-0.773
0.081
0.073
-0.773
0.081
0.082
-0.790
0.082
0.073
0.072
0.081
0.081
0.081
-0.773
-0.772
-1.689
-0.773
-0.773
-2.834
-0.773
-0.773
-0.773
-0.773
-0.773
-0.773
-0.773
-0.773
-0.773
-1.552
-0.773
-0.773
0.081
0.081
-0.000
-0.790
-0.790
-2.195
-0.788
-0.788
-0.786
0.081
0.081
-1.214
0.081
0.081
0.081
0.081
0.081
0.082
0.073
0.081
0.081
-1.349
-1.358
-1.622
0.081
0.081
0.081
0.082
0.081
0.081
0.081
0.081
0.081
0.081
0.082
0.079
0.081
0.081
0.081
0.082
0.081
0.075
0.081
0.081
0.067
0.081
0.082
0.079
0.081
0.081
0.081
0.081
0.081
0.073
0.081
0.081
0.081
0.081
0.079
0.072
0.081
0.081
0.081
0.081
0.081
0.081
0.081
0.081
0.080
0.081
0.081
0.079
0.081
0.081
0.081
0.081
0.081
0.073
0.081
0.081
0.081
0.081
0.081
0.077
0.082
0.081
0.062
0.081
0.081
0.081
0.081
-0.788
0.072
0.081
0.081
0.078
0.081
0.081
0.079
0.082
0.081
0.081
0.081
0.081
0.081
0.082
0.081
0.081
0.081
0.081
0.077
0.081
0.082
0.079
0.081
0.082
0.081
0.082
0.081
0.082
0.081
0.081
0.073
0.081
0.081
0.081
0.081
0.082
0.081
0.081
0.081
0.081
0.081
0.081
0.078
0.082
0.081
0.081
0.081
0.081
0.081
0.081
0.081
0.081
0.081
0.082
0.081
0.081
0.081
0.079
0.081
0.081
0.081
0.081
0.081
0.081
0.082
0.081
0.081
0.081
0.081
0.081
0.081
0.081
0.081
0.081
0.081
0.065
0.082
0.081
0.082
0.081
0.081
0.080
0.081
0.081
0.081
0.081
0.081
0.081
0.081
0.081
0.077
0.081
0.082
0.082
0.081
0.081
0.082
0.082
0.081
0.081
0.082
0.081
0.081
0.080
0.081
0.078
0.077
0.081
0.081
0.081
0.082
0.081
0.081
0.081
0.081
0.081
0.082
0.079
0.081
0.082
0.081
0.081
0.081
0.077
0.081
0.081
0.081
0.081
0.082
0.081
0.082
0.081
0.072
0.081
0.081
0.077
0.081
0.081
0.081
0.081
0.081
0.081
