fixedStep chrom=ENSGT00550000075101 start=1 step=1
0.076
0.076
0.076
0.076
0.076
0.074
0.076
0.076
0.076
0.076
0.076
0.058
0.076
0.076
0.075
0.074
0.072
0.073
0.076
0.070
0.076
0.076
0.076
0.057
0.076
0.076
0.076
0.076
0.076
0.075
0.072
0.076
0.076
0.076
0.076
0.076
0.076
0.076
0.076
0.074
0.076
0.070
0.076
0.076
0.075
0.076
0.076
0.072
0.074
0.076
0.075
0.076
0.076
0.076
0.076
0.076
0.076
0.076
0.076
0.074
0.076
0.076
0.065
0.076
0.076
0.076
0.076
0.076
0.076
0.076
0.076
0.074
0.076
0.076
0.076
0.076
0.076
0.074
0.076
0.076
0.076
0.074
0.076
0.076
0.076
0.076
0.076
0.076
0.076
0.076
0.072
0.076
0.074
0.076
0.076
0.072
0.076
0.076
0.076
0.076
0.076
0.074
0.076
0.076
0.076
0.076
0.076
0.076
0.074
0.076
0.076
0.074
0.076
0.076
0.076
0.076
0.076
0.074
0.076
0.076
0.076
0.076
0.076
0.076
0.076
0.076
0.076
0.076
0.074
0.076
0.076
0.076
0.076
0.076
0.076
0.076
0.076
0.076
0.076
0.076
0.075
-3.421
0.076
0.076
0.076
0.076
0.075
0.076
0.076
0.076
0.075
0.076
0.058
0.068
0.076
0.076
0.076
0.076
0.076
0.076
0.076
0.076
0.076
0.076
0.076
0.076
0.076
0.076
0.076
0.076
0.076
0.076
0.071
0.075
0.076
0.076
0.076
0.076
0.076
0.076
0.067
0.076
0.076
0.076
0.076
0.076
0.076
0.076
0.076
0.076
0.076
0.076
0.076
0.076
0.076
0.076
0.076
0.076
0.076
0.076
0.072
0.076
0.076
0.076
0.076
0.076
0.076
0.076
0.076
0.076
0.066
0.066
0.066
0.066
0.066
0.066
0.066
0.066
0.066
0.064
0.054
0.066
0.066
0.066
0.066
0.066
0.066
0.066
0.066
0.066
0.066
0.066
0.066
0.066
0.066
-0.925
0.066
0.066
0.066
0.066
0.062
0.066
0.066
0.076
0.076
0.076
0.058
0.076
-1.535
0.072
0.076
0.076
0.076
0.076
0.053
0.076
0.071
0.076
0.076
0.076
-1.531
0.076
0.076
0.076
0.076
0.076
0.066
-1.238
-1.788
-1.117
-1.119
-1.119
-1.323
-1.120
-1.117
-1.871
0.055
0.076
-2.127
0.055
0.076
0.058
0.076
0.076
0.074
0.071
0.076
0.076
0.074
0.076
0.070
0.076
0.076
0.076
0.068
0.076
0.073
0.076
0.076
0.076
0.076
0.076
0.072
0.076
0.076
0.075
0.076
0.076
0.076
0.076
0.076
0.070
0.076
0.076
0.074
0.074
0.076
0.076
0.076
0.076
0.069
0.072
0.076
0.076
0.062
0.076
0.076
0.076
0.076
0.076
0.076
0.076
0.076
0.076
0.070
0.076
0.076
0.076
0.076
0.071
0.074
0.076
0.076
0.073
0.062
0.073
0.062
0.072
0.071
0.073
0.068
0.062
0.073
0.068
0.069
0.073
0.072
0.052
0.073
-1.814
0.071
0.073
0.068
0.073
0.073
0.068
0.072
0.069
-3.073
0.068
0.069
0.068
0.073
0.073
0.073
0.073
0.073
0.073
0.073
0.073
0.066
0.073
0.073
0.073
0.073
0.073
0.073
0.073
0.073
0.073
0.073
0.073
0.073
0.073
0.073
0.073
0.070
0.073
0.062
0.073
0.073
0.073
0.073
0.073
0.073
0.073
0.073
0.073
0.073
0.073
0.073
0.073
0.073
0.068
0.073
0.073
0.073
0.073
0.073
0.069
0.073
0.073
0.073
0.073
0.073
0.073
0.073
0.073
0.068
0.073
0.069
0.068
0.073
0.073
0.054
0.073
0.073
0.073
0.073
0.054
0.068
0.073
0.073
0.073
0.076
0.073
0.071
0.066
0.076
-2.829
0.076
0.076
0.076
0.076
0.076
0.076
0.076
0.076
0.076
0.076
0.076
0.075
0.076
0.076
0.076
-2.277
0.075
0.076
0.076
0.076
0.076
0.076
0.076
0.072
0.072
0.058
0.076
0.072
0.076
0.058
0.070
0.076
0.076
0.076
0.076
0.076
0.076
0.076
0.076
0.076
0.076
0.074
0.076
0.076
0.076
0.076
0.076
0.074
0.076
0.076
0.076
0.076
0.076
0.076
0.076
0.076
0.076
0.076
0.076
0.076
0.075
0.076
0.063
0.076
0.076
0.072
0.076
0.072
0.076
0.076
0.076
0.073
0.057
0.076
0.057
0.076
0.076
0.072
0.072
0.076
0.076
0.076
0.076
0.056
0.076
0.076
0.076
0.076
0.076
0.076
0.076
0.076
0.072
0.074
0.076
0.076
0.076
0.076
0.076
0.076
0.076
0.076
0.076
0.076
0.076
0.072
0.076
0.074
0.076
0.076
0.072
0.076
0.076
0.076
0.076
0.076
0.076
0.076
0.076
0.074
0.076
0.076
0.076
0.076
0.076
0.074
0.072
0.076
0.076
0.076
0.076
0.076
0.076
0.076
0.076
0.073
0.057
0.076
0.074
0.076
0.074
0.076
0.076
0.072
0.073
0.076
0.076
0.058
0.076
0.076
0.076
0.076
0.057
0.076
0.076
0.075
0.076
0.076
0.076
0.076
0.076
0.076
0.076
0.076
0.076
0.076
0.076
0.076
0.076
0.076
0.072
0.076
0.076
0.076
0.076
0.076
0.072
0.076
0.076
0.075
0.076
0.076
0.076
0.076
0.076
0.076
0.076
0.076
0.072
0.076
0.076
0.076
0.076
0.076
0.076
0.076
0.076
0.076
0.070
0.076
0.072
0.076
0.076
0.076
0.076
0.076
0.076
0.066
0.052
0.076
0.076
0.076
0.076
0.074
0.076
0.076
0.076
0.076
0.076
0.076
0.076
0.072
0.076
0.076
0.076
0.076
0.076
0.076
0.076
0.076
0.076
0.076
0.076
0.076
0.076
0.076
0.074
0.076
0.076
0.076
0.076
0.076
0.076
0.076
0.076
0.074
0.076
0.076
0.074
0.076
0.076
0.072
0.076
0.076
0.076
0.076
0.076
0.076
0.076
0.076
0.076
0.076
0.072
0.074
0.076
0.076
0.074
0.076
0.076
0.076
0.076
0.076
0.076
0.076
0.076
0.075
0.076
0.076
0.076
0.076
0.076
0.074
0.076
0.076
-3.540
0.067
0.076
0.074
0.076
0.076
0.076
0.076
0.076
0.076
0.076
0.076
0.074
0.076
0.076
0.076
0.076
0.076
0.074
0.076
0.076
0.058
0.076
0.076
0.074
0.076
0.076
0.076
0.076
0.076
0.076
0.076
0.057
0.076
0.076
0.076
0.074
0.076
0.076
0.074
0.076
0.076
0.057
0.076
0.076
0.076
0.076
0.076
0.076
0.076
0.076
0.067
0.076
0.076
0.076
0.076
0.076
0.076
0.076
0.076
0.055
0.058
0.076
0.074
0.072
0.072
0.076
0.076
0.076
0.074
0.076
0.076
0.076
0.076
0.076
0.074
0.075
0.076
0.065
0.072
0.076
0.076
0.076
0.072
0.072
0.076
0.076
0.075
0.076
0.073
0.072
0.076
0.076
0.076
0.057
0.074
0.076
0.076
0.073
0.076
0.076
0.076
0.076
0.076
0.076
0.072
0.074
0.076
0.076
0.074
0.073
-2.905
0.076
0.076
0.057
0.074
0.072
0.075
0.076
0.072
0.076
0.076
0.070
0.073
0.076
0.076
0.076
0.076
0.076
0.076
0.076
0.076
0.076
0.076
0.076
0.076
0.068
0.076
0.076
0.076
0.076
0.072
0.076
0.076
0.076
0.058
0.058
0.072
0.070
0.076
0.076
0.076
0.072
0.070
0.076
0.076
0.076
0.076
0.076
0.076
0.075
0.076
0.073
