fixedStep chrom=ENSGT00730000111104 start=1 step=1
0.072
0.072
0.072
0.072
0.072
0.072
0.072
0.072
0.072
0.072
0.072
0.072
0.072
0.071
0.072
0.072
0.072
0.072
0.072
0.072
0.072
0.072
0.072
0.072
0.072
0.072
0.072
0.072
0.072
0.072
0.072
0.072
0.072
0.072
0.072
0.072
0.072
0.072
0.072
0.072
0.072
0.072
0.072
0.072
0.072
0.072
0.072
0.072
0.072
0.072
0.072
0.072
0.072
0.072
0.072
0.072
0.069
0.072
0.072
0.072
0.070
0.072
0.070
0.072
0.072
0.072
0.072
0.072
0.072
0.072
0.072
0.072
0.072
0.072
0.061
0.072
0.072
0.070
0.072
0.072
0.072
0.072
0.072
0.069
0.072
0.072
0.072
0.072
0.072
0.072
0.072
0.072
0.072
0.072
0.072
0.072
0.072
0.072
0.072
0.072
0.072
0.072
0.072
0.072
0.072
0.072
0.072
0.072
0.072
0.072
0.072
0.072
0.072
0.072
0.072
0.072
0.072
0.072
0.072
-3.125
0.072
0.072
0.069
0.072
0.072
0.072
0.072
0.072
0.072
0.057
0.072
0.072
0.072
0.072
0.066
0.072
0.072
0.072
0.072
0.072
0.064
0.072
0.072
0.072
0.072
0.072
0.072
0.072
0.072
0.072
0.072
0.072
0.072
0.072
0.072
0.072
0.072
0.072
0.072
0.072
0.072
0.069
0.072
0.072
0.072
0.072
0.072
0.072
0.072
0.072
0.072
0.072
0.072
0.072
0.072
0.072
0.072
0.072
0.072
0.050
0.072
0.072
0.072
0.072
0.072
0.059
0.072
0.072
0.072
0.072
0.072
0.072
0.072
0.069
0.072
0.072
0.072
0.069
0.072
0.072
0.070
0.072
0.059
0.072
0.072
0.072
0.069
0.059
0.072
0.072
0.072
0.072
0.072
0.072
0.072
0.072
0.072
0.072
0.069
0.072
0.072
0.072
0.072
0.072
0.072
-1.251
-1.251
-1.251
0.072
0.072
0.069
0.072
0.072
0.072
0.072
0.072
0.072
0.072
0.072
0.054
0.072
0.072
0.072
0.072
0.072
0.065
0.072
0.072
0.067
0.072
0.072
0.069
0.072
0.072
0.072
0.072
0.072
0.071
0.072
0.072
0.070
0.072
0.072
0.072
0.072
0.072
0.054
0.072
0.072
0.054
0.072
0.072
0.057
0.072
0.072
0.061
0.069
0.072
0.072
0.072
0.072
0.070
0.072
0.072
0.072
0.072
0.072
0.072
0.069
0.072
0.071
0.072
0.072
0.072
0.072
0.072
0.072
0.072
0.072
0.072
0.072
0.072
0.055
0.072
0.072
0.069
0.072
0.072
-1.597
0.072
0.072
0.069
0.072
0.072
0.068
0.072
0.072
0.072
0.072
0.072
0.070
0.072
0.072
0.072
0.072
0.072
0.072
0.072
0.072
0.070
0.072
0.072
0.072
0.072
0.072
0.067
0.072
0.072
0.072
0.072
0.072
0.072
0.072
0.072
0.071
0.072
0.072
0.072
0.072
0.072
0.069
0.072
0.072
0.072
0.072
0.072
0.069
0.072
0.072
0.069
0.072
0.072
0.072
0.072
0.072
0.071
0.072
0.072
0.072
0.072
0.072
0.071
0.072
0.072
0.067
-1.707
0.072
0.069
0.072
0.072
0.072
0.072
0.072
0.069
0.072
0.072
0.067
0.072
0.072
0.072
0.072
0.072
0.072
0.072
0.072
0.069
0.072
0.072
0.070
0.072
0.072
0.072
0.072
0.072
0.069
0.072
0.072
0.053
0.072
0.072
0.072
0.072
0.072
0.072
0.072
0.072
0.072
0.072
0.072
0.072
0.072
0.072
0.072
0.072
0.072
0.069
0.072
0.072
0.072
0.072
0.072
0.068
0.072
0.072
0.057
0.072
0.072
0.069
0.072
0.072
0.066
0.072
0.072
0.072
0.072
0.072
0.072
0.072
0.072
0.072
0.072
0.072
0.072
0.072
0.072
0.072
0.072
0.072
0.072
0.072
0.072
0.069
0.072
0.072
0.072
0.072
0.072
0.072
0.072
0.072
0.072
0.072
0.072
0.072
0.072
0.072
0.070
0.072
0.072
0.069
0.072
0.072
0.072
0.072
0.072
0.072
0.072
0.072
0.069
0.072
0.072
0.069
0.072
0.072
-1.597
0.072
0.072
0.069
0.072
0.072
0.072
0.072
0.072
0.072
0.072
0.072
0.057
0.072
0.072
0.072
0.072
0.072
0.068
0.072
0.072
0.072
0.072
0.072
0.069
0.072
0.072
0.057
0.072
0.072
0.071
0.069
0.072
0.072
0.072
0.072
0.072
0.072
0.072
0.072
0.072
0.072
0.069
0.072
0.072
0.070
0.072
0.072
0.069
0.072
0.072
0.072
0.072
0.072
0.072
0.060
0.072
0.057
0.072
0.072
0.069
0.072
0.072
0.054
0.072
0.072
0.072
0.072
0.072
0.067
-0.160
-0.160
-0.160
0.072
0.064
0.069
0.072
0.072
0.072
0.072
0.072
0.072
0.072
0.072
0.070
0.070
0.072
-1.716
0.072
0.072
0.059
0.072
0.072
0.069
0.072
0.072
0.071
0.072
0.072
0.072
0.072
0.072
0.072
0.072
0.072
0.069
0.072
0.072
0.070
0.072
0.072
0.069
0.072
0.072
0.069
0.072
0.072
0.072
0.072
0.072
0.069
0.072
0.072
0.057
0.072
0.072
0.069
0.072
0.072
0.069
