fixedStep chrom=ENSGT00390000015971 start=1 step=1
0.046
0.046
0.046
0.046
0.046
0.046
0.046
0.046
0.046
0.046
0.046
0.043
0.046
0.046
0.046
0.046
0.042
0.046
0.046
0.046
0.046
0.046
0.046
0.046
0.046
0.046
0.046
0.046
0.046
0.046
0.046
0.046
0.046
0.046
0.046
0.046
0.046
0.046
0.046
0.046
0.046
0.046
0.046
0.046
0.042
0.046
0.046
0.046
0.046
0.046
0.044
0.046
0.046
0.046
0.041
0.046
0.046
0.046
0.046
0.046
0.046
0.046
0.046
0.046
0.046
0.041
0.046
0.046
0.046
0.046
0.046
0.046
0.046
0.046
0.046
0.046
0.046
0.046
0.046
0.046
0.046
0.046
0.046
0.046
0.046
0.046
0.046
0.046
0.046
0.046
0.046
0.046
0.045
0.046
0.046
0.045
0.046
0.046
0.046
0.046
0.046
0.046
0.046
0.046
0.046
0.046
0.046
0.046
0.046
0.046
0.046
0.046
0.046
0.046
0.046
0.046
0.046
0.046
0.046
0.046
0.046
0.046
0.046
0.046
0.046
0.046
0.046
0.046
0.046
0.046
0.046
0.045
0.046
0.046
0.046
0.046
0.046
0.046
0.046
0.041
0.041
0.041
0.041
0.040
0.041
0.041
0.041
0.041
0.041
0.041
0.041
0.041
0.041
0.041
0.041
0.041
0.041
0.041
0.033
0.041
0.041
0.041
0.041
0.041
0.039
0.041
0.041
0.041
0.041
0.041
0.041
0.041
0.041
0.041
0.041
0.041
0.041
0.041
0.041
0.041
0.041
0.041
0.041
0.041
0.041
0.041
0.041
0.041
0.041
0.040
0.041
0.041
0.041
0.041
0.041
0.041
0.041
0.041
0.041
0.041
0.039
0.041
0.041
0.041
0.041
0.041
0.041
0.041
0.041
0.041
0.041
0.041
0.040
0.041
0.041
0.041
0.041
0.041
0.041
0.041
0.041
0.041
0.041
0.041
0.041
0.041
0.041
0.041
0.032
0.041
0.032
0.041
0.039
0.032
0.041
0.041
0.041
0.041
0.041
0.040
0.041
0.041
0.041
0.041
0.041
0.041
0.040
0.041
0.039
0.041
0.041
0.041
0.041
0.041
0.040
0.041
0.041
0.041
0.041
0.041
0.041
0.041
0.041
0.041
0.041
0.041
0.040
0.041
0.041
0.041
0.041
0.041
0.041
0.041
0.041
0.041
0.041
0.041
0.041
0.032
0.040
0.041
0.041
0.041
0.041
0.041
0.041
0.039
0.039
0.041
0.041
0.041
0.041
0.034
0.041
0.035
0.039
0.041
0.041
0.041
0.041
0.041
0.041
0.041
0.041
0.041
0.041
0.041
0.041
0.041
0.041
0.041
0.041
0.041
0.041
0.041
0.041
0.041
0.041
0.041
0.041
0.041
0.041
0.041
0.041
0.041
0.041
0.041
0.041
0.041
0.041
0.041
0.041
0.041
0.041
0.041
0.041
0.033
0.041
0.041
0.041
0.041
0.041
0.041
0.041
0.041
0.041
0.041
0.041
0.041
0.040
0.041
0.041
0.041
0.041
0.041
0.040
0.041
0.041
0.041
0.041
0.041
0.039
0.041
0.041
0.041
0.041
0.041
0.041
0.041
0.041
0.041
0.041
0.041
0.035
0.041
0.041
0.034
0.041
0.041
0.041
0.041
0.041
0.041
0.041
0.041
0.040
0.041
0.041
0.041
0.032
0.041
0.034
0.041
0.041
0.041
0.041
0.041
0.041
0.041
0.041
0.041
0.041
0.041
0.041
0.041
0.041
0.041
0.041
0.041
0.041
0.041
0.041
0.041
0.041
0.041
0.041
0.041
0.041
0.041
0.041
0.041
0.041
0.046
0.046
0.046
0.046
0.046
0.046
0.046
0.046
0.046
0.046
0.046
0.046
0.046
0.046
0.046
0.046
0.046
0.036
0.046
0.046
0.046
0.046
0.046
0.046
0.046
0.046
0.044
0.046
0.046
0.046
0.046
0.046
0.046
0.046
0.046
0.046
0.046
0.046
0.046
0.046
0.046
0.046
0.042
0.046
0.046
0.046
0.046
0.045
0.045
0.041
0.035
0.046
0.046
0.046
0.046
0.046
0.046
0.046
-3.706
0.046
0.042
0.046
0.046
0.046
0.046
0.045
0.046
0.046
0.046
0.045
0.046
0.046
0.046
0.046
0.046
0.046
0.046
0.046
0.046
0.046
0.044
0.046
0.046
0.046
0.046
0.046
0.046
0.046
0.045
0.046
0.046
0.046
0.046
0.046
0.046
0.046
0.046
0.046
0.046
0.046
0.046
0.046
0.046
0.046
0.046
0.046
0.046
0.046
0.046
0.046
0.046
0.046
0.046
0.046
0.046
0.046
0.046
0.046
0.046
0.045
0.046
0.046
0.045
0.046
0.046
0.046
0.046
0.046
0.046
0.046
0.046
0.046
0.046
0.046
0.043
0.046
0.046
0.046
0.046
0.046
0.046
0.046
0.046
0.046
0.046
0.046
0.046
0.046
0.046
0.046
0.046
0.046
0.046
0.046
0.046
0.044
0.046
0.046
0.046
0.046
0.046
0.046
