fixedStep chrom=ENSGT00390000009753 start=1 step=1
0.066
0.066
0.066
0.066
0.066
0.066
0.066
0.066
0.066
0.066
0.066
0.063
0.066
0.066
0.066
0.066
0.066
0.066
0.066
0.066
0.066
0.066
0.066
0.066
0.066
0.066
0.063
0.066
0.066
0.066
0.066
0.066
0.066
0.066
0.066
0.066
0.066
0.063
0.066
0.066
0.066
0.065
0.066
0.066
0.063
0.066
0.066
0.066
0.066
0.066
0.063
0.066
0.066
0.066
0.066
0.066
0.060
0.066
0.066
0.063
0.066
0.066
0.066
0.066
0.066
0.066
0.066
0.066
0.066
0.066
0.066
0.066
0.066
0.066
0.065
0.066
0.066
0.066
0.066
0.066
0.066
0.066
0.066
0.066
0.063
0.063
0.066
0.066
0.066
0.066
0.066
0.066
0.066
0.066
0.066
0.066
0.063
0.066
0.066
0.066
0.066
0.066
0.066
0.066
0.066
0.066
0.066
0.066
0.066
0.066
0.066
0.066
0.066
0.055
0.066
0.066
0.066
0.066
0.066
0.066
0.066
0.066
0.066
0.055
0.066
0.052
0.066
0.066
0.066
0.066
0.066
0.066
0.066
0.066
0.065
0.066
0.066
0.066
0.066
0.066
0.066
0.066
0.066
-1.790
0.066
0.066
0.066
0.066
0.066
0.066
0.066
0.066
0.063
0.066
0.066
0.066
0.066
0.066
0.066
0.066
0.063
0.063
0.066
0.066
0.063
0.066
0.066
0.063
0.063
0.066
0.063
0.066
0.063
0.062
0.066
0.066
0.066
0.066
0.066
0.066
0.066
0.066
0.066
0.066
0.066
0.063
0.066
0.066
0.062
0.066
0.066
0.066
0.066
0.066
0.053
0.066
0.066
0.066
0.066
0.066
0.066
0.066
0.066
0.063
0.063
0.066
0.066
0.066
0.066
0.066
0.066
0.066
0.066
0.066
0.062
0.066
-2.115
-1.211
-1.213
-1.211
-1.211
-1.211
-1.213
-1.213
-1.213
-1.211
-1.213
-1.213
0.066
-2.423
-2.400
0.049
0.049
0.066
0.051
0.066
0.049
0.062
0.049
0.049
0.049
0.049
0.049
0.066
0.066
0.049
0.066
0.049
0.046
0.066
0.049
0.062
0.066
0.066
0.066
0.049
0.062
0.049
0.049
0.049
0.066
0.066
0.046
0.049
0.066
0.062
0.046
0.062
0.049
-3.355
0.049
0.049
0.060
0.066
0.062
0.066
0.066
0.049
0.060
0.066
0.062
0.066
0.066
0.062
0.049
0.066
0.066
0.062
0.066
0.066
0.066
0.066
0.066
0.063
0.063
0.055
0.066
0.066
0.066
0.066
0.066
0.063
0.066
0.066
0.066
0.066
0.066
0.066
0.066
0.066
0.066
0.066
0.066
0.066
0.063
0.066
0.066
0.055
0.066
0.066
0.066
0.066
0.047
0.066
0.066
0.066
0.066
0.066
0.066
0.066
0.066
0.055
0.066
0.066
0.066
0.063
0.066
0.066
0.065
0.066
0.066
0.065
0.066
0.063
0.063
0.066
0.066
0.061
0.065
0.066
0.066
0.063
0.066
0.066
0.066
0.063
0.066
0.066
0.066
0.066
0.066
0.066
0.066
0.066
0.066
0.066
0.066
0.066
0.066
0.066
0.066
0.062
0.066
0.066
0.066
0.066
0.066
0.066
0.066
0.066
0.066
0.066
0.066
0.066
0.066
0.066
0.066
0.066
0.066
0.066
0.066
0.066
0.066
0.063
0.066
0.066
0.066
0.066
0.066
0.066
0.066
0.066
0.066
0.066
0.066
0.066
0.066
0.066
0.066
0.066
0.063
0.066
0.066
0.066
0.066
0.066
0.063
0.066
0.066
0.066
0.066
0.066
0.063
0.066
0.066
0.063
0.066
0.066
0.066
0.066
0.066
0.066
0.053
0.066
0.065
0.066
0.066
0.066
0.066
0.066
0.066
0.066
0.066
0.066
0.063
0.066
0.066
0.066
0.066
0.054
0.066
0.066
0.065
0.065
0.066
0.066
0.066
0.066
0.066
0.066
0.066
0.066
0.066
0.066
0.066
0.066
0.066
0.066
0.066
0.066
0.051
0.066
0.066
0.063
0.066
0.066
0.066
0.066
0.066
0.066
0.066
0.066
0.066
0.066
0.066
0.066
0.066
0.066
0.066
0.066
0.060
0.066
0.063
0.066
0.063
0.063
0.066
0.066
0.053
0.066
0.066
0.066
0.066
0.063
0.066
0.066
0.066
0.063
0.066
0.066
0.066
0.066
0.066
0.066
0.066
0.066
0.063
0.066
0.066
0.066
0.066
0.066
0.053
0.066
0.066
0.066
0.053
0.066
0.066
0.066
0.066
0.063
0.066
0.066
0.066
0.066
0.066
0.066
0.066
0.066
0.066
0.066
0.066
0.066
0.066
0.066
0.066
0.066
0.063
0.066
0.066
0.053
0.066
0.066
0.060
0.055
0.066
0.066
0.066
0.066
0.055
0.066
0.066
0.066
0.066
0.066
0.063
0.066
0.066
0.066
0.066
0.066
0.066
0.066
0.066
0.066
0.053
0.066
0.063
0.066
0.066
0.065
0.066
0.066
0.066
0.066
0.066
0.066
0.066
0.066
0.063
0.066
0.066
0.066
0.066
0.066
0.066
0.066
0.066
0.066
0.066
0.066
0.066
0.066
0.060
0.066
0.066
0.063
0.066
0.063
0.066
0.066
0.066
0.066
0.063
0.066
0.066
0.066
0.066
0.065
0.061
0.066
0.066
0.055
0.066
0.066
0.059
0.000
0.000
0.000
0.000
0.000
0.000
0.000
0.000
0.000
0.000
0.000
0.000
0.000
0.000
0.000
0.000
0.000
0.000
0.000
0.000
0.000
0.000
0.000
0.000
0.000
0.000
0.000
0.000
0.000
0.000
0.000
0.000
0.000
0.000
0.000
0.000
0.000
0.000
0.000
0.063
0.066
0.066
0.066
0.066
0.059
0.066
0.066
0.066
0.066
0.066
0.066
0.066
0.066
0.063
0.066
0.066
0.066
0.066
0.066
0.065
0.066
0.066
0.065
0.066
0.066
0.053
0.066
0.066
0.066
0.066
0.066
0.066
0.066
0.066
0.066
0.066
0.066
0.066
0.063
0.066
0.066
0.066
0.066
0.063
0.066
0.066
0.066
0.066
0.066
0.063
0.066
0.066
0.065
0.066
0.063
0.063
0.066
0.066
0.063
0.066
0.066
0.066
0.066
0.066
0.066
0.066
0.066
0.066
0.066
0.066
0.066
0.066
0.066
0.066
0.066
0.066
0.066
0.066
0.066
0.055
0.066
0.066
0.065
0.066
0.066
0.066
0.066
0.066
0.065
0.066
0.066
0.066
0.063
0.066
0.066
0.066
0.066
0.063
0.066
0.066
0.066
0.066
0.066
0.066
0.066
0.066
0.063
0.066
0.066
0.066
0.066
0.066
0.066
0.066
0.066
0.055
0.066
0.066
0.066
0.066
0.066
0.066
0.066
0.066
0.066
0.066
0.066
0.063
0.066
0.066
0.066
0.066
0.066
0.066
0.066
0.066
0.055
0.066
0.066
0.066
0.066
0.066
0.062
0.066
0.066
0.063
0.066
0.066
0.066
0.066
0.066
0.063
0.066
0.066
0.066
0.066
0.066
0.053
0.066
0.066
0.066
0.053
0.066
0.066
0.066
0.066
0.060
0.066
0.066
0.066
0.066
0.066
0.066
0.066
0.066
0.066
0.066
0.066
0.065
0.066
0.066
0.055
0.062
0.066
0.066
0.066
0.066
0.064
0.062
0.066
0.066
0.066
0.066
0.066
0.066
0.066
0.063
0.066
0.066
0.062
0.063
0.066
0.066
0.066
0.066
0.066
0.066
0.066
0.066
0.066
0.066
0.066
0.066
0.066
0.066
0.066
0.066
0.066
0.066
0.066
0.066
0.066
0.066
0.066
0.066
0.066
0.066
0.066
0.066
0.063
0.066
0.066
0.066
0.066
0.066
0.066
0.066
0.066
0.062
0.066
0.066
0.063
0.066
0.066
0.049
0.066
0.066
0.066
0.066
0.066
0.066
0.066
0.066
0.062
0.066
0.066
0.066
0.066
0.066
0.066
0.066
0.066
0.066
0.066
0.066
0.066
0.066
0.066
0.062
0.066
0.066
0.066
0.066
0.066
0.066
0.066
0.066
0.066
0.066
0.066
0.066
0.066
0.066
0.066
0.066
0.066
0.066
0.066
0.066
0.063
0.066
0.066
0.066
0.066
0.066
-1.848
0.066
0.066
-1.824
0.066
0.066
0.066
