fixedStep chrom=ENSGT00390000006671 start=1 step=1
0.000
0.000
0.000
0.000
0.000
0.000
0.000
0.000
0.000
0.000
0.000
0.000
0.000
0.000
0.000
0.000
0.000
0.000
0.000
0.000
0.000
0.000
0.000
0.000
0.000
0.000
0.000
0.000
0.000
0.000
0.000
0.000
0.000
0.000
0.000
0.000
0.000
0.000
0.000
0.000
0.000
0.000
0.000
0.000
0.000
0.000
0.000
0.000
0.000
0.000
0.000
0.000
0.000
0.000
0.000
0.000
0.000
0.000
0.000
0.000
0.000
0.000
0.000
0.000
0.000
0.000
0.000
0.000
0.000
0.000
0.000
0.000
0.000
0.000
0.000
0.000
0.000
0.000
0.000
0.000
0.000
0.000
0.000
0.000
0.000
0.000
0.000
0.000
0.000
0.000
0.000
0.000
0.000
0.000
0.000
0.000
0.000
0.000
0.000
0.000
0.000
0.000
0.000
0.000
0.000
0.000
0.000
0.000
0.000
0.000
0.000
0.000
0.000
0.000
0.000
0.000
0.000
0.000
0.000
0.000
0.000
0.000
0.000
0.000
0.000
0.000
0.000
0.000
0.000
0.000
0.000
0.000
0.000
0.000
0.000
0.000
0.000
0.000
0.000
0.000
0.000
0.000
0.000
0.000
0.000
0.000
0.000
0.000
0.000
0.000
0.000
0.000
0.000
0.000
0.000
0.000
0.000
0.000
0.000
0.000
0.000
0.000
0.000
0.000
0.000
0.000
0.000
0.000
0.000
0.000
0.000
0.052
0.053
0.052
0.052
0.052
0.052
0.053
0.052
0.050
0.052
0.052
0.052
0.052
0.052
0.052
-1.991
-1.992
-1.980
-0.393
-0.393
-0.393
0.053
0.053
0.052
0.052
0.052
0.053
0.052
0.052
0.053
0.052
0.053
0.053
0.052
0.052
0.052
0.052
0.052
0.052
0.052
0.053
0.051
0.052
0.052
0.052
0.053
0.052
0.053
0.052
0.052
0.052
0.052
0.052
0.052
0.052
0.052
0.053
0.052
0.052
0.052
0.052
0.052
0.053
0.052
0.052
0.050
0.052
0.053
0.053
0.053
0.053
0.052
0.052
0.053
0.052
0.052
0.052
0.050
0.052
0.052
0.052
0.053
0.052
0.052
0.051
0.052
0.052
0.052
0.052
0.052
0.052
0.052
0.053
0.052
0.052
0.053
0.052
0.053
0.052
0.052
0.053
0.052
0.053
0.052
0.051
0.052
0.052
0.053
0.052
0.052
0.050
0.053
0.052
0.052
0.052
0.052
0.051
0.053
0.053
0.052
0.052
0.053
0.051
0.052
0.053
0.052
0.052
0.052
0.053
0.052
0.052
0.052
0.052
0.052
0.038
0.052
0.053
0.041
0.052
0.053
0.051
0.052
0.052
0.053
0.052
0.053
0.040
0.052
0.052
0.052
0.053
0.052
0.053
0.052
0.052
0.052
0.053
0.052
0.052
0.050
0.052
0.052
0.052
0.052
0.053
0.053
0.053
0.050
0.052
0.052
0.051
0.052
0.052
0.053
0.052
0.052
0.052
0.052
0.052
0.052
0.052
0.052
0.052
0.052
0.052
0.052
0.052
0.052
0.052
0.052
0.052
0.053
0.052
0.052
0.037
0.053
0.052
0.053
0.052
0.052
0.052
0.052
0.053
0.053
0.052
0.052
0.051
0.052
0.052
0.053
0.053
0.052
0.053
0.052
0.052
0.052
0.052
0.052
0.050
0.052
0.052
0.053
0.052
0.053
0.050
0.049
0.053
0.052
0.052
0.052
0.053
0.052
0.052
0.052
0.052
0.052
0.052
0.052
0.052
0.053
0.050
0.053
0.052
0.053
0.052
0.053
0.052
0.052
0.041
0.052
0.053
0.052
0.052
0.053
0.053
0.052
0.052
0.052
0.052
0.052
0.052
0.052
0.052
0.052
0.052
0.052
0.052
0.052
0.052
0.049
0.049
0.049
0.049
0.049
0.049
0.049
0.049
0.049
0.049
0.049
0.049
0.049
0.049
0.049
0.049
0.049
0.049
0.046
0.049
0.049
0.049
0.049
0.049
0.045
0.049
0.049
0.049
0.049
0.049
0.049
0.049
0.049
0.049
0.049
0.049
0.049
0.049
0.049
0.046
0.049
0.049
0.049
0.049
0.049
0.046
0.049
0.049
0.049
0.049
0.049
0.049
0.049
0.049
0.049
0.049
0.049
0.048
0.049
0.049
0.049
0.049
0.049
0.049
0.049
0.049
0.049
0.049
0.049
0.049
0.049
0.049
0.049
0.049
0.049
0.049
0.049
0.049
0.049
0.049
0.049
0.049
0.049
0.049
0.049
0.049
0.049
0.049
0.049
0.049
0.049
0.049
0.049
0.049
0.049
0.049
0.046
0.049
0.049
0.049
0.049
0.049
0.049
0.049
0.049
0.049
0.049
0.049
0.049
0.049
0.049
0.049
0.049
0.049
0.049
0.049
0.049
0.047
0.049
0.049
0.048
0.046
0.049
0.049
0.049
0.049
0.049
0.049
0.049
0.049
0.049
0.049
0.049
0.049
0.049
0.049
0.049
0.049
0.047
0.049
0.049
0.049
0.049
0.049
0.049
0.049
0.049
0.046
0.049
0.049
0.049
0.049
0.049
0.049
0.049
0.049
0.049
0.049
0.049
0.049
0.049
0.049
0.049
0.049
0.049
0.049
0.049
0.049
0.049
0.049
0.049
0.047
0.049
0.049
0.049
0.049
0.049
0.049
0.049
0.049
0.049
0.049
0.049
0.049
0.049
0.049
0.048
0.049
0.049
0.049
0.049
0.049
0.049
0.049
0.049
0.049
0.049
0.049
0.049
0.049
0.049
0.048
0.049
0.049
0.049
0.049
0.049
0.048
0.049
0.049
0.049
0.049
0.049
0.046
0.049
0.049
0.048
0.049
0.049
0.047
0.049
0.049
0.049
0.049
0.049
0.049
0.049
0.049
0.049
0.049
0.049
0.049
0.049
0.049
0.049
0.049
0.049
0.046
0.049
0.049
0.047
0.049
0.049
0.049
0.049
0.049
0.049
0.049
0.049
0.049
0.049
0.049
0.049
0.049
0.049
0.049
0.049
0.049
0.049
0.049
0.049
0.049
0.049
0.049
0.049
0.049
0.049
0.047
0.049
0.046
0.046
0.046
0.046
0.046
0.046
0.046
0.046
0.046
0.046
0.045
0.046
0.046
0.046
0.046
0.046
0.046
0.046
0.046
0.046
0.046
0.046
0.046
0.046
0.046
0.046
0.046
0.046
0.046
0.046
0.046
0.046
0.046
0.046
0.046
0.046
0.046
0.046
0.046
0.046
0.046
0.046
0.046
0.045
0.046
0.046
0.046
0.046
0.046
0.046
0.046
0.046
0.046
0.046
0.046
0.046
0.046
0.046
0.046
0.046
0.046
0.046
0.046
0.046
0.046
0.046
0.046
0.040
0.045
0.046
0.046
0.046
0.046
0.046
0.046
0.046
0.046
0.046
0.046
0.046
0.046
0.046
0.046
0.046
0.046
0.046
0.046
0.046
0.046
0.046
0.046
0.046
0.046
0.046
0.032
0.046
0.046
0.046
0.046
0.046
0.045
0.046
0.046
0.046
0.046
0.046
0.045
0.046
0.046
0.046
0.046
0.046
0.043
0.046
0.046
0.046
0.046
0.046
0.046
0.046
0.046
0.043
0.046
0.046
0.046
0.046
0.046
0.045
0.046
0.046
0.046
0.046
0.046
0.046
0.046
0.046
0.046
0.046
0.046
0.046
0.046
0.046
0.043
0.046
0.046
0.046
0.046
0.046
-1.001
0.046
0.046
0.046
0.046
0.046
0.046
0.046
0.046
0.046
0.046
0.046
0.046
0.046
0.046
0.043
0.046
0.046
0.043
0.046
0.046
0.046
0.046
0.046
0.032
0.046
0.046
0.045
0.046
0.046
0.043
0.046
0.046
0.046
0.046
0.046
0.046
0.046
0.046
0.043
0.044
0.046
0.046
0.046
0.046
0.046
0.046
0.046
0.046
0.046
0.046
0.046
0.046
0.046
0.044
0.046
0.046
0.046
0.046
0.046
0.046
0.046
0.046
0.046
0.046
0.046
0.046
0.046
0.046
0.045
0.046
0.046
0.046
0.046
0.046
0.046
0.046
0.046
0.043
0.046
0.046
0.043
0.046
0.046
0.046
0.046
0.046
0.046
0.046
0.046
0.043
0.046
0.046
0.046
0.046
0.046
0.046
0.046
0.046
0.046
0.046
0.046
0.046
0.046
0.046
0.045
0.046
0.046
0.043
0.046
0.046
0.046
0.046
0.046
0.046
0.046
0.046
0.045
0.046
0.046
0.046
0.046
0.045
0.046
0.046
0.046
0.046
0.046
0.046
0.045
0.046
0.046
0.046
0.046
0.052
0.052
0.052
0.053
0.053
0.052
0.052
0.050
0.052
0.052
0.053
0.052
0.053
0.053
0.052
0.052
0.053
0.052
0.052
0.053
0.052
0.053
0.053
0.052
0.052
0.041
0.052
0.052
0.051
0.052
0.053
0.053
0.052
0.052
0.052
0.052
0.053
0.052
0.052
0.052
0.052
0.052
0.052
0.052
0.053
0.052
0.052
0.053
0.052
0.052
0.052
0.052
0.052
0.052
0.053
0.039
0.052
0.053
0.052
0.053
0.052
0.053
0.052
0.052
0.053
0.052
0.052
0.052
0.052
0.052
0.051
0.052
0.052
0.052
0.052
0.052
0.053
0.052
0.053
0.052
0.053
0.053
0.051
0.052
0.052
0.040
0.052
0.052
0.052
0.052
0.052
0.052
0.053
0.053
0.052
0.052
0.052
0.052
0.053
0.053
0.053
0.052
0.052
0.052
0.052
0.052
0.048
0.052
0.052
0.052
0.052
0.053
0.052
0.052
0.052
0.052
0.052
0.052
0.052
0.052
0.053
0.052
0.052
0.052
0.052
0.052
0.052
0.052
0.052
0.053
0.052
