fixedStep chrom=ENSGT00390000015399 start=1 step=1
0.099
0.099
0.099
0.099
0.099
0.096
0.099
0.096
0.097
0.099
0.099
0.093
0.099
0.099
0.092
0.096
0.090
0.095
0.099
0.099
0.092
0.099
0.099
0.099
0.099
0.099
0.099
0.099
0.099
0.099
0.099
0.099
0.099
0.099
0.099
0.099
0.099
0.099
0.095
0.099
0.099
0.092
0.099
0.099
0.099
0.099
0.099
0.099
0.068
0.099
0.099
0.099
0.099
0.090
0.099
0.099
0.097
0.099
0.099
0.097
0.099
0.099
0.096
0.099
0.099
0.099
-0.964
-0.964
-0.964
-0.964
-0.964
-0.964
0.099
0.099
0.099
0.099
0.099
0.099
0.099
0.099
0.092
0.099
0.099
0.099
0.099
0.099
0.099
0.099
0.099
0.099
0.099
0.099
0.099
0.099
0.099
0.097
0.099
0.099
0.099
0.099
0.099
0.099
0.099
0.099
0.099
0.099
0.099
0.099
0.099
0.099
0.099
0.099
0.099
0.097
0.099
0.099
0.099
0.099
0.099
0.097
0.099
0.099
0.096
0.099
0.090
0.090
0.090
0.090
0.090
-0.287
-0.287
-0.287
0.082
0.099
0.099
0.099
0.099
0.083
0.099
0.099
0.099
0.099
0.099
0.099
0.099
0.099
0.099
0.099
0.099
0.092
0.099
0.099
0.099
0.099
0.099
0.095
0.099
0.099
0.099
0.099
0.099
0.099
0.099
0.099
0.099
0.099
0.099
0.099
0.099
0.099
0.099
0.099
0.099
0.099
0.099
0.099
0.098
0.099
0.099
0.099
0.099
0.092
0.099
0.099
0.099
0.099
0.099
0.099
0.092
0.099
0.099
0.099
0.099
0.099
0.099
0.099
0.099
0.099
0.099
0.093
0.087
0.075
0.092
0.099
0.099
0.099
-2.265
0.068
0.092
-1.251
0.092
0.093
-1.271
0.068
0.093
0.068
0.099
0.099
0.085
0.099
0.068
0.068
0.099
0.092
-1.252
0.068
0.092
0.092
0.068
0.068
-1.047
0.092
0.099
0.068
0.099
0.068
0.099
0.099
0.099
0.092
0.092
0.068
-1.536
0.068
0.099
0.092
0.092
0.099
0.067
0.099
0.099
0.092
0.068
0.092
0.068
0.068
0.099
0.099
0.099
0.099
-3.403
0.099
0.099
0.092
0.068
0.068
0.068
0.068
0.099
0.068
0.092
0.099
0.087
0.099
0.099
0.099
0.099
0.099
0.099
0.099
0.099
0.099
0.096
0.099
0.068
0.099
0.099
0.099
0.099
0.099
0.099
0.096
0.099
0.099
0.099
0.099
0.096
0.099
0.099
0.099
0.099
0.099
0.099
0.099
0.099
0.099
0.099
0.099
0.099
0.090
0.099
0.099
0.099
0.099
0.099
0.099
0.099
0.099
0.099
0.099
0.068
0.099
0.099
0.099
0.099
0.099
0.089
0.096
0.085
0.099
-1.095
0.099
0.099
0.099
0.099
0.099
0.099
0.099
0.099
0.099
0.099
0.099
0.099
0.099
0.099
0.099
0.099
0.095
0.099
0.099
0.092
0.099
0.099
0.076
0.099
0.099
0.099
0.099
0.099
0.077
0.099
0.099
0.096
0.099
0.099
0.096
0.096
0.099
0.085
0.082
0.099
0.099
0.085
0.096
0.086
0.099
0.099
0.096
0.099
0.099
0.099
0.099
0.099
0.084
0.099
0.097
0.096
0.095
0.099
0.095
0.099
0.099
0.084
0.099
0.099
0.096
0.099
0.085
0.097
0.096
0.099
0.075
0.099
0.099
0.092
0.087
0.085
0.099
0.099
0.099
0.099
0.099
0.099
0.099
0.099
0.099
0.099
0.099
0.090
0.099
0.073
0.073
0.088
0.092
0.072
0.092
0.073
0.088
0.064
0.073
0.073
0.073
0.085
-1.296
0.068
0.073
0.092
-0.662
0.080
0.092
0.088
0.092
0.092
0.073
0.093
0.092
0.092
0.092
0.092
0.073
0.092
0.093
0.092
0.088
0.088
0.073
0.088
0.092
0.092
0.088
0.092
0.088
0.073
0.073
0.073
0.092
0.092
0.090
0.088
0.088
0.073
0.073
0.093
0.073
0.073
0.093
0.088
0.073
0.088
0.073
0.073
0.073
0.073
0.092
0.092
0.088
0.093
0.088
0.064
0.064
0.088
0.092
0.073
0.093
0.088
0.088
0.073
0.099
0.099
0.099
0.094
0.099
0.099
0.087
0.099
0.099
0.099
0.099
0.099
0.099
0.099
0.099
0.098
0.099
0.099
0.099
0.099
0.099
0.089
0.099
0.099
0.099
0.099
0.099
0.099
0.099
0.099
0.092
0.099
0.087
0.098
0.098
0.099
0.081
0.099
0.099
0.090
0.099
0.099
0.096
0.099
0.099
0.099
0.099
0.096
0.099
0.068
0.099
0.099
0.099
0.099
-1.090
0.099
0.099
0.099
0.099
-1.617
-1.669
0.083
0.099
0.097
0.099
0.099
0.085
0.099
0.099
0.092
0.099
0.099
0.099
0.099
0.099
0.099
0.099
0.099
0.097
0.099
0.096
0.096
0.099
0.099
0.099
0.090
0.099
0.099
-1.037
-1.019
-1.155
-1.763
-1.483
-0.933
0.000
0.000
0.000
0.000
0.000
0.000
0.000
0.000
0.000
0.000
0.000
0.000
0.000
0.000
0.000
0.000
0.000
0.000
0.000
0.000
0.000
0.000
0.000
0.000
0.000
0.000
0.000
0.000
0.000
0.000
0.000
0.000
0.000
0.000
0.000
0.000
0.000
0.000
0.000
0.000
0.000
0.000
0.000
0.000
0.000
