fixedStep chrom=ENSGT00390000005996 start=1 step=1
0.000
0.000
0.000
0.000
0.000
0.000
0.000
0.000
0.000
0.000
0.000
0.000
0.000
0.000
0.000
0.000
0.000
0.000
0.000
0.000
0.000
0.000
0.000
0.000
0.000
0.000
0.000
0.071
0.071
0.071
0.071
0.071
0.071
0.071
0.049
0.049
0.071
0.071
0.071
0.071
0.071
0.071
0.071
0.071
0.066
0.071
0.071
0.068
0.049
0.071
0.071
0.071
0.071
0.068
0.071
0.066
0.069
0.071
0.071
0.068
0.071
0.071
0.071
-2.731
0.071
0.071
0.071
0.071
0.071
0.071
0.071
0.071
0.071
0.071
0.071
0.071
0.071
0.071
0.071
0.066
0.071
0.071
0.071
0.068
0.071
0.071
0.071
0.071
0.071
0.063
0.071
0.071
0.053
0.071
0.071
0.071
0.071
0.071
0.071
0.071
0.071
0.071
0.071
0.071
-1.550
0.068
0.071
0.071
0.071
0.071
0.071
0.066
0.071
0.070
0.071
0.071
0.071
0.070
0.071
0.066
0.058
0.066
0.071
0.069
0.071
0.071
0.071
0.071
0.068
0.071
0.071
0.071
0.071
0.071
0.068
0.071
0.071
0.069
0.071
0.071
0.071
0.071
0.071
0.071
0.071
0.071
0.071
0.071
0.071
0.071
0.071
0.049
0.071
0.065
0.071
0.071
0.071
0.071
0.071
0.071
0.071
0.071
0.055
0.068
0.058
0.071
0.071
0.067
0.071
0.071
0.071
0.071
0.070
0.068
0.071
0.071
0.065
0.069
0.071
0.071
0.070
0.071
0.071
0.071
0.071
0.071
0.071
0.071
0.071
0.071
0.071
0.049
0.071
0.070
0.071
0.071
0.071
0.071
0.058
0.071
0.061
-2.884
-1.349
-1.344
0.071
0.071
0.068
0.071
0.071
0.071
0.071
0.071
0.071
0.071
0.071
0.071
0.071
0.071
0.058
0.071
0.071
0.071
0.071
0.071
0.071
0.071
0.071
0.071
0.071
0.071
0.071
0.071
0.071
0.071
0.071
0.071
0.071
0.071
0.058
0.071
0.071
0.071
0.071
0.071
0.068
0.066
0.071
0.071
0.071
0.071
0.066
0.071
0.071
0.071
0.070
0.071
0.071
0.057
0.057
0.071
0.071
0.071
0.071
0.071
0.068
-2.203
0.066
0.071
0.071
0.071
0.065
0.071
0.071
0.071
0.071
0.071
0.071
0.071
0.067
0.071
0.071
0.071
0.071
0.071
0.071
0.069
0.071
0.071
0.071
0.071
0.071
0.071
0.071
0.071
0.068
0.058
0.071
0.071
0.071
0.070
0.071
0.071
0.058
0.071
0.071
0.071
0.069
0.071
0.071
0.071
0.071
0.071
0.071
0.071
0.066
0.070
0.063
0.071
0.069
0.071
0.071
0.071
0.071
0.065
0.071
-1.550
0.071
0.065
0.068
0.071
0.071
0.071
0.071
0.071
0.061
0.071
0.071
0.071
0.069
0.071
0.070
0.071
0.071
0.071
0.071
0.071
0.071
0.071
0.071
0.071
0.071
0.070
0.071
-2.055
0.068
0.071
0.071
0.068
0.071
0.071
0.066
0.071
0.071
0.055
0.071
0.071
0.071
0.071
0.049
0.071
0.071
0.071
0.071
0.071
0.071
0.071
0.071
0.071
0.071
0.071
0.066
0.071
0.071
0.071
0.071
0.071
0.071
0.071
0.071
0.066
0.071
0.071
0.071
0.071
0.071
0.066
0.071
0.071
-1.889
0.071
0.071
0.071
0.071
0.071
0.071
0.071
0.071
0.069
0.071
0.071
0.071
0.071
0.071
0.070
0.071
0.071
0.071
0.071
0.058
0.067
0.071
0.071
0.071
0.071
0.071
0.068
0.071
0.070
0.071
-1.519
-1.785
-2.161
0.071
0.061
0.071
0.049
0.071
0.061
0.071
0.071
0.068
0.068
0.071
0.068
0.068
-2.267
0.064
0.071
0.067
0.058
0.071
0.071
0.071
0.071
0.071
0.071
0.071
0.071
0.068
0.071
0.049
0.049
-1.660
0.049
0.049
0.049
0.049
0.066
0.071
0.071
0.049
0.066
0.071
0.049
0.049
0.058
0.058
0.058
0.058
0.058
0.058
0.058
0.058
0.058
0.058
0.057
0.056
0.058
0.058
0.058
0.058
0.058
0.058
0.058
0.058
0.000
0.000
0.000
0.000
0.000
0.000
0.000
0.000
0.000
0.000
0.000
0.000
0.000
0.000
0.000
0.058
0.058
0.058
0.058
0.058
0.058
0.058
0.058
0.058
0.058
0.057
0.058
0.058
0.058
0.058
0.058
0.058
0.058
0.058
0.058
0.058
0.058
0.058
0.058
0.058
0.058
0.058
0.058
0.058
0.051
0.058
0.058
0.058
0.058
0.058
0.058
0.058
0.058
0.058
0.055
0.058
0.058
0.058
0.058
0.058
0.058
0.058
0.058
0.058
0.058
0.058
0.058
0.058
0.058
0.058
0.058
0.058
0.058
0.058
0.058
0.058
0.058
0.058
0.058
0.058
0.042
0.058
0.058
0.058
0.058
0.057
0.058
0.058
0.058
0.058
0.058
0.058
0.058
0.058
0.071
0.071
0.071
0.071
0.070
0.071
0.061
0.068
0.071
0.069
0.071
0.071
0.071
0.071
0.071
0.071
0.071
0.071
0.049
0.067
0.071
0.069
0.068
0.071
0.071
0.066
0.065
0.071
0.071
0.071
0.071
0.071
0.071
0.071
0.071
0.071
0.068
0.056
0.066
0.071
0.070
0.071
0.071
0.070
0.049
0.071
0.071
0.071
0.071
0.066
0.071
0.071
0.056
0.071
0.071
0.068
0.071
0.068
0.058
0.071
0.071
0.071
0.071
0.071
0.071
0.058
0.061
0.071
0.071
0.071
0.071
0.071
0.071
0.071
0.071
0.071
0.071
0.071
0.071
0.071
0.060
0.071
0.071
0.071
0.071
0.071
0.071
0.071
0.071
0.071
0.071
0.071
0.066
0.068
0.071
0.071
0.071
0.066
0.071
0.070
0.070
0.066
0.071
0.071
0.071
0.064
0.071
0.071
0.069
0.069
0.071
0.071
0.070
0.071
0.065
0.071
0.071
0.071
0.071
0.069
0.069
0.071
0.068
0.071
0.071
0.071
0.071
0.071
0.071
0.071
0.065
0.065
0.069
0.071
0.068
0.049
0.071
0.069
0.071
0.071
0.071
0.066
0.065
