fixedStep chrom=ENSGT00390000011000 start=1 step=1
-1.290
-1.285
-1.291
-1.291
-1.290
-3.948
-2.010
-1.290
-1.285
-2.008
-2.017
-2.010
-1.505
-1.505
-1.505
-1.076
-1.076
-1.074
-1.246
-1.074
-1.076
-1.074
-1.225
-4.199
-1.076
-1.076
-1.784
-1.076
-1.223
-1.339
-1.076
-1.074
-1.074
-1.076
-1.074
-1.076
-1.778
-1.074
-1.217
0.081
0.081
0.064
0.064
0.064
-4.633
0.077
0.081
0.059
0.077
0.081
0.064
0.064
0.077
0.081
0.081
0.081
0.077
0.064
0.077
0.077
-1.074
-1.074
-1.076
-1.076
-1.076
-1.123
-1.076
-1.076
-1.076
-1.074
-1.076
-1.220
-1.076
-1.076
-1.076
-1.102
-1.074
-1.076
0.081
0.064
0.081
0.064
0.060
0.064
0.081
0.081
0.077
0.064
0.077
0.064
0.064
0.064
0.064
-3.345
0.062
0.063
0.063
0.064
0.075
0.077
0.081
0.077
0.081
0.077
0.064
0.081
0.081
0.064
0.064
0.064
0.075
0.064
0.064
0.064
0.077
0.081
0.077
0.081
0.077
0.081
0.064
0.077
0.064
0.064
0.081
0.079
0.081
0.064
0.079
0.077
0.081
0.064
0.064
0.081
0.077
0.077
0.077
0.074
0.064
0.064
0.078
0.077
0.081
0.064
0.077
0.077
0.060
0.077
0.064
0.081
0.064
0.064
0.080
0.077
0.064
0.077
0.081
0.081
0.081
0.081
0.081
0.069
0.081
0.081
0.081
0.081
0.081
0.081
0.081
0.081
0.081
0.081
0.081
0.078
0.081
0.081
0.079
0.076
0.079
0.079
0.071
0.081
0.069
0.081
0.081
0.081
0.081
0.081
0.081
0.081
0.081
0.079
0.081
0.081
0.081
0.081
0.076
0.081
0.081
0.081
0.081
0.081
0.081
0.081
0.076
0.081
0.081
0.081
0.081
0.078
0.080
0.081
0.080
0.081
0.081
0.081
0.081
0.079
0.081
0.081
0.081
0.079
0.081
0.081
0.081
0.079
0.081
0.081
0.081
0.081
0.079
0.081
0.081
0.081
0.081
0.081
0.081
0.081
0.081
0.067
0.081
0.081
0.080
0.066
0.081
0.081
0.081
0.081
0.081
0.081
0.081
0.081
0.081
0.069
0.080
0.076
0.081
0.081
0.074
0.081
0.081
0.081
0.081
0.070
0.055
0.075
0.075
0.075
0.075
0.075
0.075
0.075
0.055
0.074
0.075
0.072
0.075
0.075
0.072
0.074
0.075
0.064
0.055
0.075
0.055
0.075
0.075
0.075
0.055
0.070
0.070
0.075
0.075
0.074
0.075
0.075
0.070
0.075
0.075
0.075
0.072
0.069
0.075
0.075
0.075
0.072
0.075
0.075
0.075
0.065
0.075
0.070
0.065
0.075
0.075
0.065
0.075
0.070
0.075
0.075
0.075
0.075
0.075
0.075
0.075
-3.657
0.075
0.075
0.075
0.070
0.075
0.075
0.073
0.075
0.075
0.075
0.064
0.075
0.075
0.070
0.075
0.072
0.070
0.075
0.070
0.075
0.075
0.075
0.075
0.075
0.070
0.075
0.075
0.075
0.075
0.075
0.075
0.075
0.075
0.074
0.075
0.075
0.075
0.075
0.075
0.056
0.075
0.075
0.075
0.075
0.075
0.074
0.075
0.075
0.075
0.075
0.075
0.075
0.075
0.075
0.075
0.075
0.068
0.075
0.075
0.075
0.075
0.075
0.075
0.075
0.072
0.075
0.075
0.075
0.075
0.072
0.075
0.075
0.075
0.075
0.075
0.075
0.052
0.075
0.075
0.052
0.070
0.072
0.075
0.075
0.075
0.075
0.075
0.075
0.075
0.075
0.072
0.075
0.075
0.075
0.075
0.075
0.056
0.075
0.075
0.075
0.075
0.075
0.055
0.075
0.075
0.071
0.075
0.072
0.073
0.075
0.075
0.075
0.075
0.075
0.075
0.075
0.075
0.075
0.074
0.075
0.075
0.075
0.075
0.072
0.075
0.075
0.075
0.071
0.075
0.075
0.075
0.070
0.075
0.075
0.075
0.072
0.075
0.075
0.075
0.055
0.075
0.072
0.070
0.075
0.075
0.075
0.075
0.069
0.075
0.075
0.075
0.081
0.081
0.078
0.081
0.079
0.066
0.081
0.081
0.069
0.071
0.081
0.078
0.081
0.078
0.079
0.081
0.081
0.079
0.081
0.081
0.081
0.081
0.081
0.078
0.078
0.059
0.061
0.081
0.081
0.081
0.081
0.078
0.069
0.081
0.081
0.076
0.081
0.081
0.081
0.081
0.081
0.079
0.081
0.081
0.078
0.081
0.081
0.081
0.068
0.078
0.079
0.081
0.081
0.081
0.081
0.081
0.081
0.081
0.079
0.072
0.081
0.081
0.078
0.081
0.081
0.081
0.081
0.081
0.079
0.081
0.080
0.075
0.081
0.081
0.081
0.079
0.073
0.081
0.081
0.081
0.081
0.081
0.081
0.081
0.081
0.081
0.081
0.078
0.069
0.079
0.078
0.069
0.077
0.078
0.081
0.081
0.081
0.081
0.081
0.081
0.081
0.081
0.081
0.079
0.081
0.081
0.081
0.080
0.081
0.081
0.081
0.081
0.081
0.081
0.078
0.081
0.081
0.079
0.081
0.081
0.081
0.081
0.081
0.081
0.081
0.078
0.081
0.081
0.078
0.081
0.081
0.081
0.081
0.081
0.078
0.081
0.081
0.081
0.081
0.081
0.081
0.081
0.081
0.081
0.079
0.079
0.069
0.081
0.081
0.081
0.081
0.081
0.081
0.081
0.081
0.081
0.081
0.081
0.079
0.079
0.081
0.069
0.081
0.081
0.076
0.081
0.081
0.079
0.081
0.081
0.081
0.081
0.081
0.080
0.081
0.081
0.081
0.081
0.081
0.081
0.081
0.081
0.081
0.076
0.076
0.076
0.076
0.076
0.076
0.063
0.076
0.076
0.076
0.076
0.076
0.076
0.076
0.073
0.076
0.076
0.076
0.076
0.076
0.076
0.076
0.076
0.076
0.076
0.076
0.076
0.076
0.076
0.076
0.066
0.076
0.076
0.076
0.063
0.076
0.063
0.073
0.076
0.076
0.076
0.073
0.074
0.076
0.076
0.076
0.076
0.074
0.076
0.076
0.073
0.073
0.076
0.076
0.076
0.073
0.075
0.063
0.073
0.076
0.076
0.063
0.073
0.076
0.076
0.076
0.076
0.076
0.076
0.076
0.076
0.068
0.076
0.076
0.073
0.076
0.076
0.076
0.076
0.076
0.076
0.072
0.066
0.067
0.073
0.076
0.076
0.076
0.076
0.076
0.075
0.067
0.074
0.061
0.066
0.074
0.060
0.076
0.076
0.076
0.076
0.076
0.076
0.076
0.073
0.073
0.076
0.076
0.076
0.076
0.075
0.076
0.076
0.074
0.076
0.076
0.076
0.076
0.076
0.062
0.073
0.063
0.073
0.076
0.076
0.076
0.076
0.076
0.076
0.076
0.076
0.074
0.076
0.076
-1.570
0.076
0.074
0.076
0.076
0.076
0.063
0.073
0.076
0.076
0.076
0.076
0.076
0.081
0.081
0.081
0.076
0.081
0.081
0.081
0.081
0.081
0.081
0.081
0.081
0.081
0.081
0.081
0.081
0.081
0.081
0.081
0.081
0.081
0.081
0.078
0.068
0.078
0.081
0.081
0.081
0.081
0.081
0.081
0.081
0.076
0.081
0.081
0.074
0.081
0.081
0.081
0.081
0.060
0.081
0.081
0.081
0.081
0.081
0.081
0.078
0.081
0.081
0.081
0.078
0.069
0.078
0.081
0.081
0.069
0.077
0.075
0.081
0.071
0.081
0.071
0.079
0.081
0.068
0.081
0.058
0.078
0.080
0.080
0.081
0.081
0.081
0.076
0.079
0.081
0.081
0.071
0.081
0.079
0.078
0.081
0.079
0.078
0.081
0.081
0.074
0.079
0.071
0.077
0.079
0.081
0.081
0.081
0.081
0.081
0.081
0.081
0.081
0.079
0.081
0.078
0.081
0.081
0.079
0.081
0.081
0.081
0.081
0.078
0.081
0.081
0.081
0.081
0.079
0.081
0.081
0.081
0.081
0.081
0.081
0.081
0.081
0.081
0.074
0.081
0.081
0.079
0.081
0.081
0.081
0.081
0.081
0.076
0.076
0.081
0.081
0.081
0.081
0.071
0.081
0.081
0.081
0.077
0.076
0.081
0.081
0.081
0.081
0.081
0.081
0.081
0.081
0.081
0.081
0.081
0.081
0.081
0.081
0.081
0.080
0.081
0.081
0.081
0.081
0.081
0.081
0.081
0.081
0.076
0.078
0.081
0.081
0.081
0.081
0.079
0.081
0.081
0.078
0.081
0.081
0.081
0.081
0.081
0.079
0.081
0.081
0.081
0.077
0.079
0.081
0.081
0.081
0.079
0.081
0.081
0.078
0.081
0.081
0.081
0.081
0.081
0.081
0.081
0.081
0.081
0.081
0.081
0.081
0.081
0.081
0.081
0.079
0.081
0.080
0.081
0.081
0.081
0.081
0.081
0.081
0.081
0.081
0.081
0.081
0.081
0.081
0.081
0.081
0.081
0.081
0.081
0.081
-0.076
-0.076
-0.076
-0.076
-0.076
-0.076
0.081
0.081
0.071
0.081
0.081
0.081
0.081
0.081
0.080
0.081
0.081
0.081
0.081
0.081
0.081
0.081
0.081
0.081
0.081
0.081
0.061
0.081
0.081
0.081
0.081
0.081
-2.819
0.081
0.081
0.081
0.081
0.081
0.081
0.081
0.081
0.081
0.079
0.081
0.081
0.077
0.081
0.078
0.081
0.081
0.081
0.081
0.081
0.081
0.081
0.081
0.081
0.081
0.081
0.079
0.081
0.081
0.081
0.081
0.081
0.081
0.079
0.081
0.081
0.081
0.079
0.069
0.081
0.081
0.081
0.081
0.081
0.081
0.081
0.081
0.081
0.081
0.081
0.081
0.079
0.081
0.081
0.079
0.081
0.081
0.081
0.081
0.081
0.081
0.081
0.081
0.081
0.079
0.081
0.081
0.081
0.081
0.081
0.081
0.081
0.081
0.081
0.080
0.081
0.081
0.081
0.079
0.069
0.076
0.080
0.081
0.081
0.081
0.081
0.081
0.081
0.081
0.081
0.081
0.081
0.081
0.081
0.081
0.079
0.081
0.081
0.076
0.081
0.081
0.081
