fixedStep chrom=ENSGT00390000002155 start=1 step=1
0.061
0.061
0.061
0.061
0.061
0.055
0.061
0.061
0.061
0.061
0.061
0.061
0.061
0.061
0.061
0.061
0.061
0.061
0.061
0.061
0.055
0.061
0.061
0.061
-1.853
0.061
0.061
0.061
0.061
0.054
0.061
0.061
0.059
0.061
-1.062
0.061
0.061
0.061
0.061
0.061
0.061
0.061
0.061
0.061
0.061
0.061
0.061
0.048
0.061
0.061
0.058
0.061
0.061
0.058
0.061
0.061
0.061
0.061
0.061
0.061
0.061
0.061
0.061
0.061
0.061
0.061
0.056
0.061
0.061
0.061
0.061
0.061
0.061
0.061
0.048
0.061
0.061
0.061
0.061
0.061
0.061
0.061
0.061
-1.163
0.061
0.061
0.061
0.061
0.061
0.061
0.061
0.061
0.061
0.061
0.061
0.061
0.061
0.061
-1.062
0.061
0.061
0.061
0.061
0.061
0.061
0.056
0.061
0.061
0.061
0.061
0.061
-1.059
0.061
0.056
0.061
0.061
0.061
0.061
0.061
0.060
0.061
0.061
0.061
0.061
0.061
0.061
0.061
0.061
0.061
0.061
0.061
0.061
0.061
0.061
0.059
0.061
0.061
0.058
0.061
0.061
0.056
0.061
0.061
0.060
0.061
0.061
0.061
0.061
0.061
0.061
0.061
0.061
0.058
0.061
0.061
0.061
0.055
0.061
0.061
0.060
0.061
0.061
0.061
0.061
0.061
0.048
0.061
0.061
0.061
0.061
0.061
0.061
0.061
0.061
0.061
0.061
-1.046
0.061
0.061
0.060
0.061
0.056
0.061
0.061
0.061
0.061
0.061
0.061
0.061
0.061
0.061
0.061
0.061
0.061
0.061
0.057
0.061
0.061
0.056
0.061
0.061
0.061
0.056
0.061
0.061
0.061
-1.059
0.061
0.061
-2.300
0.061
0.061
0.061
0.061
0.061
0.060
-1.064
0.061
-0.913
0.061
0.061
0.061
0.061
0.061
0.061
0.061
0.061
0.059
0.061
0.061
-3.448
0.061
0.061
0.053
0.061
0.061
0.061
0.061
0.061
0.061
0.061
0.061
0.061
0.061
0.061
-1.062
0.061
0.061
0.061
0.061
0.061
0.061
0.061
0.061
0.060
0.061
0.061
0.061
0.061
0.061
0.061
0.061
0.061
0.061
0.061
0.061
0.061
0.061
0.061
0.061
0.061
0.061
-1.431
0.061
0.061
0.059
0.061
0.061
0.061
0.061
0.061
0.061
0.061
0.061
0.061
0.061
0.061
0.061
0.059
0.061
0.061
0.061
0.061
0.048
0.061
0.061
0.061
0.061
0.061
0.059
0.056
0.061
0.060
0.061
0.061
-1.062
0.061
0.061
0.061
0.061
0.061
0.061
0.061
0.061
0.061
0.061
0.061
0.061
0.061
0.061
0.055
0.061
0.061
0.053
0.061
0.056
0.061
0.061
0.061
0.061
0.061
0.061
0.061
0.061
0.061
-1.062
0.061
0.061
0.056
0.058
0.056
0.058
0.061
0.061
-1.909
0.061
0.061
-1.873
0.061
0.061
0.056
0.061
0.061
0.053
0.061
0.061
0.060
0.061
-1.059
0.056
0.061
0.061
0.058
-1.046
0.061
-1.059
0.061
0.061
0.054
0.061
0.061
0.061
0.061
0.061
0.061
0.061
0.061
0.061
0.061
0.061
0.061
0.061
0.061
-2.279
0.061
0.061
0.061
0.061
0.061
0.061
0.061
0.061
0.061
0.061
0.061
0.061
0.061
0.060
0.061
0.061
0.061
-1.064
0.061
0.061
0.061
0.061
-1.044
0.061
0.061
0.061
0.061
0.061
0.061
0.061
0.061
0.061
0.061
0.056
0.061
0.061
0.061
0.061
0.061
0.061
0.061
0.061
0.061
0.061
0.061
0.061
0.061
0.061
0.056
0.061
0.061
0.061
0.061
0.059
0.061
0.061
0.061
0.061
0.061
0.048
0.061
0.061
0.061
0.061
0.061
0.061
0.061
0.061
0.061
0.061
0.058
0.061
0.061
0.061
0.061
0.056
0.061
0.061
0.061
0.061
0.056
0.061
0.061
0.061
0.061
0.061
0.061
0.061
0.061
0.061
0.061
0.061
0.061
0.061
0.061
0.061
0.061
0.061
0.061
-1.062
0.061
0.061
0.061
0.061
0.061
0.061
0.061
0.061
0.061
0.061
0.061
0.061
0.061
0.061
0.061
0.061
0.058
0.061
0.061
0.061
0.061
0.061
0.061
0.061
0.061
0.061
0.061
0.058
0.061
0.061
0.061
0.061
0.061
0.061
0.061
0.061
0.061
-1.059
0.061
0.061
0.061
0.061
0.061
0.056
0.061
0.061
0.061
0.061
0.061
0.061
0.061
0.061
0.061
0.061
0.061
-1.062
0.048
0.061
0.048
0.061
0.061
0.061
0.061
0.061
0.061
0.061
0.061
0.061
0.061
0.061
-1.059
0.061
0.061
0.061
0.060
0.061
0.061
0.061
-1.059
-1.878
0.061
0.056
0.061
0.058
0.061
0.048
0.061
0.061
-1.062
0.061
0.061
0.061
-1.059
0.061
0.061
0.061
0.061
0.056
0.061
0.061
0.061
0.061
0.056
-3.359
-0.423
-0.423
-0.423
-0.423
-0.423
-0.423
0.061
0.061
0.061
0.061
0.061
0.060
0.059
0.061
0.056
-0.215
0.061
0.061
0.061
0.061
0.061
0.061
0.061
0.061
-2.266
-1.913
0.059
0.061
0.061
0.061
-1.062
-1.062
0.058
0.061
0.048
0.061
0.061
0.061
0.061
0.061
0.061
0.061
0.061
0.056
-1.062
0.061
0.061
0.061
0.061
0.061
0.061
0.056
0.061
0.061
0.061
0.061
0.061
0.061
0.061
0.061
0.061
0.056
0.061
-1.059
0.061
0.061
0.061
0.061
0.061
0.056
0.048
0.061
0.061
0.061
0.060
0.061
0.061
0.061
0.061
0.061
0.061
0.061
0.061
0.061
0.061
0.061
0.056
0.061
0.061
0.061
0.061
0.061
0.061
0.061
0.061
0.061
0.059
0.061
0.061
0.061
0.061
0.061
0.061
0.061
0.061
0.061
0.061
0.061
0.061
0.061
0.061
0.061
0.061
0.061
0.061
0.061
0.061
0.061
0.061
0.061
0.061
0.061
0.060
