fixedStep chrom=ENSGT00390000011537 start=1 step=1
0.103
0.104
0.103
0.103
0.103
-0.615
0.104
0.103
0.095
0.092
-0.576
0.103
0.103
0.103
0.094
0.104
0.103
0.103
0.103
0.103
0.103
0.103
0.103
0.094
0.103
0.092
0.104
0.092
0.092
0.103
0.094
0.103
-0.615
0.094
-0.576
0.104
-0.599
0.103
0.104
-1.204
-1.816
-0.599
-1.934
0.094
-0.599
-0.731
-1.990
-1.279
-0.626
-0.625
-0.625
-0.726
-1.289
-0.624
0.103
0.103
0.103
0.103
0.103
0.103
-0.599
0.103
0.094
0.103
0.095
0.104
0.103
0.103
-0.621
0.103
0.094
0.104
0.103
0.103
0.103
0.103
-0.615
-0.615
-1.515
0.075
0.103
-1.797
0.104
0.104
0.103
-1.175
0.094
0.103
0.103
0.094
0.094
0.103
0.103
0.094
0.103
0.103
-0.599
0.092
-0.599
-0.666
-1.275
-0.666
-0.668
-0.666
-1.272
0.095
0.103
-1.200
0.103
0.094
0.103
0.103
0.104
0.103
-1.656
0.095
-0.588
0.104
0.103
0.104
0.095
0.103
0.103
0.103
0.095
0.104
-0.737
-0.737
-0.624
-0.626
-0.624
-0.625
-0.625
-0.625
-0.625
-1.289
-0.625
-0.630
0.103
0.103
0.103
0.103
0.104
0.103
0.103
0.103
0.103
0.094
0.093
0.093
0.095
0.103
0.103
0.094
0.103
0.095
0.103
0.094
0.103
0.094
0.103
0.103
0.103
0.093
0.094
-0.599
-1.771
0.104
0.103
0.104
0.094
0.094
0.104
0.095
0.095
0.104
-1.192
0.103
0.103
-0.599
0.104
0.103
0.104
0.103
0.103
0.103
0.103
0.103
0.103
0.103
0.092
0.103
0.103
0.104
0.103
0.104
0.103
-1.661
0.103
0.103
0.103
0.103
0.103
0.079
0.103
0.104
0.103
-0.576
0.104
0.103
0.100
0.094
-0.576
0.103
0.103
0.104
0.103
0.103
0.103
0.092
0.104
0.103
0.076
0.103
0.103
0.103
0.103
0.093
0.104
0.103
0.103
0.103
0.103
0.103
0.101
-0.621
0.103
0.095
-0.615
0.094
0.103
0.103
0.094
0.095
-0.576
0.103
-0.615
0.103
0.103
0.092
0.103
0.103
0.082
-0.615
0.104
0.103
0.103
0.103
0.095
0.104
0.094
0.103
0.103
-1.188
0.104
0.103
0.103
0.103
0.104
0.104
0.103
0.103
0.094
0.103
0.103
0.104
0.103
0.103
-0.803
-0.626
-1.096
-0.626
-1.288
-0.625
-0.624
