fixedStep chrom=ENSGT00390000010543 start=1 step=1
0.076
0.076
0.076
0.069
0.076
0.065
0.076
0.076
-1.700
-1.715
0.076
0.076
0.076
0.076
0.076
-3.651
0.076
0.076
0.076
0.076
0.076
0.076
0.076
0.069
0.076
0.076
0.076
0.074
0.076
0.075
0.076
0.076
0.076
0.076
0.076
-0.869
0.076
0.076
0.073
0.076
0.076
0.076
0.076
0.076
0.076
0.076
0.076
0.076
0.076
0.076
0.076
0.067
-0.869
0.069
0.076
0.076
0.076
0.076
0.076
0.076
0.074
-0.869
0.076
0.075
0.076
0.076
0.075
0.076
0.075
0.076
0.076
0.076
0.076
0.076
0.069
0.076
0.076
0.076
0.076
0.076
0.076
0.076
0.076
-0.865
0.073
0.076
0.075
0.076
0.076
0.073
0.076
0.076
-0.869
0.076
0.076
-0.869
0.076
0.076
0.074
0.076
-0.869
0.076
0.073
0.076
0.069
0.076
0.076
0.069
0.076
0.076
0.076
-0.869
0.076
0.068
0.076
0.076
0.076
0.076
0.076
0.076
0.076
0.076
0.076
0.076
0.076
0.076
0.076
0.076
-0.869
0.076
0.076
0.076
0.076
0.076
-1.712
0.076
0.076
0.076
0.076
0.076
0.076
0.076
0.076
0.076
0.076
0.076
0.076
0.076
0.076
0.076
0.076
0.076
0.073
0.069
0.076
0.076
-0.867
0.076
0.076
0.076
0.076
0.076
-0.867
0.076
0.076
0.076
0.076
0.076
0.076
0.076
0.074
0.076
0.076
0.076
-0.854
0.076
-0.869
0.076
0.076
0.073
0.076
0.076
0.076
0.069
0.076
0.076
0.076
0.076
0.076
0.076
0.076
0.073
0.076
0.076
0.074
0.076
0.076
0.076
0.069
0.076
0.076
0.076
0.076
0.076
0.071
0.076
0.075
0.076
0.076
0.073
0.076
0.076
0.074
0.076
0.076
-1.598
-0.867
-0.869
-0.869
0.076
0.076
0.076
0.076
0.076
0.076
0.076
0.076
0.076
0.076
0.076
0.076
0.076
0.076
0.076
0.076
0.076
0.069
0.076
0.076
0.076
0.076
0.076
0.076
0.076
0.076
0.069
0.069
0.074
0.073
0.076
0.076
0.076
0.076
0.076
-0.869
0.073
-0.867
0.076
-0.867
0.076
0.076
0.076
0.076
0.076
0.076
0.076
0.076
0.076
0.076
0.076
0.076
0.076
-0.869
-0.869
0.068
0.076
-1.554
0.076
0.076
-0.867
-0.869
0.076
0.076
0.076
0.073
0.076
0.076
0.076
-1.582
0.076
0.076
0.076
0.076
-0.869
0.076
0.076
0.076
0.076
0.069
0.068
0.000
0.000
0.000
0.000
0.000
0.000
0.000
0.000
0.000
-2.176
0.069
-0.869
0.075
-0.867
0.076
-0.871
-0.871
-1.180
-0.869
-1.407
0.076
0.073
-0.867
-2.405
0.076
0.076
-0.869
0.069
-0.866
0.076
0.076
0.068
0.076
-1.138
0.076
0.074
-1.598
0.072
-0.869
0.076
-0.867
0.076
0.071
0.076
0.074
0.067
0.065
0.075
0.076
0.074
0.076
0.076
0.076
0.069
0.076
0.076
0.076
0.076
0.076
0.069
0.076
0.076
0.076
0.076
0.076
0.076
0.076
0.076
0.076
0.076
0.067
0.076
0.076
0.076
0.073
0.069
-0.867
0.076
0.069
-0.854
0.076
0.076
0.076
0.069
0.076
0.076
-2.792
0.076
0.076
0.076
0.076
0.076
0.076
0.076
0.069
0.076
0.076
0.076
-0.869
0.076
0.076
0.069
0.076
0.076
0.065
0.076
0.076
0.076
0.074
0.076
0.075
0.076
0.076
0.076
0.076
0.076
0.076
0.076
0.076
0.076
0.076
0.076
0.076
0.076
0.076
0.074
0.076
0.076
0.076
0.076
0.076
0.076
-0.867
-0.867
0.076
0.076
0.076
0.076
0.076
0.076
0.076
0.076
0.076
0.076
0.076
0.076
0.076
0.076
0.076
0.076
0.076
-0.866
0.073
0.076
-0.867
0.076
0.068
0.076
0.069
0.076
0.076
0.076
0.069
0.076
0.076
0.076
0.076
0.076
