fixedStep chrom=ENSGT00390000010587 start=1 step=1
-0.208
-0.203
-0.210
0.118
0.118
0.114
0.117
0.111
0.118
0.118
0.118
0.118
0.116
0.118
0.117
0.111
0.117
0.118
0.111
0.117
0.118
0.115
0.118
0.107
-0.462
0.118
0.117
0.108
0.109
0.118
0.118
0.118
0.108
0.110
0.118
0.103
0.118
0.117
0.118
0.118
0.118
0.106
0.111
0.118
0.117
0.118
0.118
0.118
0.109
0.118
0.110
0.118
0.117
0.118
0.118
0.118
0.112
0.117
0.118
-0.458
-0.439
-0.459
-1.644
0.118
0.117
0.117
0.109
0.100
0.118
-0.439
0.118
0.103
0.118
0.118
0.118
0.118
0.118
-1.196
-0.458
-0.996
0.118
0.114
0.118
0.117
-1.427
-1.614
0.114
0.100
-0.975
0.118
-1.302
0.111
0.118
0.117
0.111
0.095
0.111
-0.458
0.115
0.118
0.111
-2.171
-0.458
0.103
0.118
0.118
0.084
-0.916
0.111
0.118
0.118
0.118
0.117
0.118
0.118
-1.998
0.117
0.117
0.108
0.109
-0.459
-1.097
0.109
0.107
0.118
-0.458
0.117
0.117
0.118
0.111
-1.111
0.118
0.118
0.095
0.118
0.118
0.111
0.118
0.118
-0.459
0.113
-1.501
0.118
-0.912
-0.912
0.118
-0.459
-0.439
0.118
0.115
0.111
-0.926
0.117
0.118
0.117
0.117
0.087
0.118
-0.462
0.118
-0.459
0.118
-0.462
0.108
-1.633
0.090
0.118
0.118
0.118
0.117
0.118
0.117
0.118
0.092
0.084
0.109
0.110
0.118
0.117
0.107
-1.770
-1.870
0.118
0.118
0.117
0.111
-1.196
0.103
0.094
0.087
0.118
0.118
0.108
0.094
-1.111
0.117
0.110
0.118
0.118
0.118
0.104
0.102
0.091
0.087
0.118
0.117
0.118
0.118
0.117
0.118
0.103
-1.322
0.114
-1.117
0.118
0.118
0.109
0.118
0.118
0.093
0.118
0.109
0.118
-0.927
0.090
0.118
0.118
0.109
0.108
0.118
0.117
0.108
0.111
0.118
0.118
0.090
0.115
0.117
0.118
0.109
0.108
0.118
0.118
0.106
0.118
-1.465
0.111
0.118
-1.953
0.118
0.117
0.118
-0.459
0.118
0.116
0.118
0.114
0.118
0.118
0.118
0.118
0.118
0.118
0.111
-0.458
0.118
0.094
-1.505
0.118
0.114
0.108
0.118
-0.462
0.111
0.090
0.118
0.118
0.117
0.118
0.118
0.110
0.094
0.118
-0.458
0.118
0.118
0.111
0.108
0.117
0.118
0.117
0.117
0.118
0.117
0.111
0.118
0.117
0.118
0.118
0.111
0.110
0.118
0.114
0.106
0.118
0.118
0.118
0.118
0.118
0.110
0.118
0.103
0.118
0.118
0.117
0.118
0.118
0.118
0.118
0.117
0.118
-2.434
-1.870
0.091
0.116
0.118
0.118
0.116
0.110
-0.439
0.092
-2.019
0.118
0.118
0.117
0.117
0.111
0.118
0.118
-1.377
-0.944
-1.818
