fixedStep chrom=ENSGT00520000059926 start=1 step=1
0.054
0.054
0.054
0.054
0.054
-0.818
0.054
0.054
0.054
0.054
0.046
0.054
0.054
0.054
-1.226
0.054
0.054
0.054
0.054
0.048
0.048
0.054
0.054
0.054
0.054
0.054
0.054
0.054
0.054
0.054
0.054
0.054
-1.219
0.054
0.054
0.054
0.054
0.054
0.054
0.054
0.054
0.054
0.054
0.054
0.050
0.054
0.054
0.054
0.054
0.054
0.054
0.054
0.054
0.054
0.054
0.054
0.054
0.054
0.054
0.054
0.054
0.048
0.054
0.054
0.054
-2.230
0.054
0.054
0.048
0.054
0.054
0.048
-1.229
0.054
0.054
0.054
0.054
0.054
0.054
0.054
0.054
0.054
0.051
0.054
0.048
0.048
0.054
0.054
0.054
0.054
0.054
0.054
0.054
0.054
0.054
0.054
0.054
0.054
0.054
0.054
0.054
0.054
0.054
0.050
0.054
0.054
0.054
-1.223
0.054
0.054
0.054
0.054
0.054
-1.211
0.054
0.054
0.054
0.054
0.054
0.054
0.054
0.054
0.054
0.054
0.054
0.054
-1.226
0.054
0.054
0.054
0.054
0.054
0.054
0.054
0.054
0.054
0.046
0.048
0.054
0.054
0.054
0.054
0.054
0.054
0.054
0.054
0.054
0.054
0.054
0.054
0.054
0.054
0.054
0.054
0.054
0.054
0.054
0.054
0.054
0.054
0.054
0.054
0.054
0.054
0.054
0.054
0.048
0.054
0.054
0.054
0.051
0.054
0.054
0.054
0.054
0.054
0.054
0.054
-1.197
-1.197
0.054
0.054
0.054
0.054
0.054
0.054
0.050
0.048
0.054
0.054
0.054
0.054
0.054
0.054
-1.265
0.054
0.054
0.054
0.054
0.054
0.054
0.054
0.054
0.054
0.054
0.054
0.054
0.054
0.054
0.054
-1.330
-1.330
-1.331
0.054
0.054
0.054
0.054
0.054
0.054
0.054
0.054
0.054
0.054
0.054
0.054
0.054
0.054
0.054
0.054
0.054
-1.223
0.054
0.054
0.054
0.054
0.054
0.054
0.048
0.054
0.054
0.046
0.054
0.050
0.000
0.000
0.000
