fixedStep chrom=ENSGT00390000001159 start=1 step=1
0.072
0.072
0.072
0.072
0.072
0.072
0.072
0.072
0.072
0.072
0.072
0.063
0.072
0.072
0.071
0.072
0.072
0.072
-0.198
-0.198
-0.198
0.072
0.067
0.072
0.063
0.072
0.072
0.072
0.072
0.067
0.072
0.072
0.063
0.072
0.072
0.072
0.070
0.072
0.070
0.070
0.071
0.072
0.062
0.072
0.072
0.072
0.070
0.072
0.070
0.072
0.072
0.072
0.067
0.067
0.072
0.072
0.072
0.072
0.072
0.070
0.071
0.072
0.066
0.072
0.072
0.072
0.072
0.072
-1.748
0.072
0.072
0.063
0.072
0.072
-1.545
0.065
0.063
-3.661
0.071
0.065
0.068
0.071
0.072
0.066
0.063
0.071
0.064
0.072
0.067
0.071
0.065
0.072
0.065
0.072
0.072
0.072
0.072
0.072
0.072
0.072
0.072
0.072
0.072
0.072
0.065
0.072
0.072
0.072
0.072
0.072
0.072
-0.875
0.070
0.071
0.072
0.072
0.072
0.072
0.072
0.072
-0.853
0.072
0.067
-0.875
0.072
0.072
0.072
0.072
0.072
0.072
0.072
0.072
0.072
0.072
0.072
0.072
0.072
0.067
0.072
0.072
0.072
0.072
0.072
0.072
0.072
0.072
0.072
0.072
0.072
0.072
0.072
0.072
0.072
0.072
0.072
0.072
0.072
0.072
0.070
0.072
0.072
0.058
0.072
0.072
0.071
0.072
0.072
0.069
0.072
0.072
0.072
0.072
0.072
0.072
0.072
0.072
0.072
0.072
0.072
0.072
0.072
0.072
0.072
0.072
0.072
0.070
0.071
0.069
0.072
0.072
0.072
0.072
0.072
0.072
0.072
0.071
0.065
0.072
0.072
0.072
0.072
0.072
0.072
0.072
0.069
-0.853
0.072
0.072
0.072
0.072
0.072
0.072
0.067
0.072
0.072
0.072
0.067
0.072
0.067
0.070
0.072
0.072
0.072
0.072
0.072
0.072
0.072
-2.304
0.072
0.072
0.072
0.072
0.072
0.072
0.072
0.063
0.072
0.072
0.072
0.072
0.072
-1.538
0.072
0.072
-0.877
0.072
0.072
-1.543
0.072
0.063
0.072
0.072
0.072
-0.877
0.071
-1.773
0.067
0.072
0.072
0.072
0.072
0.063
0.072
0.072
-3.589
0.070
0.063
0.072
0.072
0.067
0.072
0.072
0.071
-1.645
-1.615
0.062
-2.187
0.072
-0.877
0.072
0.072
0.072
0.072
0.072
0.072
0.071
0.072
0.063
0.072
0.072
0.072
0.072
0.072
0.072
0.072
0.072
0.063
0.072
0.072
0.067
0.072
0.072
0.072
0.072
0.072
0.072
0.072
0.072
0.072
0.072
0.072
0.072
0.072
0.072
0.072
0.058
0.066
-0.874
0.072
0.072
0.072
0.072
0.062
-0.874
0.072
0.072
0.072
0.072
0.072
0.072
0.072
0.072
0.072
0.072
0.072
0.072
0.070
0.072
0.072
0.072
0.067
0.072
0.072
0.072
0.072
0.072
0.072
0.072
0.072
0.072
0.072
0.072
0.072
0.072
0.072
0.072
0.072
0.072
0.072
0.072
0.072
0.072
0.072
0.072
0.072
0.072
0.072
0.072
0.070
0.072
0.070
0.072
0.072
0.072
0.072
0.072
0.072
0.072
0.072
0.072
0.072
0.072
0.072
0.072
0.072
0.072
0.067
0.072
0.072
0.072
0.072
0.072
0.072
0.072
0.072
0.072
0.066
0.072
0.072
0.072
0.072
0.072
0.072
0.072
0.071
0.072
0.072
0.072
0.072
0.072
0.071
0.072
0.072
0.072
0.072
0.071
0.072
-0.853
0.072
0.072
0.072
0.072
0.072
0.072
0.072
0.072
0.072
0.072
0.072
0.072
0.072
0.072
0.072
0.067
0.072
0.072
0.072
0.071
0.072
0.072
0.072
0.072
0.069
0.072
0.072
0.072
0.072
0.072
0.072
0.070
0.072
0.072
0.072
0.066
0.072
0.072
0.072
0.072
0.070
0.072
0.070
0.072
0.072
0.072
0.072
0.072
0.070
0.072
0.070
0.070
-1.756
0.066
0.072
0.072
0.072
0.072
0.067
0.071
-2.484
0.072
0.072
0.072
0.072
0.072
0.067
0.072
0.072
-0.875
0.072
0.072
0.066
0.072
0.071
0.070
0.060
0.066
0.072
0.072
-2.243
0.072
0.072
0.072
0.072
0.072
0.072
0.072
0.072
0.072
0.072
0.071
0.070
0.072
0.072
0.072
0.072
0.072
0.072
0.072
0.070
0.072
0.072
0.070
0.072
0.072
0.072
0.072
0.072
0.067
0.072
0.072
0.067
0.072
0.072
0.072
0.062
0.070
0.062
0.072
0.072
0.067
0.072
0.072
0.072
0.072
0.072
0.072
0.072
0.072
0.072
-0.877
0.072
0.072
0.072
0.072
0.072
0.072
0.072
0.072
0.072
0.072
0.067
0.072
0.072
0.072
0.072
0.072
0.072
0.072
0.072
0.067
0.072
0.072
0.067
0.072
0.072
0.072
0.072
0.072
0.063
0.070
0.072
0.070
0.072
0.072
-1.712
0.061
0.072
0.072
-1.511
0.069
0.070
0.070
0.072
0.072
0.072
0.072
0.072
0.072
0.069
0.062
0.072
0.072
0.063
0.072
0.072
0.070
0.072
0.072
0.072
0.072
0.072
-0.872
-0.872
0.072
0.072
0.070
0.072
0.067
0.072
0.072
-0.875
0.072
0.072
0.072
0.072
0.072
0.070
0.072
0.072
0.070
0.072
0.072
0.067
0.072
0.072
0.072
0.072
0.072
0.062
0.072
0.072
0.072
0.072
0.072
0.065
0.067
0.072
0.072
0.072
0.072
0.072
0.072
0.072
0.072
0.072
0.072
0.072
0.062
0.072
0.072
0.072
0.072
0.072
0.072
0.072
0.072
0.072
0.072
0.067
0.072
0.072
0.072
0.072
0.063
0.072
0.070
0.072
0.072
0.072
0.072
0.072
0.072
0.072
0.070
0.072
0.072
0.072
0.072
0.072
0.072
0.072
0.072
0.072
0.072
0.072
0.072
0.072
0.072
0.072
0.072
0.072
0.070
0.070
0.072
0.072
0.072
0.072
0.072
0.072
0.072
0.072
0.072
0.067
0.072
0.072
0.072
0.072
