fixedStep chrom=ENSGT00390000016889 start=1 step=1
-1.152
-1.151
-1.152
-1.152
-1.152
-1.152
-1.385
-1.152
-1.152
-1.448
-1.152
-1.609
0.050
0.050
0.050
0.050
0.050
0.050
0.050
0.050
0.050
0.050
0.050
0.050
0.050
0.050
0.050
0.045
0.050
0.045
0.050
0.050
0.050
0.050
0.050
0.050
-1.152
-1.152
-1.152
0.050
0.050
0.050
0.050
0.050
0.050
0.050
0.050
0.050
0.050
-1.255
0.050
-1.152
-1.152
-1.152
0.050
0.050
0.050
0.050
0.050
0.050
0.050
0.050
0.050
0.050
0.050
0.050
0.050
-1.267
0.050
0.050
0.050
0.050
0.050
0.050
0.050
0.050
0.050
0.050
0.050
0.050
0.050
0.050
0.050
0.050
0.050
0.050
0.050
0.050
0.050
0.050
0.050
0.050
0.050
0.050
0.050
0.050
0.050
0.050
0.045
0.050
0.050
0.050
0.050
0.050
0.041
0.050
0.050
0.050
0.050
0.050
0.050
0.045
0.050
0.045
0.045
0.045
0.048
0.050
0.050
0.050
0.050
0.050
0.050
0.050
0.050
0.045
0.050
0.050
0.050
0.050
0.050
0.050
0.050
0.050
0.049
0.050
0.050
0.050
0.050
0.050
0.050
0.050
0.050
0.050
0.050
0.050
0.050
0.050
0.050
0.050
0.050
0.050
0.050
0.050
0.050
0.045
0.050
0.050
-1.270
0.050
0.050
0.050
-1.270
0.050
0.050
0.050
0.050
0.045
0.050
0.050
0.050
0.050
0.050
0.050
0.049
0.050
0.050
0.050
0.050
0.048
0.049
0.050
0.049
0.050
0.050
0.044
0.050
0.050
0.050
0.050
0.050
0.050
0.050
0.050
0.050
0.050
0.050
0.050
0.050
0.050
0.050
0.050
0.050
0.050
0.050
0.050
0.050
0.050
0.050
0.050
0.050
0.050
-1.270
0.045
0.050
-1.267
0.050
0.050
0.050
0.050
0.050
0.050
0.050
0.050
0.050
0.050
0.050
0.045
0.050
0.050
0.050
0.050
0.050
0.050
0.050
0.050
0.050
0.050
0.050
0.050
0.050
0.050
0.050
0.050
0.050
0.050
0.050
0.050
0.050
0.050
0.050
0.050
0.050
0.050
0.048
0.050
0.050
0.050
0.050
0.050
0.050
0.050
0.050
0.050
0.050
0.050
0.050
0.050
0.050
0.050
0.050
0.050
0.050
0.050
0.050
0.050
0.050
0.050
0.050
0.050
0.050
0.044
0.050
0.050
0.050
0.050
0.050
0.050
0.050
0.050
0.050
0.050
0.050
0.050
0.050
0.050
0.050
0.050
0.050
0.050
0.050
0.050
-1.255
0.050
0.050
0.050
0.050
0.050
0.050
0.050
0.050
0.050
0.050
0.050
0.050
0.050
0.050
0.050
0.050
0.050
0.050
0.050
0.050
0.050
0.050
0.050
0.050
0.050
0.050
0.050
0.050
0.050
0.050
0.050
0.050
0.050
0.050
0.050
0.050
0.050
0.050
0.050
0.050
0.050
0.048
0.050
0.050
0.050
0.050
0.050
0.050
0.050
0.050
0.050
0.050
0.050
0.045
0.050
0.050
0.050
0.050
0.050
0.050
0.050
0.050
0.045
0.050
0.050
0.050
