fixedStep chrom=ENSGT00390000013249 start=1 step=1
0.072
0.072
0.072
0.072
0.072
0.070
0.072
0.069
0.060
0.060
0.072
0.071
0.070
0.060
0.063
0.072
0.071
0.067
0.072
0.072
0.071
0.071
0.064
0.072
0.061
0.072
0.072
0.072
0.072
0.072
0.065
0.072
0.070
0.072
0.072
0.071
0.072
0.072
0.072
0.072
0.060
0.072
0.060
0.072
0.072
0.068
0.072
0.072
0.072
0.072
0.072
0.063
0.071
0.072
0.065
0.071
0.070
0.072
0.072
0.072
0.072
0.072
0.071
0.071
0.072
0.072
0.072
0.072
0.068
0.072
0.072
0.070
0.072
0.072
0.072
0.063
0.072
0.072
0.072
0.072
0.071
0.067
0.072
0.072
0.067
0.072
0.072
0.067
0.072
0.070
0.072
0.072
0.072
0.072
0.072
0.072
0.072
0.072
0.070
0.072
0.072
0.068
0.072
0.072
0.070
0.072
0.072
0.072
0.072
0.072
0.072
0.072
0.072
0.071
0.072
0.072
0.070
0.072
0.072
0.069
0.072
0.072
0.072
0.072
0.072
0.070
0.072
0.072
0.068
0.072
0.072
0.072
0.072
0.070
0.072
0.072
0.072
0.071
0.072
0.072
0.072
0.072
0.072
0.072
0.072
0.072
0.072
0.072
0.072
0.072
0.072
0.072
0.072
0.072
0.072
0.072
0.072
0.072
0.072
0.072
0.072
0.070
0.072
0.072
0.072
0.072
0.072
0.072
0.072
0.072
0.070
0.072
0.072
0.072
0.072
0.072
0.072
0.072
0.072
0.072
0.072
0.072
0.072
0.072
0.072
0.067
0.072
0.072
0.072
0.072
0.072
0.072
0.072
0.072
0.068
0.072
0.072
0.065
0.072
0.072
0.070
0.072
0.072
0.072
0.072
0.072
0.072
0.072
0.072
0.072
0.068
0.068
0.065
0.068
0.068
0.068
0.068
0.068
0.065
0.068
0.068
0.068
0.068
0.068
0.068
0.068
0.068
0.068
0.068
0.068
0.068
0.065
0.068
0.068
0.068
0.068
0.068
0.068
0.068
0.068
0.068
0.068
0.068
0.068
0.068
0.068
0.068
0.068
0.068
0.068
0.068
0.068
0.068
0.068
0.068
0.068
0.068
0.068
0.068
0.068
0.068
0.068
0.068
0.068
0.068
0.068
0.068
0.050
0.068
0.067
0.068
0.068
0.068
0.068
0.068
0.068
0.068
0.068
0.068
0.068
0.068
0.064
0.068
0.068
0.068
0.068
0.068
0.068
0.068
0.068
0.068
0.068
0.068
0.068
0.068
0.068
0.068
0.068
0.068
0.068
0.068
0.068
0.068
0.068
0.068
0.068
0.068
0.068
0.066
0.068
0.068
0.068
0.068
0.072
0.072
0.072
0.072
0.072
0.072
0.072
0.072
-1.361
-1.361
-1.361
0.072
0.072
0.070
0.072
0.072
0.071
0.072
0.072
0.068
0.072
0.072
0.061
0.072
0.072
0.072
0.072
0.072
0.070
0.072
0.072
0.072
0.072
0.072
0.070
0.070
0.070
0.072
-1.368
-1.367
-1.367
0.063
0.072
0.072
0.072
0.072
0.072
0.072
0.072
0.072
-1.361
-1.361
-1.588
-1.570
-1.361
-1.368
0.072
0.072
0.072
0.072
0.072
0.070
0.072
0.072
0.072
0.072
0.072
0.072
0.072
0.072
0.072
0.060
0.072
0.072
-0.180
-0.180
-0.180
-0.180
-0.180
-0.180
0.072
0.072
0.072
0.053
0.072
0.053
0.068
0.053
-3.858
0.053
0.072
0.072
0.072
0.072
0.072
0.072
0.072
0.072
0.072
0.072
0.072
0.068
0.053
0.053
0.053
0.072
0.072
0.053
0.072
0.053
0.068
0.072
0.068
0.072
0.072
0.070
0.072
0.072
0.068
0.053
0.053
0.072
0.053
0.068
-2.124
0.068
0.072
0.056
0.053
0.068
0.066
0.068
0.072
0.071
0.068
0.068
0.050
0.068
0.068
0.070
0.072
0.053
0.072
0.072
0.072
0.053
0.068
0.053
0.053
0.072
0.068
0.053
0.068
0.053
0.071
0.053
0.053
0.057
0.072
0.072
0.068
0.068
0.072
0.072
0.072
0.072
0.072
0.072
0.072
0.072
0.072
0.072
0.072
0.071
0.072
0.072
0.072
0.072
0.072
0.072
0.072
0.072
0.072
0.072
0.067
0.072
0.072
0.072
0.072
0.072
0.072
0.072
0.072
0.072
0.072
0.072
0.070
0.072
0.072
0.070
0.072
0.072
0.072
0.072
0.072
0.072
0.072
0.072
0.072
0.072
0.072
0.072
0.072
0.072
0.072
0.072
0.072
0.070
0.072
0.072
0.070
0.072
0.072
0.072
0.072
0.072
0.072
0.072
0.072
0.072
0.072
0.072
0.072
0.072
0.072
0.068
0.072
0.072
0.072
0.072
0.072
0.070
0.072
0.072
0.072
0.072
0.072
0.070
0.072
0.072
0.070
0.072
0.072
0.072
0.072
0.072
0.072
0.072
0.072
0.072
0.072
0.072
0.070
0.072
0.072
0.072
0.072
0.072
0.072
0.072
0.072
0.072
0.072
0.072
0.072
0.072
0.072
0.072
0.072
0.072
0.072
0.072
0.072
0.072
0.072
0.072
0.068
0.072
0.072
0.072
0.072
0.072
0.072
0.072
0.072
0.072
0.072
0.072
0.071
0.072
0.072
0.070
0.072
0.072
0.072
0.072
0.072
0.072
0.072
0.072
0.072
0.072
0.072
0.071
0.072
0.072
0.070
0.070
0.072
0.072
0.072
0.072
0.072
0.072
0.072
0.067
0.072
0.072
0.072
0.072
0.072
0.057
0.072
0.072
0.072
0.072
0.072
0.072
0.072
0.072
0.072
0.072
0.072
0.072
0.072
0.072
0.071
0.072
0.072
0.072
0.072
0.072
0.072
0.072
0.072
0.072
0.072
0.072
0.072
0.072
0.072
0.071
0.072
0.072
0.072
0.072
0.072
0.070
0.072
0.072
0.072
0.072
0.072
0.067
0.072
0.072
0.070
0.072
0.072
0.072
0.072
0.072
0.072
0.072
0.072
0.072
0.072
0.072
0.071
0.072
0.067
0.070
0.072
0.072
0.072
0.072
0.072
0.070
0.072
0.072
0.072
0.072
0.072
0.072
0.072
0.072
0.063
0.072
0.072
0.057
0.072
0.072
0.071
0.072
0.072
0.072
0.072
0.072
0.070
0.072
0.072
0.072
0.072
0.072
0.071
0.072
0.072
0.072
0.072
0.072
0.070
0.072
0.072
0.072
0.072
0.072
0.070
0.072
0.072
0.072
0.072
0.072
0.072
0.072
0.072
0.072
0.072
0.072
0.072
0.072
0.072
0.072
0.072
0.072
0.070
0.072
0.072
0.072
0.072
0.072
0.072
0.072
0.072
0.072
0.072
0.072
0.070
0.072
0.072
0.072
0.072
0.072
0.072
0.072
0.072
0.072
0.072
0.072
0.070
0.072
0.072
0.065
0.072
0.072
0.072
0.069
0.072
0.072
0.072
0.072
0.072
0.072
0.072
0.072
0.072
0.072
0.072
0.072
0.072
0.072
0.072
0.072
0.072
0.072
0.072
0.072
0.072
0.072
0.072
0.072
0.072
0.072
0.072
0.072
0.072
0.072
0.072
0.072
0.072
0.072
0.072
0.053
0.072
0.070
0.072
0.072
0.057
0.072
0.072
0.072
0.072
0.072
0.072
0.072
0.072
0.072
0.072
0.071
0.070
0.072
0.072
0.072
0.072
0.072
0.072
0.072
0.072
0.072
0.072
0.072
0.071
0.071
0.072
0.072
0.072
0.072
0.072
0.072
0.072
0.072
0.072
0.072
0.072
0.072
0.072
0.072
0.065
0.072
0.072
0.072
0.072
0.072
0.072
0.072
0.070
0.072
0.072
0.072
0.072
0.072
0.070
0.072
0.072
0.072
0.072
0.072
0.070
0.072
0.072
0.071
0.072
0.072
0.072
0.072
0.072
0.072
0.072
0.072
0.070
0.072
0.072
0.072
0.072
0.072
0.070
0.072
0.072
0.071
0.072
0.072
0.072
0.072
0.072
0.068
0.072
0.072
0.072
0.072
0.072
0.072
0.072
0.072
0.071
0.072
0.072
0.072
0.072
0.072
0.072
0.072
0.072
0.072
0.072
0.072
0.072
0.072
0.072
0.072
0.072
0.072
0.070
0.072
0.072
0.072
0.072
0.072
0.072
0.070
0.072
0.061
0.072
0.072
0.072
0.072
0.072
0.068
0.072
0.072
0.072
0.072
0.072
0.072
0.072
0.072
0.072
0.072
0.072
0.072
0.072
0.072
0.066
0.072
0.072
0.072
0.072
0.072
0.072
0.072
0.072
0.072
0.072
0.069
0.070
0.072
0.072
0.072
0.072
0.061
0.068
0.072
0.072
0.063
0.072
0.070
0.072
0.072
0.072
0.070
0.072
0.071
0.072
0.068
0.072
0.072
0.072
0.072
0.072
0.072
0.072
0.072
0.072
0.072
0.072
0.072
0.072
0.072
0.072
0.072
0.072
0.072
0.072
0.069
0.067
0.072
0.067
0.071
0.072
0.070
0.072
0.072
0.068
0.072
0.072
0.071
0.072
0.072
0.071
0.072
0.072
0.072
0.072
0.072
0.072
0.072
0.072
0.072
0.072
0.072
0.072
0.072
0.072
0.072
0.072
0.072
0.072
0.072
0.072
0.072
0.072
0.072
0.072
0.072
0.072
0.061
0.072
0.072
0.072
0.072
0.072
0.070
0.072
0.072
0.072
0.072
0.072
0.071
0.072
0.072
0.072
0.072
0.072
0.072
0.072
0.072
0.072
0.072
0.072
0.072
0.072
0.072
0.072
0.072
0.072
0.070
0.072
0.072
0.071
0.072
0.072
0.070
0.072
0.072
0.067
0.072
0.072
0.060
0.072
0.072
0.060
0.072
0.072
0.072
0.072
0.070
0.072
0.072
0.072
0.071
0.072
0.072
0.067
0.072
0.072
0.072
0.072
0.072
0.072
0.072
0.072
0.068
0.072
0.072
0.070
0.072
0.072
0.070
0.072
0.072
0.070
0.072
0.072
0.072
0.072
0.072
0.072
0.072
0.072
0.072
0.072
0.072
0.070
0.072
0.072
0.072
0.072
0.072
0.072
0.072
0.070
0.071
0.061
0.072
0.067
0.072
0.072
0.072
0.072
0.072
0.072
0.072
0.072
0.067
0.072
0.072
0.072
0.072
0.072
0.071
0.072
0.072
0.070
0.072
0.072
0.072
0.072
0.072
0.072
0.072
0.072
0.071
0.072
0.072
0.072
0.072
0.072
0.072
0.072
0.072
0.072
0.070
0.072
0.072
0.072
0.072
0.069
0.072
0.072
0.072
0.072
0.072
0.072
0.072
0.072
0.071
0.072
0.072
0.072
0.072
0.072
0.072
0.072
0.072
0.072
0.072
0.072
0.070
0.072
0.072
0.072
0.072
0.072
0.068
0.072
0.071
0.070
0.072
0.072
0.072
0.072
0.072
0.072
0.072
0.072
0.072
0.072
0.072
0.072
0.072
0.072
0.063
0.072
0.072
0.072
0.072
0.072
0.072
0.072
0.072
0.072
0.072
0.072
0.072
0.072
0.072
0.072
0.072
0.072
0.072
0.072
0.072
0.072
0.072
0.072
0.072
0.072
0.072
0.072
0.072
0.072
0.072
0.072
0.072
0.068
0.072
0.072
0.057
0.072
0.072
0.071
0.072
0.072
0.071
0.072
0.072
0.072
0.072
0.072
0.060
0.072
0.072
0.070
0.072
0.072
0.072
0.072
0.072
0.071
0.072
0.072
0.072
0.072
0.072
0.072
0.072
0.072
0.072
0.072
0.072
0.070
0.072
0.072
0.072
0.072
0.072
0.072
0.068
0.072
0.072
0.072
0.072
0.072
0.072
0.072
0.072
0.072
0.072
0.072
0.072
0.072
0.072
0.070
0.072
0.070
0.072
0.072
0.072
0.072
0.072
0.072
0.072
0.072
0.072
0.070
0.072
0.070
0.072
0.072
0.070
0.072
0.072
0.070
0.072
0.072
0.072
0.072
0.072
0.072
0.072
0.072
0.072
0.072
0.072
0.072
0.072
0.072
0.070
0.072
0.072
0.072
0.072
0.072
0.072
0.072
0.070
0.072
0.072
0.072
0.072
0.072
0.072
0.060
0.072
0.072
0.068
-0.162
-0.162
-0.162
0.072
0.072
0.070
0.072
0.072
0.070
0.053
0.072
0.053
0.068
0.070
0.065
0.055
0.053
0.053
0.072
0.070
0.072
0.068
0.066
0.052
0.068
-2.135
0.068
0.068
0.053
0.072
0.070
0.072
0.068
0.072
0.070
0.060
0.068
0.068
0.068
0.072
0.067
0.068
0.072
0.068
0.053
0.072
0.072
0.068
0.053
0.072
-3.262
0.053
0.053
0.053
0.068
0.072
0.072
0.053
0.072
0.068
0.068
0.053
0.053
0.068
0.053
0.072
0.068
0.053
0.068
0.072
0.072
0.067
0.072
0.053
0.070
0.053
0.053
0.072
0.053
0.053
0.066
0.053
0.063
0.066
0.047
0.063
0.047
0.066
0.068
-1.548
0.068
0.068
-1.684
0.068
0.068
0.066
-1.680
0.063
0.066
0.047
0.063
0.047
0.047
0.047
0.068
0.068
0.068
-1.613
0.047
-1.532
0.047
0.064
0.068
0.068
0.047
0.047
0.047
0.047
0.068
0.047
0.068
0.063
-2.282
0.068
0.068
0.068
-1.126
-1.124
-2.006
-0.146
-0.146
-0.146
-0.146
-0.146
-0.146
0.068
0.047
0.067
0.047
0.047
0.047
-1.379
0.047
0.063
0.063
0.068
0.047
0.063
0.066
0.063
0.068
0.068
0.063
0.068
0.063
0.068
0.064
0.068
0.063
0.063
0.068
0.068
0.047
0.047
0.047
0.047
0.068
0.063
-2.548
0.063
-2.273
0.047
0.047
0.047
0.047
0.068
0.063
0.068
0.068
0.063
0.047
0.068
0.047
0.068
0.068
0.066
0.068
0.047
-1.653
0.047
0.063
0.059
0.047
0.063
0.047
0.050
0.063
0.047
0.047
0.063
0.063
0.063
0.068
0.047
0.047
0.068
0.047
0.068
0.047
0.047
0.068
0.068
0.068
0.047
0.047
0.047
0.047
0.068
0.068
0.047
0.047
0.063
0.068
0.068
0.068
0.060
0.068
0.068
0.063
0.068
0.068
0.068
0.066
0.063
-1.124
-1.124
-1.126
-1.126
-1.124
-1.126
-1.126
-1.126
-1.126
0.063
0.050
0.063
0.063
0.068
-1.712
0.063
0.063
0.063
0.047
0.068
0.063
0.047
0.068
0.059
0.047
0.063
0.047
0.068
0.068
0.072
0.072
0.072
0.072
0.072
0.072
0.072
0.072
0.072
0.065
0.072
0.072
0.071
0.072
0.072
0.068
0.070
0.072
0.072
0.072
0.072
0.071
0.072
0.072
0.071
0.072
0.072
0.072
0.072
0.072
0.072
0.072
0.072
0.070
0.072
0.072
0.072
0.072
0.072
0.063
0.072
0.072
0.072
0.072
0.072
0.072
0.070
0.072
0.072
0.072
0.071
0.072
0.072
0.072
0.072
0.072
0.072
0.072
0.072
0.072
0.072
0.072
0.072
0.072
0.071
0.072
0.072
0.072
0.072
0.070
0.072
0.072
0.072
0.072
0.072
0.072
0.072
0.072
0.072
0.072
0.072
0.071
0.072
0.072
0.072
0.072
0.072
0.072
0.071
0.072
0.070
0.072
0.072
0.072
0.072
0.072
0.072
0.072
0.072
0.072
0.069
0.072
0.072
0.072
0.072
0.072
0.072
0.072
0.071
0.072
0.072
0.070
0.072
0.072
0.072
0.072
0.072
0.072
0.072
0.072
0.067
0.072
0.072
0.068
0.072
0.072
0.061
0.072
0.072
0.070
0.072
0.072
0.072
0.072
0.072
0.072
0.072
0.072
0.072
0.072
0.072
0.058
0.072
0.072
0.072
0.070
0.072
0.070
0.072
0.072
0.072
0.072
0.072
0.070
0.072
0.072
0.072
0.072
0.072
0.070
0.072
0.072
0.063
0.072
0.072
0.067
0.072
0.072
0.071
0.072
0.072
0.068
0.072
0.072
0.072
0.072
0.072
0.071
0.072
0.072
0.072
0.072
0.072
0.072
0.072
0.072
0.072
0.072
0.072
0.072
0.072
0.072
0.072
0.072
0.072
0.070
0.072
0.072
0.071
0.072
0.072
0.072
0.072
0.072
0.067
0.072
0.072
0.072
0.072
0.072
0.072
0.072
0.072
0.072
0.072
0.072
0.072
0.072
0.072
0.070
0.070
0.072
0.072
0.072
0.072
0.070
0.072
0.072
0.057
0.072
0.072
0.070
0.072
0.072
0.072
0.072
0.072
0.072
0.072
0.072
0.072
0.072
0.072
0.067
0.072
0.072
0.072
0.072
0.072
0.068
0.072
0.072
0.072
0.072
0.072
0.065
0.072
0.072
0.072
0.072
0.072
0.071
0.072
0.072
0.070
0.072
0.072
0.072
0.072
0.072
0.072
0.071
0.072
0.072
0.072
0.072
0.071
0.072
0.072
0.068
0.072
0.072
0.072
0.072
0.072
0.072
0.072
0.072
0.070
0.072
0.072
0.072
0.072
0.072
0.070
0.072
0.072
0.072
0.072
0.072
0.072
0.072
0.072
0.072
0.072
0.072
0.072
0.072
0.072
0.072
0.072
0.072
0.072
0.072
0.072
0.072
0.072
0.072
0.072
0.072
0.072
0.072
0.072
0.072
0.068
0.070
0.072
0.071
0.072
0.072
0.072
0.072
0.072
0.072
0.072
0.072
0.056
0.072
0.072
0.069
0.072
0.072
0.072
0.072
0.072
0.070
0.072
0.072
0.072
0.072
0.072
0.072
0.072
0.072
0.072
0.072
0.072
0.060
0.060
0.072
0.072
0.072
0.072
0.072
0.071
0.072
0.068
0.070
0.072
0.070
0.072
0.072
0.070
0.072
0.072
0.072
0.072
0.072
0.072
0.072
0.072
0.067
0.071
0.072
0.072
0.072
0.072
0.072
0.072
0.072
0.070
0.072
0.072
0.072
0.072
0.072
0.070
0.063
0.072
0.067
0.072
0.072
0.062
0.072
0.072
-3.139
0.072
0.070
0.072
0.072
0.072
0.072
0.072
0.072
0.072
0.072
0.068
0.072
0.072
0.072
0.072
0.072
0.072
0.070
0.072
0.072
0.068
0.072
0.072
0.070
0.072
0.072
0.070
0.067
0.072
0.072
0.072
0.072
0.072
0.072
0.072
0.072
0.072
0.072
0.070
0.072
0.072
0.072
0.072
0.072
0.072
0.072
0.072
0.070
0.072
0.072
0.072
0.072
0.072
0.070
0.072
0.072
0.071
0.072
0.072
0.070
0.072
0.072
0.070
0.072
0.072
0.072
0.072
0.072
0.072
0.072
0.072
0.072
0.072
0.072
0.070
0.072
0.072
0.072
0.072
0.072
0.072
0.071
0.072
0.061
0.072
0.072
0.060
0.072
0.072
0.072
0.072
0.072
0.072
0.072
0.072
0.072
0.070
0.072
0.070
0.065
0.072
0.072
0.072
0.072
0.072
0.072
0.072
0.072
0.072
0.072
0.063
0.072
0.072
0.072
0.072
0.072
0.070
0.072
0.072
0.069
0.072
0.072
0.072
-1.368
-1.368
-1.366
0.072
0.072
0.072
0.071
0.071
0.067
0.072
0.072
0.072
0.072
0.070
0.072
0.072
0.072
0.072
0.072
0.072
0.072
-1.368
-1.368
-1.366
0.072
0.072
0.072
0.072
0.072
0.072
0.072
0.072
0.072
0.067
0.072
0.071
0.072
0.072
0.072
0.072
0.072
0.058
0.072
0.072
0.072
0.072
0.071
0.072
0.072
0.071
0.072
0.072
0.072
0.072
0.072
0.072
0.070
0.072
0.072
0.063
0.072
0.072
0.061
0.061
0.072
0.072
0.067
0.072
0.059
-2.225
-1.588
-1.366
0.072
0.072
0.072
0.072
0.072
0.072
0.072
0.070
0.072
0.072
0.070
0.072
0.072
0.072
0.072
0.072
0.060
0.072
0.072
0.065
0.072
0.072
0.072
0.072
0.072
0.072
0.072
0.070
0.072
0.072
0.072
0.072
0.072
0.063
0.072
0.072
0.072
0.072
0.070
0.070
0.072
0.070
0.068
0.072
0.072
0.072
0.072
0.063
0.072
0.072
0.072
0.072
0.072
0.072
0.072
0.072
0.072
0.072
0.072
0.072
0.068
0.072
0.072
0.072
0.072
0.071
0.067
0.072
0.071
0.070
0.061
0.071
0.067
0.072
0.070
0.070
0.072
0.070
0.071
0.072
0.068
0.072
0.070
0.072
0.072
0.072
0.065
0.072
0.072
0.072
0.068
0.072
0.072
0.072
0.072
0.070
0.060
0.072
0.072
0.072
0.068
0.070
0.072
0.072
0.053
0.072
0.072
0.072
0.072
0.072
0.071
0.072
0.072
0.070
0.070
0.060
0.072
0.067
0.070
0.063
0.072
0.072
0.072
0.072
0.072
0.072
0.072
0.072
0.072
0.072
0.072
0.071
0.072
0.072
0.072
0.072
0.072
0.070
-2.188
0.072
0.072
0.072
0.072
0.072
0.072
0.072
0.072
0.072
0.072
0.072
0.072
0.072
0.072
0.072
0.072
0.072
0.072
0.072
0.072
0.072
0.072
0.072
0.072
0.072
0.068
0.072
0.072
0.069
0.072
0.072
0.071
0.072
0.070
0.072
0.072
0.072
0.072
0.072
0.063
0.065
0.072
0.072
0.072
0.072
0.072
0.072
0.070
0.072
0.072
0.072
0.072
0.070
0.072
0.072
0.061
0.072
0.072
0.072
0.072
0.072
0.072
0.072
0.072
0.072
0.072
0.072
0.072
0.072
0.072
0.072
0.072
0.072
0.072
0.072
0.072
0.072
0.072
0.072
0.071
0.072
0.072
0.072
0.072
0.072
0.072
0.072
0.072
0.072
0.072
0.072
0.067
0.068
0.068
0.066
0.068
0.068
0.068
0.068
0.068
0.068
0.068
0.068
0.068
0.068
0.068
0.064
0.068
0.068
0.068
0.068
0.068
0.068
0.068
0.068
0.068
0.068
0.068
0.068
0.068
0.068
0.068
0.068
0.068
0.068
0.050
0.068
0.068
0.068
0.068
0.068
0.068
0.068
0.068
0.068
0.068
0.068
0.068
0.068
0.065
0.068
0.068
0.068
0.068
0.068
0.068
0.068
0.068
0.068
0.068
0.068
0.068
0.068
0.068
0.068
0.068
0.068
0.064
0.068
0.068
0.065
0.065
0.064
0.067
0.068
0.068
0.068
0.068
0.068
0.061
0.068
0.068
0.068
0.068
0.068
0.068
0.068
0.068
0.068
0.068
0.068
0.068
0.068
0.067
0.066
0.068
0.068
0.068
0.068
0.068
0.068
0.063
0.068
0.065
0.064
0.068
0.068
0.068
0.068
0.068
0.068
0.068
0.068
0.068
0.068
0.068
0.068
0.068
0.068
0.068
0.068
0.064
0.068
0.068
0.068
0.068
0.068
0.068
0.068
0.068
0.068
0.068
0.068
0.049
0.068
0.068
0.068
0.068
0.068
0.068
0.064
0.068
0.050
0.068
0.068
0.063
0.068
0.068
0.068
0.068
0.068
0.068
0.068
0.068
0.068
0.068
0.068
0.050
0.068
0.068
0.068
0.068
0.068
0.068
0.068
0.068
0.068
0.068
0.068
0.068
0.068
0.068
0.068
0.068
0.068
0.062
0.068
0.068
0.068
0.068
0.068
0.068
0.068
0.068
0.068
0.068
0.066
0.068
0.047
0.068
0.065
0.068
0.068
0.068
0.068
0.068
0.066
0.064
0.068
0.064
0.068
0.068
0.068
0.068
0.068
0.050
0.068
0.068
0.057
0.068
0.068
0.068
0.068
0.068
0.068
0.068
0.068
0.068
0.064
0.068
0.068
0.068
0.068
0.065
0.068
0.068
0.064
0.068
0.068
0.068
-1.313
-1.313
-1.313
0.055
0.068
0.067
0.068
0.068
0.065
0.065
0.068
0.068
0.068
0.068
0.068
0.068
0.068
0.061
0.061
0.061
0.061
0.061
0.061
0.061
0.061
0.061
0.061
0.061
0.061
0.061
0.061
0.061
0.061
0.061
0.061
0.061
0.066
0.066
0.066
0.066
0.066
0.056
0.066
0.066
0.066
0.066
0.066
0.066
0.066
0.066
0.064
0.066
0.071
0.060
0.072
0.072
0.053
0.072
0.072
0.072
0.070
0.063
0.070
