fixedStep chrom=ENSGT00510000048535 start=1 step=1
0.071
0.071
0.071
0.071
0.063
0.060
0.071
0.071
0.071
0.068
0.068
0.071
0.071
0.071
0.063
0.069
0.071
0.071
0.071
0.071
0.067
0.071
0.071
0.071
0.071
0.071
0.071
0.069
0.071
0.071
0.071
0.071
0.071
0.071
0.071
0.071
0.069
0.071
0.071
0.070
0.071
0.071
0.071
0.071
0.067
0.071
0.071
0.069
0.069
0.071
0.068
0.071
0.071
0.071
0.054
0.068
0.071
0.070
0.062
0.071
0.071
0.069
0.071
0.071
0.071
0.066
0.069
0.069
0.069
0.071
0.068
0.071
0.071
0.060
0.071
0.071
0.071
0.071
0.071
0.071
0.071
0.071
0.071
0.069
0.071
0.071
0.071
0.071
0.071
0.071
0.071
0.069
0.071
0.069
0.071
0.071
0.071
0.071
0.066
0.069
0.071
0.068
0.069
0.063
0.071
0.071
0.067
0.071
0.071
0.071
0.071
0.071
0.071
0.071
0.053
0.071
0.069
0.071
0.071
0.071
0.071
0.071
0.070
0.071
0.071
0.069
0.071
0.071
0.067
0.071
0.071
0.068
0.071
0.071
0.071
0.071
-3.359
0.071
0.071
0.071
0.071
0.071
0.071
0.068
0.069
0.071
0.071
0.071
0.068
0.070
0.071
0.071
0.071
0.071
0.071
0.071
0.071
0.071
0.071
0.071
0.071
0.071
0.071
0.071
0.071
0.065
0.065
0.065
0.065
0.051
0.061
0.065
0.065
0.065
0.065
0.065
0.065
0.065
0.065
0.065
0.065
0.065
0.065
0.065
0.065
0.065
0.065
0.061
0.065
0.063
0.065
0.065
0.063
0.065
0.065
0.063
0.065
0.063
0.065
0.065
0.054
0.065
0.065
0.065
0.065
0.065
0.065
0.065
0.065
0.065
0.065
0.065
0.065
0.065
0.065
0.065
0.065
0.065
0.061
0.065
0.065
0.065
0.065
0.065
0.065
0.071
0.071
0.071
0.071
0.071
0.068
0.071
0.071
0.071
0.071
0.071
0.071
0.071
0.071
0.071
0.071
0.071
0.071
0.071
0.071
0.068
0.071
0.071
0.071
0.071
0.071
0.069
0.071
0.071
0.071
0.071
0.071
0.071
0.071
0.071
0.071
0.071
0.071
0.071
0.071
0.071
0.069
0.071
0.071
0.071
0.071
0.071
0.071
0.071
0.071
0.068
0.071
0.071
0.071
0.071
0.071
0.071
0.071
0.071
0.071
0.071
0.071
0.053
0.071
0.071
0.069
0.071
0.071
0.071
0.071
0.071
0.071
0.071
0.071
0.071
0.071
0.071
0.064
0.071
0.069
0.055
0.071
0.071
0.069
0.071
0.068
0.071
0.069
0.071
0.071
0.071
0.071
0.069
0.071
0.070
0.071
0.071
0.071
0.067
0.071
0.071
0.071
0.071
0.071
0.071
0.071
0.071
0.069
0.071
0.071
0.065
0.071
0.071
0.068
0.071
0.071
0.068
0.071
0.071
0.066
0.071
0.071
0.071
0.071
0.071
0.069
0.071
0.055
-1.725
0.069
0.071
0.063
0.071
0.068
0.071
0.060
0.071
0.071
0.063
0.068
0.071
0.071
0.071
0.070
0.071
0.071
0.069
0.071
0.071
0.071
0.071
0.071
0.071
0.071
0.071
0.069
0.071
0.069
0.071
0.071
0.071
0.071
0.071
0.071
0.071
0.071
0.071
0.071
0.071
0.071
0.071
0.071
0.071
0.071
0.071
0.071
0.070
0.071
0.071
0.071
0.071
0.071
0.071
0.071
0.071
0.071
0.071
0.071
0.065
0.071
0.071
0.069
0.056
0.063
0.071
0.063
0.071
0.071
0.069
0.071
0.071
0.071
0.071
0.071
0.071
0.068
0.069
0.068
0.071
0.066
0.063
0.071
0.070
0.071
0.071
0.069
0.071
0.071
0.071
0.071
0.071
0.068
0.071
0.071
0.071
0.071
0.071
0.071
0.060
0.071
0.071
0.071
0.071
0.068
0.068
0.071
0.071
0.071
0.071
0.071
0.071
0.071
0.071
0.071
0.071
0.071
0.071
0.071
0.071
0.071
0.071
0.070
0.071
0.071
0.071
0.071
0.071
0.068
0.071
0.071
0.071
0.071
0.071
0.071
0.071
0.071
0.071
0.071
0.071
0.071
0.069
0.071
0.071
0.071
0.071
0.071
0.071
0.071
0.071
0.071
0.071
0.071
-1.738
0.071
0.071
0.071
0.071
0.071
0.071
0.071
0.071
0.071
0.071
0.071
0.071
0.055
0.071
0.071
0.071
0.069
0.069
0.067
0.069
0.067
0.071
0.071
0.069
0.071
0.071
