fixedStep chrom=ENSGT00390000018603 start=1 step=1
0.061
0.061
0.061
0.061
0.061
0.061
0.056
0.061
0.061
0.061
0.061
0.061
0.061
0.061
0.061
0.057
0.061
0.061
0.061
0.061
0.061
0.061
0.061
0.061
0.061
0.061
0.061
0.061
0.061
0.060
0.061
0.061
0.061
0.061
0.061
0.061
0.061
0.061
0.061
0.061
0.061
0.061
0.048
0.061
0.061
0.061
0.061
0.057
0.061
0.061
0.061
0.061
0.061
0.060
0.061
0.061
0.061
0.060
0.061
0.061
0.061
0.061
0.061
0.061
0.061
0.061
0.061
0.061
0.053
0.061
0.061
0.061
0.061
0.061
0.061
0.061
0.061
0.061
0.059
0.061
0.061
-1.012
0.061
0.058
0.061
0.061
0.061
0.061
0.061
0.061
0.061
0.061
0.061
0.048
0.061
0.061
0.061
0.061
0.061
0.061
0.061
0.061
0.061
0.061
0.061
0.061
0.061
0.061
0.061
0.061
0.061
0.060
0.061
0.061
0.061
0.061
0.061
0.061
0.061
0.061
0.061
0.061
0.060
0.061
0.061
0.061
0.061
0.061
0.053
0.061
0.061
0.057
0.061
0.061
0.061
0.061
0.061
0.061
0.061
0.054
0.061
0.061
0.061
0.059
0.058
0.061
0.061
0.061
0.061
0.061
0.061
0.061
0.061
0.061
0.061
0.059
0.061
0.061
0.061
0.061
0.061
0.061
0.061
0.061
-1.747
0.061
0.061
0.061
0.061
0.061
0.061
0.061
0.061
0.060
0.061
0.061
0.061
0.061
0.061
0.061
0.061
0.061
0.057
0.061
0.061
0.057
0.061
0.060
0.061
0.061
0.061
0.057
0.061
0.061
0.061
0.057
0.061
-0.990
0.061
0.061
0.061
0.061
0.060
-0.990
0.061
0.061
0.055
0.060
0.061
0.061
0.060
0.061
0.061
0.061
0.061
0.060
-2.433
0.060
0.061
0.058
0.061
0.061
0.061
0.061
0.061
0.061
0.061
0.061
0.061
0.052
0.061
0.061
0.048
-0.990
0.061
0.058
0.056
0.061
0.061
0.060
0.061
0.061
0.061
0.061
0.061
0.059
-1.009
0.061
-1.006
0.061
0.060
0.061
0.061
0.061
0.061
0.061
0.061
0.061
0.061
0.061
0.061
0.061
0.061
0.058
0.060
0.058
0.048
-1.619
0.057
0.057
0.061
0.061
0.058
0.061
0.061
0.053
0.054
0.057
0.061
0.061
0.048
0.061
0.053
0.061
0.061
0.061
0.061
0.061
0.061
0.061
0.061
0.061
0.061
0.061
0.061
0.061
0.061
0.061
0.061
0.061
0.061
0.061
0.061
0.061
0.061
0.061
0.061
0.061
0.061
0.061
0.061
0.057
0.061
0.061
0.061
0.061
0.061
0.061
0.061
0.061
0.061
0.061
0.061
0.058
0.061
0.061
0.061
0.061
0.054
0.061
0.061
0.061
0.061
0.061
0.061
0.061
0.061
0.061
0.061
0.061
0.061
0.061
-1.907
-1.912
0.000
