fixedStep chrom=ENSGT00510000047336 start=1 step=1
0.084
0.084
0.084
0.084
0.084
0.084
0.084
0.084
0.084
0.074
0.084
0.084
0.084
0.084
0.084
0.084
0.084
0.066
0.084
0.075
0.060
0.084
0.084
0.072
0.084
0.084
0.084
0.084
0.084
0.084
0.084
0.084
0.084
0.084
0.084
0.084
0.084
0.084
0.084
0.079
0.084
0.083
0.080
0.083
0.084
0.084
0.082
0.084
0.084
0.084
0.084
0.084
0.084
0.084
0.084
0.084
0.084
0.084
0.084
0.084
0.084
0.080
0.084
0.084
0.084
0.084
0.084
0.078
0.074
0.084
0.084
0.081
0.084
0.084
0.073
0.084
0.082
0.082
0.084
0.080
0.084
0.084
0.084
0.084
0.084
0.084
0.084
0.084
0.084
0.084
0.084
0.084
0.080
0.084
0.082
0.078
0.084
0.084
0.081
0.084
0.082
0.084
0.084
0.084
0.084
0.084
0.084
0.084
0.084
0.074
0.084
0.069
0.084
0.073
0.084
0.084
0.084
0.084
0.084
0.084
0.084
0.084
0.070
0.075
0.084
0.082
0.084
0.084
0.084
0.084
0.084
0.084
0.084
0.084
0.078
0.084
0.084
0.084
0.084
0.084
0.084
0.084
0.084
0.068
0.084
0.084
0.084
0.084
0.080
0.084
0.084
0.084
0.075
0.084
0.084
0.084
0.084
0.084
0.084
0.084
0.084
0.084
0.084
0.084
0.084
0.084
0.084
0.065
0.084
0.084
0.074
0.084
0.084
0.083
0.084
0.084
0.082
0.084
0.084
0.084
0.078
0.084
0.082
0.084
0.084
0.084
0.084
0.084
0.084
0.084
0.084
0.084
0.082
0.084
0.068
0.084
0.084
0.084
0.084
0.084
0.082
0.084
0.084
0.084
0.084
0.084
0.081
0.084
0.084
0.084
0.084
0.084
0.084
0.084
0.084
0.084
0.084
0.084
0.084
0.084
0.084
0.078
0.084
0.084
0.084
0.082
0.084
0.084
0.084
0.082
0.084
0.084
0.084
0.083
0.084
0.084
0.080
0.084
0.084
0.084
0.084
0.084
0.079
0.084
0.084
0.084
0.084
0.084
0.084
0.084
0.084
0.081
0.084
0.084
0.082
0.084
0.084
0.084
0.084
0.084
0.083
0.084
0.084
0.084
0.084
0.084
0.080
0.084
0.084
0.084
0.084
0.084
0.084
0.084
0.081
0.081
0.072
0.072
-0.779
0.081
0.081
0.078
-0.780
-0.780
-0.780
0.081
0.081
-0.779
0.071
0.072
-1.446
-0.795
0.072
-0.779
-0.779
-0.779
0.081
0.081
0.081
0.081
-0.792
0.081
0.081
0.081
-0.792
-0.795
-0.794
-0.795
-0.779
-0.795
-0.792
0.078
0.081
0.072
0.081
0.081
-0.779
-1.467
-0.794
-0.792
-1.673
0.073
-0.779
0.062
-0.792
0.079
-1.446
0.079
0.077
-0.794
-0.792
-2.211
0.068
0.081
0.081
0.072
0.069
0.081
-2.078
0.072
-0.792
-0.792
0.081
0.081
0.072
-0.794
0.072
-2.938
0.081
0.081
-0.795
0.081
-0.794
0.069
0.072
0.081
-0.795
0.081
0.081
0.081
0.081
0.072
0.081
0.072
0.072
-0.779
0.072
0.081
-0.794
0.072
0.081
0.081
0.081
-0.795
-1.577
-0.795
0.068
-0.795
-0.795
0.081
0.072
0.081
0.081
0.081
0.072
0.081
0.072
-0.779
-0.780
-0.779
-0.780
-0.780
-1.564
0.081
0.081
-2.078
-0.795
-0.792
0.081
0.081
0.081
0.081
0.072
-0.792
0.079
0.081
-0.792
0.072
-0.779
-0.779
-0.780
-1.620
-0.780
-0.780
-0.780
-0.780
-0.779
-0.780
-0.780
-0.780
-0.780
-0.780
-0.994
-0.795
0.081
0.081
0.081
0.081
0.081
0.081
0.081
0.081
0.081
0.081
0.081
0.081
0.081
0.081
0.081
0.081
0.081
0.081
0.081
0.081
0.081
0.081
0.081
0.081
0.081
0.081
0.081
0.081
0.077
0.081
0.081
0.081
0.081
0.081
0.081
0.081
0.081
0.066
0.081
0.081
0.079
0.081
0.081
0.081
0.081
0.081
0.081
0.081
0.081
0.081
0.081
0.081
0.075
0.081
0.081
0.078
0.081
0.081
0.081
0.081
0.081
0.078
0.081
0.081
0.081
0.081
0.081
0.069
0.081
0.081
0.081
0.072
0.081
0.071
-0.779
-0.794
-0.779
-0.794
0.081
-0.794
0.072
-0.792
0.079
0.072
0.072
0.072
0.072
0.077
-0.792
-2.060
0.081
-0.792
-0.794
0.081
0.069
-0.792
-0.794
0.072
0.081
0.081
0.072
-0.116
-0.116
-0.116
0.072
0.081
0.072
0.081
0.081
0.072
-0.795
0.081
0.072
-0.795
0.072
0.072
0.081
0.072
-0.779
-0.779
0.081
-0.795
0.072
0.081
-1.445
0.081
-0.792
0.081
0.072
0.081
-0.795
0.072
-0.794
0.078
-0.794
0.081
0.072
-0.792
0.081
-0.792
0.072
-0.794
0.081
0.081
0.081
0.081
-0.779
-0.794
-1.996
0.081
0.081
-1.408
0.072
0.081
0.072
-0.792
0.077
0.072
0.072
0.081
-1.645
-0.795
0.081
0.081
0.081
0.081
0.069
-0.795
-0.795
-0.794
0.081
0.081
0.081
0.081
0.081
0.072
-0.795
-0.792
0.078
-0.792
0.072
-0.795
-0.780
-0.780
-0.779
0.072
-0.795
0.072
-0.792
0.062
-1.446
0.081
0.081
0.072
-0.792
-0.792
-0.792
-0.794
0.072
0.078
0.077
0.078
0.081
0.079
0.081
0.081
0.081
0.081
0.075
0.081
0.081
0.078
0.081
0.081
0.069
0.081
0.081
0.081
0.068
0.081
0.081
0.081
0.081
0.068
0.081
0.081
0.081
0.081
0.081
0.081
0.081
0.081
0.081
0.081
0.081
0.078
0.081
0.081
0.081
0.081
0.081
0.081
0.081
0.081
0.081
-0.150
-0.150
-0.150
-2.070
-2.069
-2.071
0.084
0.084
0.081
0.084
0.084
0.084
0.084
0.084
0.080
0.084
0.084
0.082
0.084
0.084
0.084
0.084
0.082
0.084
0.084
0.084
0.082
0.084
0.084
0.084
0.084
0.084
0.084
0.084
0.084
0.084
0.084
0.084
0.084
0.084
0.084
0.084
0.084
0.084
0.084
0.084
0.084
0.083
0.084
0.084
0.081
0.084
0.084
0.081
0.084
0.084
0.084
0.084
0.084
0.082
0.084
0.069
0.084
0.084
0.084
0.084
0.084
0.084
0.080
0.084
0.084
0.084
0.082
0.084
0.084
0.084
0.084
0.084
0.084
0.084
0.078
0.084
0.084
0.084
0.084
0.084
0.080
0.084
0.084
0.084
0.079
0.084
0.084
0.084
0.084
0.084
0.084
0.084
0.084
0.084
0.084
0.083
0.084
0.084
0.084
0.080
0.084
0.084
0.084
0.084
0.084
0.081
0.082
0.081
0.084
0.084
0.084
0.084
0.084
0.082
0.084
0.084
0.084
0.084
0.084
0.080
0.084
0.084
0.084
0.084
0.084
0.084
0.084
0.083
0.084
0.084
0.084
0.080
0.084
0.084
0.084
0.084
0.078
0.083
0.084
0.084
0.084
0.084
0.084
0.084
0.084
0.084
0.084
0.084
0.084
0.084
0.084
0.084
0.083
0.084
0.084
0.084
0.084
0.084
0.084
0.084
0.084
0.084
0.084
0.084
0.082
0.084
0.084
0.084
0.084
0.084
0.084
0.084
0.084
0.081
0.084
0.084
0.080
0.084
0.069
0.074
0.084
0.084
0.084
0.084
0.084
0.081
0.084
0.082
0.068
0.083
0.084
0.081
0.084
0.080
0.082
0.084
0.084
0.084
0.084
0.084
0.084
0.084
0.084
0.080
0.084
0.084
0.084
0.070
0.084
0.084
0.084
0.084
0.069
0.084
0.084
0.069
0.084
0.084
0.084
0.084
0.084
0.083
0.084
0.084
0.084
0.084
0.084
0.072
0.084
0.084
0.084
0.084
0.084
0.084
0.084
0.084
0.078
0.084
0.084
0.084
0.084
0.084
0.081
0.084
0.084
0.082
0.083
0.084
0.084
0.084
0.084
0.080
0.080
0.084
0.084
0.084
0.084
0.084
0.074
0.083
0.080
0.074
0.084
0.084
0.084
0.084
0.082
0.065
0.084
0.084
0.084
0.084
0.081
0.084
0.084
0.084
0.084
0.084
0.078
0.084
0.084
0.084
0.084
0.084
0.084
0.084
0.084
0.084
-0.745
0.084
0.084
0.084
0.084
0.084
-0.748
0.084
0.084
0.084
0.084
0.081
0.075
0.084
0.082
0.084
0.084
0.084
0.084
0.084
-3.564
0.084
0.084
0.084
0.079
0.084
0.084
0.081
0.084
0.079
0.084
0.084
0.084
0.084
0.084
0.084
0.084
0.084
0.084
0.084
0.084
0.069
0.065
0.081
0.084
0.084
0.084
-0.745
0.084
0.084
0.080
0.084
0.084
0.081
0.084
0.084
0.084
0.084
0.084
0.082
0.084
0.084
0.084
0.084
0.084
0.079
0.084
0.084
0.084
0.084
0.084
0.084
0.084
0.084
0.084
0.084
0.084
0.084
0.084
0.084
0.084
0.084
0.084
0.081
0.084
0.084
0.082
0.084
0.072
0.081
0.083
0.084
0.084
0.084
0.084
0.084
0.082
0.084
0.079
0.084
0.084
0.084
0.084
0.084
0.084
0.084
0.084
0.084
0.084
0.084
0.078
0.084
0.084
0.080
0.084
0.084
0.084
0.084
0.084
0.081
0.084
0.084
0.069
0.084
0.084
0.084
0.084
0.084
0.083
0.084
0.083
0.081
0.084
0.084
0.084
0.084
0.084
0.084
0.084
0.084
0.083
0.078
0.084
0.084
-1.440
-1.439
-1.439
-1.439
-1.440
-1.987
0.084
0.084
0.082
0.084
0.084
0.082
0.084
0.084
0.084
0.084
0.084
0.084
0.084
0.084
0.084
0.084
0.084
0.084
0.078
0.078
0.084
-1.442
-1.439
-1.439
-1.442
-1.440
-1.440
-1.429
-1.429
-1.440
0.084
0.074
0.084
0.084
0.084
0.084
0.084
0.084
0.081
0.084
0.084
0.081
0.084
0.084
0.084
0.084
0.084
0.084
0.084
0.084
0.073
0.084
0.084
0.078
0.084
0.084
0.084
0.084
0.084
0.084
0.084
0.084
0.084
0.084
0.084
0.082
0.084
0.084
0.069
0.084
0.084
0.084
0.084
0.084
0.083
0.084
0.084
0.079
0.084
0.084
0.075
