fixedStep chrom=ENSGT00390000016006 start=1 step=1
-1.693
-2.747
-2.425
-1.698
-2.215
-1.695
-1.693
-1.676
-1.693
-1.695
-1.676
-1.976
-1.695
-1.676
-1.676
0.082
0.082
0.082
0.082
0.082
0.082
0.082
0.082
0.076
0.076
0.076
0.062
0.076
0.072
0.076
0.082
0.082
0.082
0.077
0.076
0.076
0.082
0.082
0.082
0.082
0.082
0.082
0.080
0.082
0.077
0.082
0.082
0.082
0.082
0.082
0.077
0.071
0.076
0.077
0.082
0.082
0.082
0.077
0.082
0.082
0.082
0.082
0.082
0.082
-1.537
0.076
0.082
0.082
0.082
0.082
0.077
0.082
0.082
0.062
0.082
0.082
0.082
0.082
-0.272
-0.272
-0.272
0.082
0.082
0.082
0.082
0.082
0.062
0.077
0.061
0.076
0.078
0.082
0.082
0.061
0.082
0.082
0.082
0.081
0.082
0.082
0.082
0.082
0.082
0.082
0.082
0.082
0.082
0.082
0.077
0.077
0.082
0.082
0.082
0.079
-1.598
-1.596
-1.582
0.082
0.082
0.077
0.082
0.077
0.082
0.082
0.076
0.082
-1.596
-1.056
-1.190
0.082
0.082
0.077
0.076
-0.795
0.077
0.082
0.082
0.082
0.082
0.082
0.082
-1.676
-1.695
-1.676
-1.698
-4.234
-3.454
-1.693
-1.676
-1.698
-1.698
-2.184
-2.159
