fixedStep chrom=ENSGT00540000070023 start=1 step=1
0.000
0.000
0.000
0.000
0.000
0.000
0.000
0.000
0.000
-1.984
-1.982
-2.000
-0.394
-0.394
-0.394
-4.776
-6.879
-6.448
-5.477
-5.815
-5.803
-1.124
-1.124
0.000
0.000
0.000
0.000
0.000
0.000
0.000
0.000
0.000
0.000
0.000
0.000
0.000
0.000
-5.031
-4.938
-5.288
-4.758
-5.679
-5.288
-4.589
-4.603
0.188
0.190
0.175
0.123
0.182
0.123
0.192
0.190
0.123
0.122
0.123
0.123
0.193
0.193
0.180
0.123
0.182
0.122
0.180
0.191
0.185
0.190
0.190
0.179
0.192
0.192
0.184
0.123
0.182
0.182
0.192
0.192
0.122
0.190
0.190
0.192
0.190
0.193
0.184
0.190
0.123
0.186
0.123
0.122
0.121
0.123
0.180
0.180
0.192
0.123
0.190
0.190
0.186
0.190
0.177
0.190
0.179
0.180
0.180
0.192
0.123
0.189
0.123
0.177
0.179
0.123
0.122
0.175
0.192
0.123
0.190
0.193
0.182
0.193
0.123
0.191
0.180
0.123
0.189
0.182
0.123
0.123
0.119
-1.194
0.190
0.176
-0.675
0.119
0.167
-0.490
0.175
0.186
0.163
1.290
1.290
1.290
0.118
-1.136
-4.398
-1.121
0.119
0.118
0.165
0.190
0.178
0.119
0.177
-0.504
0.192
0.192
0.182
0.179
-0.641
0.189
0.185
0.190
0.185
0.177
0.180
0.175
0.175
0.190
0.122
0.165
0.167
0.179
0.179
0.179
0.182
0.187
0.175
0.159
0.192
0.177
0.119
0.175
0.175
0.190
-0.504
0.190
0.123
-0.490
0.193
0.189
-0.504
0.179
0.187
0.189
0.192
0.121
0.186
0.190
0.165
0.162
0.162
0.180
0.193
0.190
0.190
0.192
0.192
0.190
0.123
0.193
0.123
0.190
0.123
0.190
0.123
0.192
0.180
0.192
0.185
0.193
0.117
0.190
0.180
0.180
0.193
0.122
0.189
0.190
0.123
0.193
0.193
0.182
0.119
0.193
0.123
0.190
0.192
0.182
0.123
0.123
0.190
0.189
0.193
0.189
0.192
0.187
0.193
0.192
0.190
0.193
0.192
0.192
0.116
0.190
0.190
0.182
0.180
0.193
0.122
0.190
0.190
0.182
0.123
0.123
0.118
0.123
0.182
0.123
0.190
0.189
0.187
0.190
0.186
0.180
0.189
0.193
0.123
0.177
0.190
0.193
0.181
0.193
0.176
0.190
0.190
0.193
0.180
0.193
0.193
0.182
0.193
0.123
0.190
0.190
0.189
0.000
0.000
0.000
0.000
0.000
0.000
0.000
0.000
0.000
0.190
0.190
0.178
0.444
0.444
0.444
0.444
0.444
0.444
0.193
0.190
0.190
0.123
0.123
0.122
0.192
0.192
0.189
0.123
0.192
0.116
0.192
0.193
0.122
0.123
0.190
0.123
0.190
0.193
0.179
-0.729
0.122
0.123
0.190
0.188
0.123
0.190
0.193
0.116
0.182
0.193
0.187
0.123
0.182
-1.668
0.193
0.192
-1.420
0.190
0.193
0.178
0.192
0.190
0.189
0.123
0.179
-1.690
0.182
0.193
0.122
0.123
0.193
0.180
-0.484
0.123
0.123
0.190
0.119
0.123
0.192
0.191
0.191
0.190
0.190
0.177
0.192
0.192
0.120
0.190
0.190
0.193
0.190
0.190
0.177
0.192
0.192
0.184
0.180
0.193
0.122
0.180
0.182
0.179
0.180
0.123
0.181
0.190
0.190
0.179
0.177
0.191
0.184
0.123
0.191
0.116
0.122
0.123
0.180
0.123
0.190
0.176
0.193
0.123
0.123
0.189
0.190
0.180
0.123
0.123
0.182
0.175
0.175
0.169
0.178
0.190
0.179
0.123
0.192
0.123
0.123
0.123
0.123
0.123
0.182
0.192
0.123
0.193
0.121
0.175
0.190
0.180
0.190
0.123
0.123
0.190
0.192
0.169
0.190
0.190
0.180
0.123
0.123
0.180
0.193
0.190
0.190
0.189
0.192
0.123
0.180
0.180
0.190
0.123
0.123
0.166
0.182
0.190
0.192
0.185
0.192
0.123
0.190
0.123
0.180
0.123
0.190
0.122
0.000
0.000
0.000
0.000
0.000
0.000
0.000
0.000
0.000
0.000
0.000
0.000
0.000
0.000
0.000
0.000
0.000
0.000
0.000
0.000
0.000
0.000
0.000
0.000
0.000
0.000
0.000
0.000
0.000
0.000
0.000
0.000
0.000
0.000
0.000
0.000
0.000
0.000
0.000
0.000
0.000
0.000
0.000
0.000
0.000
0.000
0.000
0.000
0.000
0.000
0.000
0.000
0.000
0.000
0.000
0.000
0.000
0.000
0.000
0.000
0.000
0.000
0.000
0.000
0.000
0.000
0.000
0.000
0.000
0.000
0.000
0.000
0.000
0.000
0.000
0.000
0.000
0.000
0.000
0.000
0.000
0.000
0.000
0.000
0.000
0.000
0.000
0.000
0.000
0.000
0.000
0.000
0.000
0.000
0.000
0.000
0.000
0.000
0.000
0.000
0.000
0.000
0.000
0.000
0.000
0.000
0.000
0.000
0.000
0.000
0.000
0.000
0.000
0.000
0.000
0.000
0.000
0.000
0.000
0.000
0.000
0.000
0.000
0.000
0.000
0.000
0.000
0.000
0.000
0.000
0.000
0.000
0.180
0.188
0.193
0.177
0.190
0.193
0.000
0.000
0.000
0.000
0.000
0.000
0.000
0.000
0.000
0.000
0.000
0.000
0.000
0.000
0.000
0.000
0.000
0.000
0.000
0.000
0.000
0.000
0.000
0.000
