fixedStep chrom=ENSGT00730000111501 start=1 step=1
0.096
0.097
0.096
0.090
0.096
0.096
0.097
0.093
0.096
-1.641
0.097
0.096
0.096
0.091
0.095
0.097
0.096
0.091
0.096
0.097
0.090
0.093
0.097
0.096
0.096
0.097
0.096
0.066
0.097
0.096
0.093
0.096
0.096
0.090
0.097
0.096
0.097
0.096
0.096
0.097
0.083
0.096
0.091
0.097
0.096
0.096
0.096
0.090
0.096
0.096
0.097
0.097
0.066
0.096
0.096
0.096
0.077
0.096
0.096
0.096
0.095
0.071
-1.370
0.096
0.091
-1.904
0.066
0.090
0.096
0.096
0.096
0.096
0.096
0.096
0.096
0.096
0.096
0.096
0.093
0.096
0.096
0.086
0.088
0.096
0.087
0.066
0.085
0.091
0.096
0.096
0.071
0.096
0.091
0.096
0.096
0.096
0.097
0.097
0.091
0.091
0.096
0.090
0.097
0.097
0.096
0.096
0.096
0.095
0.096
0.096
0.097
-1.830
0.096
0.096
0.096
0.091
-1.783
0.090
0.096
0.090
0.071
0.090
0.084
0.097
0.091
0.096
0.097
0.096
0.096
0.096
0.096
0.093
0.087
0.097
0.096
0.096
0.091
0.083
-1.824
0.066
0.096
0.096
0.096
0.093
0.093
0.096
0.096
0.097
0.093
0.096
0.096
0.096
0.090
0.096
-1.634
0.066
0.090
0.095
-1.358
-1.441
-0.796
-0.823
-0.797
-0.797
-0.828
0.096
0.096
0.086
0.096
0.097
0.096
0.093
0.085
0.096
0.096
0.097
-1.168
0.096
-1.046
0.090
0.095
0.091
0.085
0.066
0.096
0.096
0.097
0.096
0.096
0.096
0.095
0.066
0.090
0.091
0.087
0.072
0.086
0.090
0.093
-1.311
-2.154
-1.155
0.090
0.096
-1.371
0.096
0.092
0.097
0.096
0.091
0.097
0.096
0.096
0.097
0.096
0.093
0.090
0.096
0.096
0.097
0.096
0.096
0.071
0.096
0.086
0.096
0.096
0.096
0.096
0.093
0.096
0.096
0.096
0.091
0.093
0.071
0.092
0.093
0.091
0.091
0.097
0.096
0.096
0.096
0.096
0.096
0.096
0.096
0.093
0.097
0.097
0.090
0.095
0.092
0.082
0.095
0.066
0.085
0.096
0.096
0.091
0.096
0.096
0.096
0.066
0.096
0.093
-1.813
0.096
0.097
0.097
0.096
0.096
0.097
0.096
0.096
0.090
0.096
0.096
0.096
0.096
0.090
0.096
0.096
0.093
0.096
0.097
0.096
0.096
0.090
0.096
0.096
0.096
0.096
0.096
0.097
0.096
0.096
0.096
0.069
0.096
-1.212
0.096
0.096
0.097
0.093
0.086
0.093
0.096
0.096
0.096
0.093
0.086
0.096
0.084
0.097
0.096
0.096
0.094
0.066
0.066
0.096
0.096
0.093
0.096
0.096
0.090
0.096
0.096
0.071
0.096
0.097
0.093
0.096
0.097
0.095
0.096
0.096
0.096
0.096
0.096
0.093
0.090
0.096
0.093
0.090
0.097
0.071
0.097
0.096
0.093
0.086
0.093
0.096
0.089
-1.363
0.093
0.096
0.096
0.093
0.096
0.096
0.096
0.083
0.096
0.096
0.096
0.096
0.096
0.096
0.096
0.072
0.096
0.096
0.096
0.096
0.097
0.096
0.096
0.090
0.096
0.096
0.096
0.096
0.096
0.097
0.091
0.095
0.096
0.090
0.097
0.096
0.096
0.096
0.096
0.096
0.096
0.097
0.071
0.090
0.066
0.096
0.089
0.096
0.093
0.093
0.096
0.096
0.096
0.096
-1.192
0.096
0.091
0.091
0.096
0.096
0.091
0.090
0.096
0.086
0.096
0.096
0.096
0.096
0.071
0.094
0.091
0.096
0.093
0.090
0.096
0.096
0.093
0.096
0.091
0.000
0.000
0.000
0.000
0.000
0.000
0.000
0.000
0.000
0.096
0.090
0.090
0.096
0.083
0.096
0.096
0.096
-1.203
0.090
0.096
0.097
0.085
0.093
0.086
0.096
0.096
0.091
0.096
0.096
0.090
0.093
0.093
0.096
0.090
0.093
0.095
0.085
0.091
-1.192
-2.028
0.093
0.090
0.096
0.091
0.096
0.096
0.095
0.096
0.096
-1.206
-1.205
0.087
0.096
0.096
0.096
0.096
0.066
0.096
0.088
0.073
0.096
0.071
0.091
0.090
-1.747
0.096
0.096
0.091
0.096
0.090
0.096
0.096
0.090
0.091
0.096
0.097
0.096
0.084
0.093
0.097
0.096
0.093
0.071
0.096
0.093
0.071
0.075
0.096
0.097
0.091
0.066
0.093
0.090
-1.311
0.096
0.096
0.096
0.096
0.066
0.091
0.096
0.083
0.096
0.096
0.096
0.076
0.095
0.096
0.096
0.096
0.096
0.096
0.084
0.066
0.066
0.095
0.096
0.096
0.096
0.093
0.096
0.093
0.096
0.096
0.066
0.093
0.094
0.096
0.090
0.096
0.096
0.095
0.093
0.066
0.096
0.076
0.096
0.066
0.096
0.091
0.096
0.096
0.096
0.096
0.096
0.096
0.096
0.094
0.096
0.087
0.091
0.086
0.086
0.096
0.091
0.096
0.096
0.096
-1.159
0.066
0.096
0.096
0.096
0.096
0.096
0.096
0.091
-1.192
0.093
0.096
0.096
0.096
0.096
0.096
0.085
-1.809
0.096
0.086
0.090
0.096
0.091
0.091
0.091
0.096
0.096
0.093
0.096
0.071
0.096
0.097
0.096
0.093
0.097
0.096
0.096
0.091
0.091
0.093
0.096
0.096
0.096
0.093
0.097
0.096
0.096
0.096
0.096
0.096
0.096
0.096
0.096
0.097
0.096
0.097
0.096
0.090
0.091
0.096
0.071
0.097
0.097
0.097
0.096
0.097
0.096
-1.775
0.097
0.066
0.096
0.096
0.066
0.097
0.097
0.096
0.097
0.097
0.096
0.071
0.084
0.085
-0.862
-0.862
-1.493
