fixedStep chrom=ENSGT00390000000509 start=1 step=1
0.000
0.000
0.000
0.000
0.000
0.000
0.000
0.000
0.000
0.000
0.000
0.000
0.000
0.000
0.000
0.000
0.000
0.000
0.000
0.000
0.000
0.000
0.000
0.000
0.000
0.000
0.000
0.000
0.000
0.000
0.000
0.000
0.000
0.000
0.000
0.000
0.000
0.000
0.000
0.000
0.000
0.000
0.000
0.000
0.000
0.000
0.000
0.000
0.000
0.000
0.000
0.000
0.000
0.000
0.000
0.000
0.000
0.000
0.000
0.000
0.000
0.000
0.000
0.000
0.000
0.000
0.000
0.000
0.000
0.000
0.000
0.000
0.000
0.000
0.000
0.000
0.000
0.000
0.000
0.000
0.000
0.000
0.000
0.000
0.085
0.085
0.085
0.085
0.085
0.085
0.074
0.085
0.075
0.085
0.085
0.085
0.081
0.085
-1.411
0.075
0.085
0.085
0.081
0.085
0.085
0.085
0.085
0.080
0.084
0.085
-0.759
0.085
0.085
0.085
0.081
0.085
0.075
0.075
0.084
0.075
0.085
0.085
0.075
0.085
0.085
0.085
0.085
0.085
0.085
0.085
0.085
0.085
0.085
0.083
0.075
0.085
0.085
0.075
0.085
0.085
0.081
0.074
0.085
0.071
0.085
0.085
0.085
0.085
0.085
0.075
0.085
0.085
0.080
0.085
0.085
0.085
0.085
0.085
0.075
0.085
0.085
0.085
0.085
0.085
0.070
0.085
0.085
0.075
0.085
0.085
0.085
0.081
0.085
-2.132
0.081
0.085
0.075
0.085
0.085
-0.757
-0.760
0.085
0.070
0.085
0.085
0.075
0.085
0.085
-0.745
0.085
0.085
0.085
0.085
0.085
0.084
0.085
0.085
0.085
0.085
0.085
0.085
0.085
0.085
0.075
0.085
0.085
0.065
0.085
0.085
0.085
0.085
0.085
0.085
0.085
0.085
0.085
0.085
0.085
0.085
0.085
0.085
0.075
0.085
0.084
0.084
0.085
0.085
0.085
0.085
0.085
0.085
0.085
0.085
0.069
0.085
0.085
0.085
0.085
0.085
0.083
0.085
0.085
0.085
0.085
0.075
0.081
0.085
0.085
0.085
0.085
0.085
-3.025
0.064
0.085
0.085
0.085
0.085
0.085
0.085
0.085
0.085
0.085
0.085
0.085
0.085
0.085
0.070
0.085
0.085
0.075
0.085
0.085
0.079
0.085
0.085
-2.048
0.085
0.085
0.085
0.085
0.085
0.075
0.085
0.085
0.070
0.085
0.085
0.085
0.085
0.085
0.075
0.085
0.085
0.084
0.085
0.085
0.085
0.085
0.085
0.085
0.085
0.085
0.079
0.085
0.085
0.085
0.076
0.085
0.085
0.085
0.085
0.075
0.085
0.085
0.080
0.085
0.085
0.075
0.075
0.085
0.085
0.085
0.085
-0.745
0.085
0.085
0.075
0.085
0.085
0.085
0.070
0.085
0.085
0.085
0.085
-0.757
0.085
0.085
0.085
0.085
0.085
0.085
0.085
0.085
0.085
0.085
0.085
0.085
0.085
0.085
0.085
0.085
0.085
0.075
0.085
0.085
0.083
0.085
0.085
0.079
0.075
0.085
0.070
0.075
0.085
0.080
0.085
0.085
-2.035
0.085
0.085
0.074
0.085
0.085
-0.745
0.085
0.085
0.085
0.085
0.085
-1.401
0.085
0.085
0.080
0.085
0.085
0.061
0.074
0.085
0.076
0.085
-2.035
0.075
0.075
0.085
0.070
0.085
0.085
0.085
0.085
0.085
0.070
0.070
-1.400
-0.745
0.070
0.075
0.085
0.085
0.085
0.085
0.065
0.065
0.081
0.083
-0.757
0.085
0.075
0.085
0.081
0.085
0.085
0.085
0.085
0.085
-0.745
0.085
0.085
0.085
-1.401
-0.757
0.070
0.085
0.085
0.085
0.085
0.075
0.070
0.085
0.085
0.070
0.085
0.085
0.066
0.085
0.085
0.085
-0.745
0.085
0.076
0.083
0.085
0.070
0.085
0.085
0.075
0.084
0.085
0.075
0.085
0.085
0.070
0.085
0.085
0.085
0.085
0.085
0.069
0.085
0.085
0.072
0.085
0.085
0.075
0.085
0.085
0.085
0.085
0.085
0.075
0.085
0.085
0.075
0.085
0.085
0.085
0.085
0.085
0.085
0.085
0.085
0.070
0.085
0.085
-0.757
0.085
0.085
0.075
0.085
0.085
0.084
0.085
0.085
0.075
0.085
-0.745
0.084
0.085
0.085
0.085
0.085
0.085
0.076
0.085
0.085
0.085
0.075
0.085
0.085
0.085
0.080
0.075
0.084
0.085
0.085
0.085
0.085
0.085
0.085
0.085
0.085
0.085
0.085
0.085
-2.026
0.085
-0.759
0.085
0.085
0.085
0.085
0.085
0.085
0.075
-0.766
0.075
0.085
0.085
0.085
0.075
0.085
0.085
0.079
0.085
0.074
0.085
0.085
-0.766
0.085
0.085
0.074
0.085
0.085
0.085
0.085
0.085
0.085
0.079
0.085
0.085
0.085
0.085
0.085
0.085
0.085
0.085
0.074
0.085
0.085
0.085
0.085
0.085
0.085
0.074
0.073
0.085
0.085
0.075
0.085
0.074
0.074
0.085
0.085
0.080
0.085
0.085
-2.862
0.083
0.085
-1.317
0.085
0.085
-0.768
0.085
0.080
-1.419
0.085
0.085
0.085
0.085
0.085
0.085
0.085
0.085
0.085
0.085
0.085
-0.766
0.085
0.085
0.084
0.079
0.083
0.085
0.085
0.085
0.085
0.085
0.085
0.075
0.085
0.085
0.084
0.085
0.085
0.085
0.085
0.085
0.085
0.085
0.085
0.074
0.085
0.085
0.085
0.085
0.085
0.075
0.085
0.074
0.085
0.085
0.085
0.085
0.085
0.085
0.084
0.070
0.085
0.085
0.085
0.085
0.085
0.085
0.085
0.084
0.074
0.083
0.085
0.085
0.085
0.085
0.085
0.085
0.085
0.085
0.085
-0.745
0.085
0.085
0.085
0.085
0.085
0.085
0.075
0.085
0.085
0.085
0.085
0.080
0.085
0.085
0.085
0.085
0.081
-2.156
0.075
0.079
0.083
0.085
0.085
0.070
-0.745
0.085
0.076
-0.759
0.085
-2.027
0.085
0.085
0.075
0.085
0.085
0.069
0.085
0.085
0.085
0.085
0.085
0.085
0.085
0.085
0.085
0.085
0.085
0.074
0.085
0.085
0.085
0.075
0.085
-1.427
0.085
0.085
-0.760
0.085
0.085
0.085
0.085
0.085
0.085
0.085
0.085
0.085
0.085
0.085
0.075
-0.757
0.085
0.083
0.085
0.085
0.085
-0.757
0.085
0.085
0.081
0.085
0.070
0.085
-0.757
0.085
0.075
0.085
0.075
0.075
0.085
-1.416
-0.745
0.085
0.065
0.085
0.085
0.085
0.085
-0.760
-2.045
0.085
0.085
0.065
0.085
0.085
0.085
-0.760
0.085
-1.542
0.085
0.085
0.081
0.085
0.085
0.085
-0.745
0.085
0.081
0.085
0.085
0.070
0.085
0.085
0.085
0.085
0.085
0.085
0.081
0.085
0.084
0.085
0.081
0.084
0.085
0.085
0.084
0.085
0.085
0.075
0.085
0.085
0.085
0.085
0.085
0.085
0.085
0.085
0.070
0.085
0.085
0.075
0.085
0.085
0.085
0.085
0.085
0.070
0.085
0.085
0.081
0.085
0.085
0.081
0.085
0.085
0.075
0.085
0.085
0.085
0.085
0.085
0.083
0.081
0.085
0.075
0.085
0.085
0.074
0.085
0.085
0.074
-0.757
0.085
0.075
0.085
0.085
0.085
0.085
0.085
0.084
0.085
0.085
0.065
0.085
0.085
0.066
0.085
0.085
0.085
0.085
0.085
0.075
0.085
0.085
0.079
0.085
0.085
0.085
0.066
0.085
0.085
0.085
0.075
0.085
0.085
0.085
0.075
0.065
0.085
0.075
0.085
0.085
0.085
0.085
0.085
0.075
0.085
0.085
0.084
0.085
0.085
0.066
0.085
0.085
0.074
0.085
0.085
0.085
0.085
0.085
0.075
0.085
0.085
0.085
0.085
0.085
0.085
-1.016
-1.017
-1.016
-1.016
-1.012
-1.209
0.065
0.085
0.085
0.085
0.085
0.075
0.085
0.085
0.085
0.085
0.085
0.085
0.075
0.074
0.075
0.085
0.085
0.074
0.074
0.074
-0.930
0.074
0.063
0.063
0.074
0.074
0.071
0.074
0.063
0.073
0.074
0.085
0.075
0.080
0.065
0.075
0.085
0.085
0.085
0.083
0.085
0.085
0.085
0.085
0.075
0.085
0.085
0.065
0.085
0.085
0.085
0.085
0.085
0.085
0.085
0.085
0.065
0.085
0.085
0.085
0.085
0.085
0.085
0.075
0.085
0.074
0.085
0.085
0.075
0.074
0.085
0.085
0.085
-0.769
0.073
0.085
0.085
0.085
0.085
0.085
0.081
-0.766
0.085
0.084
0.085
0.085
0.085
0.085
0.085
0.085
0.085
0.085
0.085
-1.859
0.085
0.074
0.085
0.085
0.085
0.085
0.085
0.085
0.085
0.085
0.085
0.085
0.085
0.085
0.085
0.084
0.075
0.081
0.085
0.075
0.081
0.085
0.085
-0.757
0.085
0.075
0.085
0.085
0.085
0.085
0.085
0.085
0.085
0.085
0.085
0.085
0.085
0.081
0.085
0.085
0.085
0.085
0.085
0.085
0.085
0.085
0.085
0.085
0.085
0.085
0.085
0.085
0.085
0.085
0.085
0.075
0.085
0.085
0.075
0.085
0.085
0.085
0.085
0.085
0.085
0.085
0.085
0.079
0.085
0.085
0.084
0.085
0.085
-0.745
0.085
0.085
0.070
0.085
0.085
0.085
0.085
0.085
0.085
0.085
0.085
0.085
0.085
0.085
0.085
0.085
0.085
0.070
0.085
0.085
0.075
0.085
0.085
0.079
0.085
0.085
0.075
0.085
0.085
0.085
0.075
0.085
0.061
0.085
0.085
0.076
0.085
0.085
-2.027
0.085
0.085
0.075
0.085
0.085
-0.757
0.085
0.085
0.085
0.085
0.085
0.070
0.085
0.085
0.085
0.085
0.085
0.085
0.085
0.085
0.085
0.085
0.085
0.085
0.085
0.085
0.075
0.085
0.085
0.075
0.085
0.085
0.085
0.085
0.085
0.075
0.085
0.085
0.085
0.085
0.085
0.085
0.085
0.085
0.085
0.085
0.085
-0.745
0.085
0.085
0.079
0.085
0.085
0.085
0.085
0.085
0.075
0.085
0.085
-2.036
0.085
0.085
0.069
0.085
0.085
0.075
0.085
0.085
0.070
0.085
0.085
0.085
0.085
0.085
-1.388
0.085
0.075
0.085
0.084
0.085
0.085
0.085
0.085
0.075
0.085
0.085
0.075
0.085
0.085
0.084
0.075
-0.759
0.078
0.085
0.085
0.066
0.085
0.085
0.085
0.085
0.075
0.075
0.085
0.085
0.085
0.085
0.085
0.085
0.085
0.085
0.085
0.085
0.085
0.085
0.080
0.084
0.085
0.085
0.080
0.074
0.080
0.085
0.085
-2.136
-1.421
-1.728
0.075
0.085
0.080
0.085
0.085
0.084
0.085
0.085
0.080
0.075
0.085
0.085
0.085
0.085
0.070
0.085
0.085
0.085
0.085
0.085
0.085
0.085
0.085
0.085
0.085
0.085
-0.745
0.085
0.085
0.085
0.085
0.085
0.075
0.085
0.085
0.085
0.085
0.070
0.085
0.085
0.085
0.081
0.085
0.085
-1.401
0.085
0.085
0.079
0.085
0.085
0.085
0.085
0.085
0.085
0.085
0.085
0.085
0.085
0.085
0.085
0.085
0.085
0.085
0.085
0.085
0.074
0.085
0.085
0.075
0.085
0.085
0.075
0.085
0.085
0.081
0.085
0.085
0.075
0.080
0.085
0.085
0.085
0.085
0.075
0.085
0.085
0.085
0.085
0.085
0.085
0.085
0.085
0.085
0.085
0.085
0.085
0.074
0.083
0.075
0.085
0.085
0.080
0.085
0.085
-2.051
0.085
0.085
0.085
0.085
0.085
0.085
0.085
0.085
0.085
0.085
0.085
0.085
0.085
0.085
0.085
0.085
0.085
0.085
0.081
-0.754
0.085
0.085
0.085
0.075
0.085
0.085
-1.516
0.085
0.085
0.070
0.085
0.085
0.085
0.085
0.085
0.085
0.085
0.085
0.075
0.085
0.084
-3.310
0.085
0.085
0.083
0.085
0.085
0.083
0.085
0.085
0.085
0.085
0.085
0.070
0.085
0.085
0.081
0.085
0.085
0.085
0.085
0.085
0.085
0.085
0.085
0.085
0.085
0.085
0.070
0.085
0.085
0.083
0.085
0.085
0.085
0.085
0.085
0.065
0.081
0.085
0.085
0.085
0.085
0.066
0.085
0.085
0.085
0.085
0.085
0.085
0.085
0.085
0.084
0.085
0.081
0.075
0.085
0.085
-1.411
0.085
0.085
0.075
0.085
0.085
0.085
0.085
0.085
-2.247
0.085
0.085
-2.738
0.084
0.085
0.075
0.085
0.085
0.075
0.085
0.085
0.070
0.085
-0.760
0.075
0.085
0.070
0.085
0.085
0.085
0.085
0.085
0.085
0.075
0.085
0.085
0.085
0.085
0.085
0.081
0.085
0.085
0.075
0.085
0.085
-1.422
0.084
0.085
0.069
0.085
0.085
0.085
0.085
0.085
0.085
0.085
0.085
-0.757
0.085
0.085
0.085
0.070
0.085
0.075
0.085
0.075
0.085
0.085
0.085
-0.760
0.085
0.085
0.085
-0.757
0.085
0.085
0.085
0.085
0.081
0.085
0.085
0.085
-0.757
0.075
0.085
0.085
0.085
-0.745
0.085
0.085
0.080
0.085
0.085
-0.757
0.085
0.085
-0.745
0.085
0.085
0.075
0.085
0.085
0.085
0.085
0.085
0.085
0.085
0.085
0.085
0.085
0.085
0.085
0.085
0.085
0.070
0.085
0.085
0.079
0.085
0.085
0.085
0.085
0.085
0.085
0.085
0.085
-1.405
0.085
0.085
0.085
0.085
0.085
0.081
0.085
0.085
-1.422
0.085
0.085
0.070
0.085
0.085
0.075
0.085
0.085
0.081
0.085
0.085
0.076
0.085
0.085
0.085
0.085
0.085
0.073
0.085
0.085
0.085
0.085
0.085
-0.757
0.085
0.085
0.075
0.085
0.085
0.085
0.085
0.085
0.075
0.079
0.076
0.081
0.085
0.085
0.085
0.085
0.085
0.085
0.081
0.085
0.081
0.085
0.085
0.085
0.085
0.085
0.083
0.085
0.085
0.085
0.075
0.085
0.085
0.085
0.085
0.081
0.085
0.085
0.085
0.085
0.085
0.085
0.085
0.081
0.085
0.085
0.085
0.085
0.085
0.085
0.085
0.085
0.085
0.085
0.085
0.085
0.085
0.085
0.085
0.075
0.085
0.085
0.065
0.085
0.085
0.075
0.085
0.085
0.085
0.085
0.085
0.085
0.085
0.085
0.085
0.085
0.085
0.075
0.075
0.065
0.085
-1.833
-1.833
-1.869
0.000
0.000
0.000
