fixedStep chrom=ENSGT00530000064292 start=1 step=1
0.103
0.104
0.103
0.103
0.095
-1.761
-0.540
-1.080
0.103
0.103
0.098
0.103
0.104
-1.735
0.095
0.102
0.103
0.095
0.095
0.103
-0.663
0.103
0.104
0.103
0.098
0.104
0.095
0.103
0.104
-0.561
0.030
0.030
0.030
-1.353
0.103
0.103
0.098
0.104
0.103
0.103
0.104
0.095
0.099
-0.540
0.098
0.103
0.103
0.103
-0.559
0.095
0.098
0.103
0.079
0.099
0.104
0.098
0.100
0.103
0.103
0.079
0.103
0.095
0.099
0.103
0.095
0.095
0.103
0.103
-0.540
-1.139
0.104
0.098
0.103
0.104
0.102
0.103
0.103
0.103
0.103
0.098
0.103
0.100
0.103
0.095
-1.707
0.103
0.103
0.103
0.103
0.103
0.099
0.103
0.103
0.098
-0.540
0.103
0.103
0.097
0.103
0.104
0.103
0.104
0.103
0.092
0.103
0.104
0.103
0.095
0.097
-0.883
0.103
0.103
0.103
0.103
0.103
0.103
0.103
0.103
-1.755
0.103
0.104
0.103
0.095
0.079
-1.348
0.095
0.104
0.079
0.104
0.095
0.104
0.103
0.079
-0.561
0.102
0.095
0.080
0.100
0.087
0.087
-0.561
0.073
0.104
0.103
0.103
0.104
0.095
0.103
0.103
0.079
0.103
0.095
-1.149
0.086
0.104
0.104
0.103
0.103
0.103
0.097
0.104
0.103
0.104
0.102
-0.564
0.103
0.103
0.102
0.103
0.103
0.104
0.103
0.103
0.103
0.087
0.103
0.095
0.103
0.103
0.095
0.104
0.103
0.104
-0.561
0.103
0.103
0.103
0.098
0.096
0.095
-1.351
0.095
0.103
0.103
0.103
0.103
0.104
0.103
0.103
0.104
0.103
-1.363
0.104
0.103
0.095
0.103
0.103
0.103
-0.559
0.103
0.103
0.103
0.098
0.103
0.103
0.098
0.103
0.103
0.098
0.104
0.103
0.086
0.096
0.104
0.104
0.095
0.104
-1.107
0.104
0.103
0.092
0.087
0.104
0.103
0.101
0.079
0.079
0.103
0.103
0.104
0.103
0.099
0.103
0.095
-0.561
0.098
0.097
0.103
0.103
0.104
0.103
0.103
0.103
0.104
0.103
0.103
0.103
0.102
0.103
-1.363
0.103
0.103
0.104
0.103
0.095
0.104
0.079
0.030
0.030
0.030
-0.860
-0.667
-0.667
0.103
-2.166
-2.833
0.104
0.104
0.097
-0.559
0.101
0.095
0.103
0.103
0.102
0.103
0.097
0.073
0.030
0.030
0.030
-0.742
-1.894
-1.224
0.101
0.101
0.101
0.087
0.101
0.104
0.100
0.103
0.103
0.103
0.103
0.104
0.103
0.097
0.103
0.101
0.101
0.098
0.077
0.095
0.104
0.103
0.103
0.103
0.103
0.103
0.098
-1.080
0.104
0.104
0.103
0.103
0.103
0.103
0.103
0.103
0.103
0.101
0.094
0.077
0.104
0.100
-1.149
0.103
0.099
