fixedStep chrom=ENSGT00750000117398 start=1 step=1
0.000
0.000
0.000
-1.686
-3.019
-3.601
0.050
0.061
0.050
0.050
0.058
0.056
0.061
0.050
0.058
0.060
0.060
0.055
0.057
0.050
-2.423
0.058
0.050
0.061
0.043
0.058
-2.377
0.054
0.061
0.058
0.060
0.050
0.050
0.050
0.061
-2.419
0.050
0.050
0.050
0.061
0.060
0.061
0.060
0.061
0.060
-1.407
-1.407
-1.407
-1.407
-1.728
-1.407
-1.407
-3.181
-1.407
-1.404
-1.408
-1.408
-1.404
-1.407
-1.741
-1.407
-1.407
-1.404
-1.408
-1.407
-1.727
-2.175
-1.404
-1.407
-1.407
-1.408
-1.404
0.058
0.058
0.058
0.050
0.060
0.050
0.049
0.061
0.050
0.050
0.050
0.058
0.048
-2.455
0.061
0.061
0.061
0.060
0.060
0.061
0.060
0.060
0.060
0.060
0.060
0.061
0.060
0.058
0.061
0.060
0.060
0.061
0.061
0.052
0.061
0.060
0.060
0.060
0.060
0.060
0.060
0.060
0.060
0.061
0.058
0.060
0.061
0.060
0.060
0.060
0.060
0.060
0.060
0.061
0.060
0.061
0.060
0.060
0.061
0.058
0.060
0.061
0.061
0.060
0.061
0.061
0.059
0.061
0.061
0.061
0.060
0.059
0.060
0.061
0.060
0.052
0.060
0.060
0.060
0.060
0.060
0.061
0.061
0.058
0.060
0.060
0.060
0.052
0.060
0.058
0.060
0.061
0.059
0.060
0.060
0.059
0.060
0.060
0.058
0.060
0.060
0.058
0.060
0.060
0.057
0.060
0.060
0.058
0.061
0.060
0.060
0.060
0.061
0.060
0.060
0.061
0.061
0.060
0.060
0.061
0.061
0.060
0.060
0.060
0.061
0.060
0.060
0.060
0.060
0.060
0.060
0.061
0.060
0.061
0.060
0.060
0.060
0.060
0.061
0.061
0.061
0.060
0.061
0.052
0.060
0.061
0.060
0.060
0.060
0.060
0.061
0.060
0.057
0.056
0.061
-1.867
0.060
0.061
0.060
0.060
0.061
0.060
0.060
0.060
0.061
0.061
0.060
0.060
0.060
0.060
0.060
0.060
0.061
0.060
0.060
0.061
0.060
0.060
0.060
0.060
0.061
0.049
0.061
0.060
0.060
0.061
0.060
0.060
0.060
0.060
0.060
0.059
0.061
0.060
0.061
0.061
0.060
0.060
0.061
0.060
0.061
0.061
0.061
0.061
0.060
0.060
0.060
0.060
0.060
0.060
0.049
0.061
0.060
0.061
0.061
0.060
0.061
0.060
0.061
0.060
0.060
0.060
0.060
0.061
0.060
0.060
0.060
0.060
0.060
0.060
0.060
0.060
0.060
0.060
0.060
0.058
0.059
0.060
0.060
0.058
0.060
0.061
0.061
0.060
0.058
0.060
0.060
0.061
0.054
0.060
0.060
0.060
0.061
0.060
0.060
0.060
0.060
0.054
0.061
0.060
0.060
0.060
0.061
0.061
0.061
0.061
0.060
0.060
0.060
0.057
0.059
0.061
0.060
0.061
0.060
0.059
0.061
0.061
0.060
0.060
0.061
0.060
0.061
0.060
0.060
0.060
0.061
0.061
0.060
0.060
0.060
0.060
0.060
0.060
0.061
0.060
0.060
0.061
0.060
0.061
0.060
0.060
0.061
0.060
0.061
0.060
0.061
0.060
0.061
0.060
0.060
0.058
0.060
0.060
0.060
0.055
0.061
0.060
0.052
0.060
0.060
0.061
0.060
0.059
0.060
0.060
0.060
0.060
0.060
0.060
0.060
0.060
0.060
0.060
0.061
0.059
0.060
0.059
0.061
0.060
0.061
0.060
0.061
0.058
0.060
0.060
0.061
0.061
0.060
0.061
0.059
0.061
0.054
0.061
0.060
0.061
0.060
0.060
0.061
0.060
0.060
0.061
0.049
0.061
0.061
0.060
0.060
0.061
0.061
0.060
0.060
0.061
0.061
0.060
0.060
0.060
0.060
0.061
0.059
0.061
0.058
0.060
0.060
-2.245
0.060
0.060
0.061
0.057
0.061
0.061
0.061
0.061
0.061
0.060
0.060
0.060
0.061
0.061
0.061
0.060
0.060
0.060
0.060
0.061
0.060
0.060
0.061
0.060
0.061
0.061
0.058
0.060
0.061
0.060
0.060
0.060
0.058
0.060
0.061
0.060
0.060
0.060
0.058
0.058
0.061
0.060
0.060
0.060
0.060
0.060
0.060
0.045
0.060
0.060
0.061
0.060
0.060
0.060
0.060
0.060
0.055
0.060
0.061
0.059
0.061
0.060
0.061
0.061
0.060
0.060
0.059
0.060
0.060
0.060
0.058
0.058
0.060
0.061
0.061
0.060
0.060
0.060
0.061
0.060
0.059
0.058
0.054
0.058
0.060
0.060
0.055
0.060
0.060
0.049
0.061
0.060
0.058
0.061
0.060
0.061
0.060
0.061
0.057
0.061
0.061
0.060
0.061
0.061
0.059
0.060
0.060
0.060
0.060
0.060
0.059
0.060
0.061
0.060
0.061
0.060
0.060
0.060
0.060
0.059
0.060
0.061
0.058
0.052
0.061
0.049
0.060
0.060
0.060
0.061
0.061
0.061
0.060
0.061
0.060
0.060
0.058
0.055
0.061
0.060
0.054
0.061
0.061
0.060
0.061
0.059
0.059
0.058
0.061
0.052
0.060
0.060
0.061
0.060
0.060
0.060
0.061
0.060
0.061
0.060
0.061
0.061
0.060
0.061
0.060
0.061
0.061
0.060
0.061
0.060
0.061
0.060
0.061
0.060
0.061
0.060
0.061
0.061
0.060
0.059
0.060
0.060
0.060
0.060
0.061
0.060
0.061
0.060
0.061
0.056
0.061
0.061
0.060
0.059
0.058
0.060
0.060
0.061
0.060
0.060
0.046
0.060
0.060
0.058
0.060
0.060
0.060
0.060
0.060
0.060
0.060
0.060
0.060
0.061
0.060
0.060
0.060
0.061
0.061
0.060
0.060
0.061
0.058
0.058
0.061
0.059
0.050
0.054
0.060
0.060
0.061
0.060
0.060
0.060
0.060
0.060
0.049
0.058
0.061
0.059
0.060
0.060
0.052
0.060
0.061
0.061
0.060
0.060
0.060
0.061
0.061
0.060
0.058
0.060
0.060
-1.728
-2.313
-2.147
-1.407
-1.407
-1.407
-2.330
-1.407
-1.404
-1.408
-1.408
-1.407
-1.407
-1.404
-1.404
-1.404
-1.751
-1.407
-1.407
-2.381
-1.699
0.060
0.050
0.060
0.060
0.060
0.060
0.060
0.060
0.060
0.060
0.060
0.060
0.060
0.060
0.060
0.060
0.060
0.049
0.060
0.059
0.058
0.060
0.060
0.060
0.060
0.060
0.060
0.059
0.061
0.059
0.060
0.060
0.060
0.060
0.061
0.061
0.060
0.061
0.060
0.060
0.061
0.060
0.060
0.060
0.049
0.060
0.061
0.058
0.061
0.061
0.060
0.060
0.061
0.057
0.057
0.061
0.059
0.061
0.060
0.058
0.061
0.060
0.060
0.061
0.060
0.060
0.060
0.060
0.061
0.061
0.061
0.060
0.061
0.061
0.061
0.048
0.061
0.060
0.061
0.060
0.061
0.060
0.059
0.052
0.049
0.061
0.055
0.060
0.061
0.057
0.060
0.060
0.059
0.060
0.060
0.058
0.061
0.061
0.059
0.060
0.061
0.057
0.054
0.060
0.060
0.061
0.060
0.060
0.060
0.060
0.061
0.060
0.061
0.061
0.060
0.060
0.060
0.060
0.060
0.059
0.059
0.060
0.059
0.061
0.052
0.060
0.060
0.057
0.059
0.060
0.060
0.061
0.060
0.058
0.054
0.061
0.061
0.060
0.060
0.061
0.061
0.061
0.060
0.060
0.061
-1.849
0.061
0.060
0.060
0.060
0.061
0.060
0.058
0.061
0.061
0.060
0.060
0.060
0.060
0.061
0.060
0.061
0.060
0.060
0.060
0.061
0.061
0.061
0.060
0.060
0.061
0.060
0.060
0.057
0.060
0.061
0.060
0.060
0.061
0.061
0.061
0.060
0.060
0.055
0.060
0.058
0.061
0.061
0.061
0.061
0.061
0.060
0.061
0.060
0.061
0.060
0.060
0.060
0.061
0.060
0.060
0.061
0.061
0.061
0.060
0.060
0.060
0.060
0.060
0.060
0.060
0.060
0.060
0.058
0.061
0.060
0.060
0.060
0.060
0.060
0.061
0.060
0.060
0.061
0.060
0.060
0.061
0.059
0.061
0.061
0.052
0.060
0.060
0.061
0.060
0.060
0.060
0.060
0.061
0.061
0.061
0.061
0.060
0.060
0.060
0.060
0.060
0.060
0.058
0.060
0.060
0.058
0.061
0.060
0.056
0.061
0.060
0.060
0.060
0.046
-1.913
0.061
0.060
0.059
0.060
0.060
0.052
0.061
0.061
0.060
0.049
0.061
0.061
0.061
0.061
0.059
0.060
0.060
0.060
-2.532
-3.258
-3.190
-2.549
-2.451
-2.533
-1.994
-1.980
-1.617
0.000
0.000
0.000
