fixedStep chrom=ENSGT00390000012195 start=1 step=1
0.068
0.068
0.066
0.068
0.068
0.065
0.055
0.064
-2.177
0.068
0.055
0.068
0.059
0.068
0.065
0.068
0.068
0.065
0.068
0.068
0.067
0.055
0.052
0.050
0.068
0.068
0.068
0.068
0.068
0.067
0.066
0.068
0.068
0.068
0.068
0.066
0.068
0.068
0.068
0.068
0.068
0.068
0.068
0.068
0.068
0.066
0.055
0.056
0.068
0.064
0.068
0.068
0.068
0.053
0.068
0.068
0.068
0.067
0.068
0.066
0.050
0.068
0.067
0.065
0.068
0.068
0.068
0.068
0.068
0.068
0.068
0.051
0.068
0.068
0.068
0.068
0.068
0.068
0.068
0.068
0.056
0.068
0.068
0.068
0.068
0.068
0.068
0.068
0.068
0.065
0.068
0.068
0.068
0.068
0.068
0.058
0.068
0.068
0.068
0.068
0.068
0.068
0.068
0.068
0.068
0.068
0.068
0.068
0.068
0.055
0.067
0.068
0.066
0.068
0.068
0.068
0.065
0.068
0.068
0.065
0.068
0.068
0.068
0.068
0.068
0.068
0.068
0.068
0.065
0.068
0.066
0.056
0.068
0.068
0.068
0.068
0.068
0.062
0.068
0.064
0.068
0.068
0.068
0.068
0.068
0.068
0.068
0.068
0.068
0.068
0.068
0.068
0.068
0.068
0.068
0.068
0.066
0.068
0.051
0.059
0.068
0.068
0.068
0.068
0.067
0.068
0.068
0.068
0.068
0.068
0.066
0.068
0.068
0.068
0.068
0.068
0.066
0.064
0.068
0.067
0.068
0.065
0.068
0.068
0.068
0.068
0.068
0.065
0.066
0.068
0.068
0.068
0.068
0.068
0.068
0.068
0.068
0.068
0.068
0.068
0.068
0.068
0.068
0.064
0.068
0.068
0.064
0.068
0.068
0.068
0.068
0.068
0.068
0.068
0.068
0.068
0.068
0.068
0.064
0.068
0.068
0.066
0.068
0.068
0.068
0.068
0.068
0.065
0.068
0.068
0.068
0.068
0.068
0.068
0.068
0.068
0.068
0.068
0.068
0.068
0.068
0.068
0.064
0.068
0.068
0.068
0.068
0.068
0.068
0.068
0.068
0.068
0.068
0.068
0.064
0.068
0.068
0.066
0.068
0.068
0.051
0.064
0.068
0.068
0.068
0.068
0.068
0.065
0.068
0.068
0.068
0.068
0.061
0.068
0.068
0.068
0.068
0.068
0.068
0.068
0.068
0.068
0.068
0.068
0.068
0.068
0.068
0.068
0.066
0.068
0.068
0.068
0.068
0.066
0.068
0.065
0.066
0.066
0.068
0.068
0.068
0.068
0.068
0.068
0.068
0.068
0.068
0.068
0.068
0.068
0.068
0.068
0.068
0.068
0.068
0.068
0.068
0.068
0.068
0.068
0.068
0.068
0.068
0.068
0.068
0.068
0.068
0.068
0.068
0.068
0.064
0.068
0.068
0.068
0.068
0.064
0.068
0.068
0.068
0.068
0.064
0.068
0.068
0.068
0.061
0.068
0.068
0.068
0.068
0.068
0.066
0.068
0.068
0.068
0.056
0.068
0.066
0.068
0.068
0.068
0.068
0.068
0.068
0.068
0.068
0.068
0.068
0.068
0.068
