fixedStep chrom=ENSGT00390000018468 start=1 step=1
0.000
0.000
0.000
0.000
0.000
0.000
0.000
0.000
0.000
0.000
0.000
0.000
0.000
0.000
0.000
-0.001
-0.005
-0.631
-0.234
-0.233
0.137
-0.233
0.134
-1.372
-0.234
-1.469
-0.218
-0.225
0.187
0.129
0.187
0.131
-2.878
0.132
0.132
0.135
0.131
0.131
-0.269
0.188
0.201
-1.067
0.186
0.201
-0.948
-0.308
0.185
-3.538
0.186
-0.305
0.199
0.131
0.187
0.129
-0.045
-0.045
-0.041
-0.040
-0.048
-0.045
-0.041
-0.040
-0.039
-0.040
-0.047
-0.042
-0.332
0.187
0.186
0.135
0.187
0.184
0.199
-0.218
0.188
0.137
0.187
-0.412
-0.217
0.129
0.128
-0.509
0.203
0.199
-0.305
0.135
0.187
0.135
0.188
0.199
0.199
0.200
0.199
0.201
0.200
0.186
0.134
0.186
0.131
0.200
0.201
0.128
0.184
-0.210
-0.218
0.203
0.203
0.188
0.199
0.184
0.188
0.203
0.203
0.188
0.199
0.203
-2.809
-0.234
0.132
-0.208
0.132
0.137
-0.299
0.188
0.203
0.199
0.188
0.132
0.183
0.186
0.203
-0.269
0.137
0.203
0.135
0.187
0.203
0.195
0.199
0.134
-0.308
-0.194
0.203
-1.095
0.200
0.203
-0.450
0.200
0.203
0.135
0.186
0.203
0.135
-1.587
0.199
-0.249
0.203
0.199
0.200
0.137
0.203
0.135
0.131
0.186
-0.234
0.200
0.203
0.185
0.200
0.203
-2.264
0.198
0.203
-0.234
0.199
0.200
0.200
0.201
0.201
-1.453
0.203
0.200
0.187
0.185
0.199
-0.751
0.134
0.199
0.200
0.200
0.203
0.199
0.201
0.201
-2.492
-0.217
0.201
0.199
0.203
0.201
-2.708
-0.758
0.201
0.139
0.202
0.199
0.199
0.186
0.131
-0.389
0.199
0.200
0.187
0.134
0.184
0.133
-0.308
0.137
0.131
0.198
0.200
0.186
0.199
-0.234
-0.211
0.187
0.203
-0.511
0.199
0.200
0.129
0.134
0.186
0.134
0.199
0.199
0.198
0.131
0.130
0.186
0.203
0.203
0.186
0.199
0.200
0.130
0.186
0.200
0.186
0.195
0.197
-0.308
0.200
0.203
-1.722
-0.973
-1.083
0.000
