fixedStep chrom=ENSGT00390000002629 start=1 step=1
-1.751
-1.735
-1.755
-1.755
-1.735
-1.755
-1.755
-1.753
-2.196
-1.753
-1.755
-2.762
-1.755
-1.735
-1.755
-1.735
-1.755
-1.755
-1.735
-1.753
-1.755
-1.753
-1.735
-1.755
-1.751
-1.735
-1.755
0.078
0.078
0.078
0.074
0.078
0.078
0.078
0.078
0.078
0.078
0.078
0.078
0.078
0.078
0.078
0.078
0.078
0.072
0.078
0.078
0.076
0.078
0.078
0.063
0.078
0.078
0.078
0.078
0.078
0.078
0.078
0.078
0.075
0.078
0.078
0.072
-0.954
-0.952
-0.954
0.078
0.078
0.078
0.078
0.078
0.063
0.078
0.078
-0.795
0.078
0.078
0.071
0.078
0.072
0.076
0.078
0.078
0.078
0.078
0.078
0.069
0.078
0.078
0.064
0.074
0.078
0.078
0.078
0.078
0.072
0.076
0.078
0.078
0.078
0.078
0.072
0.078
0.078
0.078
0.078
0.078
0.078
0.078
0.078
0.078
0.069
0.078
0.078
0.078
0.078
0.072
0.078
0.078
0.078
0.074
0.078
0.076
0.063
0.076
0.078
0.078
0.078
0.078
0.078
0.072
0.071
0.072
0.078
0.077
0.078
0.078
0.072
0.078
0.078
0.078
0.078
0.078
0.072
0.078
0.072
0.078
0.078
0.078
0.067
0.078
0.078
0.078
0.077
0.078
0.078
0.078
0.078
0.074
0.078
0.078
0.074
0.078
0.078
0.070
0.074
0.078
0.078
0.078
0.078
0.070
-0.952
-0.953
-0.954
0.078
0.078
0.078
0.078
0.078
0.078
0.069
0.078
0.069
0.078
0.078
0.078
0.078
0.078
0.077
0.078
0.078
0.077
0.077
-0.774
0.078
0.078
0.078
0.075
-0.790
0.078
0.078
0.078
0.078
0.078
0.069
0.078
0.078
0.078
0.078
0.078
0.078
0.072
0.078
0.078
0.078
0.075
0.078
0.078
0.078
0.078
0.078
0.078
0.078
0.078
0.078
0.078
0.078
0.078
-2.354
0.063
0.078
0.078
0.078
0.076
0.078
0.078
0.078
0.078
0.078
0.071
0.078
0.078
-2.161
0.078
0.078
0.078
-0.774
0.078
0.077
0.078
0.078
0.078
0.078
0.078
0.078
0.072
0.078
0.078
0.078
0.078
0.065
0.076
0.078
0.078
0.078
0.078
0.074
0.078
-2.318
0.072
0.078
0.078
0.078
0.078
0.078
-1.616
0.078
0.078
0.071
0.078
0.078
0.078
0.078
0.078
0.072
0.078
0.078
-1.528
0.078
0.078
-2.282
0.078
0.078
-0.793
0.078
0.078
0.078
0.078
0.078
0.076
0.078
0.078
0.078
0.078
0.078
0.078
0.076
0.078
0.078
0.072
0.078
0.078
0.078
0.078
0.078
0.078
0.078
0.078
0.078
0.072
0.078
0.078
0.078
0.078
0.078
0.078
0.078
0.078
0.078
0.078
0.078
0.078
0.076
0.078
0.078
0.074
0.078
0.078
0.072
0.078
0.078
0.078
0.072
0.072
0.074
0.078
0.072
0.076
0.078
0.072
0.078
0.078
0.074
0.078
