fixedStep chrom=ENSGT00390000001251 start=1 step=1
0.081
0.081
0.081
0.081
0.074
0.081
0.072
0.072
0.081
0.081
0.081
0.068
0.078
0.081
-0.817
0.081
0.073
-1.373
0.073
0.081
-0.817
0.081
0.081
0.081
0.081
0.081
0.081
0.069
0.081
-0.817
0.081
0.081
0.081
0.081
0.081
0.081
0.081
0.081
0.081
0.081
0.081
-0.817
0.081
0.081
-0.818
0.081
0.081
0.081
0.080
0.081
0.081
0.081
0.081
0.081
0.081
0.081
0.081
0.081
0.081
0.080
0.081
0.081
0.081
0.081
0.081
0.081
0.081
0.081
0.072
0.081
0.081
0.081
0.081
0.073
0.073
0.073
0.073
0.081
0.073
0.081
0.081
0.081
0.081
0.072
0.081
0.081
0.081
0.073
0.081
0.081
0.081
0.081
0.081
0.073
0.081
0.081
0.073
0.081
0.081
0.073
-0.818
0.081
-0.230
-0.230
-0.230
-0.230
-0.230
-0.230
-0.804
0.081
0.081
0.081
0.081
0.081
0.081
0.081
0.078
0.079
-0.817
0.080
0.081
0.081
0.081
0.072
0.081
0.081
0.081
0.081
0.081
0.081
0.081
0.080
0.081
0.081
0.075
0.073
-0.815
0.081
0.081
0.072
0.081
0.078
0.081
0.076
0.081
0.081
-0.818
-2.355
-0.818
0.081
0.069
0.081
0.081
0.081
0.073
0.075
0.071
0.069
0.079
-0.804
-0.817
0.081
0.081
-0.804
0.081
0.081
0.081
0.081
0.073
-0.818
0.081
0.081
0.081
0.078
0.081
0.081
0.081
0.081
0.081
0.081
0.081
0.073
0.081
0.081
0.081
0.078
0.072
0.081
0.078
0.081
0.079
0.081
0.081
0.080
0.072
-1.481
-0.818
0.081
0.064
0.075
0.073
0.079
0.081
0.080
-1.516
0.081
0.081
0.073
0.081
0.071
0.081
0.081
0.075
0.081
0.081
-0.815
0.081
0.081
0.081
0.069
0.081
0.081
0.081
0.081
0.072
0.081
-0.815
0.073
0.073
0.073
0.081
0.081
0.081
0.073
0.081
0.078
0.081
0.081
0.080
0.081
0.081
0.080
0.081
0.081
0.081
0.081
0.081
0.081
0.081
0.073
0.078
0.072
0.080
0.081
-0.817
0.081
0.081
0.081
0.081
0.081
0.081
0.081
-0.817
0.081
0.073
0.081
0.081
0.081
0.081
0.073
0.073
0.081
-0.815
0.081
0.081
0.072
0.080
0.081
0.075
0.073
0.081
0.081
-0.815
0.081
0.078
0.081
0.081
0.081
0.073
0.081
0.081
0.081
0.080
0.081
0.081
-0.815
0.078
-0.230
-0.230
-0.230
-0.775
-0.775
-0.775
0.081
0.081
0.073
0.081
0.081
0.075
0.081
0.081
0.081
0.081
0.081
0.081
0.081
-1.421
-0.817
0.081
0.081
0.073
0.081
0.081
0.073
0.081
0.073
0.081
0.069
0.073
0.081
0.081
0.078
0.081
0.081
-0.815
0.073
0.081
0.081
0.081
0.081
-0.817
0.072
0.081
0.081
0.081
0.081
0.081
0.081
0.073
0.081
0.081
-0.817
-0.817
-0.817
0.081
0.081
0.072
0.080
0.080
0.078
0.081
0.081
0.081
0.081
0.081
0.081
0.081
0.081
0.081
0.081
0.081
-0.817
0.081
0.081
0.081
0.081
0.081
0.073
0.081
0.081
0.080
0.081
0.081
0.081
0.081
0.081
0.081
0.081
0.081
0.073
0.081
0.081
0.081
0.081
0.081
0.081
0.081
0.081
0.081
0.081
0.081
0.081
0.081
0.081
0.081
-0.817
0.069
0.072
0.081
0.081
0.081
0.081
0.081
0.081
0.081
0.080
0.081
0.081
0.081
0.073
0.081
0.081
0.081
0.081
0.081
0.078
0.081
0.081
0.081
0.081
0.081
0.081
0.081
0.081
0.081
0.081
0.081
0.081
0.081
0.081
-1.476
0.081
0.081
0.081
-0.817
0.081
0.081
0.081
0.081
0.068
0.081
0.081
0.073
0.081
0.081
0.081
0.081
0.081
0.071
0.081
0.081
0.081
0.081
0.081
0.074
0.081
0.081
0.081
0.081
0.081
0.081
0.081
0.081
0.075
0.081
0.081
0.080
0.081
0.081
0.081
0.081
0.081
0.081
-0.815
0.081
0.073
0.081
0.081
0.078
0.081
0.081
0.081
