fixedStep chrom=ENSGT00390000000786 start=1 step=1
0.000
0.000
0.000
0.000
0.000
0.000
0.000
0.000
0.000
0.000
0.000
0.000
0.000
0.000
0.000
0.000
0.000
0.000
0.000
0.000
0.000
0.000
0.000
0.000
0.000
0.000
0.000
0.000
0.000
-3.488
-4.090
-4.103
-3.488
-3.712
-4.104
-4.297
-4.103
-3.487
-4.103
-4.101
-4.341
-4.104
-0.746
-0.738
-0.748
0.086
0.086
-0.745
0.086
0.086
0.086
0.000
0.000
0.000
0.000
0.000
0.000
0.000
0.000
0.000
0.000
0.000
0.000
0.000
0.000
0.000
0.000
0.000
0.000
0.000
0.000
0.000
0.000
0.000
0.000
0.000
0.000
0.000
0.000
0.000
0.000
0.000
0.000
0.000
0.000
0.000
0.000
0.000
0.000
0.000
0.000
0.000
0.000
0.000
0.000
0.000
0.000
0.000
0.000
0.000
0.000
0.000
0.000
0.000
0.000
0.000
0.000
0.000
0.000
0.000
0.000
0.000
0.000
0.000
0.000
0.000
0.000
0.000
0.000
0.000
0.000
0.000
0.000
0.000
0.000
0.000
0.000
0.000
0.000
0.000
0.000
0.000
0.000
0.000
0.000
0.000
0.000
0.000
0.000
0.000
0.000
0.000
0.000
0.000
0.000
0.000
0.000
0.000
0.000
0.000
0.086
0.086
-0.747
0.086
0.086
0.079
0.086
0.086
0.080
0.000
0.000
0.000
0.000
0.000
0.000
0.000
0.000
0.000
0.000
0.000
0.000
0.000
0.000
0.000
0.000
0.000
0.000
0.000
0.000
0.000
0.000
0.000
0.000
0.000
0.000
0.000
-0.746
-0.746
-0.748
0.075
-0.739
0.086
0.075
0.086
0.086
-0.748
0.072
-1.279
0.084
0.086
0.085
0.086
0.086
0.086
-0.747
-0.739
-0.745
0.086
-0.747
-1.272
0.000
0.000
0.000
0.000
0.000
0.000
0.000
0.000
0.000
0.000
0.000
0.000
0.000
0.000
0.000
0.000
0.000
0.000
0.000
0.000
0.000
0.000
0.000
0.000
0.000
0.000
0.000
0.000
0.000
0.000
0.000
0.000
0.000
0.000
0.000
0.000
0.000
0.000
0.000
0.000
0.000
0.000
0.000
0.000
0.000
0.000
0.000
0.000
0.000
0.000
0.000
0.000
0.000
0.000
0.000
0.000
0.000
0.000
0.000
0.000
0.000
0.000
0.000
-0.747
-0.746
0.075
0.084
0.086
-1.317
0.075
-0.747
-2.522
-0.748
0.086
0.086
-1.300
0.075
0.086
0.086
0.086
0.086
-0.743
-0.747
0.084
-0.745
-0.746
-1.284
0.086
0.075
0.075
0.000
0.000
0.000
0.000
0.000
0.000
0.000
0.000
0.000
0.000
0.000
0.000
0.000
0.000
0.000
0.000
0.000
0.000
0.000
0.000
0.000
0.000
0.000
0.000
0.000
0.000
0.000
-0.745
0.086
-1.568
0.075
0.086
0.086
0.086
0.086
0.086
0.086
0.086
0.086
0.080
0.086
0.086
0.085
0.086
0.085
0.086
0.086
0.086
0.086
0.086
0.086
0.086
0.086
0.086
0.086
0.086
0.085
0.086
0.086
0.085
0.086
0.086
0.081
0.086
0.086
0.086
0.086
0.085
0.086
0.086
0.086
0.086
0.086
0.086
0.086
0.086
0.086
0.086
0.086
0.086
0.086
0.086
0.086
0.086
0.086
0.086
0.086
0.086
0.086
0.086
0.086
0.086
0.086
0.086
0.084
0.086
0.086
0.086
0.086
0.086
0.086
-3.579
0.086
0.086
0.081
0.086
0.086
0.086
0.085
0.086
0.086
0.086
0.086
0.086
0.086
0.086
0.086
0.086
0.086
0.086
0.086
0.086
0.085
0.086
0.086
0.086
0.086
0.086
0.086
0.086
0.081
0.086
0.086
0.086
0.086
0.086
0.086
0.086
0.086
0.086
0.086
0.085
0.086
0.086
0.086
0.086
0.086
0.086
0.086
0.086
0.085
0.086
0.086
0.086
0.086
0.085
0.086
0.086
0.086
0.086
0.086
0.086
0.086
0.086
0.086
0.086
0.086
0.086
0.086
0.086
0.086
0.086
0.086
0.086
0.086
0.086
0.081
0.086
0.079
0.086
0.086
0.086
0.086
0.086
0.086
0.086
0.086
0.086
0.086
0.086
0.086
0.086
0.086
0.086
0.086
0.086
0.086
0.086
0.086
0.086
0.086
0.086
0.086
0.085
0.086
0.084
0.086
0.086
0.086
0.086
0.086
0.085
0.086
0.086
0.086
0.086
0.086
0.086
0.086
0.086
0.086
0.086
0.086
0.086
0.086
