fixedStep chrom=ENSGT00390000011204 start=1 step=1
0.074
0.074
0.074
0.074
0.074
0.074
0.074
0.074
0.068
0.074
0.074
0.074
0.074
0.071
0.071
0.074
0.074
0.074
0.074
0.074
0.069
0.074
0.069
0.069
0.066
0.074
0.074
0.072
0.074
0.074
0.073
0.074
0.071
0.064
0.073
0.074
0.074
0.074
0.073
0.074
0.072
0.071
0.073
0.074
0.074
0.073
0.074
0.060
0.072
0.074
0.074
0.074
0.074
0.071
0.068
0.064
0.074
0.074
0.074
0.074
0.062
0.071
0.072
0.071
0.068
0.071
0.074
0.067
0.074
0.074
0.074
0.070
0.066
0.071
0.072
0.074
0.074
0.074
0.074
0.069
-2.132
0.074
0.071
0.070
0.073
-2.060
0.060
0.074
0.071
0.074
0.074
0.074
0.074
0.074
0.074
0.074
0.074
0.058
0.072
0.074
0.074
0.073
0.074
0.071
0.067
0.059
0.071
0.062
0.062
0.074
0.074
0.074
0.074
0.060
0.074
0.074
0.073
0.054
0.072
0.074
0.058
0.073
0.074
0.073
0.073
0.059
0.069
0.074
0.071
0.074
0.074
0.073
0.074
0.074
0.074
0.071
0.074
0.074
0.074
0.072
0.062
0.072
0.074
0.074
0.074
-2.023
0.074
0.074
0.071
0.066
0.060
0.074
0.072
0.072
0.069
-2.221
0.058
0.073
0.060
0.069
0.074
0.074
0.070
0.065
0.074
-0.138
-0.138
-0.138
0.073
0.073
0.062
0.070
0.066
0.074
0.074
0.074
0.074
0.074
0.074
0.074
0.074
0.074
0.060
0.074
0.074
0.074
0.068
-2.074
0.067
0.073
0.072
0.070
0.071
0.069
0.074
0.074
0.073
0.074
0.074
0.071
0.074
0.068
0.074
0.074
0.074
0.074
0.074
0.074
0.074
0.074
0.064
0.074
0.074
0.074
0.066
0.071
0.074
0.074
0.074
0.074
0.074
0.074
0.074
0.074
0.074
0.074
0.074
0.074
0.074
0.074
0.074
0.074
0.074
0.071
0.074
0.074
0.074
0.074
0.074
0.074
0.074
0.074
0.074
0.074
0.074
0.074
0.074
0.074
0.074
0.060
0.074
0.074
0.074
0.074
0.074
0.074
0.074
0.074
0.074
0.074
0.074
0.074
0.074
0.074
0.074
0.074
0.074
0.074
0.074
0.074
0.074
0.074
0.074
0.074
0.074
0.074
0.074
0.074
0.074
0.074
0.074
0.062
0.074
0.074
0.074
0.074
0.074
0.072
0.074
0.074
0.074
0.074
0.074
0.073
0.074
-2.068
0.060
0.074
0.074
0.069
0.074
0.074
0.073
0.074
0.074
0.074
0.074
0.074
0.073
0.074
0.074
0.074
0.071
0.074
0.074
0.074
0.074
0.074
0.074
0.072
0.074
0.074
0.074
0.071
0.074
0.074
0.074
0.074
0.074
0.074
0.074
0.074
0.074
0.074
0.074
0.074
0.074
0.074
0.073
0.074
0.074
0.072
0.074
0.074
0.074
0.074
0.074
0.072
0.074
0.074
0.074
0.074
0.074
0.074
0.074
0.074
0.074
0.074
0.074
0.071
-2.022
0.072
0.074
0.074
0.074
0.074
0.074
0.074
0.074
0.074
0.074
0.064
0.071
0.074
0.071
0.074
0.074
0.074
0.074
0.074
0.074
0.074
0.074
0.074
0.074
0.074
0.074
0.074
0.074
0.072
0.074
0.066
0.074
0.072
0.074
0.074
0.074
0.074
0.074
0.074
0.074
0.074
0.074
0.073
0.071
0.074
0.074
0.071
0.074
0.074
0.074
0.074
0.074
0.071
0.071
0.074
0.074
0.074
0.074
0.074
0.074
0.074
0.074
0.074
0.074
0.074
0.074
0.074
0.074
0.074
0.074
0.074
0.074
0.074
0.074
0.074
0.074
0.071
0.074
0.074
0.074
0.074
0.074
0.074
0.074
0.074
0.073
0.074
-2.046
0.074
0.074
0.074
0.074
0.074
0.074
0.074
0.074
0.074
0.074
0.074
0.074
0.074
0.074
0.074
0.074
0.074
0.074
0.074
0.074
0.074
0.073
0.074
0.074
0.058
0.074
0.074
0.073
0.074
0.074
0.071
0.074
0.074
0.074
0.074
0.074
0.074
0.074
0.074
0.074
0.074
0.074
0.074
0.074
0.074
0.072
0.072
0.074
0.068
0.074
0.074
0.072
0.074
0.072
0.074
0.074
-2.029
0.074
0.071
0.074
0.074
0.074
0.074
0.074
0.074
0.074
0.070
-3.426
0.074
0.071
0.074
0.074
0.074
0.074
0.074
0.071
0.071
0.072
0.074
0.074
0.074
0.074
0.074
0.073
0.074
0.074
0.074
0.067
0.074
0.074
0.074
0.074
0.074
0.074
0.074
0.074
0.074
0.074
0.074
0.074
0.074
0.071
0.072
0.067
0.074
-3.145
0.074
0.074
0.060
0.074
0.074
0.074
0.067
0.074
0.074
0.072
0.074
0.074
0.074
0.074
0.074
0.072
0.070
0.074
0.074
0.073
0.069
0.074
0.074
0.069
0.067
0.069
0.068
0.067
0.069
0.069
0.069
0.069
0.069
0.069
0.069
0.069
0.069
0.069
0.069
0.069
0.069
0.069
0.069
0.069
0.069
0.069
0.069
0.069
0.069
0.069
0.069
0.069
0.069
0.069
0.069
0.069
0.069
0.069
0.069
0.068
0.069
0.069
0.069
0.069
0.069
0.069
0.069
0.069
0.069
0.069
0.069
0.069
0.069
0.069
0.069
0.069
0.069
0.069
0.069
0.069
0.069
0.069
0.069
0.061
0.069
0.069
0.069
0.069
0.069
0.069
0.069
0.069
0.069
0.069
0.068
0.069
0.069
0.069
0.069
0.072
0.074
0.074
0.073
0.074
0.074
0.064
0.074
0.058
0.073
0.074
0.074
0.074
0.074
0.074
0.074
0.070
0.066
0.074
0.074
0.074
0.071
0.074
0.069
0.074
0.074
0.074
0.074
0.074
0.074
0.074
0.074
0.074
0.074
0.074
0.074
0.073
0.074
0.074
0.074
0.072
0.074
0.074
0.073
0.072
0.074
0.072
0.073
0.074
0.074
0.073
0.074
0.074
0.074
0.074
0.074
0.074
0.074
0.074
0.074
0.074
0.074
0.074
0.074
0.074
0.074
0.074
0.074
0.074
0.074
0.074
0.071
0.074
0.074
0.074
0.071
0.074
0.074
0.074
0.074
0.071
0.074
0.074
0.068
0.074
0.074
0.074
0.074
0.073
0.067
0.073
0.074
0.074
0.073
0.072
0.072
0.066
0.074
0.074
0.072
0.067
0.074
0.074
0.074
0.074
0.074
0.074
0.074
0.074
0.067
0.069
0.074
0.074
0.074
0.074
0.071
0.074
0.074
0.074
0.074
0.074
0.074
0.074
0.074
0.074
0.069
0.074
0.074
0.073
0.074
0.071
0.074
0.074
0.074
0.074
0.074
0.074
0.073
0.074
0.074
0.074
0.074
0.074
0.072
0.074
0.074
0.074
0.074
0.074
0.074
0.074
0.074
0.074
0.074
0.074
0.073
0.074
0.074
0.074
0.074
0.054
0.074
0.074
0.074
0.072
0.074
0.074
0.074
0.074
0.074
0.074
0.074
0.074
0.074
0.074
0.074
0.074
0.074
0.074
0.074
0.074
-2.045
0.069
0.069
0.069
0.069
0.069
0.069
0.069
0.069
0.069
0.055
0.069
0.069
0.069
0.069
0.066
0.051
0.066
0.065
0.069
0.055
0.069
0.069
0.069
0.069
0.069
0.068
0.069
0.069
0.069
0.065
0.069
0.069
0.069
0.069
0.069
0.069
0.068
0.069
0.069
0.067
0.069
0.065
0.066
0.069
0.069
0.069
0.069
0.069
0.051
0.069
0.069
0.061
0.069
0.069
0.065
0.069
0.066
0.069
0.055
0.069
0.069
0.074
0.074
0.074
0.074
0.074
0.069
0.074
0.072
0.074
0.074
0.060
0.071
0.074
0.074
0.074
0.074
0.074
0.074
0.074
0.074
0.062
0.072
0.074
0.062
0.064
0.069
0.072
0.074
0.074
0.074
0.074
0.074
0.074
0.074
0.074
0.073
0.074
0.060
0.074
0.074
0.074
0.074
0.072
0.074
0.062
0.074
0.062
0.074
0.074
0.074
0.074
0.074
0.074
0.074
0.074
0.074
0.073
0.074
0.074
0.064
0.074
0.074
0.073
0.068
0.074
0.067
0.074
0.074
0.074
0.074
0.074
0.073
0.074
0.074
0.072
0.074
0.074
0.060
0.074
0.074
0.073
0.074
0.074
0.074
0.074
0.074
0.071
0.074
0.074
0.074
0.074
0.074
0.074
0.074
0.074
0.074
0.074
0.074
0.064
0.074
0.074
0.074
0.074
0.074
0.060
0.074
0.074
0.074
0.074
0.074
0.074
0.074
0.074
0.071
0.074
0.074
0.074
0.074
0.074
0.071
0.074
0.074
0.072
0.074
0.074
0.074
0.074
0.074
0.074
0.074
0.074
0.074
0.074
0.074
0.056
0.072
0.074
0.060
0.074
0.074
0.068
0.072
0.074
0.074
0.074
0.074
0.069
0.071
0.074
0.074
0.074
0.074
0.060
0.074
0.071
0.074
0.074
0.074
0.073
0.069
0.074
0.074
0.074
0.074
0.074
0.074
0.074
0.074
0.074
0.074
0.072
0.065
0.074
0.074
0.074
0.074
0.069
0.074
0.074
0.074
0.074
0.074
0.068
0.074
0.074
0.071
0.073
0.074
0.054
0.074
0.074
0.074
0.074
0.074
0.074
0.074
0.074
0.074
0.062
0.074
0.074
0.074
0.074
0.074
0.074
0.074
0.074
0.074
0.074
0.074
0.074
0.074
-4.346
0.074
0.074
0.062
0.074
0.074
0.074
-2.065
0.074
0.073
0.074
0.074
0.071
0.074
0.074
0.067
0.074
0.074
0.070
0.068
0.074
0.068
0.074
0.071
0.073
0.074
0.074
0.074
0.074
0.074
0.074
0.074
0.074
0.074
0.074
0.074
0.074
0.074
0.074
0.071
0.074
0.074
0.074
0.074
0.074
0.069
0.074
0.074
0.074
0.074
0.074
0.074
0.067
0.074
0.074
0.074
0.074
0.064
0.074
0.074
0.071
0.074
0.074
0.074
0.074
0.074
0.074
0.074
0.074
0.070
0.074
0.074
0.074
0.074
0.074
0.074
0.074
0.074
0.074
0.074
0.074
0.074
