fixedStep chrom=ENSGT00390000003581 start=1 step=1
0.000
0.000
0.000
0.000
0.000
0.000
0.000
0.000
0.000
-0.866
-0.905
-0.974
-0.932
-1.155
-0.917
-2.244
-2.420
-1.745
-2.490
-2.567
-2.393
-2.444
-2.886
-2.394
-0.186
-0.186
-0.186
-0.186
-0.186
0.000
0.000
0.000
0.000
0.000
0.000
0.000
0.000
0.000
0.000
0.000
0.000
0.000
0.000
0.000
0.000
0.000
0.000
0.000
0.000
0.000
0.000
0.000
0.000
0.000
0.000
0.000
0.000
0.000
0.000
0.000
0.000
0.000
0.000
0.000
0.000
0.000
0.000
0.000
0.000
0.000
0.000
0.000
0.000
0.000
0.000
0.000
0.000
0.000
0.000
0.000
0.000
0.000
0.000
0.000
0.000
0.000
0.000
0.000
0.000
0.000
0.000
0.000
0.000
0.000
0.000
0.000
0.000
0.000
0.000
0.000
0.000
0.000
0.000
0.000
0.000
0.000
0.000
0.000
0.000
0.000
0.000
0.000
0.000
0.000
0.000
0.000
0.000
0.000
0.000
0.000
0.000
0.000
0.000
0.000
0.000
0.000
0.000
0.000
0.000
0.000
0.000
0.000
0.000
0.000
0.000
0.000
0.000
0.000
0.000
0.000
0.000
0.000
0.000
0.000
0.000
0.000
0.000
0.000
0.000
0.000
0.000
0.000
0.000
0.000
0.000
0.000
0.000
0.000
0.000
0.000
0.000
0.000
0.000
0.000
0.000
0.000
0.000
0.000
0.000
0.000
0.000
0.000
0.000
0.000
0.000
0.000
0.000
0.000
0.000
0.000
0.000
0.000
0.000
0.000
0.000
0.000
0.000
0.000
0.000
0.000
0.000
0.000
0.000
0.000
0.000
0.000
0.000
0.000
-1.735
-2.865
-1.583
-1.954
-1.148
-1.151
0.074
0.074
0.074
0.074
0.074
0.070
0.057
0.074
0.068
0.074
0.074
0.074
0.074
0.074
0.074
0.066
0.074
0.074
0.074
0.074
0.072
0.074
0.074
0.074
0.074
0.074
0.072
0.060
0.074
0.074
0.073
0.074
0.074
0.074
0.074
0.074
0.074
0.072
0.074
0.074
0.074
0.062
-2.479
0.074
0.052
0.074
0.074
0.066
0.074
0.074
0.074
0.057
0.074
0.074
-0.815
-0.815
-0.815
-0.815
-0.815
-0.815
0.074
0.074
0.074
0.074
0.074
0.074
0.070
0.069
0.073
0.072
0.072
0.072
0.074
0.074
0.074
0.074
0.074
0.074
0.057
0.074
0.072
0.062
0.073
0.069
0.074
0.071
0.074
0.074
0.074
0.067
0.074
0.074
0.074
0.074
0.074
0.074
0.074
0.074
0.073
0.070
0.067
0.074
0.074
0.074
0.074
0.072
0.066
0.074
0.074
0.074
0.074
0.057
0.074
0.074
0.074
0.073
0.074
0.074
0.052
0.069
0.074
0.074
0.074
0.072
0.074
0.074
0.074
0.070
0.074
0.074
0.074
0.074
0.074
0.074
0.074
0.074
0.064
0.074
0.074
0.069
0.057
0.074
0.074
0.072
0.073
0.074
0.074
0.052
0.074
0.074
0.074
0.074
0.068
0.074
0.057
0.060
0.074
0.074
0.069
0.074
0.074
0.074
0.074
0.074
0.074
0.074
0.074
0.057
0.074
0.074
0.072
0.074
0.074
0.074
0.074
0.074
0.070
0.074
0.074
0.074
0.074
0.074
0.074
0.074
0.074
0.052
0.074
0.069
0.069
0.074
0.065
0.063
0.064
0.065
0.065
0.065
0.065
0.060
0.065
0.065
0.065
0.065
0.065
0.065
0.065
0.065
0.065
0.065
0.065
0.065
0.065
0.065
0.062
0.065
0.065
0.065
0.065
0.065
0.065
0.064
0.065
0.065
0.065
0.065
0.064
0.065
0.065
0.065
0.065
0.065
0.064
0.065
0.065
0.065
0.065
0.065
0.065
0.065
0.065
0.065
0.065
0.065
0.065
0.065
0.065
0.065
0.065
0.065
0.055
0.069
0.069
0.068
0.069
0.069
0.069
0.069
0.069
0.068
0.069
0.069
0.063
0.069
0.069
0.069
0.069
0.069
0.069
0.069
0.069
0.069
0.069
0.068
0.069
0.069
0.069
0.069
0.069
0.069
0.063
0.069
0.069
0.067
0.069
0.069
0.069
0.069
0.069
0.069
0.051
0.069
0.051
0.069
0.069
0.069
0.069
0.069
0.069
0.065
0.067
-1.978
0.069
0.069
0.069
0.068
0.069
0.069
0.069
0.069
0.069
0.069
0.069
0.066
0.069
0.069
0.069
0.069
0.069
0.066
0.069
0.069
0.069
0.065
0.069
0.069
0.069
0.069
0.066
0.069
0.069
0.069
0.069
0.069
0.060
0.069
0.069
0.069
0.065
0.065
0.065
0.065
0.065
0.062
0.065
0.065
0.065
0.065
0.065
0.060
0.056
0.065
0.065
0.065
0.065
0.065
0.065
0.065
0.065
0.065
0.065
0.063
0.065
0.065
0.065
0.065
0.065
0.065
0.065
0.065
0.065
0.065
0.065
0.065
0.065
0.065
0.065
0.065
0.065
0.065
0.065
0.065
0.065
0.065
0.065
0.065
0.065
0.065
0.065
0.063
0.065
0.056
0.065
0.065
0.065
0.065
0.065
0.065
0.064
0.065
0.065
0.065
0.065
0.065
0.065
0.065
0.065
0.065
0.065
0.065
0.065
0.065
0.065
0.065
0.065
0.065
0.065
0.065
0.065
0.065
0.065
0.065
0.065
0.065
0.065
0.065
0.065
0.062
0.065
0.065
0.065
0.065
0.064
0.065
0.065
0.065
0.065
0.065
0.065
0.065
0.065
0.065
0.065
0.063
0.065
0.065
0.065
0.065
0.063
0.065
0.065
0.065
0.065
0.065
0.063
0.065
0.065
0.065
0.065
0.065
0.065
0.065
0.065
0.065
0.065
0.065
0.065
0.065
0.065
0.062
0.065
0.065
0.065
0.065
0.065
0.065
0.065
0.065
-0.985
0.065
0.065
0.065
0.065
0.065
0.062
0.065
0.065
0.063
0.065
0.065
0.060
0.065
0.065
0.065
0.065
0.065
0.065
0.065
0.065
0.065
0.065
0.065
0.065
0.065
0.065
0.065
0.065
0.065
0.065
0.065
0.065
0.060
0.065
0.065
0.060
0.065
0.065
0.065
0.065
0.065
0.065
0.065
0.065
0.065
0.059
0.060
0.059
-1.102
-1.107
-1.097
0.059
0.059
-1.087
0.059
0.060
0.054
0.059
0.060
0.060
0.059
-1.097
0.053
-1.092
0.053
0.060
0.060
0.053
-1.107
-1.097
-1.087
-1.102
-1.102
0.059
0.059
-1.097
-1.104
0.059
0.053
0.053
-1.092
0.059
0.059
-1.107
0.060
0.059
0.060
0.053
0.060
-1.092
0.053
-1.104
-1.097
0.059
-1.100
0.053
0.060
0.059
0.059
-1.097
0.060
0.053
0.059
0.059
0.053
0.059
-1.107
-1.087
-1.087
0.060
-1.100
0.053
-1.097
0.057
-1.100
-1.100
0.053
0.053
0.053
-1.087
0.060
0.060
0.059
-1.100
0.060
-1.107
0.059
0.059
0.059
0.059
0.059
0.059
0.059
-1.087
-1.087
0.058
0.053
0.059
0.057
0.060
0.059
0.053
-1.104
0.053
0.059
0.053
0.053
0.059
0.059
0.059
-1.087
0.059
-1.087
-1.107
-1.087
-1.107
-1.092
0.057
0.057
-1.087
-1.092
-1.087
-1.107
-1.087
0.053
0.059
0.059
0.059
-0.171
-0.171
-0.171
0.057
0.059
0.053
0.059
0.057
0.059
-1.107
0.059
0.059
0.059
0.059
0.059
-1.104
-1.087
0.054
0.059
-1.087
-1.087
-1.107
0.059
0.059
0.074
0.074
0.074
0.074
0.074
0.074
0.074
0.074
0.074
0.074
0.074
0.074
0.052
0.074
0.069
0.074
0.074
0.074
0.074
0.074
0.073
0.074
0.072
0.067
0.074
0.074
0.074
0.074
0.074
0.072
0.067
0.074
0.062
0.074
0.072
0.074
0.074
0.070
0.074
0.074
0.074
0.074
0.074
0.074
0.069
0.074
0.074
0.074
0.074
0.074
0.074
0.074
0.074
0.064
0.074
0.074
0.074
0.074
0.074
0.072
0.074
0.074
0.074
0.074
0.074
0.074
0.070
0.074
0.074
0.070
0.074
0.074
0.074
0.074
0.072
0.074
0.074
0.072
0.072
0.074
0.052
0.074
0.074
0.074
0.074
0.074
0.074
0.074
0.074
0.074
0.074
0.074
0.074
0.074
0.072
0.074
0.074
0.074
0.066
0.074
0.074
0.072
0.074
0.074
0.074
0.074
0.074
0.069
0.074
0.074
0.074
0.074
0.074
0.074
0.074
0.074
0.074
0.074
0.074
0.074
0.074
0.074
0.074
0.074
0.074
0.070
0.074
0.074
0.072
0.074
0.074
0.074
0.074
0.074
0.074
0.074
0.074
0.074
0.074
0.074
0.059
0.074
0.074
0.072
0.069
0.074
0.073
0.074
0.074
0.068
0.070
0.074
-3.043
0.074
0.074
0.067
0.052
0.074
0.067
0.074
0.072
0.069
0.074
0.074
0.052
0.074
0.074
0.074
0.074
0.074
0.064
0.074
0.074
0.069
0.074
0.074
0.066
0.074
0.074
0.074
0.074
0.074
0.074
0.071
0.074
0.069
0.074
0.068
0.061
0.074
0.074
0.074
0.074
0.074
0.074
0.074
0.074
0.074
0.074
0.074
0.074
0.074
0.074
0.074
0.074
0.074
0.074
0.074
0.074
0.057
0.074
0.074
0.074
0.074
0.074
0.074
0.074
0.074
0.072
0.074
0.074
0.074
0.074
0.057
0.074
0.074
0.074
0.074
0.070
0.074
0.074
0.074
0.074
0.074
0.070
0.057
0.074
0.074
0.074
0.072
0.074
0.074
0.074
0.074
0.074
0.069
0.074
0.074
0.074
0.074
0.074
0.074
0.057
0.074
0.073
0.074
0.074
0.074
0.074
0.072
0.074
0.074
0.074
0.074
0.074
0.072
0.074
0.074
0.072
0.074
0.074
0.074
0.057
0.074
0.074
0.070
0.064
0.070
0.074
0.071
0.074
0.074
0.070
0.074
0.074
0.074
0.074
0.074
0.066
0.074
0.074
0.074
0.074
0.064
0.074
0.074
0.074
0.069
0.074
-2.303
0.074
0.074
0.057
0.074
0.074
0.074
0.074
0.074
0.074
0.074
0.074
0.074
-2.140
0.074
0.074
0.074
0.074
0.067
0.074
0.074
0.074
0.074
0.074
0.073
0.074
0.074
0.070
0.074
0.074
0.074
0.064
0.073
0.074
0.074
0.073
0.074
0.074
0.074
0.051
0.072
0.071
0.074
0.074
0.074
0.074
-1.406
-1.681
-1.738
0.074
0.072
0.072
0.072
0.074
0.072
0.061
0.069
0.072
0.069
0.074
0.055
0.071
0.074
0.074
0.070
0.066
0.074
0.073
0.057
0.073
0.074
0.074
0.072
0.072
0.074
0.069
0.074
0.074
0.074
0.067
0.074
0.074
0.074
0.074
0.074
0.072
0.074
0.074
0.074
0.073
0.074
0.064
0.071
0.074
0.074
0.072
0.074
0.071
0.074
0.074
0.074
0.074
0.074
0.066
0.074
0.074
0.074
0.074
0.074
0.074
0.074
0.074
0.074
0.074
0.074
-0.139
-0.139
-0.139
-0.139
-0.139
-0.139
-1.404
-1.675
-1.404
0.066
0.074
0.066
0.072
-2.442
0.066
-0.133
-0.133
-0.133
0.074
0.071
0.060
0.074
-1.531
0.074
0.073
0.052
0.073
0.074
0.072
0.074
0.074
0.074
0.072
0.069
0.074
0.074
0.074
0.074
0.057
0.074
0.074
0.067
0.074
0.074
0.074
0.074
0.074
0.074
0.074
0.074
0.074
0.070
0.074
0.074
0.074
0.052
0.074
0.071
0.067
0.074
0.074
0.072
0.074
0.074
0.074
0.070
0.064
0.074
0.074
0.072
0.064
0.074
-0.277
-0.277
-0.277
-0.822
-0.622
-0.621
0.066
0.064
0.072
0.074
0.069
0.074
0.074
0.074
0.069
0.074
0.064
0.074
0.074
0.074
0.073
0.074
0.069
0.074
0.074
0.074
0.074
0.073
0.052
0.074
0.072
0.057
0.070
0.070
0.074
0.064
0.072
0.070
0.074
0.074
0.074
0.074
0.072
0.072
0.074
0.074
0.074
0.051
0.074
0.074
0.074
0.074
0.074
0.074
0.066
0.074
0.074
0.052
0.074
0.069
0.074
0.074
0.074
0.074
0.074
0.074
0.066
0.064
0.074
0.074
0.074
0.074
0.074
0.074
0.070
-3.276
0.072
-4.351
0.074
0.057
0.071
0.074
0.074
0.074
0.072
0.074
0.074
0.054
0.074
0.057
0.074
0.074
0.074
0.074
0.074
0.068
0.074
0.074
0.074
0.074
0.074
0.074
0.069
0.072
0.074
0.074
0.070
0.072
0.072
0.074
0.074
0.074
0.074
0.072
0.074
0.074
0.074
0.074
0.074
0.074
0.052
0.074
0.073
0.057
0.074
0.074
0.074
0.053
0.072
0.074
0.072
0.074
0.074
0.064
0.072
0.052
0.070
0.074
0.074
0.052
0.074
0.074
0.074
0.074
0.074
0.074
-3.457
0.074
0.074
0.074
0.057
0.074
0.074
0.057
0.070
0.074
0.074
0.074
0.074
0.074
0.074
0.074
0.074
0.074
0.074
0.074
0.074
0.074
0.074
0.074
0.074
0.072
0.074
0.074
0.074
0.074
0.057
0.057
0.074
0.074
0.074
0.074
0.074
0.074
0.074
0.074
0.057
0.074
0.069
-1.150
-1.148
-1.151
-1.151
-1.148
-1.151
0.069
0.072
0.074
0.074
0.074
0.062
0.070
0.074
0.074
0.070
0.074
0.074
0.074
0.074
0.074
0.074
0.074
0.074
0.074
0.074
0.074
0.074
0.074
0.066
-1.559
0.070
0.074
0.074
0.074
0.070
0.074
0.074
0.068
0.074
0.067
0.074
0.074
0.074
0.074
0.057
0.074
0.074
0.073
0.072
0.071
0.074
0.074
0.074
-0.998
-0.998
-0.983
-1.743
-1.696
-1.477
0.073
0.074
0.074
-2.216
0.072
0.074
0.074
0.074
0.074
0.074
0.074
0.066
0.074
0.074
0.074
0.073
0.052
0.074
0.073
0.074
0.060
0.074
0.069
0.074
0.074
0.072
0.074
0.074
0.074
0.074
0.072
0.074
0.069
0.072
0.064
0.073
0.074
0.074
0.074
0.072
0.074
0.074
0.074
0.070
0.074
0.067
0.072
0.072
0.070
0.071
0.070
0.074
0.072
0.065
0.066
0.074
0.073
0.070
0.074
0.074
0.068
0.074
0.074
0.074
0.074
0.074
0.072
0.074
0.074
0.074
0.074
-2.355
0.070
0.074
0.074
0.074
0.074
0.073
0.074
0.074
0.074
0.074
0.074
0.074
0.074
0.074
0.074
0.074
0.074
0.074
0.074
0.074
0.071
0.074
0.074
0.057
-1.334
-1.321
-1.292
0.066
0.074
0.074
0.069
0.074
0.074
0.074
0.074
0.074
0.074
0.074
0.074
0.074
0.073
0.074
0.062
0.070
0.072
-1.148
-1.321
-1.148
0.074
0.057
0.074
0.074
0.069
0.074
0.052
0.053
0.062
-1.333
-1.150
0.000
0.000
0.000
0.000
