fixedStep chrom=ENSGT00390000016029 start=1 step=1
0.000
0.000
0.000
0.000
0.000
0.000
0.000
0.000
0.000
0.000
0.000
0.000
0.000
0.000
0.000
0.000
0.000
0.000
0.000
0.000
0.000
0.000
0.000
0.000
-1.037
-1.036
-1.037
0.062
0.067
0.067
0.067
0.067
0.067
0.067
0.067
-1.921
0.067
0.067
0.067
0.067
0.067
0.067
0.067
0.067
0.067
0.067
0.067
-1.474
0.067
0.067
0.067
0.064
0.067
0.067
0.064
0.067
0.067
0.067
0.067
0.058
0.067
0.064
-1.436
0.062
0.067
0.067
0.067
0.067
0.067
0.067
0.067
0.067
0.067
0.065
0.065
0.067
0.067
0.067
0.067
0.067
0.067
0.067
0.067
0.067
0.067
0.067
0.064
0.067
0.067
0.064
0.067
0.067
0.067
0.062
0.067
0.062
0.067
0.065
0.065
0.067
0.067
0.067
0.067
0.067
0.062
0.067
0.067
0.067
0.067
0.067
0.064
0.067
0.067
0.067
0.067
0.067
0.064
0.067
0.067
0.067
0.067
-1.800
0.067
0.067
0.067
0.067
0.067
0.065
0.067
0.067
0.067
0.067
0.067
0.067
0.067
0.065
0.067
0.067
0.067
0.067
0.067
0.067
0.067
0.067
0.067
0.067
0.067
0.067
0.067
0.067
0.064
0.062
0.067
0.067
0.067
0.067
0.067
0.067
0.067
0.067
0.067
0.067
0.067
0.067
0.066
0.065
0.067
0.067
0.067
0.067
0.067
0.067
0.067
0.067
0.067
0.067
0.067
0.067
0.067
0.067
0.067
0.067
0.067
0.067
0.067
0.067
0.067
0.067
0.067
0.067
0.067
0.066
0.065
0.067
-0.932
0.067
0.067
-0.932
0.064
0.062
-1.839
0.067
0.067
0.062
0.067
0.067
0.067
0.067
0.067
0.062
0.060
0.067
0.067
0.067
0.067
0.067
0.067
0.064
0.067
0.067
0.065
0.067
0.067
-2.323
0.063
0.067
0.067
0.067
0.067
0.067
0.067
0.067
0.067
-0.953
0.067
0.067
0.066
0.060
0.067
0.067
0.067
0.067
0.067
0.066
0.067
0.067
0.067
0.067
0.067
0.067
0.067
0.067
0.067
0.057
0.067
0.067
0.067
0.067
0.067
0.065
0.067
0.067
0.067
0.067
0.067
0.067
0.067
0.067
0.067
0.067
0.051
0.067
0.067
0.067
0.067
0.067
0.067
0.067
-0.932
0.067
0.067
0.067
0.067
0.067
0.067
0.067
0.067
0.062
0.067
0.067
0.067
0.067
0.067
0.067
0.067
0.067
0.060
0.067
0.067
0.067
0.067
0.067
0.067
0.067
0.067
0.067
0.067
0.067
0.067
0.067
0.067
0.067
0.067
-0.949
0.067
0.067
0.067
0.065
0.067
0.067
0.067
0.067
0.067
0.067
0.067
0.067
0.064
0.067
0.067
0.062
0.067
0.067
0.067
0.067
0.067
0.067
0.067
0.067
0.067
0.067
0.067
0.067
0.067
0.067
0.065
0.067
0.067
0.067
0.067
0.067
0.062
0.067
0.067
0.062
0.067
0.067
0.067
0.067
0.064
0.067
0.067
0.067
0.067
0.067
0.067
0.067
0.067
0.067
0.065
0.067
0.067
0.062
0.067
0.067
0.067
0.067
0.067
0.067
0.067
0.067
0.065
0.062
0.067
0.067
0.067
0.067
0.067
0.067
0.067
-0.932
0.066
0.067
0.067
0.067
0.067
0.067
0.067
0.067
-1.804
0.067
0.058
0.067
0.067
0.059
0.067
0.067
0.067
0.064
0.064
0.067
0.067
0.054
0.067
0.060
0.067
0.067
0.067
0.067
-0.952
0.067
0.059
0.065
0.067
0.064
0.065
0.065
0.067
0.067
0.067
0.067
0.067
0.067
0.067
0.067
0.067
0.067
0.067
-0.949
0.067
0.067
0.067
0.067
0.067
0.067
0.067
0.067
0.067
0.067
0.067
0.067
0.067
0.067
0.067
0.067
0.067
0.067
0.067
0.067
0.067
0.067
0.067
0.067
0.067
0.067
0.062
0.067
0.067
0.067
0.067
0.067
0.067
0.067
0.067
0.067
0.067
0.067
0.066
0.067
0.067
0.067
0.067
0.067
0.067
0.067
0.067
0.067
0.062
0.067
0.066
0.067
0.067
0.067
0.062
0.067
0.067
0.066
0.067
0.067
0.067
0.067
0.067
0.067
0.067
0.067
0.067
0.067
0.065
0.067
0.067
0.062
0.067
0.067
0.067
0.066
0.067
0.067
0.067
0.067
0.067
0.067
0.067
0.067
0.067
0.067
0.064
0.065
0.067
0.067
0.067
0.067
0.065
0.067
0.067
0.067
0.067
0.067
-1.488
0.067
0.067
0.067
0.067
0.067
0.067
0.067
0.067
0.062
0.067
0.067
0.067
0.054
0.065
0.062
0.059
0.062
0.062
0.067
0.067
0.067
0.067
0.067
0.062
0.062
0.067
0.062
0.067
0.067
0.067
-0.232
-0.232
-0.232
-0.207
-0.207
-0.207
-0.475
-0.823
-0.843
-4.284
-1.933
-3.728
-2.394
-1.036
-1.037
-5.102
-4.284
-1.913
-2.277
-4.337
-4.207
-1.037
-1.037
-1.037
0.000
0.000
0.000
0.000
0.000
0.000
0.000
0.000
0.000
0.000
0.000
0.000
0.000
0.000
0.000
0.000
0.000
0.000
0.000
0.000
0.000
