fixedStep chrom=ENSGT00390000001064 start=1 step=1
0.069
0.070
0.069
0.069
0.070
0.069
0.069
-0.969
0.069
0.066
0.070
0.069
0.069
0.069
0.066
0.065
0.070
0.069
0.070
0.069
0.069
0.069
0.069
0.063
0.069
0.070
0.069
0.064
0.069
0.065
0.069
0.069
0.069
0.064
0.069
0.068
0.069
0.070
0.069
0.069
0.069
0.066
0.069
0.069
0.069
0.069
0.069
0.069
0.069
0.069
0.069
0.069
0.069
0.064
0.069
0.069
0.069
0.069
0.070
0.069
0.058
0.069
0.069
0.069
0.069
0.066
0.070
0.069
0.070
0.069
0.069
0.069
0.064
0.069
0.066
0.070
0.069
0.069
0.069
0.069
0.069
0.070
0.069
0.066
-0.972
0.069
-0.994
0.069
0.069
0.069
0.070
0.070
0.069
0.069
0.069
0.069
0.065
0.069
0.069
0.069
0.069
0.069
0.064
0.070
0.070
0.070
0.070
0.069
0.065
0.069
0.069
0.070
0.070
-0.972
0.064
0.070
0.069
0.069
0.069
0.069
0.069
0.069
0.069
0.069
-0.972
0.069
-0.975
0.069
0.069
0.066
0.065
0.069
0.064
0.069
0.069
0.070
0.070
0.063
0.069
0.069
0.069
0.064
0.070
-1.000
0.069
0.069
0.069
0.065
0.070
0.069
0.070
0.070
0.069
0.069
0.070
0.070
0.069
0.069
0.069
-0.969
0.069
0.069
0.069
0.069
0.069
0.070
0.070
0.070
0.069
0.069
0.065
0.070
0.069
0.069
0.069
0.069
0.070
0.070
0.070
-0.975
0.069
0.069
0.069
0.070
0.069
0.069
0.069
0.069
0.069
0.064
0.070
0.058
0.069
0.070
0.064
0.069
0.070
0.064
0.069
0.069
0.065
0.069
0.070
0.069
0.069
0.070
0.069
0.064
0.069
-0.992
0.069
0.069
0.069
0.070
0.069
0.066
-1.866
0.070
0.069
0.069
0.069
0.069
0.069
0.069
0.068
0.070
0.069
0.063
0.069
0.069
0.066
0.069
0.070
0.069
0.069
0.069
0.066
0.069
0.069
0.069
0.064
0.070
0.069
0.069
0.069
0.069
-0.961
0.069
0.066
-0.975
0.069
0.069
0.069
0.069
0.069
0.070
0.069
0.069
0.069
0.064
0.069
0.069
0.069
0.069
0.069
0.070
0.069
0.070
0.069
0.069
0.069
0.070
0.069
0.070
0.070
0.069
0.069
0.070
0.069
0.069
0.069
0.069
0.069
0.069
-0.972
0.069
0.069
0.069
-0.972
0.069
0.069
0.069
0.070
0.069
0.069
0.069
0.069
0.069
0.069
0.069
0.069
0.069
0.069
0.069
-2.331
0.064
0.064
0.069
0.069
0.069
0.069
0.069
0.069
0.065
0.070
-0.994
-1.887
0.064
-2.259
0.065
-1.783
0.069
0.069
0.069
