fixedStep chrom=ENSGT00390000016096 start=1 step=1
0.000
-0.620
-0.673
-1.147
-0.668
-1.147
0.095
0.110
0.095
0.095
0.095
0.095
0.110
0.105
0.091
0.105
0.110
0.097
0.110
0.110
0.110
0.110
0.110
0.110
0.105
0.110
0.110
0.110
0.110
0.106
0.110
0.110
-0.490
0.110
0.110
0.101
0.110
0.110
0.110
0.101
0.101
-0.469
0.090
0.101
0.101
-0.612
0.101
0.101
-0.622
-0.622
-0.621
0.097
0.110
0.110
0.091
-1.548
0.106
0.110
0.101
0.110
0.110
0.110
0.110
0.110
0.110
0.106
0.105
0.110
0.081
-1.004
-0.994
-0.895
0.093
0.110
0.110
0.110
0.110
0.110
0.102
-0.486
0.098
0.170
0.170
0.170
0.110
0.110
0.110
0.101
0.110
0.101
0.110
0.098
0.082
-1.498
-1.296
0.110
0.105
0.090
0.100
0.105
0.096
0.110
0.082
0.110
0.090
0.082
0.110
0.087
-1.892
-1.939
-1.892
-1.261
-1.835
0.096
0.091
0.101
0.084
0.110
0.110
0.110
0.110
0.110
0.110
0.110
0.110
0.110
-0.486
0.110
0.110
0.110
0.110
0.110
0.110
0.110
0.101
0.108
0.110
0.110
0.110
0.110
0.110
-1.552
0.110
0.110
0.101
0.105
0.107
0.110
0.101
0.110
0.110
0.105
0.106
0.105
0.110
0.110
0.110
0.101
0.101
0.110
0.110
0.110
0.110
0.110
0.110
0.110
0.110
0.110
0.101
0.101
-0.469
0.104
0.110
0.110
0.110
0.110
0.110
-0.487
0.110
0.109
0.110
0.110
-0.487
0.110
0.110
0.101
0.110
0.110
0.110
0.110
0.110
0.091
0.107
0.105
0.110
0.110
0.110
0.110
0.110
0.110
0.110
0.110
0.110
0.097
-0.486
0.110
-0.469
0.108
0.095
0.095
0.106
0.105
0.110
