fixedStep chrom=ENSGT00390000011163 start=1 step=1
0.000
0.000
0.000
0.000
0.000
0.000
0.000
0.000
0.000
0.000
0.000
0.000
0.000
0.000
0.000
0.000
0.000
0.000
0.000
0.000
0.000
0.000
0.000
0.000
0.000
0.000
0.000
0.000
0.000
0.000
0.000
0.000
0.000
0.000
0.000
0.000
0.000
0.000
0.000
0.000
0.000
0.000
0.000
0.000
0.000
0.000
0.000
0.000
0.000
0.000
0.000
0.000
0.000
0.000
0.000
0.000
0.000
0.000
0.000
0.000
0.000
0.000
0.000
0.000
0.000
0.000
0.000
0.000
0.000
0.000
0.000
0.000
0.000
0.000
0.000
0.000
0.000
0.000
0.000
0.000
0.000
0.039
0.039
0.039
0.039
0.039
0.039
0.039
0.039
-2.299
0.039
0.039
0.039
0.039
0.039
0.039
0.039
0.039
0.039
0.039
0.039
0.039
0.039
0.039
0.039
-0.794
-0.794
-0.794
-1.526
-1.526
-1.526
-1.525
-1.526
-1.525
-0.794
-0.794
-0.794
0.039
0.039
0.039
0.039
0.039
0.039
0.039
0.039
0.039
0.031
0.031
0.028
0.031
0.031
0.030
0.031
0.031
0.031
0.031
0.031
0.031
0.031
0.031
0.028
0.031
0.031
0.031
0.031
0.031
0.031
0.031
0.031
0.031
0.031
0.031
0.031
0.031
0.031
0.031
0.031
0.031
0.030
0.031
0.031
0.031
0.031
0.031
0.031
0.031
0.031
0.031
0.031
0.031
0.031
0.031
0.031
0.031
0.031
0.031
0.031
0.031
0.031
0.031
0.031
0.031
0.031
0.031
0.031
0.031
0.031
0.031
0.031
0.031
0.031
0.031
0.031
0.031
0.031
0.031
0.031
0.031
0.031
0.031
0.031
0.031
0.031
0.031
0.031
0.031
0.031
0.031
0.031
0.031
0.031
0.031
0.031
0.031
0.031
0.031
0.031
0.031
0.031
0.031
0.031
0.031
0.031
0.028
0.028
0.031
0.031
0.031
0.031
0.031
0.031
0.031
0.031
0.031
0.031
0.031
0.031
0.031
0.031
0.031
0.031
0.031
0.031
0.031
0.031
0.031
0.031
0.031
0.031
0.031
0.031
-1.534
0.031
0.031
0.031
0.031
0.031
0.031
0.031
0.031
0.031
-2.418
-2.402
-2.403
0.031
0.033
0.033
0.029
0.033
0.033
0.033
0.033
0.033
0.033
0.033
0.033
0.033
0.033
0.029
0.033
0.033
0.033
0.033
0.033
0.033
0.033
0.033
0.029
0.033
0.033
0.033
0.033
0.033
0.033
0.033
0.033
0.033
0.033
0.033
0.029
0.033
0.033
0.029
0.033
0.033
0.033
0.033
0.033
0.033
0.033
0.033
0.033
0.033
0.033
0.033
0.033
0.033
0.029
0.033
0.033
0.033
0.033
0.033
0.033
0.033
0.033
0.033
0.033
0.033
0.033
0.033
0.033
0.033
0.033
0.033
0.033
0.039
0.039
0.039
0.039
0.039
0.039
0.039
0.039
0.039
0.039
0.039
0.039
0.039
0.039
0.039
0.039
0.039
0.039
0.039
0.039
0.039
0.039
0.039
0.039
0.039
0.039
0.039
0.039
0.039
0.039
0.039
0.039
0.039
0.039
0.039
0.036
0.039
0.039
0.039
0.039
0.039
0.039
0.039
0.039
0.037
0.039
0.039
0.039
0.039
0.039
0.039
0.039
0.039
0.039
0.039
0.039
0.039
0.039
0.039
0.039
0.039
0.039
0.039
0.039
0.039
0.039
0.039
0.039
0.039
-1.380
0.039
0.039
0.039
0.039
0.039
0.039
0.039
0.039
0.039
0.039
0.039
0.039
0.039
0.036
0.039
0.039
0.039
0.039
0.039
0.039
