fixedStep chrom=ENSGT00390000006495 start=1 step=1
0.142
0.144
0.142
0.142
0.142
0.128
0.142
0.142
0.142
0.130
0.142
0.143
0.144
0.142
0.143
0.142
0.142
0.142
0.142
0.144
-0.291
0.142
0.144
-0.598
0.142
0.144
-0.291
0.144
0.142
0.142
0.142
0.142
-0.292
0.130
-0.290
0.140
-0.472
0.130
0.140
0.144
0.143
0.140
0.142
0.144
0.136
0.142
0.142
-1.545
0.142
0.142
0.142
0.142
0.143
-1.561
-0.287
0.143
0.128
0.142
0.144
0.129
0.130
0.144
0.141
0.142
0.142
0.142
0.143
0.142
0.142
0.143
0.144
0.122
0.139
0.144
-0.291
0.144
0.142
0.144
0.142
0.142
0.128
0.142
0.142
0.130
0.143
0.142
0.144
0.130
0.130
-1.393
0.130
0.144
-0.291
0.142
0.142
-0.287
-0.287
0.130
-1.623
0.142
0.136
0.130
0.130
-0.287
-0.527
-0.290
-0.287
0.129
0.142
0.142
0.130
0.142
0.143
0.140
-0.292
-0.290
0.142
0.142
0.142
0.129
0.142
0.142
0.130
0.130
0.144
-3.023
0.144
0.142
0.129
0.130
0.144
0.141
0.142
-0.293
0.129
0.144
0.143
-0.585
0.130
0.144
-1.687
0.142
0.142
0.130
0.142
0.143
0.142
0.142
0.142
0.141
0.143
0.142
0.129
0.142
0.142
0.130
0.142
0.144
0.130
-0.292
0.130
0.128
0.142
0.142
0.131
0.143
0.142
0.142
-0.291
0.144
0.130
0.143
0.130
0.140
0.130
0.144
0.130
0.144
0.142
0.133
0.142
0.142
0.143
0.142
0.143
0.127
-0.292
0.142
0.130
0.142
0.142
-0.527
0.143
0.144
-0.292
0.143
0.130
0.130
0.142
0.142
-1.029
0.048
0.048
0.047
-0.034
-0.034
-0.034
0.142
0.130
-0.598
0.142
0.142
0.140
0.143
0.144
0.142
0.143
0.143
-0.292
-0.292
0.130
0.131
0.143
0.142
0.132
0.144
0.130
0.130
0.144
0.144
0.130
0.144
0.143
-0.501
0.144
-0.291
0.130
0.130
0.143
0.140
0.142
0.142
0.144
0.048
0.048
0.048
-0.034
-0.034
-0.034
0.144
-0.290
0.142
0.142
0.144
0.130
0.143
0.144
-0.291
0.142
0.144
-0.292
0.144
0.142
0.142
0.142
0.142
0.130
0.130
0.130
0.121
0.130
0.142
0.131
0.142
0.130
0.139
0.137
-0.291
-0.290
0.142
0.142
0.128
0.144
0.143
0.132
0.144
0.144
0.144
0.143
0.142
0.128
-0.292
0.142
-1.544
0.142
0.144
0.141
0.142
0.142
0.140
0.141
0.144
0.106
0.143
0.144
-0.292
0.142
0.142
0.141
0.142
0.142
0.130
0.142
0.142
0.130
0.142
0.144
0.135
0.142
0.142
0.130
0.142
0.142
0.130
0.144
0.130
0.143
0.142
0.142
0.130
0.142
0.142
0.141
0.142
0.142
0.130
0.142
0.142
0.128
0.000
0.000
0.000
0.000
0.000
0.000
0.000
0.000
0.000
0.000
0.000
0.000
0.000
0.000
0.000
0.000
0.000
0.000
0.000
0.000
0.000
0.000
0.000
0.000
0.000
0.000
0.000
0.000
0.000
0.000
0.000
0.000
0.000
0.000
0.000
0.000
0.000
0.000
0.000
0.000
0.000
0.000
0.000
0.000
0.000
0.000
0.000
0.000
0.000
0.000
0.000
0.000
0.000
0.000
0.000
0.000
0.000
0.000
0.000
0.000
0.000
0.000
0.000
0.000
0.000
0.000
0.000
0.000
0.000
0.000
0.000
0.000
0.000
0.000
0.000
0.000
0.000
0.000
0.000
0.000
0.000
0.000
0.000
0.000
0.000
0.000
0.000
0.000
0.000
0.000
0.000
0.000
0.000
0.000
0.000
0.000
0.000
0.000
0.000
0.000
0.000
0.000
0.000
0.000
0.000
0.000
0.000
0.000
0.000
0.000
0.000
0.000
0.000
0.000
0.142
0.141
0.142
0.142
0.143
-0.417
0.129
0.143
-0.918
0.142
0.144
0.136
0.142
0.144
-1.117
0.142
0.144
-0.585
0.130
0.144
-0.509
0.142
0.142
-0.292
0.142
0.142
0.143
0.142
0.142
0.130
-0.287
-0.291
0.135
0.142
0.142
0.141
0.142
0.144
-1.136
0.130
-0.291
-0.291
0.142
0.142
0.142
0.143
0.142
0.142
-0.292
0.142
0.131
0.143
0.130
-0.287
0.142
0.144
0.131
0.142
0.142
0.137
-0.292
0.143
-0.590
-0.034
-0.034
-0.035
0.048
0.048
0.048
0.142
0.144
0.142
0.142
0.143
-0.287
0.143
0.142
0.142
0.143
0.142
-1.386
0.144
0.142
0.142
0.142
0.143
-0.840
0.142
0.142
0.129
-0.287
-0.292
-1.048
0.142
0.142
0.142
0.142
0.142
0.130
0.142
0.144
0.141
0.142
0.130
0.130
0.143
0.144
0.142
0.144
0.142
0.142
0.142
0.142
0.142
0.142
0.144
0.141
-0.287
0.143
-1.620
0.142
0.144
-0.291
0.130
0.143
-2.282
0.142
0.142
0.127
0.141
0.142
-1.170
-0.292
0.130
-0.530
-0.287
0.143
0.130
0.143
0.144
-0.292
-0.292
0.144
-0.521
0.142
0.142
0.130
0.143
0.143
-1.002
0.144
0.144
0.143
0.128
0.130
0.130
0.144
-0.290
-0.292
0.128
0.144
0.128
0.142
0.143
0.141
0.142
0.142
0.130
0.142
0.142
0.130
-0.291
0.144
-0.291
-0.290
0.143
-3.943
0.143
0.142
0.130
0.143
0.143
0.141
0.143
0.142
0.142
0.142
0.142
0.143
0.142
0.142
0.130
0.144
0.143
-0.585
0.128
-0.292
0.143
0.144
0.144
0.130
0.143
0.143
0.129
0.130
0.144
-0.292
-0.291
-0.293
0.130
0.048
0.048
0.048
-0.292
0.142
0.134
0.142
0.142
0.130
0.142
0.142
0.143
0.142
0.142
0.130
0.142
0.142
-1.636
0.142
0.130
0.140
-0.291
-0.293
0.130
-0.287
-0.327
0.130
0.140
0.130
-0.291
0.142
0.142
-0.287
0.130
0.130
0.143
