fixedStep chrom=ENSGT00390000014201 start=1 step=1
0.000
0.000
0.000
0.000
0.000
0.000
0.000
0.000
0.000
0.000
0.000
0.000
0.000
0.000
0.000
0.000
0.000
0.000
0.000
0.000
0.000
0.000
0.000
0.000
0.000
0.000
0.000
0.000
0.000
0.000
0.000
0.000
0.000
0.000
0.000
0.000
0.000
0.000
0.000
0.000
0.000
0.000
0.000
0.000
0.000
0.000
0.000
0.000
0.000
0.000
0.000
0.000
0.000
0.000
0.000
0.000
0.000
0.000
0.000
0.000
0.000
0.000
0.000
0.000
0.000
0.000
0.000
0.000
0.000
0.000
0.000
0.000
0.000
0.000
0.000
0.000
0.000
0.000
0.000
0.000
0.000
0.000
0.000
0.000
0.000
0.000
0.000
0.000
0.000
0.000
0.000
0.000
0.000
0.000
0.000
0.000
0.000
0.000
0.000
0.000
0.000
0.000
0.000
0.000
0.000
0.000
0.000
0.000
0.000
0.000
0.000
0.000
0.000
0.000
0.000
0.000
0.000
0.000
0.000
0.000
0.000
0.000
0.000
0.000
0.000
0.000
0.000
0.000
0.000
0.000
0.000
0.000
0.000
0.000
0.000
0.000
0.000
0.000
0.000
0.000
0.000
0.000
0.000
0.000
0.000
0.000
0.000
0.000
0.000
0.000
0.000
0.000
0.000
0.000
0.000
0.000
0.000
0.000
0.000
0.000
0.000
0.000
0.000
0.000
0.000
0.000
0.000
0.000
0.000
0.000
0.000
0.000
0.000
0.000
0.000
0.000
0.000
0.000
0.000
0.000
0.000
0.000
0.000
0.000
0.000
0.000
0.000
0.000
0.000
0.000
0.000
0.000
0.000
0.000
0.000
0.000
0.000
0.000
0.000
0.000
0.000
0.000
0.000
0.000
0.000
0.000
0.000
0.000
0.000
0.000
0.000
0.000
0.000
0.000
0.000
0.000
0.000
0.000
0.000
0.000
0.000
0.000
0.000
0.000
0.000
0.000
0.000
0.000
0.000
0.000
0.000
0.000
0.000
0.000
0.000
0.000
0.000
0.000
0.000
0.000
0.000
0.000
0.000
0.000
0.000
0.000
0.000
0.000
0.000
0.000
0.000
0.000
0.000
0.000
0.000
0.000
0.000
0.000
0.000
0.000
0.000
0.078
0.078
0.078
0.078
0.072
0.074
0.078
0.058
0.072
0.074
0.078
0.078
0.078
0.078
0.078
0.078
-0.813
0.078
0.078
0.078
0.078
0.078
0.078
0.078
0.078
0.078
0.077
0.077
0.078
0.072
0.078
0.078
0.074
0.074
0.078
0.078
0.078
0.078
0.078
0.078
0.078
0.058
0.078
0.078
0.072
0.078
0.078
0.074
0.078
0.078
0.077
0.078
0.078
-0.816
0.078
0.078
0.078
0.078
0.078
0.077
0.078
0.078
0.078
0.078
0.078
0.078
0.066
0.078
0.078
0.078
0.078
0.078
0.078
0.078
0.078
0.078
0.078
0.078
0.078
0.078
0.074
0.078
0.072
0.078
0.072
0.078
0.078
0.078
0.078
0.078
0.078
0.072
0.074
0.072
0.078
0.078
0.078
0.071
0.078
0.078
0.078
0.078
0.078
0.074
0.071
0.078
0.078
0.078
0.078
0.078
0.074
0.078
-1.763
0.078
0.078
0.078
0.072
0.078
0.078
0.078
0.074
0.075
0.078
0.078
0.078
0.072
0.078
0.078
0.078
0.078
0.074
0.072
0.078
0.078
0.077
0.072
0.078
0.072
0.077
0.078
0.078
0.078
0.078
0.078
-0.813
0.078
0.078
0.078
-0.813
0.077
0.074
0.078
0.074
0.074
-0.815
0.078
-0.813
0.078
0.078
0.074
0.078
0.078
0.078
0.078
0.078
0.078
0.078
0.078
0.078
0.078
0.078
0.078
0.078
0.078
0.078
0.072
0.078
-0.793
0.072
0.078
0.078
0.078
0.074
0.076
0.078
0.066
0.072
0.078
0.078
0.000
0.000
0.000
