fixedStep chrom=ENSGT00730000111546 start=1 step=1
0.054
0.054
0.054
0.054
0.054
0.054
0.054
0.054
0.054
0.054
0.054
0.054
0.054
0.054
0.054
0.054
0.054
0.054
0.054
0.054
0.054
0.054
0.054
0.054
0.050
0.054
0.054
0.054
0.054
-1.137
0.054
0.054
0.054
0.054
0.054
0.054
0.054
0.054
0.054
-0.453
-0.453
-0.453
0.054
0.054
0.054
0.054
0.054
0.054
0.054
0.054
0.054
-0.886
-1.293
-1.090
-0.886
-0.885
-0.882
0.054
0.054
0.054
0.054
0.052
0.054
0.054
0.054
0.054
0.053
0.054
0.044
0.054
0.054
0.054
0.054
0.054
0.054
0.054
0.054
0.054
0.054
0.054
-1.138
0.054
0.054
0.054
0.054
0.054
0.051
0.054
0.052
-1.163
0.054
0.054
0.054
0.054
0.054
0.054
0.054
0.054
0.054
0.054
0.054
0.054
0.054
0.054
0.054
0.054
0.054
-1.165
0.054
0.054
-2.138
0.054
0.054
0.054
0.054
0.054
0.054
0.054
0.054
0.054
0.054
0.054
0.038
0.054
0.054
0.054
0.054
0.054
0.054
0.054
0.054
0.054
0.054
0.054
0.054
0.054
0.049
0.051
0.054
0.054
0.053
0.054
0.054
0.054
0.054
0.054
0.050
0.050
0.054
0.054
0.054
0.054
0.051
0.054
0.054
0.038
0.054
0.054
0.054
0.054
0.054
0.054
0.054
0.054
0.054
0.054
0.054
-1.172
0.054
0.054
0.054
0.054
0.054
0.053
0.054
0.054
0.054
0.054
0.054
-1.823
0.054
0.054
0.054
0.054
0.054
0.052
0.054
0.054
0.054
0.054
0.054
0.054
0.054
0.054
0.054
0.054
0.054
0.050
0.054
0.054
0.050
0.054
0.054
0.044
0.054
0.054
0.054
0.054
0.054
0.051
0.054
0.054
0.054
0.054
0.054
0.054
0.054
0.054
0.054
0.054
0.054
0.054
0.054
0.054
0.054
0.054
0.054
0.046
0.053
0.054
0.054
0.054
0.054
0.050
-1.281
-1.281
-1.281
0.054
0.054
0.054
0.054
0.054
0.054
0.054
0.054
0.051
0.054
0.054
0.054
0.054
0.054
-1.172
0.054
0.054
0.054
0.054
0.054
0.051
0.054
0.054
0.054
0.054
0.054
0.050
0.054
0.054
0.054
0.054
0.054
0.050
0.054
0.054
0.054
0.054
0.054
0.054
0.054
0.054
0.054
0.053
0.054
0.054
0.054
0.054
0.054
0.054
0.054
0.054
0.054
0.054
0.054
0.054
0.054
0.054
0.054
0.054
0.054
0.054
0.054
0.054
0.054
0.054
0.053
0.054
0.054
0.054
0.054
0.054
0.054
0.054
0.054
0.054
0.054
0.054
0.050
0.054
0.054
0.044
0.054
0.054
0.054
0.054
0.054
0.054
0.054
0.054
0.054
0.054
0.054
0.054
0.054
0.054
0.054
0.054
0.054
0.050
-1.163
0.054
0.054
0.038
0.054
0.050
0.054
0.050
0.054
0.054
0.054
0.054
0.054
0.054
0.050
0.054
0.051
0.051
0.053
0.054
0.054
0.054
0.054
0.054
0.054
0.054
0.050
-1.162
0.052
-2.203
0.052
0.051
0.054
0.054
0.054
0.054
0.054
0.054
0.054
0.054
0.054
0.054
0.054
0.054
0.054
-1.165
0.054
0.054
0.054
0.054
0.054
-1.162
0.054
0.054
0.054
0.054
0.054
0.054
0.054
0.054
0.054
0.054
0.054
0.054
0.054
0.038
0.051
0.054
0.054
0.054
0.054
0.054
0.051
0.054
0.054
0.054
0.054
-2.010
0.054
0.054
0.046
0.054
0.054
0.054
0.054
0.054
0.054
0.054
0.054
0.054
0.054
0.054
0.054
0.054
0.054
0.054
0.050
0.054
0.054
0.054
0.054
0.054
0.054
0.054
0.054
0.054
0.054
0.054
0.054
0.054
0.054
0.054
0.054
0.051
0.054
0.054
0.054
0.054
0.054
0.054
0.054
0.054
0.054
0.054
0.054
0.054
0.050
0.054
0.054
0.054
0.054
0.054
0.054
0.054
0.054
0.054
0.054
0.050
0.054
0.054
0.054
0.054
0.054
0.054
0.051
0.054
0.052
0.054
0.054
0.052
0.054
0.054
0.054
0.054
0.054
0.054
0.054
0.054
0.054
0.054
0.054
0.051
0.054
0.054
0.053
0.054
0.044
0.054
0.054
0.054
0.054
0.054
0.054
0.038
0.054
0.054
0.054
0.054
0.054
0.054
0.054
0.054
0.054
0.054
0.054
0.054
0.054
0.054
0.054
0.054
0.054
0.054
0.054
0.054
0.054
0.054
0.054
0.054
0.054
0.054
0.054
0.054
0.054
0.050
0.054
0.054
0.054
0.054
0.054
0.044
0.054
0.054
0.053
0.054
0.054
0.054
0.054
0.054
0.054
0.054
0.054
0.054
0.054
0.054
0.054
0.054
0.054
0.054
0.054
0.054
0.052
0.054
0.054
0.054
0.054
0.054
0.054
0.054
0.054
0.054
0.054
0.054
0.054
0.054
0.054
0.051
0.054
0.054
0.050
0.054
0.054
0.054
0.053
0.054
-1.165
0.054
0.054
0.054
0.054
0.054
0.054
