fixedStep chrom=ENSGT00550000075033 start=1 step=1
0.063
0.063
0.063
0.063
0.063
0.047
0.063
0.063
0.050
0.062
0.063
0.059
0.063
0.062
0.063
-0.283
-0.283
-0.283
-0.283
-0.283
-0.283
0.063
-3.228
0.063
0.063
0.063
0.062
0.056
0.060
0.058
0.063
0.046
0.060
0.063
0.063
0.060
0.058
0.061
0.061
0.063
0.063
0.060
0.062
0.060
0.060
0.063
0.060
-2.368
0.063
0.063
0.060
0.063
0.063
0.063
0.063
0.063
0.063
0.063
0.063
0.063
0.063
0.063
0.060
-1.491
-1.485
-1.899
0.063
0.063
0.063
0.063
0.063
0.062
0.063
0.063
0.063
0.063
0.063
0.054
0.063
0.063
0.057
0.063
0.063
0.059
0.063
0.063
0.058
0.063
0.063
0.062
0.063
0.063
0.062
0.063
0.063
0.063
0.063
0.063
0.050
0.062
0.063
0.063
0.063
0.063
0.061
0.062
0.063
0.063
0.063
0.063
0.063
0.063
0.063
0.060
0.063
0.063
0.061
0.062
0.063
0.063
0.063
0.063
0.063
0.063
0.063
0.063
0.063
0.063
0.063
0.062
0.063
0.060
0.063
0.063
0.063
0.063
0.063
0.061
0.063
0.063
0.059
0.063
0.062
0.063
0.063
0.063
0.063
0.063
0.063
0.063
0.063
0.063
0.063
0.063
0.063
0.063
0.063
0.063
0.063
0.063
0.063
0.050
0.063
0.063
0.063
0.063
0.063
0.062
0.063
0.063
0.061
0.063
0.063
0.060
0.061
0.063
0.063
0.063
0.063
0.063
0.063
0.063
0.059
0.063
0.063
0.063
0.050
0.063
0.060
0.063
0.063
0.063
0.063
0.050
0.063
0.063
-2.284
0.063
0.050
0.063
0.062
0.063
0.063
0.062
0.063
0.057
0.063
0.063
0.063
0.063
0.063
0.059
0.055
0.063
0.063
0.062
0.063
0.063
0.058
0.063
0.063
0.048
0.063
0.063
0.063
0.063
0.063
0.063
0.063
0.063
0.063
0.063
0.063
0.063
0.063
0.063
0.061
0.046
0.063
0.063
0.063
0.063
0.063
0.063
0.063
0.061
0.063
0.063
0.063
0.063
0.063
0.046
0.063
0.063
0.050
0.063
0.061
0.063
0.063
0.063
0.063
0.060
0.063
0.063
0.063
0.063
0.059
0.063
0.063
0.063
0.063
0.063
0.063
0.055
0.063
0.063
0.063
0.063
0.058
0.063
0.063
0.063
0.063
0.063
0.061
0.063
0.063
0.063
0.063
0.063
0.049
0.063
0.050
0.063
0.063
0.063
0.063
0.063
0.063
0.055
0.063
0.063
-3.249
0.063
0.063
0.063
0.063
0.063
0.063
0.063
0.063
0.063
0.063
0.063
0.063
0.063
0.063
0.063
0.063
0.063
0.046
0.063
0.063
0.060
0.063
0.063
0.063
0.063
0.063
0.063
0.063
0.063
0.063
0.063
0.063
0.058
0.063
0.063
0.063
0.063
0.063
-2.511
0.063
0.063
0.060
0.063
0.063
0.063
0.063
0.063
0.063
0.063
0.063
0.063
0.063
0.063
0.063
0.063
0.063
0.061
0.063
0.063
0.061
0.063
0.063
0.063
0.063
0.063
0.062
0.063
0.063
0.050
0.063
0.063
0.063
0.063
0.063
0.060
0.063
0.063
0.063
0.063
0.063
0.063
0.063
0.063
0.062
0.063
0.063
0.063
0.063
0.063
0.060
0.063
0.050
0.058
0.063
0.063
0.063
0.063
0.063
0.063
0.063
0.063
0.063
0.060
0.063
0.062
0.063
0.063
0.063
0.063
0.063
0.063
0.063
0.063
0.063
0.063
0.063
0.063
0.063
0.063
0.063
0.063
0.063
0.063
0.063
0.063
0.063
0.063
0.063
0.063
0.063
0.063
0.060
0.063
0.063
0.063
0.063
0.063
0.063
0.063
0.063
0.063
0.063
0.063
0.063
0.063
0.063
0.061
0.063
0.063
0.063
0.063
0.063
0.063
0.063
0.063
0.063
0.063
0.063
0.060
0.060
0.063
0.063
0.062
0.063
0.061
0.063
0.063
0.061
0.063
0.063
0.060
0.063
0.063
0.063
0.063
0.063
0.060
0.061
0.063
0.063
0.063
0.063
0.063
0.063
0.063
0.063
0.046
0.063
0.063
0.063
0.063
0.060
0.063
0.063
0.062
0.063
0.063
0.063
0.063
0.063
0.063
0.063
0.063
0.063
0.063
0.063
0.050
0.063
0.063
0.063
0.063
0.063
0.063
0.063
0.063
0.063
0.063
0.063
0.063
0.063
0.063
0.063
0.060
0.063
0.062
0.063
0.063
0.063
0.063
0.063
0.063
0.063
0.063
0.063
0.063
0.063
0.063
0.063
0.063
0.063
0.063
0.063
0.058
0.063
0.063
0.063
0.060
0.063
0.063
0.063
0.063
0.063
0.063
0.063
0.063
0.063
0.063
0.063
0.062
0.063
0.063
0.063
0.063
0.063
0.063
0.063
0.063
0.063
0.063
0.063
0.058
0.063
0.060
0.060
0.063
0.060
0.063
0.063
0.063
0.063
0.063
0.058
0.063
0.063
0.063
0.063
0.063
0.060
0.063
0.063
0.063
0.050
0.063
0.062
0.062
0.063
0.063
0.063
0.063
0.050
0.063
0.063
0.062
0.063
0.063
0.063
0.063
0.063
0.063
0.063
0.063
0.062
0.063
0.063
0.063
0.063
0.063
0.060
0.060
0.063
0.062
0.063
0.058
0.063
0.063
0.063
0.060
0.063
0.063
0.059
0.063
0.063
0.063
0.063
0.062
0.063
0.063
0.063
0.063
0.063
0.063
0.060
0.063
0.063
0.063
0.063
0.063
0.050
0.063
0.063
0.062
0.063
0.063
0.063
0.063
0.063
0.063
0.050
0.063
0.063
0.063
0.063
0.063
0.063
0.063
0.063
0.063
0.060
0.060
0.063
0.063
0.062
0.063
0.063
0.063
0.063
0.063
0.063
0.063
0.063
0.062
0.063
0.063
0.063
0.062
0.063
0.058
0.063
0.063
0.061
0.063
0.063
0.062
0.063
0.063
0.063
0.063
0.063
0.063
0.063
0.063
0.063
0.063
0.063
0.062
0.063
0.063
0.063
0.063
0.063
0.063
0.063
0.063
0.063
0.063
0.063
0.063
0.063
0.063
0.063
0.063
0.063
0.063
0.063
0.063
0.063
0.063
0.063
0.063
0.050
0.063
0.063
0.062
0.063
0.061
0.063
0.063
0.063
0.063
0.063
0.046
0.063
0.063
0.055
0.063
0.063
0.062
0.063
0.063
0.057
0.063
0.063
0.063
0.063
0.063
0.063
0.063
0.063
0.063
0.063
0.060
0.063
0.060
0.063
0.063
0.063
0.063
0.061
0.063
0.063
0.058
0.063
0.063
0.060
0.063
0.063
0.063
0.063
0.063
0.063
0.063
0.063
0.063
0.053
0.058
0.063
0.063
0.063
0.063
0.063
0.063
0.063
0.063
0.063
0.063
0.063
0.063
0.063
0.059
0.063
0.060
0.063
0.063
0.063
0.063
0.063
0.063
0.063
0.063
0.063
0.063
0.063
0.063
0.063
0.063
0.062
0.061
0.063
0.063
0.063
0.063
0.063
0.063
0.063
0.063
0.063
-2.216
0.062
0.063
0.063
0.063
0.063
0.063
0.063
0.063
0.063
0.060
0.063
0.063
0.063
0.063
0.063
0.062
0.063
0.063
0.062
0.063
0.063
0.061
0.063
0.063
0.062
0.063
0.063
0.063
0.063
0.063
0.063
0.058
0.063
0.063
0.063
0.063
0.063
0.063
0.063
0.063
0.063
0.063
0.053
0.063
0.063
0.063
0.050
0.063
0.062
0.062
0.063
0.050
0.063
0.063
0.063
0.063
0.062
0.050
0.063
0.063
0.063
0.060
0.063
0.063
0.063
0.063
0.061
0.063
0.063
0.063
0.063
0.063
0.063
0.061
0.063
0.063
0.063
0.063
0.063
0.063
0.063
0.061
0.063
0.063
0.063
0.063
0.063
0.063
0.063
0.063
0.063
0.063
0.063
0.063
0.063
0.063
0.060
0.063
0.063
0.063
0.063
0.063
0.063
0.063
0.063
0.059
0.063
0.063
0.060
0.063
0.063
0.063
0.063
0.063
0.062
0.052
0.061
0.063
0.063
0.063
0.063
0.063
0.063
0.061
0.063
0.063
0.063
0.063
0.063
0.063
0.063
0.063
0.063
0.063
0.063
0.060
0.063
0.063
0.063
0.063
0.063
0.059
0.063
0.063
0.063
0.063
0.063
0.063
0.063
0.063
0.063
0.063
0.063
0.063
0.063
0.063
0.063
0.063
0.063
0.063
0.063
0.063
0.062
0.063
0.063
0.063
0.063
0.063
0.063
0.063
0.063
0.050
0.063
0.063
0.062
0.063
0.063
0.063
0.063
0.063
0.063
0.063
0.063
0.063
0.063
0.063
0.063
0.063
0.063
0.063
0.063
0.063
0.060
0.063
0.063
0.050
0.063
0.063
0.063
0.063
0.063
0.063
0.063
0.063
0.063
0.063
0.063
0.062
0.063
0.063
0.063
0.063
0.063
-5.063
0.063
0.063
0.058
0.063
0.063
0.062
0.063
0.063
0.057
0.060
0.063
0.061
0.063
0.063
0.063
0.063
0.063
0.063
0.061
0.063
0.048
0.060
0.061
0.063
0.063
0.063
0.062
0.060
0.063
0.058
0.063
0.063
0.063
0.063
0.063
0.060
0.063
0.063
0.063
0.063
0.063
0.063
0.063
0.063
0.059
0.063
0.063
0.063
0.063
0.063
0.060
0.063
0.063
0.063
0.063
0.063
0.063
0.063
0.063
0.062
0.057
0.063
0.061
0.063
0.061
0.063
0.063
0.063
0.063
0.063
0.063
0.063
0.063
0.063
0.063
0.063
0.063
0.054
0.063
0.063
0.063
0.063
0.063
0.063
0.063
0.060
0.063
0.063
0.063
0.063
0.063
0.063
0.063
0.063
0.062
0.063
0.063
0.063
0.063
0.063
0.063
0.063
0.063
0.063
0.063
0.063
0.063
0.063
0.063
0.063
0.063
0.061
0.062
0.063
0.063
0.063
-3.323
0.063
0.063
0.063
0.063
0.063
0.063
0.063
0.063
0.063
0.063
0.063
0.063
0.063
0.063
0.063
0.063
0.063
0.063
0.063
0.063
0.063
0.063
0.062
0.062
0.063
0.063
0.063
0.063
0.063
0.063
0.063
0.063
0.046
0.063
0.060
0.062
0.063
0.063
0.063
0.063
0.063
0.062
0.060
0.050
0.063
0.063
0.063
0.063
0.063
0.063
0.063
0.063
0.063
0.063
0.063
0.063
0.062
0.063
0.063
0.063
0.063
0.063
0.063
0.050
0.063
0.063
0.063
0.050
0.060
0.063
0.062
0.057
0.063
0.063
0.063
0.063
0.063
0.049
0.063
0.063
0.063
0.063
0.063
0.063
0.061
0.060
0.061
0.063
0.063
0.045
0.063
0.058
0.063
