fixedStep chrom=ENSGT00390000004064 start=1 step=1
0.093
0.093
0.093
0.093
0.091
0.093
0.093
0.093
0.093
0.093
0.091
0.091
0.090
0.090
0.091
0.093
0.089
0.075
0.086
0.078
0.078
0.078
0.078
0.077
0.075
0.078
0.078
0.078
0.078
0.067
0.078
0.078
0.078
0.078
0.078
0.078
0.078
0.078
0.065
0.076
0.078
0.073
0.070
0.078
0.078
-0.836
-0.834
-0.836
0.078
0.065
0.064
0.083
0.089
0.089
0.092
0.093
0.087
0.079
0.093
0.093
0.093
0.087
0.064
0.087
0.083
0.083
-0.836
-0.836
-0.836
0.064
0.093
0.093
0.093
0.093
0.093
0.093
0.093
0.093
0.093
0.065
0.093
0.083
0.093
0.093
0.087
0.093
0.093
0.093
0.093
0.068
0.093
0.093
0.068
0.087
0.087
0.089
0.093
0.064
0.093
0.087
0.089
-1.390
0.086
-1.836
0.093
0.064
0.087
0.087
0.093
0.093
0.093
0.093
0.093
0.093
0.093
0.093
0.093
0.093
0.093
0.089
0.093
0.093
0.092
0.093
0.093
0.093
0.093
0.093
0.093
0.093
0.093
0.093
0.093
0.093
0.093
0.093
0.093
0.093
0.093
0.093
0.091
0.093
0.093
0.093
0.093
0.093
0.093
0.082
0.093
0.093
0.093
0.093
0.093
0.093
0.093
0.093
0.087
0.093
0.084
0.093
0.091
0.093
0.090
0.093
0.093
0.093
0.093
0.093
0.075
0.093
0.093
0.093
0.089
0.093
0.093
0.093
0.093
0.093
0.093
0.093
0.093
0.093
0.065
0.093
0.093
0.093
0.091
0.088
-1.460
0.093
0.093
0.093
0.093
0.068
0.083
0.089
0.093
0.075
0.093
0.075
0.089
0.093
0.089
0.063
0.093
0.093
0.093
0.093
0.093
0.089
0.093
0.093
0.093
0.093
0.093
0.093
0.093
0.093
0.083
0.093
0.093
0.093
0.093
0.089
0.093
0.093
0.093
0.089
0.093
0.093
0.087
0.075
0.093
0.082
0.093
0.093
0.093
0.093
0.093
0.075
0.093
0.093
0.093
0.089
0.093
0.093
0.093
0.093
0.089
0.087
0.093
0.093
0.093
0.093
0.093
0.087
0.093
0.093
0.093
0.093
0.074
0.093
0.093
0.093
0.093
0.091
0.093
0.093
0.093
0.093
0.093
0.093
0.093
0.093
0.093
0.089
0.093
0.093
0.093
0.093
0.093
0.093
0.093
0.093
0.093
0.093
0.093
0.093
0.093
0.089
0.093
0.090
0.093
0.089
0.093
0.093
-1.796
0.093
0.093
0.093
0.093
0.093
0.093
0.093
0.093
0.093
0.093
0.093
0.092
0.093
0.093
0.093
0.093
0.093
0.087
0.089
0.075
0.070
0.075
0.093
0.089
0.090
0.093
0.089
0.092
0.074
0.089
-0.987
-0.986
-0.986
-0.986
-0.986
-0.986
-0.766
-0.767
-0.766
-0.766
-0.767
-0.767
-0.697
-0.767
-0.697
-0.769
-0.767
-0.790
-0.766
-0.767
-0.767
-0.767
-0.767
-0.766
