fixedStep chrom=ENSGT00390000018634 start=1 step=1
0.000
0.000
0.000
0.000
0.000
0.000
0.000
0.000
0.000
0.000
0.000
0.000
0.000
0.000
0.000
0.000
0.000
0.000
-1.762
-1.580
-1.763
0.089
0.101
0.093
0.089
0.089
0.093
0.097
0.102
-2.227
0.097
0.102
0.097
0.102
0.103
0.098
0.103
0.103
0.095
-1.737
-1.291
-1.551
-1.551
-1.546
-1.830
-1.737
-1.280
-1.738
-1.737
-2.363
-1.737
-1.738
-1.551
-1.738
-1.733
-1.546
-1.737
-1.551
-1.551
-1.733
0.093
0.103
0.093
0.099
0.103
0.093
-0.643
-0.644
-0.662
-0.645
-0.643
-0.645
-0.644
-0.644
-0.644
0.103
0.103
0.099
0.097
0.103
0.102
0.093
0.103
0.101
0.093
0.093
0.103
0.093
0.103
0.086
0.101
0.103
0.097
0.097
0.097
0.097
0.097
0.097
-2.970
0.097
0.097
0.097
0.097
0.097
0.090
0.097
0.097
-1.182
0.097
0.097
0.097
0.094
0.092
0.092
0.077
0.092
0.097
0.097
0.097
0.094
0.097
0.096
0.097
0.097
0.097
0.097
0.097
0.097
0.092
0.097
0.097
0.097
0.092
0.097
0.094
0.097
0.097
0.097
0.097
0.097
0.093
0.097
0.097
0.097
0.097
0.097
0.097
0.097
0.097
0.097
0.097
0.097
0.097
0.092
0.097
0.097
0.097
0.097
0.073
0.097
0.097
0.097
0.097
0.097
0.097
0.097
0.097
0.097
0.092
0.092
0.077
0.097
0.092
0.097
0.097
0.097
0.097
0.097
0.092
0.096
0.093
0.095
0.077
0.097
0.097
0.097
0.097
0.097
0.097
0.097
0.097
0.097
0.086
0.095
0.086
0.077
0.097
0.097
-0.947
-0.947
-0.947
-0.947
-0.947
-0.945
-0.947
-0.947
-1.363
-0.945
-0.945
-0.947
-0.969
-0.948
-0.947
0.086
0.097
0.097
0.097
0.097
0.090
0.096
0.097
0.097
0.097
0.097
0.096
0.097
0.097
0.092
0.097
0.097
0.086
0.097
0.097
0.097
0.092
0.097
0.097
0.097
0.092
0.097
0.077
0.097
0.097
0.070
0.097
0.097
0.092
0.097
0.092
0.097
0.097
0.097
0.080
0.097
0.097
0.097
0.097
0.094
0.070
0.097
0.097
0.097
0.097
0.086
0.077
0.092
0.086
0.080
0.086
0.077
-1.180
0.077
0.096
0.074
0.097
0.067
0.070
0.092
0.077
0.075
0.086
0.097
-1.180
0.094
0.097
0.097
0.097
0.077
0.097
0.092
0.092
0.097
0.077
0.077
0.097
0.097
0.097
0.097
0.092
0.097
0.077
-1.178
0.097
0.097
0.097
0.097
0.077
0.092
0.097
0.097
0.097
0.097
0.097
0.097
0.094
0.097
0.097
0.097
0.097
0.097
0.097
0.097
0.097
0.097
0.097
0.097
0.097
0.097
0.097
0.092
0.092
0.094
0.097
0.070
0.097
0.095
0.097
0.097
0.091
0.077
0.097
0.097
-1.179
0.070
0.084
0.086
0.077
0.077
0.097
0.097
0.095
0.097
0.097
-1.184
0.092
0.097
0.096
0.097
0.097
0.097
0.097
0.097
0.097
0.086
0.097
0.097
0.093
0.089
0.089
0.093
0.090
0.082
0.093
0.093
0.093
0.082
0.093
0.090
0.093
0.093
0.093
0.093
0.093
0.093
0.087
0.093
0.093
0.093
0.093
0.093
0.093
0.093
0.093
0.093
0.090
0.093
0.093
0.093
0.093
0.093
0.093
0.091
0.093
0.090
0.068
0.093
0.093
0.093
0.093
0.089
0.093
0.093
0.093
0.093
0.093
0.093
0.090
0.093
0.093
-2.033
0.093
0.093
0.093
0.082
0.093
0.093
0.093
0.082
0.093
0.093
0.093
0.090
0.093
0.093
0.068
0.089
0.093
0.093
0.093
0.093
0.089
0.093
0.093
0.093
-1.096
-1.096
-1.204
0.093
0.093
0.093
0.070
0.093
0.067
0.093
0.093
0.081
0.070
0.087
0.085
-1.092
-1.096
-1.096
0.093
0.093
0.070
0.081
0.093
0.087
0.093
0.093
0.093
0.093
0.093
0.068
0.082
0.083
0.093
0.093
0.093
0.103
0.103
0.103
0.103
0.103
0.103
-1.288
0.103
0.103
0.103
0.099
0.085
0.103
0.103
0.099
0.096
0.103
0.103
0.103
0.092
0.103
0.094
0.103
0.103
0.103
0.103
0.103
0.103
0.085
0.103
0.099
0.103
0.103
0.103
0.103
0.103
0.091
0.103
0.103
0.103
0.089
0.103
0.096
0.095
0.102
0.100
0.103
0.103
0.102
0.103
0.103
0.103
0.103
0.102
0.103
0.099
0.103
0.103
0.103
0.099
0.103
0.103
0.103
0.103
0.103
0.103
0.103
0.103
0.103
0.103
0.103
0.103
0.103
0.103
0.103
0.102
0.103
0.103
0.100
0.103
0.103
-1.598
0.103
0.103
0.092
0.103
0.103
0.103
0.103
0.099
0.103
0.103
0.103
0.103
0.103
0.099
0.102
-0.930
-0.930
-0.971
0.103
0.103
0.103
0.103
0.103
0.099
0.103
0.103
0.103
0.095
0.099
0.091
0.103
0.097
0.085
0.103
0.103
0.103
0.103
0.103
0.103
0.103
0.103
0.103
0.103
0.103
0.103
0.103
0.103
0.101
0.103
0.103
0.102
0.101
0.103
0.103
0.103
0.103
0.103
0.103
0.103
0.099
