fixedStep chrom=ENSGT00390000001862 start=1 step=1
0.000
0.000
0.000
0.096
0.097
0.096
0.087
0.087
0.096
0.096
0.097
0.096
0.095
0.093
0.097
0.096
0.097
0.097
0.087
0.096
0.087
0.078
-0.668
0.095
0.097
0.097
0.096
0.096
0.096
0.096
0.087
0.097
0.096
0.095
0.097
0.096
0.096
0.097
0.096
0.096
0.094
0.091
0.096
0.097
0.096
0.097
0.087
0.091
0.092
0.097
0.096
0.096
0.096
0.097
0.097
0.096
0.091
0.096
0.096
0.096
0.096
0.092
-0.666
0.096
-0.669
0.097
0.096
0.097
0.096
0.097
0.097
0.097
0.096
0.096
0.096
0.096
0.096
0.093
0.092
0.096
0.097
0.096
0.096
0.096
0.096
0.097
-0.668
-1.378
0.092
0.087
0.087
0.097
-1.262
0.096
0.096
0.087
0.087
-0.668
0.087
0.097
0.096
0.095
0.096
0.096
0.097
0.087
-0.669
-0.668
0.096
-1.307
-0.669
0.096
-0.666
0.081
0.096
-0.668
0.096
0.086
-0.655
0.096
0.097
0.096
0.093
0.097
0.097
0.096
0.097
0.097
-0.668
0.096
0.096
-0.669
0.097
0.096
0.097
0.096
0.096
0.090
0.096
0.096
0.096
0.096
0.096
0.096
0.097
0.087
-1.262
-1.883
0.074
0.096
0.097
0.096
0.096
-0.666
0.097
-0.655
0.080
0.096
-2.010
0.097
0.097
0.096
0.097
0.096
0.096
0.096
0.087
0.087
0.096
0.096
0.087
-0.666
0.097
0.097
-1.262
0.097
0.096
0.097
0.096
0.097
0.097
0.096
0.087
0.097
0.096
0.097
0.096
0.096
0.096
0.096
0.092
-0.655
-0.666
0.097
0.087
0.096
0.096
-0.666
-1.566
-2.010
0.081
0.087
-0.655
0.097
0.087
0.082
0.092
0.096
0.096
0.096
0.096
0.096
0.087
0.096
0.096
0.096
0.096
0.096
0.087
0.087
0.096
0.096
-0.670
-0.670
-1.579
-0.670
-0.670
-0.670
-0.669
-0.670
-0.670
-0.927
-0.885
-0.681
-1.501
-0.670
-1.486
