fixedStep chrom=ENSGT00510000047079 start=1 step=1
0.000
0.000
0.000
0.000
0.000
0.000
0.000
0.000
0.000
0.000
0.000
0.000
0.000
0.000
0.000
0.131
0.131
0.131
0.131
0.131
0.131
0.131
0.131
0.128
0.131
0.131
0.131
0.131
0.130
0.120
0.131
0.131
0.121
0.131
0.125
0.131
0.126
0.113
0.126
0.131
0.131
0.127
0.131
0.131
0.127
0.131
0.131
0.131
0.128
0.131
0.125
0.131
0.131
-2.797
0.131
0.131
0.131
0.131
0.131
0.113
0.131
0.131
0.131
0.131
0.131
0.131
0.131
0.131
0.131
0.131
0.131
0.131
0.131
0.131
0.131
0.131
0.131
0.131
0.131
0.131
0.131
0.131
0.131
0.130
0.131
0.131
0.131
0.131
0.131
0.127
0.131
0.131
0.131
0.131
0.131
0.131
0.131
0.131
0.123
0.131
0.131
0.131
0.131
0.131
0.131
0.131
0.131
0.131
0.131
0.131
0.131
0.131
0.131
0.131
0.131
0.131
0.131
0.131
0.122
0.119
0.122
0.122
0.122
0.122
0.122
0.122
0.122
0.122
0.122
0.122
0.122
0.122
0.122
0.122
0.122
0.122
0.122
0.122
0.121
0.122
0.122
0.122
0.122
0.122
0.122
0.122
0.122
0.122
0.122
0.122
0.122
0.122
0.120
0.122
0.122
0.122
0.122
0.122
0.122
0.122
0.122
0.122
0.122
0.122
0.122
0.122
0.122
0.122
-0.851
-0.850
-0.845
-0.851
-0.851
-3.146
-0.845
-0.850
-0.850
-0.850
-0.845
-0.845
-0.850
-0.845
-1.712
0.122
0.122
0.122
0.122
0.122
0.122
0.122
0.122
0.115
0.122
0.122
0.115
0.122
0.122
0.122
0.120
0.122
0.115
0.122
0.122
0.122
0.122
0.122
0.122
0.122
0.122
0.122
0.122
0.122
0.122
0.122
0.122
0.122
0.122
0.122
0.122
0.122
0.122
0.122
0.122
0.122
0.122
0.122
0.122
0.118
0.122
0.122
0.122
0.122
0.122
0.112
0.118
0.122
0.122
0.122
0.122
0.120
0.122
0.122
0.115
0.122
0.122
0.122
0.122
0.122
0.112
0.119
0.122
0.121
0.122
0.122
0.122
0.122
0.122
0.115
0.122
0.122
0.115
0.117
0.122
0.122
0.122
0.122
0.122
0.122
0.122
0.122
0.122
0.122
0.122
0.122
0.122
0.122
0.122
0.122
0.122
0.122
0.122
0.122
0.122
0.122
0.122
0.122
0.122
0.119
0.122
0.122
0.122
0.122
0.122
0.120
0.122
0.122
0.122
0.122
0.122
0.118
0.122
0.122
0.122
0.122
0.121
0.122
0.122
0.122
0.122
0.122
0.122
0.121
0.122
0.122
0.122
0.122
0.122
0.122
0.122
0.122
0.122
0.122
0.122
0.122
0.122
0.122
0.122
0.122
0.122
0.122
0.122
0.122
0.122
0.118
0.122
0.117
0.122
0.122
0.122
0.122
0.122
0.122
0.122
0.122
0.122
0.121
0.122
0.122
0.122
0.122
0.122
0.122
0.122
0.117
0.122
0.122
0.122
0.122
0.122
0.122
0.122
0.122
0.122
0.122
0.122
0.122
0.122
0.122
0.122
0.122
0.122
0.122
0.120
0.122
0.122
0.122
0.122
0.122
0.122
0.122
0.122
0.122
0.122
0.120
0.122
0.122
0.122
0.122
0.113
0.122
0.122
0.122
0.122
0.122
0.122
0.122
0.121
0.122
0.117
0.122
0.122
0.122
0.122
0.122
0.122
0.122
0.122
0.117
0.122
0.122
0.122
0.122
0.122
0.122
0.122
0.122
0.104
0.122
0.122
0.118
0.122
0.122
0.122
0.122
0.122
0.119
0.122
0.114
0.122
0.120
0.122
0.122
0.120
0.122
0.122
0.119
0.122
0.105
0.122
0.122
0.122
0.122
0.122
0.122
0.122
0.122
0.116
0.122
0.122
0.117
0.116
0.122
0.122
0.122
0.122
0.122
0.122
0.122
0.122
0.122
0.122
0.117
0.122
0.122
0.120
0.116
0.122
0.122
0.117
0.122
0.122
0.122
0.122
0.122
-1.173
-1.174
-1.173
-0.307
-0.307
-0.309
-0.307
-0.307
-0.307
-0.307
-0.307
-0.327
0.122
-0.471
-0.474
0.122
0.122
0.110
0.112
0.122
-0.884
0.111
0.111
0.111
-0.476
0.122
-0.476
0.122
-0.470
-0.447
-0.474
-0.470
0.122
0.122
0.112
-0.476
-0.474
-0.448
-0.476
-0.474
-0.448
-0.474
0.122
0.122
-0.474
0.111
0.122
-0.474
0.086
-0.448
0.114
-2.075
-0.995
-0.899
-1.005
0.086
-0.996
-0.889
0.093
-0.757
0.095
0.093
-1.056
0.098
-2.472
-1.457
0.118
0.122
0.093
0.102
0.127
0.093
0.093
0.130
0.096
-0.769
0.101
0.089
-0.396
-0.396
0.124
-1.338
0.122
-1.228
-0.827
-0.846
0.124
0.131
-0.396
0.000
0.000
0.000
0.000
0.000
0.000
0.000
0.000
0.000
0.000
0.000
0.000
0.000
-0.850
0.131
0.092
-0.837
-0.846
0.088
-0.396
-0.843
0.123
0.099
0.099
0.093
0.131
0.098
0.100
-0.396
0.131
-0.773
-1.078
-0.779
-1.237
0.096
0.122
-0.390
-0.707
0.131
-0.390
0.094
0.000
0.000
0.000
0.000
0.000
0.000
0.000
0.000
0.000
0.000
0.000
0.000
0.000
0.000
0.000
0.000
0.000
0.000
0.000
0.000
0.000
0.000
0.000
0.000
0.000
0.000
0.000
0.000
0.000
0.000
0.000
0.000
0.000
0.000
0.000
0.000
0.000
0.000
0.000
0.000
0.000
0.000
0.000
0.000
0.000
0.000
0.000
0.000
0.000
0.000
0.000
0.000
0.000
0.000
0.000
0.000
0.093
0.093
-0.396
-0.390
0.131
0.098
-1.384
0.099
0.093
0.122
0.094
0.101
-0.390
0.098
-0.773
-0.846
0.131
-0.757
-0.565
-0.599
-0.599
-0.779
0.094
0.129
-1.371
0.131
0.094
-0.779
-0.773
-0.768
-0.769
0.099
-0.759
-1.281
0.122
0.122
-0.396
0.099
-0.827
0.088
0.099
0.091
-0.396
0.131
0.000
0.000
0.000
0.000
0.000
0.000
0.000
0.000
0.000
0.000
-2.451
0.099
0.120
0.114
0.122
0.118
0.093
0.094
-1.888
0.114
0.131
0.093
0.093
0.088
-0.759
-0.758
0.126
-1.096
0.093
0.000
0.000
0.000
0.000
0.000
0.000
0.000
0.000
0.000
0.121
-1.205
-1.884
0.114
0.088
-0.840
0.114
0.098
-1.225
0.089
-0.843
-1.215
0.124
0.113
0.124
-1.781
-2.384
0.000
0.000
0.000
0.000
0.000
0.000
0.000
0.000
0.000
0.000
0.000
0.000
0.000
0.000
0.000
0.000
0.000
0.000
0.093
0.091
0.093
-0.713
0.094
0.093
0.093
0.123
0.123
-0.841
0.127
-1.712
0.101
-0.773
0.122
0.122
-0.769
-0.788
0.119
0.131
-1.340
-0.843
-1.358
-1.109
-1.255
-2.453
0.122
0.123
0.099
0.088
0.089
-0.396
-0.778
-0.827
0.099
-0.759
0.126
-0.846
0.121
0.101
-1.209
-0.841
0.103
0.131
-0.779
0.124
0.122
-0.765
0.122
0.099
-0.773
-0.789
0.093
0.093
0.093
-1.848
0.121
0.121
0.120
0.088
-0.827
-2.292
-1.767
-0.524
-2.562
0.129
0.000
0.000
0.000
0.000
0.000
0.000
0.000
0.000
0.000
0.000
0.000
0.000
0.000
0.000
0.000
0.000
0.000
0.000
0.000
0.000
0.000
0.000
0.000
0.000
0.000
0.000
0.000
0.000
0.000
0.000
0.000
0.000
0.000
0.000
0.000
0.000
0.000
0.000
0.000
0.000
0.000
0.000
0.000
0.000
0.000
0.000
0.000
0.000
0.000
0.000
0.000
0.000
0.000
0.000
0.000
0.000
0.000
0.000
0.000
0.000
0.000
0.000
0.000
0.000
0.000
0.000
0.000
0.000
0.000
0.000
0.000
0.000
0.000
0.000
0.000
0.000
0.000
0.000
