fixedStep chrom=ENSGT00730000110805 start=1 step=1
0.000
0.000
0.000
0.000
0.000
0.000
0.000
0.000
0.000
-4.053
-5.405
-5.349
-1.692
-2.318
-4.658
-1.721
-4.756
0.053
-2.792
-4.145
-3.970
-2.898
0.060
0.063
-4.736
-3.905
0.063
-4.053
0.053
0.061
-3.115
0.055
0.065
-3.512
-2.113
0.050
-2.888
-5.369
-2.214
-1.717
-1.698
0.063
0.063
0.063
-2.224
0.067
0.067
0.050
0.067
0.067
0.057
0.067
0.067
0.067
0.067
0.067
0.067
0.067
0.067
0.067
0.067
0.067
0.065
0.067
0.067
0.067
0.064
0.067
0.067
0.067
0.067
0.057
0.067
0.067
0.065
0.067
0.067
0.067
0.067
0.067
0.060
0.050
0.067
0.064
0.067
0.066
0.063
0.063
0.063
0.063
0.065
0.048
0.065
0.063
0.067
0.067
0.063
0.067
0.067
0.067
0.067
0.057
0.065
0.067
0.067
0.067
0.067
0.067
0.067
0.067
0.066
0.061
0.048
0.058
0.067
0.067
0.067
0.067
0.067
0.066
0.067
0.047
0.067
0.066
0.063
0.050
0.067
0.067
0.067
0.067
0.067
0.067
0.067
0.067
0.067
0.050
0.067
0.066
0.067
0.067
0.067
0.067
0.063
0.067
0.067
0.067
0.057
0.067
0.067
0.060
0.067
0.067
0.067
0.067
0.067
0.067
0.067
0.067
0.063
0.067
0.067
-4.663
0.067
0.067
0.066
0.063
0.067
0.067
0.067
0.067
0.067
0.067
0.067
0.067
0.067
0.067
0.067
0.067
0.067
0.067
0.067
0.067
0.067
0.067
0.067
0.067
0.067
0.063
0.067
0.067
0.067
0.057
0.048
0.067
0.067
0.067
0.067
0.048
0.067
0.067
0.065
0.067
0.067
0.067
0.067
0.067
0.067
0.048
0.063
0.066
0.067
0.067
0.067
0.067
0.048
0.066
0.067
0.067
0.067
0.048
0.067
0.067
0.067
0.067
0.067
0.067
0.067
0.067
0.063
0.067
0.063
0.067
0.067
0.049
0.067
0.067
0.048
0.064
0.067
0.048
0.067
0.067
0.067
0.067
0.067
0.067
0.067
0.067
0.067
0.067
0.060
0.067
0.067
0.066
0.067
0.067
0.067
0.067
0.060
0.067
0.067
0.067
0.067
0.067
0.067
0.067
0.067
0.067
0.067
0.065
0.067
0.067
0.063
0.067
0.067
0.067
0.067
0.067
0.067
0.067
0.067
0.067
0.067
0.067
0.056
0.046
0.067
0.064
0.067
0.067
0.067
0.067
0.067
0.066
0.067
0.067
0.067
0.067
0.067
0.066
0.067
0.067
0.061
0.067
0.067
0.067
0.067
0.067
0.067
0.067
0.067
0.063
0.067
0.067
0.065
0.067
0.067
0.067
0.067
0.067
0.064
0.050
0.061
0.067
0.067
0.067
0.050
0.063
0.048
0.065
0.067
0.067
0.067
0.063
0.067
0.067
0.067
0.067
0.067
0.048
0.063
0.066
0.067
0.048
0.063
0.063
0.067
0.067
0.050
0.067
0.067
0.067
0.067
0.050
-1.703
0.067
0.063
0.063
0.067
0.067
0.067
0.067
0.050
0.067
0.067
0.067
0.067
0.067
0.067
0.067
0.067
0.063
0.067
0.067
0.047
0.067
0.067
0.066
0.063
0.067
0.067
0.067
0.067
0.065
0.067
0.067
0.067
0.067
0.067
0.067
0.067
0.067
0.067
0.048
0.063
0.062
0.067
0.067
0.067
0.067
0.067
0.063
0.067
0.067
0.063
0.065
0.067
0.065
0.067
0.067
0.067
-1.805
0.067
0.067
0.067
0.067
0.063
0.067
0.067
0.067
0.067
0.067
0.064
0.067
0.067
0.053
0.048
0.067
0.063
0.067
0.067
0.063
0.048
0.067
0.053
0.067
0.067
0.048
0.067
0.063
0.067
0.067
0.067
0.065
0.062
0.067
0.067
0.067
0.067
0.067
0.067
0.067
0.065
0.067
0.067
0.067
0.067
0.067
0.063
0.067
0.067
0.067
0.060
0.050
0.067
0.048
0.067
0.067
0.067
0.067
0.053
0.067
0.067
-2.249
0.067
0.067
0.061
0.067
0.067
0.063
0.067
0.067
0.067
0.067
0.067
0.067
0.067
0.067
0.067
0.050
0.050
0.067
0.067
0.067
0.067
0.060
0.067
-3.294
0.063
0.067
0.063
0.067
0.067
0.067
0.067
0.067
0.067
0.067
0.067
0.067
0.067
0.067
0.067
0.067
0.063
0.067
0.067
0.063
0.067
0.063
0.066
0.067
0.067
0.067
0.067
0.067
0.063
0.063
0.067
0.060
0.067
0.047
0.063
0.067
0.067
0.067
0.067
0.047
0.067
0.066
0.067
0.067
0.067
0.067
0.067
0.067
0.064
0.067
0.061
0.067
0.067
0.067
0.067
0.067
0.057
0.067
0.067
0.067
0.057
0.067
0.048
0.065
0.067
0.067
0.067
0.067
0.067
0.067
0.063
0.067
0.067
0.067
0.067
0.067
0.067
0.067
0.067
0.067
0.067
0.067
0.067
0.053
0.067
0.067
0.067
0.067
0.067
0.067
0.067
0.067
0.067
0.067
0.062
0.067
0.067
0.067
0.065
0.067
0.050
0.067
0.067
0.067
0.067
0.067
0.067
0.063
0.067
0.067
0.057
0.067
0.067
0.067
0.067
0.067
0.067
0.067
0.067
0.066
0.067
0.067
0.065
0.067
0.067
0.067
0.067
0.067
0.067
0.067
0.067
0.067
0.067
0.067
0.067
0.067
0.067
0.067
0.067
0.067
0.067
0.067
0.067
0.063
0.067
0.067
0.067
0.067
0.067
0.065
0.067
0.067
0.063
0.067
0.067
0.067
0.067
0.067
0.067
0.067
0.067
0.067
0.067
0.067
0.067
0.067
0.067
0.067
0.067
0.067
0.065
0.067
0.067
0.065
0.067
0.067
0.063
0.063
0.067
0.067
0.063
0.067
0.065
0.066
0.067
0.067
0.063
0.063
0.067
0.067
0.067
0.057
0.067
0.067
0.067
