fixedStep chrom=ENSGT00390000015147 start=1 step=1
0.143
0.145
0.143
0.145
0.145
0.145
0.143
0.145
0.144
0.143
0.110
0.143
0.143
0.145
0.143
0.143
0.145
0.143
0.145
0.145
0.145
0.143
0.143
0.132
0.143
0.144
0.137
0.143
0.143
0.144
0.137
0.143
0.144
0.145
0.111
0.119
0.143
0.114
0.143
0.140
0.145
0.143
0.143
0.145
0.143
0.143
0.143
0.140
0.110
0.144
0.144
0.145
0.111
0.105
0.145
0.143
0.138
0.143
0.132
0.110
0.144
0.145
0.143
0.143
0.145
0.143
0.143
0.110
0.144
0.144
0.145
0.144
0.140
0.144
0.144
0.137
0.144
0.140
0.144
0.143
0.144
0.144
0.145
0.143
0.143
0.140
0.143
0.144
0.143
0.143
0.143
0.132
0.132
0.143
0.111
0.140
0.132
0.143
0.128
0.114
0.145
0.110
0.144
0.142
0.144
0.144
0.140
0.143
0.143
0.143
0.145
0.143
0.142
0.132
0.143
0.144
0.133
0.136
0.145
0.134
0.143
0.144
0.145
0.144
0.145
0.144
0.144
0.145
0.143
0.143
0.131
0.141
0.143
0.143
0.130
0.143
0.143
0.132
0.143
0.143
0.111
0.110
0.143
0.140
0.144
0.145
0.120
0.143
0.145
0.143
0.143
0.140
0.144
0.144
0.145
0.143
0.143
0.143
0.137
0.143
0.143
0.143
0.143
0.140
0.144
0.144
0.145
0.143
0.132
0.143
0.140
0.143
0.143
0.132
0.143
0.135
0.143
-0.881
-1.005
-0.868
-2.274
-0.878
-1.048
-1.736
-1.180
-1.938
0.142
0.144
0.137
0.111
0.136
0.117
0.111
0.131
0.144
0.143
0.145
0.141
0.143
0.110
0.144
0.143
0.135
0.133
0.132
0.144
0.136
0.130
0.145
0.139
0.144
0.145
0.143
0.110
0.143
0.143
0.143
0.143
0.143
0.144
0.143
0.140
0.142
0.111
0.111
0.143
0.130
-1.209
0.145
0.136
0.145
0.140
0.145
0.140
0.144
0.145
0.135
0.142
0.145
0.114
0.144
0.132
0.142
0.143
0.144
0.144
0.143
0.145
0.144
-0.125
-0.125
-0.125
-0.816
-0.854
-0.816
0.000
0.000
0.000
0.000
0.000
0.000
0.000
0.000
0.000
-0.441
-0.472
-0.447
-0.274
0.143
0.130
-0.274
-0.271
-0.274
-0.274
-1.119
-0.561
-0.578
-0.894
-0.274
0.143
0.142
0.139
-0.633
0.130
-0.556
0.143
-0.272
0.125
0.144
-0.274
0.144
0.145
0.143
0.144
-0.274
0.130
0.143
-0.259
-0.306
-0.272
-0.272
0.132
0.122
0.130
-0.259
0.143
0.130
-0.271
0.143
0.143
-0.271
0.144
-0.272
0.145
-0.566
0.130
-0.271
0.131
-0.274
0.143
-0.272
-0.272
0.130
-1.313
0.145
0.138
-0.570
0.144
-0.272
0.130
0.300
0.300
0.300
0.130
0.143
-0.274
0.130
-0.259
-0.274
0.143
0.136
0.143
0.143
0.125
-2.245
-0.274
0.107
-0.577
0.122
-1.071
0.122
-1.098
-0.274
0.118
-1.279
-0.560
-0.559
0.144
0.125
-1.101
0.107
0.107
0.108
-0.560
0.142
-1.098
-1.098
0.125
0.139
-1.997
-1.158
-2.008
-1.025
0.139
0.121
0.132
-1.744
0.125
0.143
0.138
-1.098
-1.031
0.107
-3.253
0.136
-1.245
-1.098
0.111
0.122
0.122
0.125
-1.102
0.104
-0.555
-0.577
-0.274
-1.098
0.138
0.121
-2.069
0.100
0.140
0.122
-0.560
0.139
0.107
0.122
-2.690
-0.272
-0.559
0.132
-1.098
0.136
0.108
0.130
0.130
-1.098
-1.927
-2.438
-1.503
-1.025
-1.355
-1.449
-1.059
-1.056
-1.058
0.144
0.143
0.143
0.132
0.143
-2.495
0.144
0.144
-0.534
-2.203
-1.057
-1.049
-1.049
-1.057
-0.775
-0.775
-1.059
-1.059
-0.876
-0.774
-1.356
-0.747
-1.058
-1.056
-0.700
-0.811
-0.701
-1.581
-1.510
-3.004
-1.163
-1.181
-1.166
-1.619
-1.635
-2.323
0.000
0.000
0.000
0.000
0.000
0.000
0.000
0.000
0.000
0.000
0.000
0.000
