fixedStep chrom=ENSGT00390000004090 start=1 step=1
0.062
0.062
0.062
0.062
0.062
0.062
0.062
0.062
0.061
0.062
0.062
0.062
0.062
0.062
0.062
0.062
0.062
0.062
0.062
0.062
0.062
0.062
0.062
0.062
0.062
0.062
0.062
0.062
0.062
0.062
0.062
0.062
0.062
0.060
0.062
0.062
0.062
0.062
0.062
0.061
0.062
0.062
0.062
0.062
0.062
0.062
0.062
0.062
0.062
0.062
0.062
0.062
0.062
0.062
0.062
0.062
0.062
0.047
0.062
0.062
0.062
0.062
0.062
0.053
0.062
0.062
0.062
0.062
0.059
0.062
0.062
0.062
0.062
0.062
0.062
0.049
0.059
0.052
0.062
0.062
0.062
0.051
0.062
0.061
0.062
0.062
0.062
0.062
0.062
0.062
0.062
0.062
0.062
0.062
0.062
0.062
0.059
0.062
0.061
0.062
0.062
0.060
0.062
0.062
0.049
0.062
0.062
0.062
0.062
0.062
0.062
0.062
0.062
0.061
0.062
0.062
0.062
0.062
0.062
0.062
0.062
0.061
0.061
0.062
0.062
0.062
0.061
0.062
0.057
0.062
0.062
0.062
0.062
0.062
0.055
0.062
0.062
0.062
0.062
0.062
0.062
0.062
0.062
0.062
0.062
0.062
0.061
0.058
0.062
0.062
0.062
0.062
0.061
0.062
0.062
0.059
0.062
0.059
0.062
0.062
0.062
0.058
0.062
0.062
0.062
0.062
0.062
0.062
0.062
0.062
0.062
0.062
0.062
0.060
0.062
0.062
0.062
0.062
0.059
0.059
0.059
0.059
0.059
0.059
0.059
0.059
0.059
0.059
0.059
0.059
0.059
0.059
0.059
0.059
0.059
0.057
0.059
0.059
0.059
0.059
0.059
0.059
0.059
0.059
0.059
0.059
0.059
0.059
0.059
0.059
0.059
0.059
0.059
0.059
0.059
0.059
0.059
0.059
0.057
0.059
0.059
0.059
0.059
0.059
0.059
0.059
0.059
0.059
0.043
0.059
0.059
0.059
0.059
0.059
0.059
0.059
0.059
0.059
0.058
0.059
0.059
0.059
0.059
0.059
0.059
0.059
0.059
0.059
0.059
0.059
0.059
0.059
0.059
0.059
0.059
0.059
0.059
0.059
0.059
0.059
0.052
0.059
0.059
0.059
0.059
0.059
0.059
0.059
0.059
0.059
0.062
0.062
0.062
0.062
0.062
0.062
0.062
0.062
0.062
0.062
0.062
0.062
0.062
0.062
0.062
0.062
0.062
0.062
0.061
0.062
0.062
0.062
0.062
0.062
0.062
0.062
0.062
0.062
0.062
0.062
0.062
0.062
0.062
0.062
0.062
0.062
0.062
0.062
0.062
0.062
0.062
0.062
0.062
0.061
0.057
0.062
0.062
0.062
0.062
0.062
0.058
0.062
0.062
0.062
0.062
0.062
0.062
0.062
0.062
0.049
0.062
0.062
0.062
0.062
0.062
0.062
0.062
0.062
0.062
0.062
0.062
0.062
0.062
0.062
0.062
0.062
0.062
0.062
0.062
0.062
0.062
0.062
0.055
0.062
0.062
0.062
0.062
0.062
0.062
0.059
0.062
0.062
0.062
0.059
0.060
0.062
0.062
0.061
0.062
0.062
0.062
0.062
0.062
0.062
0.062
0.053
0.062
0.061
0.062
0.062
0.062
0.062
0.053
0.060
0.062
0.062
0.062
0.062
0.058
0.062
0.062
0.062
0.059
0.062
0.062
0.059
0.062
0.062
0.058
0.062
0.062
0.062
0.062
0.050
0.062
0.060
0.061
0.062
0.062
0.059
0.062
0.062
0.062
0.055
0.062
0.062
0.062
0.062
0.062
0.057
0.062
0.062
0.055
0.062
0.059
0.062
0.062
0.062
0.047
0.062
0.062
0.061
0.062
0.062
0.062
0.062
0.062
0.062
0.062
0.062
0.062
0.058
0.062
0.062
0.062
0.062
0.059
0.062
0.062
0.062
0.062
0.062
0.061
0.062
0.062
0.061
0.062
0.049
0.062
0.062
0.062
0.062
0.062
0.062
0.062
0.062
0.062
0.062
0.062
0.062
0.062
0.062
0.061
0.058
0.062
0.060
0.062
0.062
0.061
0.062
0.062
0.062
0.062
0.060
0.062
0.061
0.062
0.062
0.062
0.062
0.062
0.062
0.062
0.062
0.062
0.055
0.062
0.062
0.062
0.062
0.062
0.062
0.062
0.062
0.062
0.062
0.062
0.062
0.062
0.062
0.062
0.062
0.062
0.062
0.062
0.062
0.062
0.062
0.059
0.062
0.062
0.062
0.062
0.059
0.062
0.059
0.047
0.062
0.062
0.062
0.057
0.061
0.062
0.062
0.062
0.062
0.062
0.059
0.059
0.062
0.062
0.062
0.062
0.062
0.061
0.062
0.062
0.062
0.062
0.062
0.061
0.062
0.062
0.062
0.062
0.058
0.060
0.062
0.062
0.062
0.062
0.062
0.062
0.053
0.062
0.060
0.062
0.062
0.061
0.062
0.062
0.062
0.058
0.062
0.062
0.062
0.062
0.062
0.062
0.062
0.062
0.060
0.062
0.062
0.062
0.062
0.062
0.062
0.060
0.062
0.062
0.062
0.062
0.062
0.062
0.062
0.062
0.062
0.059
0.049
0.062
0.062
0.062
0.062
0.062
0.062
0.061
0.062
0.062
0.049
0.062
0.059
0.062
0.062
0.062
0.062
0.062
0.062
0.062
0.061
0.062
0.062
0.062
0.062
0.062
0.062
0.062
0.052
0.055
0.062
0.049
0.062
0.062
0.049
0.062
0.062
0.059
0.062
0.062
0.061
0.061
0.062
0.053
0.062
0.062
0.059
0.062
0.062
0.062
0.049
0.062
0.062
0.062
0.062
0.062
0.062
0.062
0.062
0.058
0.058
0.062
0.062
0.061
0.062
0.062
0.059
0.062
0.062
0.062
0.062
0.062
0.062
0.060
0.062
0.062
0.062
0.062
0.062
0.062
0.062
0.062
0.062
0.062
0.062
0.062
0.062
0.059
0.062
0.062
0.059
0.062
0.062
0.061
0.049
0.062
0.062
0.062
0.062
0.062
0.062
0.062
0.062
0.062
0.062
0.062
0.062
0.062
0.058
0.062
0.062
0.053
0.062
0.062
0.062
0.062
0.062
0.062
0.062
0.062
0.062
0.062
0.060
0.062
0.062
0.062
0.062
0.062
0.049
0.062
0.062
0.062
0.049
0.062
0.059
0.062
0.062
0.062
0.059
0.061
0.061
0.062
0.062
0.062
0.062
-2.357
-1.762
-1.457
-1.803
-2.361
-1.453
0.062
0.060
0.062
0.061
0.062
0.061
0.062
0.045
0.061
0.062
0.062
0.058
0.062
0.059
0.062
0.062
0.062
0.062
0.062
0.062
0.062
0.062
0.062
0.062
0.062
0.059
0.062
0.062
0.062
0.062
0.062
0.062
0.062
0.062
0.062
0.055
0.062
0.062
0.062
0.062
0.062
0.062
0.061
0.062
0.062
0.062
0.062
0.062
0.062
0.062
0.062
0.062
0.062
0.055
0.060
0.062
0.062
0.062
0.049
0.059
0.061
0.062
0.062
0.062
0.062
0.053
0.062
0.055
0.062
0.062
0.062
0.055
0.062
0.062
0.061
0.062
0.062
0.062
0.062
0.062
0.062
0.062
0.061
0.062
0.062
0.055
0.062
0.055
0.062
0.061
0.062
0.061
0.062
0.062
0.062
0.062
0.062
0.062
0.062
0.062
0.062
0.062
0.062
0.062
0.062
0.062
0.062
0.060
0.062
0.062
0.062
0.062
0.060
0.062
0.062
0.062
0.062
0.062
0.062
0.059
0.062
0.062
0.062
0.062
0.062
0.062
0.062
0.062
0.062
0.062
0.062
0.062
0.062
0.062
0.062
0.062
0.062
0.062
0.062
0.062
0.062
0.062
0.062
0.062
0.062
0.062
0.062
0.062
0.062
0.062
0.062
0.062
0.062
0.062
0.062
0.062
0.062
0.062
0.062
0.062
0.062
0.062
0.062
0.062
0.062
0.062
0.062
0.057
0.061
0.048
0.062
0.062
0.062
0.055
0.062
0.062
0.062
0.062
0.062
0.062
0.062
0.062
0.062
0.062
0.059
0.059
0.062
0.061
0.062
0.062
0.061
0.062
0.062
0.062
0.053
0.062
0.062
0.062
0.053
0.062
0.062
0.062
0.062
0.062
0.062
0.062
0.062
0.062
0.062
0.062
0.062
0.062
0.056
0.062
0.062
0.062
0.062
0.060
0.060
0.062
0.059
0.060
0.062
0.062
0.060
0.053
0.062
0.062
0.059
0.062
0.062
0.062
0.061
0.062
0.049
0.062
0.062
0.062
0.062
0.061
0.062
0.062
0.062
0.058
0.062
0.062
0.062
0.062
0.062
0.062
0.062
0.062
0.062
0.053
0.062
-1.550
-1.549
-3.859
-1.543
-1.550
-2.143
0.061
0.062
0.062
0.062
0.062
0.055
0.062
0.062
0.052
0.062
0.059
0.062
0.062
0.062
0.062
0.062
0.062
0.062
0.060
0.062
0.062
0.062
0.062
0.062
0.062
0.062
0.062
0.062
0.062
0.062
0.062
0.062
0.062
0.062
0.062
0.062
0.062
0.062
0.062
0.062
0.062
0.062
0.062
0.062
0.062
0.062
0.061
0.062
0.062
0.062
0.055
0.062
0.062
0.062
0.062
0.062
0.062
0.062
0.062
0.062
0.061
0.062
0.062
0.061
0.062
0.062
0.062
0.062
0.053
0.062
0.062
0.062
0.062
0.062
0.062
0.062
0.062
0.062
0.062
0.062
0.062
0.062
0.062
0.062
0.062
0.062
0.062
0.062
0.062
0.062
0.062
0.062
0.062
0.062
0.062
0.062
0.062
0.062
0.062
0.062
0.062
0.062
0.062
0.062
0.062
0.062
0.062
0.062
0.062
0.062
0.062
0.062
0.062
0.062
0.062
0.062
0.062
0.062
0.059
0.062
0.062
0.062
0.062
0.055
0.061
0.062
0.062
0.062
0.062
0.062
0.062
0.062
0.057
0.062
0.062
0.062
0.062
0.062
0.062
0.062
0.059
0.062
0.058
0.062
0.062
0.062
0.062
0.062
0.062
0.062
0.062
0.062
0.062
0.062
0.062
0.059
0.062
0.062
0.062
0.062
0.062
0.062
0.062
0.062
0.062
0.062
0.062
0.061
0.062
0.062
0.062
0.062
0.062
0.062
0.062
0.062
0.059
0.062
0.062
0.062
0.062
0.062
0.062
0.062
0.062
0.062
0.059
0.062
0.062
0.062
0.062
0.061
0.062
0.062
0.062
0.062
0.062
0.062
0.062
0.062
0.059
0.062
0.062
0.062
0.062
0.062
0.059
0.062
0.062
0.062
0.061
0.062
0.062
0.059
0.059
0.048
0.062
0.062
0.062
0.049
0.062
0.049
0.062
0.062
0.060
0.062
0.062
0.055
0.062
0.062
0.062
0.062
0.061
0.062
0.062
0.062
0.062
0.062
0.062
0.062
0.062
0.060
0.061
0.058
0.060
0.062
0.062
0.062
0.062
0.062
0.049
0.061
0.062
0.062
0.058
0.061
0.062
0.062
0.062
0.061
0.062
0.052
0.062
0.062
0.062
0.062
0.062
0.062
0.062
0.062
0.062
0.062
0.062
0.055
0.062
0.062
0.062
0.059
0.062
0.061
0.062
0.062
0.062
0.062
0.055
0.062
0.062
0.062
0.061
0.062
0.055
0.059
0.062
0.062
0.062
0.062
0.062
0.062
0.062
0.062
0.062
0.062
0.062
0.062
0.055
0.062
0.060
0.061
0.062
0.062
0.062
0.062
0.062
0.062
0.056
0.061
0.062
0.062
0.062
0.062
0.062
0.062
0.062
0.062
0.062
0.062
0.062
0.062
0.062
0.061
0.062
0.062
0.049
0.062
0.062
0.061
0.048
0.058
0.059
0.062
0.062
0.053
0.062
0.062
0.059
0.062
0.062
0.060
0.062
0.062
0.062
0.062
0.062
0.062
0.049
0.049
0.062
0.049
0.049
0.062
-1.120
-0.872
-1.186
-0.872
-0.872
-1.429
-0.872
-0.872
-0.873
-0.873
-0.868
-0.872
-1.429
-0.873
-1.429
-0.872
-0.872
-0.872
0.062
0.062
0.059
0.059
0.062
0.062
0.062
0.062
0.062
0.053
0.062
0.062
0.061
0.062
0.054
0.062
0.059
0.062
0.062
0.062
0.062
0.062
0.062
0.049
0.062
0.062
0.062
0.059
0.049
0.062
0.062
0.061
0.062
0.062
0.049
0.062
0.062
0.049
0.049
0.059
0.062
0.062
0.062
0.059
0.061
0.062
0.062
0.062
0.062
0.061
0.049
0.062
0.062
0.062
0.055
0.055
0.055
0.055
0.055
0.055
0.055
0.055
0.055
0.055
0.055
0.055
0.055
0.055
0.055
0.055
0.055
0.042
0.055
0.055
0.055
0.055
0.055
0.055
0.055
0.055
0.046
0.055
0.055
0.054
0.055
0.055
0.055
0.055
0.054
0.055
0.055
0.055
0.053
0.055
0.055
0.054
0.055
0.055
0.055
0.055
0.055
0.054
0.055
0.055
0.053
0.051
0.055
0.055
0.055
0.053
-1.475
0.055
0.055
0.055
0.055
0.055
0.055
0.055
0.055
0.054
0.054
0.062
0.062
0.062
0.053
0.059
0.062
0.062
0.062
0.062
0.062
0.062
0.062
0.062
0.062
0.055
0.062
0.058
0.053
0.057
0.062
-1.457
-1.755
-1.453
-1.457
-1.457
-1.458
-1.453
-1.458
-1.932
-1.733
-1.453
-1.457
-1.458
-1.457
-1.457
0.053
0.053
0.062
0.062
0.060
0.059
0.062
0.062
0.062
0.062
0.061
0.062
0.062
0.062
0.062
0.062
0.062
0.062
0.049
0.062
0.062
0.047
0.062
0.062
0.062
0.062
0.062
0.061
0.062
0.062
0.062
0.062
0.062
0.061
0.062
0.059
0.059
0.062
0.062
0.062
0.060
0.062
0.059
0.062
0.061
0.062
0.061
0.062
0.062
0.062
0.062
0.062
0.062
0.062
0.062
0.062
0.062
-1.109
-1.103
-1.065
0.062
0.062
0.062
0.062
0.061
0.062
0.062
0.062
0.059
0.062
0.062
0.062
0.062
0.059
0.059
0.062
0.062
0.060
0.061
0.062
0.062
0.062
0.062
0.062
0.062
0.062
0.061
0.062
0.062
0.062
0.062
0.062
0.059
0.062
0.062
0.062
0.062
0.062
0.062
0.062
0.062
0.062
0.062
0.062
0.061
0.062
0.062
0.057
0.062
0.062
0.062
0.062
0.062
0.062
0.062
0.062
0.062
0.059
0.062
0.062
0.062
0.062
0.062
0.062
0.062
0.062
0.062
0.060
0.061
0.062
0.062
0.062
0.062
0.062
0.062
0.062
0.060
0.057
0.062
0.062
0.062
0.062
0.062
0.062
0.062
0.062
0.062
0.062
0.062
0.061
0.062
0.062
0.060
0.062
0.062
0.062
0.061
0.062
0.062
0.062
0.057
0.061
0.062
0.062
0.062
0.062
0.061
0.062
0.061
0.061
0.062
0.062
0.062
0.062
0.062
0.062
0.062
0.062
0.062
0.062
0.062
0.055
0.062
0.062
0.062
0.062
0.062
0.062
0.062
0.062
0.062
0.062
0.062
0.062
0.059
0.062
0.062
0.062
0.062
0.062
0.062
0.062
0.062
0.059
0.062
0.062
0.062
0.062
0.062
0.062
0.062
0.062
0.062
0.062
0.062
0.062
0.062
0.062
0.062
0.062
0.062
0.062
0.062
0.062
0.062
0.062
0.062
0.060
0.062
0.062
0.062
0.059
0.062
0.060
0.062
0.062
0.062
0.061
0.061
0.062
0.053
0.062
0.062
0.062
0.062
0.062
0.062
0.062
0.062
0.062
0.061
0.062
0.062
0.062
0.062
0.062
0.062
0.062
0.062
0.062
0.062
0.062
0.062
0.062
0.062
0.062
0.062
0.055
0.062
0.062
0.062
0.062
0.060
0.062
0.057
0.060
0.062
0.062
0.062
0.062
0.062
0.062
0.061
0.062
0.062
0.062
0.062
0.062
0.062
0.062
0.061
0.062
0.062
0.062
0.062
0.060
0.062
-1.550
-1.549
-1.549
-1.550
-1.549
-1.543
-1.543
-1.543
-1.550
0.060
0.061
0.062
0.062
0.062
0.062
0.062
0.062
0.062
0.055
0.062
0.055
0.062
0.062
0.062
0.053
0.061
0.061
0.062
0.062
0.062
0.062
0.062
0.062
0.061
0.062
0.062
0.060
0.062
0.062
0.062
0.062
0.060
0.062
0.062
0.062
0.062
0.062
0.060
0.062
0.062
0.062
0.062
0.062
0.062
0.062
0.062
0.062
0.062
0.062
0.060
0.062
0.061
0.062
0.062
0.062
0.048
0.062
0.062
0.061
0.062
0.060
0.060
0.062
0.062
0.062
0.062
0.062
0.062
-1.425
-1.424
-1.424
0.060
0.062
0.058
0.060
0.062
0.062
0.062
0.062
0.058
0.057
0.060
0.051
0.060
0.062
0.060
0.062
0.062
0.058
0.053
0.058
0.060
0.053
0.053
0.062
0.062
0.062
0.060
0.060
0.060
-3.727
0.062
0.062
0.062
0.053
0.062
0.053
0.053
0.060
0.060
-1.425
-1.424
-1.424
0.062
0.062
0.062
0.053
0.053
0.058
0.053
0.053
0.053
0.053
0.053
0.061
0.053
0.062
0.058
0.060
0.053
0.053
0.062
0.062
0.049
0.053
0.053
0.050
0.060
0.053
0.062
0.062
0.053
0.051
0.053
0.062
0.060
0.053
0.062
0.058
0.052
0.062
0.060
0.053
0.062
0.053
0.060
0.062
0.053
0.060
0.062
0.051
0.062
0.053
0.060
0.060
0.060
0.059
-1.425
-1.424
-1.425
0.060
0.053
0.053
0.053
0.053
0.060
0.062
0.062
0.058
0.053
0.062
0.062
0.053
0.060
0.051
0.053
0.053
0.060
0.060
0.053
0.053
0.056
0.062
0.060
0.060
0.053
0.060
0.053
0.053
0.060
0.062
0.062
0.062
0.062
0.062
0.062
0.062
0.062
0.062
0.062
0.062
0.061
0.062
0.062
0.060
0.062
0.062
0.062
0.062
0.062
0.062
0.062
0.062
0.061
0.059
0.062
0.062
0.062
0.062
0.062
0.060
0.062
0.062
0.062
0.062
0.062
0.062
0.062
0.061
0.062
0.062
0.058
0.062
0.062
0.050
0.062
0.062
0.053
0.062
0.062
0.060
0.062
0.062
0.059
0.062
0.062
0.062
0.062
0.062
0.061
0.062
0.062
0.062
0.059
0.062
0.062
0.062
0.062
0.062
0.062
0.062
0.062
0.062
0.062
0.061
0.062
0.060
0.062
0.060
0.061
0.060
0.062
0.062
0.061
-1.458
-1.457
-2.826
-1.775
-1.453
-1.780
0.062
0.062
0.062
0.062
0.062
0.062
0.062
0.062
0.062
0.062
0.062
0.062
0.059
0.062
0.049
0.062
0.062
0.062
0.062
0.062
0.062
0.062
0.062
0.061
0.061
0.055
0.062
0.061
0.062
0.062
0.062
0.062
0.061
0.062
0.062
0.062
0.062
0.062
0.059
0.062
0.062
0.062
0.059
0.062
0.062
0.062
0.062
0.062
0.062
0.062
0.062
0.062
0.061
0.060
0.062
0.062
0.061
0.062
0.062
0.062
0.062
0.062
0.062
0.062
0.062
0.062
0.062
0.062
0.062
0.049
0.062
0.062
0.062
0.062
0.062
0.062
0.062
0.049
0.053
0.062
0.062
0.062
0.062
0.062
0.062
0.062
0.062
0.062
0.062
0.062
0.062
0.062
0.062
0.062
0.062
0.062
0.062
0.062
0.062
0.062
0.062
0.062
0.062
0.062
0.060
0.052
0.062
0.061
0.062
0.062
0.057
0.061
0.062
0.062
0.062
0.062
0.061
0.062
0.062
0.062
0.062
0.060
0.062
0.062
0.062
0.062
0.059
0.062
0.061
0.062
0.062
0.059
0.062
0.062
0.062
0.062
0.062
0.062
0.055
0.062
0.049
0.062
0.062
0.062
0.062
0.062
0.062
0.062
0.062
0.062
0.062
0.062
0.062
0.062
0.062
0.061
0.062
0.062
0.062
0.062
0.062
0.062
0.051
0.062
0.062
0.061
0.062
0.062
0.062
0.062
0.062
0.062
0.062
0.061
0.062
0.062
0.060
0.062
0.062
0.062
0.062
0.062
0.062
0.062
0.062
0.062
0.062
0.062
0.062
0.062
0.062
0.062
0.062
0.062
0.062
0.062
0.062
0.062
0.062
0.062
0.062
0.062
0.062
0.062
-1.819
-2.303
-2.327
0.053
0.062
0.062
0.062
0.062
0.059
0.062
0.062
0.062
0.062
0.062
0.062
0.062
0.053
0.062
0.062
0.062
0.062
0.062
0.062
0.061
0.061
0.062
0.062
0.062
0.062
0.062
0.062
0.062
0.062
0.062
0.062
0.061
0.062
0.062
0.062
0.062
0.062
0.062
0.062
0.062
0.062
0.062
0.049
0.062
0.062
0.062
0.062
0.062
0.062
0.055
0.062
0.061
0.060
0.062
0.062
0.062
0.062
0.062
0.062
0.062
0.062
0.055
0.062
0.062
0.062
0.061
0.062
0.061
0.062
0.062
0.062
0.062
0.062
0.061
0.062
0.062
0.062
0.062
0.055
0.062
0.062
0.062
0.062
0.062
0.059
0.062
0.062
0.062
0.061
0.062
0.062
0.061
0.062
0.062
0.049
0.062
0.062
0.062
0.062
0.062
0.062
0.062
0.062
0.062
0.062
0.062
0.062
0.062
0.062
0.060
0.062
0.062
0.062
0.062
0.062
0.062
0.062
0.062
0.062
0.062
0.062
0.062
0.062
0.062
0.062
0.062
0.062
0.061
0.062
0.062
0.062
0.062
0.062
0.059
0.062
0.062
0.062
0.062
0.062
0.062
0.062
0.062
0.062
0.062
0.062
0.062
0.062
0.062
0.062
0.062
0.062
0.059
0.062
0.062
0.061
0.062
0.062
0.062
0.062
0.061
0.062
0.062
0.062
0.062
0.062
0.062
0.062
0.062
0.062
0.062
0.062
0.062
0.061
0.062
0.062
0.062
0.062
0.062
0.062
0.062
0.062
0.060
0.062
0.062
0.062
0.062
0.062
0.062
0.062
0.062
0.061
0.059
0.062
0.062
0.062
0.062
0.062
0.062
0.062
0.062
0.062
0.062
0.057
0.062
0.062
0.058
0.062
0.062
0.062
0.062
0.062
0.062
0.062
0.062
0.062
0.062
0.062
0.062
0.062
0.062
0.062
0.062
0.062
0.062
0.062
0.062
0.062
0.062
0.062
0.062
0.062
0.062
0.062
0.062
0.062
0.062
0.062
0.062
0.062
0.059
0.062
0.062
0.049
0.062
0.053
0.062
0.062
0.062
0.062
0.062
0.062
0.062
0.062
0.062
0.062
0.062
0.062
0.062
0.062
0.061
0.062
0.062
0.062
0.062
0.062
0.062
0.062
0.062
0.062
0.062
0.062
0.062
0.062
0.062
0.062
0.062
0.062
0.062
0.062
0.062
0.062
0.062
0.062
0.062
0.062
0.062
0.062
0.062
0.062
0.062
0.060
0.062
0.062
0.062
0.062
0.062
-1.967
-1.971
-1.967
0.062
0.062
0.062
0.062
0.062
0.062
0.062
0.062
0.062
0.062
0.062
0.062
0.055
0.062
0.061
0.062
0.062
0.062
0.062
0.062
0.060
0.062
0.062
0.062
0.062
0.062
0.062
0.062
0.058
0.062
0.062
0.062
0.053
0.062
0.062
0.062
0.062
0.062
0.062
0.062
0.062
0.062
0.062
0.062
0.062
0.062
0.062
0.062
0.055
0.062
0.062
0.062
0.062
0.061
0.062
0.062
0.062
0.059
0.059
0.059
0.059
0.059
0.059
0.059
0.059
0.056
0.059
0.056
0.059
0.059
0.059
0.056
0.059
0.059
0.046
0.059
0.059
0.059
0.059
0.059
0.059
0.059
0.059
0.051
0.059
0.059
0.059
0.059
0.059
0.059
0.059
0.059
0.059
0.059
0.059
0.059
0.059
0.059
0.059
0.059
0.059
0.059
0.059
0.059
0.059
0.059
0.059
0.059
0.059
0.059
0.045
0.059
0.059
0.059
0.059
0.059
0.059
0.059
0.059
0.059
0.059
0.059
0.056
0.059
0.059
0.059
0.059
0.059
0.059
0.059
0.059
0.059
0.059
0.059
0.059
0.059
0.059
0.059
0.059
0.059
0.059
0.059
0.059
0.059
0.059
0.059
0.059
0.059
0.059
0.059
0.059
0.059
0.059
0.059
0.059
0.059
0.059
0.059
0.059
0.059
0.059
0.059
0.059
0.059
0.056
0.059
0.059
0.059
0.059
0.059
0.059
0.059
0.059
0.059
0.059
0.059
0.059
0.059
0.059
0.059
0.059
0.059
0.059
0.059
0.059
0.059
0.059
0.059
0.059
0.059
0.059
0.059
-0.270
-0.270
-0.270
0.059
0.059
0.059
0.059
0.059
0.059
0.059
0.059
0.059
0.059
0.059
0.059
0.059
0.059
0.059
0.059
0.059
0.056
0.059
0.059
0.059
0.059
0.059
0.059
0.059
0.059
0.059
0.059
0.059
0.059
0.059
0.059
0.045
0.059
0.059
0.059
0.059
0.056
0.059
0.059
0.045
0.056
0.059
0.059
0.059
0.059
0.059
0.059
0.059
0.059
0.059
0.059
0.059
0.059
0.059
0.059
0.059
0.059
0.059
0.059
0.059
0.059
0.059
0.059
0.059
0.059
0.059
0.059
0.059
0.059
0.059
0.059
0.059
0.059
0.059
0.042
0.059
0.059
0.059
0.059
0.059
0.059
0.059
0.059
0.059
0.059
0.059
0.059
0.057
0.059
0.059
0.059
0.059
0.059
0.059
0.059
0.059
0.059
0.059
0.059
0.059
0.059
0.059
0.059
0.059
0.059
0.059
0.059
0.057
0.059
0.059
0.059
0.059
0.059
0.056
0.059
0.059
0.059
0.059
0.059
0.059
0.059
0.059
0.056
0.059
0.059
0.059
0.059
0.059
0.059
0.056
0.059
0.059
0.059
0.059
0.059
0.057
0.045
0.059
0.059
0.059
0.059
0.059
0.045
0.051
0.059
0.059
-1.351
-1.334
-1.334
0.062
0.062
0.062
0.062
0.062
0.062
0.062
0.062
0.062
0.062
0.062
0.062
0.062
0.062
0.062
0.062
0.062
0.062
0.062
0.062
0.062
0.062
0.062
0.062
0.062
0.062
0.062
0.062
0.062
0.062
0.062
0.062
0.062
0.062
0.062
0.062
0.062
0.062
0.062
0.062
0.062
0.062
0.062
0.062
0.062
0.062
0.062
0.062
