fixedStep chrom=ENSGT00390000003444 start=1 step=1
0.096
0.104
0.104
0.103
0.097
0.104
0.104
-0.608
-0.615
0.081
0.104
0.104
0.072
0.091
0.104
0.104
0.104
0.104
0.082
0.097
0.081
-0.903
-1.279
-0.903
-0.072
-0.072
-0.074
-0.072
-0.072
-0.072
-0.072
-0.072
-0.072
-0.965
-0.964
-1.278
-0.903
-1.269
-0.904
-0.965
-1.278
-1.269
-0.965
-1.278
-0.904
-0.904
-0.947
-0.901
0.104
0.104
0.081
0.104
0.081
0.081
0.072
0.081
-1.683
0.097
0.075
0.098
0.104
0.081
0.081
-1.190
0.081
0.097
0.104
0.072
0.104
0.081
-0.580
0.104
0.072
-1.243
0.081
0.098
-1.163
0.095
0.081
-1.243
0.104
0.072
0.104
0.081
-0.615
0.104
0.097
0.091
0.098
-1.496
0.098
0.104
0.094
0.073
0.072
0.072
0.072
0.072
0.072
-0.072
-0.072
-0.072
-0.074
-0.072
-0.072
0.072
0.104
0.098
0.104
-0.609
0.104
0.072
0.075
0.081
0.098
0.104
0.096
0.104
0.104
0.104
0.104
0.104
-0.608
0.104
0.104
0.104
0.081
0.104
-1.165
0.104
0.104
0.104
-2.459
0.104
0.104
0.104
0.104
-0.580
0.104
0.104
0.104
0.104
0.104
0.104
0.098
0.104
0.104
0.072
0.072
0.101
0.091
0.104
0.104
0.096
0.104
0.091
-0.608
0.104
0.104
-1.927
0.104
0.104
0.091
0.104
0.104
0.104
0.104
0.104
0.104
0.104
0.083
0.104
0.072
0.072
0.072
0.103
0.081
-0.608
0.104
0.104
0.104
0.098
0.097
0.088
0.104
0.072
0.104
0.104
0.104
0.104
0.104
0.097
0.096
0.104
0.104
0.104
0.104
0.098
0.104
0.104
0.104
0.104
0.104
0.072
0.104
0.104
0.072
0.104
0.104
0.096
0.104
0.104
0.082
0.104
0.104
0.104
0.104
0.104
0.104
0.104
0.104
0.072
0.104
-1.145
0.098
0.104
0.104
0.104
0.104
0.097
0.091
0.096
0.096
0.098
-0.709
-0.721
-0.708
-0.709
-0.709
-0.709
-0.709
-0.709
-0.709
-0.709
-0.708
-0.708
-0.709
-0.709
-1.177
-1.835
-0.709
-0.756
-0.708
-1.176
-0.708
-1.827
-0.708
-0.708
-0.708
-0.755
-0.709
0.085
0.070
0.076
0.085
0.085
-0.793
0.081
-0.793
-0.793
0.085
0.070
0.085
-0.805
0.085
0.085
0.085
0.069
0.085
0.080
0.085
0.085
0.085
0.085
0.085
0.085
0.079
0.076
0.085
0.085
0.084
-3.051
-2.452
0.085
0.080
0.080
0.085
0.085
0.068
0.076
0.085
0.085
0.085
0.081
0.085
0.081
0.085
0.085
0.085
0.085
0.085
0.085
0.085
0.081
0.085
0.085
0.085
0.085
-0.793
0.085
0.085
0.085
0.085
0.085
0.085
0.085
0.085
0.085
0.085
0.085
0.085
0.085
0.085
0.085
-0.793
0.082
0.085
0.085
0.085
0.085
0.085
0.085
0.085
0.085
0.085
0.081
0.076
0.085
0.085
0.085
0.085
0.085
0.076
0.080
0.084
0.083
0.085
0.085
0.085
0.085
0.079
0.081
0.085
0.074
0.085
0.085
0.085
0.068
0.085
0.085
0.085
0.085
-2.094
-1.605
-1.164
0.070
-0.793
0.085
0.085
0.085
0.084
0.076
0.085
-0.805
0.079
0.085
0.076
-0.806
0.080
0.085
0.076
0.085
0.085
-0.793
0.085
-0.793
0.068
0.085
0.085
0.085
-0.808
0.085
0.076
0.085
0.085
0.085
0.085
0.085
0.085
0.085
0.085
0.085
0.068
0.068
0.068
0.085
-0.808
0.085
0.085
0.085
0.076
0.085
0.085
-0.793
-0.806
0.085
0.085
0.085
0.085
0.085
-0.806
0.085
0.085
0.085
0.085
0.085
0.085
0.071
0.085
0.081
0.085
0.093
0.093
0.093
0.093
0.093
0.093
0.093
0.093
0.083
0.093
0.093
0.093
0.093
0.081
0.093
0.093
0.093
0.083
0.093
0.092
0.093
0.093
0.077
0.093
0.083
0.093
-0.751
-0.754
-0.754
0.093
0.093
0.093
-3.293
-1.554
-0.751
0.077
0.093
0.093
-0.751
-0.754
0.077
0.093
0.093
0.093
0.093
-0.754
0.093
-0.741
0.093
0.093
0.093
0.093
0.093
0.104
0.104
0.104
0.104
0.104
0.103
0.104
0.096
0.096
0.096
0.097
0.096
0.104
0.099
0.104
0.104
0.104
0.104
0.104
0.104
0.104
0.104
0.104
0.104
0.104
0.091
0.096
0.072
0.104
0.104
0.104
-0.609
-1.805
0.097
0.104
0.097
0.104
0.097
0.104
0.100
-1.172
0.104
-0.580
0.104
0.097
0.104
0.104
0.104
-0.580
0.104
0.104
0.104
0.104
0.104
0.104
0.072
0.104
0.104
-1.277
-1.186
0.104
-0.580
0.096
-1.243
0.104
-0.580
0.097
-0.615
-0.608
0.096
-1.871
-0.609
-1.067
0.082
0.096
0.104
-1.884
0.081
-1.243
0.104
0.101
0.081
-1.809
-1.145
-0.608
-1.145
0.104
0.101
-0.791
-0.709
-0.708
-1.177
-1.179
-0.708
0.063
0.063
0.063
-0.072
-0.072
-0.072
