fixedStep chrom=ENSGT00390000016881 start=1 step=1
0.071
0.071
0.071
0.071
0.071
0.069
0.071
0.071
0.071
0.069
0.071
0.064
0.071
0.071
0.066
-2.919
0.071
0.071
0.071
0.071
-2.384
0.071
0.071
-2.911
0.071
0.071
-1.353
0.071
0.071
0.071
-0.894
0.071
0.061
0.071
0.071
-0.909
0.064
0.071
0.071
0.071
0.071
0.067
0.071
0.071
0.071
0.071
0.071
0.071
0.071
0.071
0.054
0.071
0.071
0.071
0.071
0.071
0.061
0.071
0.071
0.064
0.071
0.071
0.070
0.071
0.071
0.071
0.071
0.071
0.063
0.071
0.071
0.071
0.071
0.071
0.055
0.071
0.071
0.071
0.071
0.071
0.071
0.071
0.071
0.071
0.071
0.071
-2.393
0.071
0.071
0.069
0.071
0.071
0.071
0.071
0.071
0.071
0.071
0.071
-1.691
0.067
0.071
0.071
0.071
0.071
0.064
0.071
0.071
0.067
0.071
0.071
0.067
0.067
0.071
0.071
0.071
0.071
-0.906
0.071
0.071
0.068
0.071
0.071
0.071
0.071
0.071
0.071
0.061
0.071
0.071
0.071
0.071
0.069
0.071
0.071
0.071
0.071
0.071
0.071
0.071
0.071
-0.906
0.071
0.071
0.071
0.071
0.071
0.071
0.071
0.071
0.071
0.071
0.071
0.064
0.067
0.071
0.064
0.071
0.071
-2.356
0.071
0.071
0.071
0.071
0.071
0.067
0.071
0.071
0.071
0.071
0.071
0.055
0.071
0.071
0.064
0.064
0.071
0.071
0.071
0.071
0.071
0.071
0.071
0.071
0.071
0.071
0.064
0.071
0.071
0.071
0.071
0.071
0.071
0.062
0.071
0.064
0.071
0.071
0.071
0.071
0.071
0.071
0.071
0.071
0.064
0.071
0.071
0.071
0.071
0.071
0.071
-0.895
0.071
0.071
0.071
0.071
0.071
0.071
0.071
0.064
0.071
0.071
0.071
0.071
0.071
0.071
0.071
0.071
0.071
0.071
0.071
0.063
0.071
0.071
0.064
0.071
0.071
0.071
0.071
0.071
0.071
0.071
0.071
0.064
0.071
0.071
-0.912
0.071
0.071
0.071
0.071
0.071
0.071
0.071
0.071
0.071
0.071
0.071
0.071
0.071
0.071
0.071
0.071
0.071
0.069
0.071
0.071
0.064
0.064
0.071
0.071
0.071
0.071
0.071
0.071
0.071
0.071
0.071
0.071
0.071
0.071
0.071
0.068
0.071
0.071
0.071
0.071
0.071
0.067
0.071
0.071
0.067
0.071
0.071
0.069
0.071
0.071
0.067
0.071
0.071
0.071
0.071
0.071
0.071
0.071
0.071
0.071
0.071
0.071
0.071
0.071
0.071
0.067
0.071
0.071
0.069
0.071
0.071
0.071
0.071
0.071
0.064
