fixedStep chrom=ENSGT00390000014243 start=1 step=1
0.081
0.082
0.081
0.081
0.081
0.081
0.081
0.081
0.081
0.078
0.080
0.081
0.082
0.081
0.076
0.081
0.081
0.081
0.081
0.081
0.081
0.082
0.081
0.081
0.077
0.082
0.081
0.081
0.081
0.081
0.081
0.081
0.082
0.076
0.076
0.082
0.081
0.081
0.080
0.081
0.081
0.081
0.081
0.082
0.075
0.080
0.082
0.058
0.081
0.081
0.080
0.081
0.081
0.081
0.082
0.081
0.082
0.082
0.081
0.081
0.082
0.081
0.081
0.081
0.082
0.081
0.081
0.081
0.081
0.082
0.082
0.081
0.082
0.081
0.062
0.081
0.082
0.078
0.081
0.081
0.077
0.082
0.081
0.081
0.065
0.081
0.058
0.081
0.076
0.075
0.082
0.081
0.082
0.081
0.081
0.064
0.082
0.081
0.081
0.081
0.081
0.082
0.081
0.082
0.076
0.081
0.081
0.081
0.081
0.081
0.081
0.081
0.081
0.062
0.081
0.081
0.081
0.081
0.081
0.077
0.081
0.081
0.062
0.081
0.081
0.081
0.075
0.082
0.082
0.077
0.081
0.081
0.080
0.070
0.081
0.081
0.081
0.081
0.081
0.081
0.081
0.082
0.082
0.082
0.082
0.080
0.080
0.081
0.081
0.081
0.058
0.082
0.082
0.082
0.082
0.082
0.081
0.081
0.081
0.082
0.082
0.076
0.081
0.081
0.082
0.082
0.081
0.082
0.081
0.081
0.081
0.078
0.081
0.077
0.081
0.077
0.081
0.076
0.081
0.082
0.077
0.073
0.082
0.081
0.081
0.081
0.081
0.081
0.081
0.081
0.081
0.081
0.081
0.081
0.077
0.080
0.082
0.058
0.081
0.081
0.081
0.082
0.082
0.082
0.082
0.081
0.082
0.081
0.081
0.081
0.073
0.082
0.058
0.081
0.081
0.081
0.081
0.081
0.082
0.080
0.081
0.082
0.058
0.081
0.082
0.081
0.081
0.082
0.081
0.081
0.081
0.081
0.082
0.062
0.081
0.082
0.065
0.081
0.081
0.076
0.081
0.081
0.081
0.081
0.081
0.081
0.081
0.081
0.076
0.081
0.081
-1.355
0.081
0.081
0.077
0.081
0.081
0.062
0.082
0.081
0.081
0.081
0.081
-2.383
0.081
0.081
0.081
0.081
0.075
0.080
0.062
0.081
0.075
0.081
0.080
0.081
0.081
0.081
0.080
0.081
0.081
0.076
0.081
0.081
0.076
0.082
0.081
0.080
0.081
0.082
0.081
0.081
0.082
-2.173
0.082
0.082
0.082
0.081
0.081
0.075
0.081
0.075
0.075
0.081
0.081
0.076
0.081
0.081
0.075
0.082
0.081
0.074
0.081
0.082
0.076
0.081
0.081
0.081
0.082
0.081
0.081
0.081
0.081
0.081
0.081
0.082
0.081
0.067
0.081
0.081
0.081
0.080
0.082
0.076
0.081
0.077
0.081
0.081
0.077
0.064
0.081
0.081
0.081
0.082
0.081
0.081
0.081
0.081
0.081
0.081
0.077
0.076
0.082
0.081
0.081
0.082
0.082
0.081
0.082
0.058
0.082
0.081
0.082
0.082
0.076
0.076
0.081
0.075
0.081
0.058
0.081
0.081
0.082
0.081
0.081
0.081
0.081
0.080
0.082
0.081
0.082
0.081
0.081
0.080
0.081
0.081
0.081
0.081
0.081
0.082
0.081
0.081
0.081
0.081
0.081
0.081
0.082
0.081
0.081
0.082
0.081
0.076
0.076
0.082
0.081
0.081
0.081
0.081
0.081
0.076
0.076
0.080
0.082
0.081
0.082
0.081
0.081
0.081
0.081
0.082
0.082
0.082
0.081
0.081
0.082
0.058
0.058
0.064
0.065
0.077
0.080
0.080
0.082
0.081
0.082
0.081
0.081
0.081
0.058
0.080
0.076
-2.923
0.082
0.081
0.081
0.081
0.082
0.081
0.082
0.076
0.081
0.081
0.082
0.077
0.082
0.077
0.082
0.081
0.080
0.082
0.082
0.082
0.082
0.081
0.082
0.081
0.081
0.081
0.076
0.082
0.081
0.082
0.081
0.080
0.081
0.081
0.071
0.081
0.081
0.079
0.081
0.081
0.081
0.058
0.079
0.075
0.081
0.081
0.070
0.082
0.082
0.076
0.081
0.081
0.082
0.081
0.076
0.081
0.082
0.081
-3.854
0.081
0.081
0.075
0.082
0.081
0.081
0.081
0.081
0.081
0.081
0.076
0.081
0.081
0.081
0.081
0.081
0.081
0.058
0.081
0.082
0.076
0.081
0.081
0.081
0.081
0.081
0.077
0.081
0.082
0.081
0.081
0.081
0.080
0.081
0.081
0.081
0.076
0.082
0.081
0.082
0.081
0.081
0.081
0.081
0.067
0.081
0.081
0.081
0.081
0.082
0.081
0.081
0.072
0.082
0.082
0.082
0.081
0.081
0.081
0.082
0.081
0.081
0.058
0.081
0.082
0.081
0.081
0.081
0.080
0.081
0.081
0.080
0.081
0.081
0.062
0.081
0.082
0.077
0.082
0.081
0.081
0.081
0.081
0.082
0.058
0.081
0.082
0.078
0.082
0.081
0.081
0.082
0.081
0.075
0.076
0.073
0.081
0.081
0.081
0.082
0.082
0.077
0.081
0.082
0.072
0.081
0.081
0.077
0.081
0.081
0.082
0.075
0.082
0.081
0.082
0.081
0.081
0.081
0.081
0.081
0.058
0.081
0.081
0.070
0.075
0.076
0.081
0.076
0.082
0.082
0.082
0.077
0.081
0.058
0.075
0.076
0.081
0.081
0.081
0.082
0.082
0.082
0.082
0.081
0.081
0.081
0.072
0.080
0.081
0.081
0.081
0.081
0.080
0.081
0.081
0.081
0.081
0.082
0.081
0.078
0.081
0.077
0.081
0.081
0.081
0.081
0.081
0.076
0.080
0.081
0.076
0.081
0.081
0.075
0.081
0.081
0.062
0.082
0.081
0.082
0.076
0.081
0.081
0.081
0.082
0.075
0.058
0.081
0.082
0.081
0.081
0.075
0.081
0.082
0.081
0.081
0.081
0.077
0.081
0.081
0.062
0.080
0.082
0.077
0.081
0.058
0.081
0.081
0.081
0.058
0.076
0.076
0.076
0.082
0.082
0.081
0.081
0.081
0.072
0.081
0.081
0.082
0.080
0.082
0.067
0.081
0.082
0.082
0.073
0.080
0.081
0.081
0.081
0.080
0.076
0.081
0.077
0.081
0.081
0.081
0.068
0.081
0.081
0.081
0.081
0.082
-0.547
-0.547
-0.570
-0.547
-0.547
-0.547
-0.547
-0.699
-0.596
-0.547
-0.547
-0.699
-0.548
-0.547
-0.710
0.081
0.081
0.081
0.081
0.079
0.080
0.081
0.076
0.058
0.082
0.077
0.075
0.081
0.081
0.058
0.081
0.081
0.077
0.082
0.080
0.081
0.073
0.081
0.081
0.081
0.082
-2.323
0.081
0.075
0.076
0.076
0.072
0.082
0.081
0.079
0.058
0.082
0.082
0.082
0.081
0.081
0.075
0.076
0.081
0.081
0.080
-1.403
0.081
0.082
0.081
0.076
0.082
0.082
0.082
0.081
0.081
0.081
0.080
0.075
0.080
0.080
0.058
0.071
0.081
0.077
0.082
0.081
0.081
0.062
-1.426
-1.425
-1.425
-3.421
-1.418
-1.779
-1.426
-3.359
-1.712
-1.995
-1.426
-1.426
-1.425
-2.218
-1.426
0.076
0.077
0.081
0.064
0.077
0.058
0.081
0.081
0.081
0.081
0.081
0.081
0.081
0.082
0.081
0.081
0.081
0.081
0.081
0.080
0.082
0.081
0.081
0.062
0.081
0.082
0.082
0.081
0.081
0.077
0.082
0.082
0.077
0.081
0.082
0.081
0.068
0.082
0.080
0.076
0.082
0.079
0.081
0.081
0.082
0.080
0.058
0.081
0.081
0.073
0.081
0.073
0.081
-2.514
0.059
0.082
0.081
0.081
0.081
0.076
0.081
0.081
0.081
0.081
0.082
-2.022
0.081
0.081
0.076
0.081
0.082
0.081
0.076
0.081
0.080
0.081
0.081
0.081
0.061
0.062
0.081
0.081
0.081
0.062
0.062
0.062
0.077
0.073
0.081
0.081
0.081
0.081
0.081
0.081
0.081
0.080
0.081
0.081
0.082
0.080
0.082
0.060
0.074
0.082
0.081
0.081
0.081
0.081
0.081
0.081
0.077
0.082
0.082
0.081
0.081
0.081
0.077
0.076
0.082
0.081
0.081
0.081
0.082
0.081
0.062
0.081
0.077
0.082
0.081
0.064
0.081
0.081
0.082
0.077
0.062
0.081
0.081
0.081
0.081
0.081
0.081
0.076
0.076
0.073
0.076
0.081
0.073
0.080
0.062
0.081
0.081
0.077
0.065
0.076
0.080
0.081
0.081
0.081
0.080
0.077
0.080
0.082
0.081
0.081
0.081
0.081
0.059
0.077
0.080
0.080
0.081
0.081
0.081
0.081
0.080
0.081
0.081
0.081
0.082
0.080
0.081
0.081
0.077
0.081
0.080
0.081
0.081
0.080
0.080
0.081
0.081
0.081
0.081
0.082
0.081
0.062
0.081
0.081
0.081
0.081
0.081
0.081
0.076
0.081
0.082
0.075
0.077
0.081
0.058
0.077
0.081
0.081
0.082
0.076
0.076
0.081
0.081
0.081
0.077
0.076
0.081
0.081
0.081
0.076
0.081
0.081
0.081
0.077
0.076
0.076
0.081
0.081
0.081
0.081
0.081
0.076
0.081
0.081
0.081
0.080
-1.526
-1.526
-1.527
0.081
0.081
0.081
0.081
0.081
0.081
0.081
0.081
0.081
0.081
0.081
0.081
0.081
0.081
0.080
-1.451
-1.451
-2.176
