fixedStep chrom=ENSGT00500000045038 start=1 step=1
0.126
0.127
0.126
0.126
0.126
0.093
0.126
0.119
0.126
0.123
0.126
0.127
0.126
0.127
0.126
0.126
0.126
0.123
0.127
0.127
0.126
0.126
0.124
0.111
0.126
0.126
0.124
0.126
0.126
0.126
0.126
0.126
0.127
0.126
0.115
0.126
0.126
0.127
0.126
0.123
0.120
0.118
0.126
0.114
0.126
0.126
0.126
0.126
0.114
0.126
0.123
0.126
0.126
0.115
0.114
0.127
0.126
0.126
0.126
0.126
0.114
0.126
0.120
0.126
0.126
0.126
0.120
0.126
0.126
0.126
0.126
0.123
0.126
0.126
0.124
0.126
0.127
0.126
0.126
0.114
0.126
0.126
0.126
0.126
0.126
0.127
0.126
0.126
0.127
-1.501
0.126
0.126
0.125
0.204
0.204
0.204
-0.434
-0.415
-0.416
0.123
0.126
0.127
0.114
0.126
0.118
0.123
0.127
-0.389
0.114
0.127
0.127
0.126
0.126
0.126
0.126
0.114
0.126
0.126
0.114
0.113
0.126
0.120
0.125
0.123
-0.420
0.127
0.126
0.109
0.123
0.117
0.114
0.126
0.127
0.112
0.114
0.115
0.120
0.127
0.126
0.126
0.123
0.126
0.126
0.126
0.126
0.112
0.120
0.127
0.126
0.126
0.114
0.105
0.126
0.126
0.109
0.126
0.126
0.123
0.120
0.126
0.126
0.126
0.114
0.126
0.124
0.111
0.126
0.126
0.114
-0.391
0.114
-0.375
-0.388
-0.375
0.111
0.126
0.120
0.114
0.118
-1.350
-0.375
-0.391
0.114
-0.718
0.126
-0.391
-0.389
0.123
0.114
-0.388
0.114
0.114
-0.375
-0.388
-1.288
-0.388
0.120
0.114
0.114
-0.375
0.114
0.114
0.126
-0.388
0.110
-0.375
-0.391
-0.391
0.126
-0.375
0.126
0.110
-0.389
0.114
0.126
-0.391
-0.416
-0.415
-0.416
-0.388
0.126
-0.389
0.114
0.124
0.114
0.126
0.127
0.126
0.000
0.000
0.000
0.000
0.000
0.000
0.000
0.000
0.000
0.000
0.000
0.000
0.000
0.000
0.000
0.098
0.127
0.098
0.097
0.113
-0.388
0.126
0.126
0.115
0.126
0.126
0.120
0.108
0.098
0.120
0.120
0.091
0.093
0.098
0.098
0.114
0.126
0.126
0.094
0.127
0.126
-0.391
-0.389
-0.764
0.098
0.098
-0.391
0.101
-0.375
-0.391
0.108
