fixedStep chrom=ENSGT00390000006980 start=1 step=1
0.085
0.085
0.085
0.085
0.085
0.085
0.085
0.085
0.081
0.085
0.085
0.084
0.085
0.085
0.064
0.085
0.085
0.085
0.085
0.085
0.082
0.085
0.085
0.085
0.080
0.085
0.085
0.085
0.085
0.085
0.085
0.085
0.085
0.085
0.085
0.085
0.085
0.085
0.085
0.085
0.085
0.085
0.085
0.085
0.062
0.085
0.084
0.085
-0.960
-0.960
-1.074
0.085
0.085
0.085
0.085
0.085
0.085
-1.953
0.082
0.085
0.085
0.085
0.080
0.084
0.085
0.073
0.085
0.085
0.062
0.085
0.085
-1.406
0.073
0.085
0.081
0.081
0.080
0.085
0.085
0.080
0.085
0.081
0.073
0.085
0.085
0.085
0.085
0.065
0.065
0.081
0.082
0.085
0.085
0.085
0.085
0.066
0.085
0.085
0.085
0.085
0.085
0.085
0.085
0.085
0.085
0.073
0.084
0.085
0.085
0.085
0.085
0.080
0.085
0.085
0.082
0.085
0.085
0.081
0.085
0.085
0.085
0.085
0.073
0.085
0.085
0.082
0.085
0.065
0.085
0.082
0.085
0.085
0.085
0.085
0.085
0.085
0.085
0.085
0.085
0.085
0.081
0.085
0.080
0.085
0.085
0.085
0.073
0.085
0.073
0.081
0.073
0.062
0.080
0.085
0.065
0.085
0.085
0.085
0.085
0.085
0.085
0.085
0.085
0.085
0.082
0.085
0.082
0.085
0.073
0.085
0.085
0.085
0.080
0.082
0.080
0.085
0.080
0.085
0.085
0.080
0.062
0.085
-1.453
0.080
0.085
0.085
0.085
0.085
0.084
0.085
0.085
0.065
0.065
0.065
0.085
0.085
0.085
0.085
0.080
0.080
0.085
0.085
0.085
0.085
0.085
0.085
0.085
-1.379
0.085
0.073
0.085
0.080
0.084
0.082
0.085
0.085
0.085
0.085
0.085
0.085
0.085
0.085
0.085
0.081
0.085
0.085
-1.397
0.082
0.081
0.065
-1.404
0.085
0.085
0.085
0.085
0.085
0.085
0.080
0.065
0.067
0.083
0.073
0.081
0.085
0.073
0.073
0.082
0.085
0.080
0.085
0.073
0.073
0.073
0.065
0.073
0.082
0.073
0.085
0.073
0.073
0.085
0.085
0.073
0.082
0.082
0.085
0.084
0.082
0.073
0.065
-1.992
0.081
0.085
0.068
0.073
0.080
0.081
0.073
0.084
0.083
0.085
0.085
-2.076
0.060
-2.112
0.073
-2.808
0.064
0.073
0.085
0.073
-0.317
-0.317
-0.569
-0.568
-0.570
-0.317
-0.037
-0.037
-0.037
0.085
0.085
0.085
0.085
0.085
0.085
0.085
0.083
0.085
0.085
0.082
0.085
0.085
0.080
0.085
0.085
0.085
0.084
0.085
0.062
0.072
0.085
0.081
0.080
0.080
0.085
0.084
0.085
0.085
-1.561
0.085
0.085
0.085
0.080
0.085
0.067
0.085
0.085
0.085
0.085
0.085
0.078
0.085
0.085
0.085
0.085
0.085
0.080
0.062
0.085
0.085
0.085
0.085
0.065
0.085
0.085
0.062
0.085
0.085
0.085
0.085
0.085
0.085
0.085
0.085
0.081
0.085
0.085
0.080
0.085
0.085
0.085
0.085
0.081
0.085
0.085
0.085
0.085
0.085
0.085
0.085
0.085
0.062
0.085
0.085
0.085
0.062
0.085
0.085
0.085
0.085
0.085
0.085
0.085
0.085
0.085
-0.986
-0.986
-0.986
-1.125
-0.986
-0.984
0.081
0.065
0.084
0.085
0.085
0.085
0.085
0.085
0.085
0.085
0.085
0.080
0.085
0.085
0.085
0.085
0.085
0.085
0.085
0.085
0.085
0.082
0.085
0.080
0.082
0.085
0.085
0.073
0.085
0.085
0.085
0.085
0.085
0.085
0.084
0.081
0.085
0.082
0.071
0.060
0.085
0.085
0.085
0.080
0.085
0.085
0.085
0.085
0.085
0.073
0.085
0.085
0.085
0.082
0.085
0.085
0.081
0.085
0.085
0.085
0.085
0.085
0.085
0.085
0.085
0.080
0.085
0.085
0.085
0.062
0.085
0.085
0.085
0.085
0.085
0.085
0.085
0.085
0.085
0.085
0.085
0.085
0.085
0.080
0.085
0.085
0.085
0.085
0.085
0.062
0.080
0.085
0.073
0.085
0.085
0.082
0.085
0.085
0.085
0.085
0.085
0.085
0.085
0.080
-1.562
0.080
0.073
-1.405
0.062
0.085
0.085
-0.317
-0.317
-0.568
-0.317
-0.317
-0.317
-0.317
-0.317
-0.317
-0.986
-1.125
-0.986
-0.989
-1.692
-0.986
-0.986
-0.986
-1.582
0.085
0.085
0.080
0.073
0.080
0.085
0.085
0.085
0.085
0.073
0.085
0.066
0.085
0.082
-1.561
0.085
0.062
0.080
0.085
0.085
0.062
0.080
0.073
0.080
0.085
0.085
-2.063
0.085
0.085
0.062
0.080
-1.405
0.077
0.080
0.085
0.084
0.067
0.062
0.085
0.081
0.066
0.065
0.081
0.085
0.085
0.080
0.085
-2.800
0.065
-1.404
0.085
0.085
0.085
0.085
0.085
0.085
0.079
0.065
0.081
0.083
0.085
0.085
0.065
0.085
0.085
0.080
0.085
0.085
0.085
0.085
0.085
0.085
0.085
0.085
0.082
0.085
0.085
0.085
0.085
0.085
0.085
0.085
0.085
0.085
0.085
0.085
0.085
0.082
0.085
0.084
0.085
0.085
0.082
0.085
0.085
0.084
0.073
0.085
0.081
0.085
0.085
0.062
0.085
0.084
0.078
0.084
0.085
0.072
0.078
0.078
0.078
0.078
0.085
0.068
0.078
0.084
0.084
0.085
0.080
0.064
0.078
0.078
0.070
0.084
0.078
0.085
0.085
0.084
0.078
0.085
0.078
0.085
0.085
0.085
0.085
0.085
0.085
0.085
0.085
0.082
0.081
0.085
0.085
0.062
0.085
0.085
0.085
0.085
0.085
0.085
0.085
0.085
0.085
0.085
0.085
0.085
0.085
0.085
-1.561
0.085
0.085
0.085
0.081
0.085
0.080
0.085
0.085
0.065
0.085
0.085
0.065
0.085
0.085
0.082
0.085
0.085
0.085
0.085
0.085
0.085
0.085
0.085
0.085
0.085
0.085
0.085
0.085
0.085
0.078
0.085
0.085
0.081
0.085
0.085
0.085
0.085
0.085
-1.404
0.081
0.085
0.085
0.085
0.085
0.085
0.081
0.085
0.078
0.085
0.085
0.085
0.085
0.085
0.085
0.085
0.085
0.085
0.085
0.078
0.061
0.085
0.085
0.085
0.085
0.085
0.065
0.085
0.085
0.085
0.085
0.085
0.085
0.085
0.085
0.073
0.085
0.081
0.085
0.085
0.084
0.085
0.082
0.083
0.082
0.085
0.085
0.085
0.085
0.082
0.085
0.085
0.085
0.085
0.085
0.085
0.080
0.085
0.081
-1.943
0.085
0.085
0.080
0.085
0.085
0.085
0.085
0.085
0.085
0.085
0.085
0.083
0.085
0.085
0.085
0.085
0.085
0.085
0.081
0.081
-1.943
0.085
0.085
0.085
0.085
0.085
0.085
0.085
0.085
0.081
0.085
0.085
0.073
0.085
0.085
0.083
0.085
0.085
0.085
0.085
0.085
0.085
0.085
0.085
0.065
0.085
0.085
0.085
0.085
0.085
0.084
0.085
0.085
0.085
0.065
0.081
0.065
0.085
0.085
0.081
0.085
0.085
0.061
0.085
0.085
0.084
0.085
0.085
0.081
0.085
0.085
0.085
0.085
0.085
0.085
0.085
0.085
0.085
0.085
0.085
0.081
0.085
0.085
0.078
0.085
0.085
0.062
0.085
0.085
0.085
0.085
0.085
0.085
0.065
0.080
0.085
0.085
0.085
0.084
0.085
0.085
0.085
0.085
0.085
0.085
0.085
0.085
0.085
0.085
0.085
0.081
0.062
0.081
0.082
0.085
0.085
0.084
0.085
0.085
0.085
0.085
0.085
0.062
0.085
0.085
0.085
0.085
0.085
0.085
0.085
0.085
0.062
0.085
0.085
0.085
0.085
0.085
0.085
0.085
0.085
0.079
0.085
0.085
0.085
0.085
0.085
0.085
0.085
0.085
0.065
-2.909
0.081
-1.949
0.078
0.078
0.078
0.085
0.078
0.078
0.085
0.085
0.085
0.085
0.085
0.085
0.085
0.085
0.085
0.085
0.085
0.085
0.085
0.085
0.085
0.085
0.085
0.085
0.085
0.085
0.085
0.085
0.085
0.085
0.085
0.081
0.085
0.085
0.085
0.081
0.085
0.085
0.073
0.085
0.085
0.085
0.085
0.085
0.085
0.085
0.085
0.085
0.085
0.062
0.085
0.085
0.082
0.085
0.085
0.085
0.085
0.085
0.085
0.085
0.085
0.085
0.085
0.085
0.085
0.084
0.085
0.085
0.073
0.085
0.085
-2.737
0.085
0.085
0.062
-0.960
-0.961
-0.960
0.085
0.085
0.085
0.085
0.085
0.062
0.085
0.066
0.062
0.062
-1.730
0.061
0.085
0.085
0.085
0.085
0.085
0.085
0.062
0.062
0.085
0.085
0.085
0.085
0.085
0.085
0.085
0.085
0.085
0.065
0.080
0.085
0.085
0.085
0.085
0.085
0.085
0.085
0.085
0.085
0.085
0.080
0.085
0.085
0.085
0.085
0.085
0.081
0.085
0.062
0.085
0.085
0.080
0.065
0.085
0.085
0.065
0.085
0.085
0.085
0.085
0.085
0.073
-1.172
-1.339
-1.172
