fixedStep chrom=ENSGT00740000114849 start=1 step=1
0.000
0.000
0.000
0.000
0.000
0.000
0.644
0.646
0.644
0.644
0.644
0.427
0.644
0.644
0.449
0.644
0.644
-20.000
0.644
0.644
0.627
0.644
0.644
0.591
0.644
0.644
-20.000
0.644
0.644
0.527
0.644
0.644
0.515
0.644
0.644
0.614
0.646
0.644
0.599
0.644
0.644
0.441
0.644
0.644
0.576
0.644
0.644
0.466
0.644
0.644
0.599
0.644
0.644
0.467
0.644
0.644
0.584
0.644
0.644
0.503
0.644
0.644
0.608
0.644
0.644
0.640
0.624
0.646
0.507
0.644
0.644
0.571
0.644
0.644
0.578
0.644
0.644
0.625
0.644
0.643
0.449
0.644
0.644
0.522
0.637
0.644
-11.203
0.644
0.644
0.604
0.644
0.644
0.622
0.644
0.644
0.432
0.644
0.644
0.577
0.644
0.644
0.548
-0.032
-0.031
-3.645
0.644
0.644
0.584
0.644
0.644
0.568
0.644
0.646
0.540
0.644
0.644
0.615
0.644
0.644
0.613
0.644
0.644
0.565
0.644
0.644
0.599
0.644
0.644
0.606
0.646
0.644
0.611
0.613
0.644
-14.574
0.644
0.644
-15.955
0.644
0.644
0.562
0.644
0.644
0.499
0.644
0.646
0.586
0.644
0.644
0.526
0.604
0.646
0.545
0.644
0.644
0.612
0.644
0.644
0.621
0.644
0.646
0.589
0.644
0.644
0.607
0.644
0.644
0.592
0.646
0.644
0.611
0.644
0.644
0.633
0.644
0.644
0.615
0.646
0.644
-20.000
0.644
0.644
0.560
0.644
0.644
0.623
0.634
0.646
0.576
0.640
0.646
0.465
0.644
0.646
0.603
0.592
0.644
-20.000
0.644
0.633
0.595
0.614
0.646
0.617
0.644
0.644
-20.000
0.646
0.646
0.596
0.644
0.644
0.620
0.644
0.644
0.577
0.631
0.646
0.632
0.642
0.646
0.559
0.615
0.644
-13.030
0.644
0.644
0.572
0.643
0.646
0.589
0.644
0.644
-11.097
0.644
0.644
0.629
0.644
0.644
0.614
0.646
0.646
0.624
0.644
0.644
0.591
0.644
0.644
0.516
0.644
0.644
0.595
0.638
0.646
0.478
0.644
0.644
0.591
0.646
0.646
0.612
0.644
0.644
0.636
0.644
0.642
0.613
0.646
0.644
-20.000
0.644
0.644
0.486
0.644
0.646
0.638
0.641
0.646
0.644
0.644
0.644
0.509
0.633
0.646
0.632
0.644
0.644
0.615
0.644
0.644
0.636
0.644
0.644
-20.000
0.646
0.644
0.628
0.644
0.644
0.635
0.637
0.644
0.613
0.646
0.644
0.624
0.594
0.646
0.630
0.644
0.646
0.606
0.644
0.636
0.545
0.642
0.646
0.442
0.646
0.646
0.611
0.644
0.644
0.619
0.644
0.644
0.631
0.644
0.644
0.550
0.644
0.644
0.625
0.639
0.646
0.483
0.646
0.644
0.598
0.644
0.644
0.587
0.644
0.646
0.595
0.644
0.644
0.596
0.644
0.644
0.596
0.644
0.644
0.608
0.580
0.644
-12.733
0.644
0.646
-20.000
0.644
0.644
0.587
0.644
0.646
0.596
0.644
0.646
0.644
0.644
0.644
0.585
0.644
0.644
0.598
0.644
0.644
0.614
0.644
0.646
0.593
0.644
0.644
0.632
0.644
0.646
0.477
0.644
0.644
-14.557
0.644
0.644
0.597
0.641
0.644
0.593
0.644
0.646
0.585
0.644
0.644
0.556
0.644
0.644
0.438
0.644
0.644
0.618
0.516
0.644
0.590
0.644
0.644
0.000
