fixedStep chrom=ENSGT00390000008208 start=1 step=1
-1.793
-1.452
-1.730
-1.456
-2.007
-1.456
0.046
0.051
-2.345
-3.667
0.060
0.060
0.051
0.060
0.060
0.060
0.060
0.060
0.058
0.060
0.060
0.060
0.058
0.059
0.060
0.060
0.060
0.060
0.060
0.060
0.048
0.059
0.060
0.060
0.060
0.060
0.060
0.060
0.060
0.060
0.060
0.060
0.051
0.058
0.060
0.060
0.060
0.060
0.053
0.060
0.060
0.060
0.058
0.060
0.053
0.060
0.058
0.059
0.059
0.060
0.056
0.060
0.060
0.059
0.059
0.059
0.060
0.060
0.058
0.060
0.060
0.060
0.058
0.060
0.060
0.060
0.060
0.060
0.058
0.056
0.060
0.049
0.060
0.060
0.060
0.059
0.052
0.060
0.060
0.059
0.060
0.060
0.060
0.060
0.060
0.060
0.059
0.060
0.060
0.060
0.060
0.060
0.060
0.060
0.060
0.060
0.060
0.060
0.060
0.060
0.051
0.058
0.060
0.060
0.060
0.060
0.060
0.060
0.060
0.060
0.060
0.047
0.056
0.060
0.060
0.060
0.053
0.052
0.046
0.059
0.058
0.060
0.056
0.060
0.060
0.059
0.060
0.060
0.058
0.056
0.060
0.060
0.060
0.060
0.059
0.059
0.060
0.060
0.060
0.060
0.057
0.059
0.054
0.058
0.058
0.060
0.060
0.060
0.060
0.054
0.060
0.060
-1.897
-2.426
-1.897
0.060
-2.276
0.060
0.060
0.059
0.060
0.060
0.060
0.060
0.060
0.060
0.060
0.060
0.060
0.060
0.060
0.060
0.060
0.060
0.060
0.060
0.058
0.060
0.058
0.060
0.060
0.060
0.060
0.060
0.060
0.053
0.060
0.060
0.060
0.060
0.060
0.060
0.060
0.060
0.060
0.060
0.059
0.059
0.060
0.060
0.060
0.060
0.060
0.060
0.060
0.060
0.060
0.060
0.060
0.060
0.060
0.060
0.060
0.060
0.051
0.060
0.060
0.058
0.060
0.060
0.060
0.060
0.060
0.060
0.060
0.060
0.059
0.060
0.060
0.060
0.060
0.060
0.060
0.060
0.060
0.060
0.060
0.058
0.060
0.058
0.060
0.058
0.060
0.060
0.058
0.060
0.060
0.060
0.060
0.060
0.060
0.060
0.060
0.060
0.060
0.060
0.060
0.060
0.060
0.060
0.060
0.060
0.060
0.060
0.060
0.060
0.060
0.060
0.060
0.060
0.060
0.060
0.060
0.055
0.060
0.060
0.060
0.060
0.060
0.060
0.060
0.060
0.060
0.060
0.060
0.060
0.060
0.060
0.060
0.060
0.060
0.060
0.060
0.060
0.059
0.060
0.060
0.060
0.060
0.060
0.060
0.060
0.056
0.060
0.060
0.060
0.060
0.058
0.058
0.058
0.060
0.060
0.059
0.060
0.060
0.060
0.060
0.060
0.060
0.060
0.060
0.060
0.060
0.060
0.060
0.051
0.060
0.060
0.058
0.060
0.059
0.060
0.060
0.060
0.058
0.060
0.058
0.058
0.060
0.060
0.059
0.059
0.060
0.060
0.060
0.060
0.060
0.060
0.060
0.060
0.060
0.060
0.060
0.060
0.060
0.059
0.059
0.060
0.060
0.060
0.060
0.060
0.060
0.060
0.060
0.060
0.060
0.059
0.060
0.060
0.060
0.060
0.060
0.060
0.060
0.060
0.060
0.060
0.060
0.058
0.060
0.060
0.054
0.058
0.060
0.060
0.059
0.060
0.060
0.060
0.060
0.060
0.060
0.056
0.060
0.060
0.060
0.058
0.060
0.060
0.060
0.060
0.060
0.059
0.056
0.060
0.060
0.060
0.060
0.060
0.060
0.060
0.060
0.060
0.060
0.060
0.060
0.058
0.060
0.060
0.060
0.060
0.060
0.060
0.060
0.060
0.060
0.048
0.060
0.060
0.060
0.060
0.060
0.060
0.060
0.060
0.060
0.058
0.060
0.059
0.060
0.060
0.060
0.060
0.060
0.057
0.059
0.060
0.060
0.060
0.060
0.060
0.060
0.060
0.060
0.060
0.060
0.060
0.060
0.060
0.060
0.059
0.060
0.060
0.060
0.060
0.060
0.059
0.057
0.059
0.060
0.060
0.059
0.059
0.060
-2.303
0.060
0.060
0.060
0.060
0.060
0.060
0.060
0.046
0.057
0.060
0.060
0.051
0.060
0.060
0.056
0.060
0.060
0.053
0.060
0.060
0.060
0.057
0.058
0.060
0.060
0.060
0.060
0.060
0.060
0.060
0.060
0.060
0.060
0.060
0.060
0.060
0.060
0.060
0.060
0.060
0.060
0.053
0.060
0.060
0.060
0.060
0.048
0.060
0.059
0.060
0.060
0.060
0.060
0.060
0.060
0.060
0.060
0.060
0.060
0.060
0.060
0.060
0.059
0.060
0.060
0.059
0.060
0.060
0.060
0.060
0.060
0.060
0.060
0.059
0.060
0.060
0.060
0.060
0.060
0.060
0.058
0.060
0.060
0.060
0.060
0.060
0.060
0.060
0.060
0.060
0.060
0.060
0.060
0.060
0.060
0.060
0.060
0.060
0.058
0.060
0.060
0.059
0.060
0.060
0.060
0.060
0.060
0.060
0.060
0.060
0.057
0.060
0.060
0.060
0.060
0.060
0.060
0.060
0.060
0.060
0.060
0.060
0.060
0.060
0.060
0.060
0.060
0.060
0.058
0.060
0.060
0.060
0.060
0.060
0.060
0.060
0.060
0.058
0.059
0.060
0.060
0.060
0.060
0.060
0.060
0.060
0.060
0.060
0.060
0.060
0.060
0.060
0.051
0.060
0.060
0.060
0.060
0.060
0.059
0.060
0.060
0.060
0.060
0.060
0.060
0.060
0.060
0.060
0.060
0.060
0.059
0.060
0.060
0.056
0.060
0.060
0.060
0.060
0.060
0.060
-1.374
-1.391
-1.391
-1.391
-1.391
-1.683
0.044
0.057
0.057
0.057
0.057
0.057
0.057
0.057
0.057
0.057
0.057
0.050
0.050
0.050
0.050
0.050
0.050
0.050
0.050
0.050
0.046
0.050
0.050
0.050
0.050
0.050
0.050
0.050
0.050
0.046
0.050
0.050
0.050
0.050
0.050
0.050
0.050
0.050
0.050
0.050
0.050
0.050
0.050
0.050
0.050
0.050
0.050
-1.157
0.050
0.050
0.050
0.050
0.048
0.050
0.050
0.050
0.050
0.050
0.050
0.050
0.050
0.050
0.050
0.050
0.049
0.049
0.050
0.050
0.050
0.050
0.050
0.044
0.050
0.050
0.050
0.050
0.050
0.050
0.050
0.050
0.044
0.050
0.050
0.050
0.050
0.050
0.050
0.050
0.050
0.046
0.050
0.050
0.050
0.050
0.050
0.050
0.050
0.050
0.050
0.050
0.050
0.048
-1.186
0.050
0.050
0.050
0.050
0.050
0.050
0.050
0.050
0.050
0.050
0.050
0.050
0.050
-1.174
0.050
0.050
0.050
0.057
0.057
0.057
0.057
0.057
0.057
0.057
0.057
0.057
0.057
0.057
0.055
0.057
0.057
0.052
0.057
0.057
0.056
0.057
0.057
0.057
0.057
0.057
0.057
0.057
0.057
0.055
0.057
0.057
0.057
0.057
0.057
0.054
0.057
0.057
0.057
0.057
0.057
0.057
0.057
0.057
0.057
0.057
0.057
0.057
0.057
0.057
0.057
0.057
0.057
0.057
0.057
0.057
0.057
0.057
0.057
0.056
0.057
0.057
0.057
0.057
0.057
0.050
0.057
0.057
0.057
0.057
0.057
0.053
0.057
0.057
0.057
0.057
0.057
0.054
0.057
0.057
0.057
0.057
0.057
0.044
0.057
0.057
0.057
0.057
0.057
0.057
0.057
0.057
0.056
0.057
0.057
0.057
0.057
0.057
0.044
0.057
0.057
0.054
0.049
0.057
0.057
0.057
0.057
0.057
0.057
0.057
0.057
0.057
0.057
0.057
0.057
0.057
0.057
0.057
0.057
0.057
0.057
0.057
0.057
0.057
0.057
0.057
0.057
0.057
0.057
0.057
0.057
0.057
0.057
0.057
0.043
0.057
0.057
0.057
0.057
0.057
0.054
0.057
0.057
0.057
0.057
0.057
0.057
0.057
0.060
0.060
0.060
0.060
0.060
0.060
0.060
0.060
0.060
0.059
0.060
0.060
0.060
0.060
0.060
0.060
0.060
0.060
0.060
0.060
0.060
0.060
0.060
0.060
0.060
0.059
0.060
0.060
0.060
0.060
0.060
0.060
0.060
0.060
0.060
0.060
0.060
0.060
0.060
0.060
0.060
0.060
0.060
0.060
0.060
0.060
0.058
0.060
0.060
0.060
0.060
0.060
0.048
0.060
0.060
0.060
0.060
0.060
0.060
0.058
0.060
0.060
0.060
0.060
0.056
0.060
0.060
0.060
0.059
0.060
0.059
0.060
0.060
0.060
0.060
0.060
0.060
0.060
0.060
0.060
0.060
0.060
0.060
0.060
0.060
0.060
0.060
0.060
0.060
0.060
0.060
0.060
0.060
0.060
0.060
0.060
0.060
0.060
0.060
0.060
0.060
0.060
0.058
0.060
0.060
0.060
0.052
0.060
0.060
0.060
0.060
0.060
0.060
0.059
0.060
0.060
0.060
0.060
0.060
0.060
0.060
0.060
0.060
0.060
0.060
0.060
0.060
0.060
0.060
0.060
0.060
0.060
0.060
0.059
0.060
0.060
0.054
0.060
0.060
0.060
0.060
0.060
0.050
0.060
0.060
0.060
0.060
0.060
0.060
0.060
0.060
0.053
0.059
0.060
0.060
0.060
0.060
0.060
0.060
0.060
0.060
0.060
0.060
0.060
0.060
0.060
0.060
0.060
0.059
0.059
0.060
0.060
0.060
0.060
0.053
0.060
0.059
0.060
0.060
0.058
0.060
0.053
0.051
0.060
0.060
0.060
0.060
0.060
0.060
0.060
0.060
0.060
0.060
0.060
0.060
0.060
0.060
0.060
0.060
0.060
0.060
0.053
0.060
0.060
0.058
0.060
0.060
0.060
0.060
0.060
0.060
0.060
0.060
0.060
0.060
0.058
0.060
0.060
0.060
0.060
0.060
0.060
0.060
0.059
0.060
0.060
0.060
0.060
0.060
0.060
0.060
0.060
0.060
0.060
0.058
0.059
0.060
0.060
0.058
0.060
0.060
0.060
0.060
0.060
0.060
0.060
0.060
0.060
0.060
0.060
0.060
0.060
0.060
0.060
0.060
0.060
0.060
0.060
0.060
0.060
0.060
0.060
0.057
0.060
0.058
0.050
0.060
0.060
0.060
0.060
0.060
0.060
0.060
0.060
0.054
0.060
0.059
0.059
0.060
0.060
0.060
0.060
0.060
0.060
0.060
0.060
0.060
0.060
0.060
0.060
0.060
0.059
0.054
0.060
0.060
0.056
0.060
0.048
0.053
0.060
0.060
0.060
0.060
0.060
0.060
0.060
0.058
0.048
0.060
0.060
0.048
0.060
0.060
0.060
0.060
0.060
0.060
0.060
0.060
0.060
0.060
0.060
0.060
0.060
0.060
0.060
0.060
0.060
0.060
0.060
0.060
0.060
0.060
0.060
0.060
0.060
0.060
0.060
0.059
0.060
0.059
0.060
0.060
0.060
0.059
0.060
0.060
0.059
0.060
0.059
0.060
0.060
0.059
0.060
0.060
0.058
0.060
0.060
0.053
0.060
0.048
0.058
0.053
0.060
0.060
0.060
0.060
0.058
0.060
0.060
0.060
0.060
0.060
0.060
0.060
0.058
0.060
0.060
0.060
0.058
0.060
0.060
0.060
0.060
0.060
0.051
0.060
0.060
0.052
0.059
0.060
0.060
0.060
0.060
0.060
0.060
0.060
0.046
0.060
0.060
0.058
0.060
0.060
0.060
0.060
0.060
0.060
0.060
0.060
0.060
0.060
0.060
0.060
0.060
0.058
0.059
0.060
0.060
0.060
0.060
0.060
0.060
0.060
0.060
0.060
0.060
0.060
0.058
0.060
0.060
0.060
0.060
0.060
0.053
0.060
0.060
0.059
0.060
0.060
0.060
0.060
0.060
0.060
0.060
0.060
0.060
0.060
0.060
0.059
0.060
0.060
0.060
0.060
0.060
0.060
0.060
0.060
0.058
0.060
0.060
0.058
0.060
0.060
0.060
0.060
0.060
0.060
0.060
0.060
0.060
0.059
0.060
0.058
0.050
0.060
0.058
0.059
0.060
0.059
0.060
0.060
0.060
0.060
0.060
0.060
-1.373
-1.373
-1.374
0.060
0.060
0.060
0.060
0.060
0.048
0.060
0.051
0.058
0.060
0.052
0.059
0.048
0.060
0.060
0.060
0.059
0.060
0.060
0.060
0.060
0.054
0.060
0.060
0.059
0.059
0.057
0.060
0.060
0.060
0.060
0.048
0.060
0.060
0.060
0.057
0.060
0.060
0.060
0.048
0.060
0.060
0.060
0.060
0.060
0.049
0.060
0.059
0.060
0.060
0.058
0.060
0.060
0.060
0.060
0.060
0.057
0.060
0.053
0.060
0.060
0.060
0.060
0.060
0.051
0.060
0.060
0.060
0.060
0.060
0.058
0.058
0.060
0.060
0.048
0.060
0.060
0.060
0.060
0.060
0.060
0.060
0.060
0.060
0.060
0.060
0.058
0.060
0.060
0.060
0.060
0.060
0.060
0.060
0.060
0.060
0.060
0.060
0.048
0.060
0.060
0.058
