fixedStep chrom=ENSGT00390000006479 start=1 step=1
0.066
0.066
0.066
0.066
0.066
0.065
0.066
0.066
0.066
0.063
0.066
0.060
0.062
0.064
0.060
0.066
0.066
0.066
0.065
0.066
0.066
-0.995
0.065
0.063
0.066
0.066
0.066
0.066
0.066
0.053
0.066
0.066
0.060
0.066
0.066
0.058
0.066
0.066
0.065
0.066
0.066
0.066
0.066
0.066
-1.630
0.066
0.066
0.066
0.066
0.066
0.065
0.066
0.066
0.066
0.066
0.066
0.066
0.066
0.066
0.066
0.066
0.066
0.066
0.066
0.066
0.066
0.066
0.065
-1.648
0.066
0.064
0.066
0.066
0.066
0.060
0.066
0.066
-1.845
0.066
0.066
0.066
0.066
0.066
0.066
-0.980
0.066
0.066
0.066
0.066
0.066
0.066
0.066
0.066
0.066
0.066
0.066
0.066
0.066
0.066
0.066
0.066
0.066
0.066
0.066
0.065
0.066
0.066
0.066
0.066
0.066
0.066
0.066
0.066
0.066
0.066
0.066
0.060
0.062
0.066
-0.994
0.066
0.066
0.058
0.066
0.066
0.063
0.066
0.066
0.066
0.066
0.066
0.053
0.066
0.066
0.066
0.066
0.066
0.066
0.066
0.066
0.054
0.066
0.066
0.066
0.066
0.066
0.066
0.066
0.066
0.058
0.066
0.066
0.066
0.066
0.066
0.066
0.066
0.066
0.066
0.066
0.066
0.066
0.066
0.066
-0.995
0.066
0.066
0.066
0.066
0.066
0.066
0.066
0.066
0.066
0.066
0.066
0.066
0.066
0.066
-0.991
0.066
0.066
0.066
0.066
0.066
0.054
0.066
0.066
0.060
0.066
0.060
0.066
0.066
0.066
0.066
0.066
0.066
0.066
0.066
0.066
-0.994
0.066
0.066
0.066
0.066
0.066
0.066
0.066
0.066
0.066
0.066
0.066
0.066
0.066
0.066
0.066
0.066
0.066
0.066
0.066
0.066
0.066
0.066
0.066
0.066
0.066
0.066
0.066
0.066
0.066
0.065
0.060
0.066
-1.419
0.066
0.066
0.066
0.066
0.066
0.064
0.066
0.066
0.066
0.066
0.066
0.066
0.064
0.066
0.063
0.066
0.066
0.066
0.066
0.066
0.066
0.066
0.065
0.066
0.066
0.066
0.066
0.066
0.066
0.058
0.066
0.066
-0.994
0.066
0.066
0.066
0.066
0.066
0.066
0.066
0.066
0.065
0.066
0.066
0.066
0.066
0.066
0.063
0.063
0.066
0.066
0.066
0.066
0.066
0.066
0.066
0.066
0.066
0.066
0.066
0.063
0.066
0.066
0.066
0.066
0.066
0.066
0.066
0.066
0.066
0.066
0.066
0.066
0.066
0.066
0.066
0.066
0.058
0.054
0.066
0.063
0.066
0.066
0.066
0.066
0.066
0.066
0.066
0.066
0.060
0.060
0.066
0.066
0.066
0.066
0.060
0.066
0.065
0.060
0.066
0.066
-0.996
0.066
0.063
0.066
0.066
0.066
0.066
0.066
0.066
0.066
0.066
0.066
0.066
0.066
0.066
0.066
0.066
0.066
-0.996
0.066
0.066
0.063
0.064
0.066
0.066
0.066
0.066
0.063
0.066
-2.179
0.064
0.066
0.066
0.066
0.066
0.066
-2.172
0.066
0.066
0.066
0.060
0.066
0.066
0.060
0.066
0.066
0.066
0.066
0.066
0.066
0.066
0.065
0.066
0.060
0.060
0.066
0.066
0.066
0.066
0.066
0.066
0.063
0.066
0.066
0.063
0.066
0.066
0.066
0.066
0.064
0.066
0.066
0.060
0.066
0.066
0.066
0.066
0.066
0.066
0.066
0.066
-0.995
0.066
0.066
0.066
0.066
0.066
0.066
0.066
0.066
0.066
0.066
0.065
0.066
0.066
0.066
0.063
-0.980
0.066
0.066
0.066
0.066
0.066
0.059
0.066
0.066
0.066
0.066
0.066
0.060
0.060
0.066
0.066
0.066
0.066
0.066
0.060
0.066
0.066
0.066
0.066
0.066
0.066
0.066
0.066
0.066
0.066
0.066
0.066
0.066
0.066
0.066
0.066
0.066
0.066
0.066
0.066
0.066
0.060
0.066
0.066
0.065
0.066
0.066
0.063
0.066
0.066
0.065
0.066
0.066
0.060
0.066
0.066
0.066
0.066
0.066
0.066
0.066
0.066
0.066
0.066
0.060
0.054
0.066
0.066
0.066
0.066
0.066
-2.131
0.066
0.066
0.060
0.066
0.066
0.066
0.066
0.066
0.063
0.060
0.066
0.066
0.066
0.066
0.064
0.066
0.066
0.066
0.066
0.066
0.060
0.066
0.066
0.066
0.066
0.066
0.066
0.066
0.066
0.066
0.066
0.066
0.066
0.066
0.066
0.065
0.066
0.066
0.066
0.066
0.066
0.065
0.066
0.066
0.063
0.066
0.059
0.060
0.063
0.066
0.066
0.066
0.066
0.066
0.060
0.066
0.066
0.066
0.066
0.060
-0.994
0.066
-2.216
0.060
0.066
0.066
0.066
0.066
0.066
0.066
0.060
-0.991
-0.996
0.066
0.060
0.066
0.060
-0.995
-0.374
-0.374
-0.374
-0.374
-0.374
-0.374
0.066
0.066
0.066
0.066
0.066
0.066
0.066
0.066
0.060
0.066
0.066
0.066
0.066
0.066
0.066
0.066
0.066
0.065
0.066
0.066
0.066
0.066
0.066
0.063
0.066
0.060
-0.994
0.066
0.066
0.066
0.066
0.066
0.066
0.066
0.066
0.066
0.066
0.066
0.060
0.066
0.066
0.066
0.066
0.066
0.066
0.066
-0.995
0.066
0.066
0.065
0.066
0.066
0.066
0.066
0.063
0.065
0.066
0.066
0.066
0.066
0.066
0.066
0.065
0.066
0.066
0.066
0.066
0.066
0.063
0.066
0.066
0.066
0.066
0.066
0.066
0.066
0.066
0.060
0.054
0.066
0.066
0.066
0.066
0.066
0.066
0.066
0.066
0.066
0.066
0.066
0.060
0.066
0.060
0.066
0.066
-1.801
0.066
0.066
-0.996
0.066
0.066
0.060
0.066
0.066
0.066
0.066
0.066
0.060
0.063
0.060
0.066
0.066
0.066
0.066
0.066
0.066
0.066
0.066
0.066
0.062
0.064
0.060
0.066
0.066
0.066
0.059
0.066
0.066
0.066
0.066
0.066
0.060
0.066
0.066
0.066
0.066
0.066
0.060
0.063
0.066
-0.996
0.066
0.066
0.064
0.066
0.066
0.066
0.066
0.066
0.059
-0.995
0.066
0.066
0.066
0.066
0.066
0.066
0.065
-0.991
0.066
0.066
0.063
0.063
0.066
0.064
0.060
0.066
0.063
0.066
0.063
0.066
0.066
0.066
0.060
-0.995
0.066
0.066
0.066
0.066
0.066
0.066
0.066
0.066
0.066
0.066
-3.125
0.066
0.066
0.058
0.066
0.066
0.066
0.066
0.066
0.060
