fixedStep chrom=ENSGT00390000004490 start=1 step=1
0.057
0.057
0.057
0.057
0.057
0.057
0.057
0.057
0.055
0.056
0.057
0.057
0.057
0.057
0.057
0.057
0.057
0.054
0.057
0.057
0.057
0.057
0.057
0.057
0.047
0.057
0.054
0.057
0.057
0.057
0.057
0.057
0.054
0.054
0.057
0.057
0.054
0.057
0.055
0.057
0.054
0.057
0.046
0.057
0.057
0.057
0.057
0.057
-2.020
-2.004
-2.827
-3.831
-3.615
-4.271
-3.694
-4.264
-3.623
-3.694
-3.248
-3.694
-2.019
-2.004
-2.020
0.057
0.057
0.057
0.057
0.057
0.052
0.057
0.057
0.054
0.057
0.057
0.057
0.054
0.057
0.057
0.057
0.057
0.055
0.057
0.057
0.057
0.057
0.057
0.057
0.049
0.057
0.057
0.057
0.057
0.054
0.057
0.057
0.057
0.057
0.057
0.057
0.057
0.057
0.054
0.057
0.057
0.057
0.057
0.057
0.054
0.057
0.057
0.057
0.057
0.057
0.047
0.057
0.057
0.054
0.057
0.057
0.057
0.057
0.057
0.055
0.057
0.057
0.057
0.057
0.057
0.057
0.056
0.057
0.050
0.053
0.057
0.057
0.057
0.057
0.047
0.057
0.057
0.057
0.057
0.057
0.057
0.057
0.057
0.057
0.057
0.057
0.057
0.054
0.057
0.057
0.057
0.057
0.057
0.057
0.057
0.057
0.057
0.057
0.057
0.057
0.057
0.057
0.057
0.057
0.057
0.057
0.057
0.057
0.057
0.057
0.057
0.057
0.057
0.049
0.057
0.057
0.057
0.057
0.057
0.056
0.057
0.057
0.057
0.057
0.057
0.057
0.057
0.057
0.047
0.057
0.057
0.054
0.057
0.057
0.044
0.057
0.057
0.054
0.057
0.057
0.057
0.057
0.057
0.055
0.057
0.057
0.057
0.057
0.057
0.057
0.057
0.057
0.057
0.057
0.057
0.054
0.057
0.057
0.057
0.057
0.057
0.057
0.054
0.057
0.057
0.057
0.057
0.054
0.054
0.057
0.057
0.057
0.057
0.057
0.057
0.057
0.054
0.057
0.057
0.057
0.057
0.057
0.057
0.057
0.057
0.054
0.057
0.057
0.057
0.057
0.057
0.057
0.057
0.057
0.057
0.057
0.057
0.057
0.057
0.057
0.057
0.057
0.057
0.057
0.057
0.057
0.057
0.057
0.057
0.054
0.057
0.057
0.054
0.057
0.057
0.057
0.057
0.057
0.057
0.057
0.057
0.057
0.057
0.057
0.057
0.057
0.057
0.057
0.057
0.057
0.054
0.057
0.057
0.057
0.057
0.057
0.057
0.054
0.057
0.057
0.057
0.057
0.057
0.057
0.057
0.057
0.057
0.057
0.057
0.057
0.057
0.057
0.057
0.057
0.057
