fixedStep chrom=ENSGT00390000000424 start=1 step=1
-1.950
-1.948
-1.951
-1.948
-1.950
-1.950
-1.948
-1.950
-1.950
-1.950
-1.950
-1.948
-1.950
-1.948
-1.951
-1.951
-1.951
-1.951
-1.950
-1.950
-1.951
-1.948
-1.948
-1.950
0.029
0.029
0.029
0.029
0.029
0.029
0.029
0.029
0.029
0.029
0.029
0.029
0.029
0.029
0.029
0.029
0.029
0.029
0.029
0.029
0.027
0.029
0.029
0.029
0.029
0.029
0.029
0.029
0.029
0.029
0.029
0.029
0.029
0.029
0.029
0.029
-1.835
-2.159
-1.836
-1.836
-1.834
-1.835
-1.835
-1.835
-1.834
-1.836
-1.835
-1.835
0.029
0.029
0.029
0.029
0.029
0.029
0.029
0.029
0.029
0.029
0.029
0.028
0.029
0.029
0.029
0.029
0.029
0.029
0.029
0.029
0.027
0.029
0.029
0.029
0.029
0.029
0.029
0.029
0.027
0.029
0.029
0.029
0.029
0.029
0.029
0.029
0.029
0.029
0.029
0.029
0.029
0.029
0.029
0.029
0.029
0.029
0.029
0.029
0.029
0.029
0.029
0.029
0.029
0.029
0.029
0.029
0.029
0.029
0.029
0.029
0.029
0.029
0.029
0.029
0.029
0.029
0.029
0.029
0.029
0.029
0.029
0.029
0.029
0.029
0.029
0.029
0.029
0.029
0.029
0.029
0.029
0.029
0.029
0.029
0.029
0.029
0.029
0.029
0.029
0.029
0.029
0.029
0.029
0.029
0.029
0.029
0.029
0.029
0.029
0.029
0.029
0.029
0.029
0.029
0.029
0.029
0.029
0.029
0.029
0.029
0.029
0.029
0.029
0.029
0.029
0.029
0.029
0.029
0.029
0.029
0.029
0.029
0.029
0.029
0.029
0.029
0.029
0.029
0.029
0.028
0.029
0.029
0.029
0.029
0.029
0.029
0.029
0.029
0.027
0.028
0.029
0.029
0.029
0.029
0.029
0.029
0.029
0.029
0.029
0.029
0.029
0.029
0.029
0.029
0.029
0.029
0.029
0.029
0.029
0.029
0.029
0.029
0.029
0.029
0.029
0.029
0.029
0.029
0.029
0.029
0.029
0.029
0.029
0.029
0.029
0.029
0.029
0.029
0.029
0.029
0.029
0.029
0.029
0.029
0.029
0.029
0.029
0.029
0.029
0.029
0.029
0.029
0.029
0.029
0.029
0.029
0.029
0.029
0.029
0.029
0.029
-0.768
0.029
0.029
0.029
0.029
0.029
0.029
0.029
0.029
0.029
0.029
0.029
0.029
0.029
0.029
0.029
0.029
0.029
0.029
0.029
0.029
0.029
0.029
0.029
0.027
0.029
0.029
0.029
0.029
0.029
0.029
0.029
0.029
0.029
0.029
0.029
0.029
0.028
0.029
0.029
0.029
0.029
0.029
0.028
0.029
0.029
0.029
0.029
0.029
0.029
0.029
0.029
0.029
0.029
0.029
0.029
0.029
0.029
0.029
0.029
0.029
0.029
0.027
0.027
0.029
0.029
0.029
0.029
0.029
0.029
0.029
0.029
0.029
0.029
0.029
0.029
0.029
0.029
0.029
0.029
0.029
0.029
0.029
0.029
0.029
0.029
0.029
0.029
0.029
0.029
0.029
0.029
0.028
0.029
0.029
0.029
0.029
0.029
0.029
0.029
0.029
0.029
