fixedStep chrom=ENSGT00390000015714 start=1 step=1
0.064
0.065
0.064
0.064
0.064
0.064
0.064
0.064
0.064
0.065
0.064
0.062
0.064
0.064
0.062
0.064
0.064
0.064
0.064
0.064
0.064
0.064
0.064
0.064
0.064
0.064
0.062
0.064
0.064
0.065
0.065
0.064
0.061
0.064
0.064
0.055
0.064
0.064
0.062
0.064
0.064
0.064
0.064
0.065
0.062
0.064
0.065
0.065
0.064
0.065
0.055
0.064
0.064
0.064
-1.886
-1.883
-3.114
-1.886
-1.886
-1.881
0.064
0.064
0.064
0.064
0.065
0.065
0.064
0.064
0.064
0.064
0.064
0.064
0.064
0.064
0.064
0.063
0.063
0.063
0.063
0.063
0.063
0.063
0.063
0.064
0.063
0.063
0.064
0.063
0.064
0.063
0.063
0.063
0.064
0.063
0.063
0.064
0.063
0.064
0.059
0.063
0.063
0.063
0.064
0.064
0.063
0.063
0.063
0.063
0.063
0.063
0.064
0.063
0.063
0.063
0.063
0.063
0.063
0.063
0.063
0.063
0.063
0.064
0.063
0.063
0.063
0.063
0.064
0.063
0.063
0.063
0.063
0.063
0.064
0.063
0.063
0.063
0.063
0.063
0.063
0.063
0.063
0.063
0.063
0.063
0.063
0.064
0.063
0.063
0.063
0.063
0.063
0.063
0.063
0.063
0.064
0.049
0.063
0.063
0.063
-2.118
-2.118
-2.118
0.063
0.064
0.053
0.064
0.065
0.061
0.064
0.064
0.064
0.064
0.064
0.064
0.064
0.064
0.064
0.064
0.064
0.064
0.062
0.065
0.064
0.064
0.065
0.064
0.064
0.065
0.062
0.064
0.064
0.064
0.064
0.065
0.064
0.064
0.064
0.065
0.064
0.064
0.064
0.064
0.064
0.064
0.064
0.064
0.064
0.064
0.065
0.064
0.064
0.065
0.064
0.064
0.064
0.062
0.065
0.064
0.064
0.064
0.064
0.055
0.064
0.064
0.064
0.064
0.064
0.064
0.064
0.064
0.062
0.064
0.065
0.062
0.064
0.065
0.064
0.064
0.065
0.064
0.064
0.064
0.062
0.064
0.064
0.065
0.064
0.065
0.052
0.064
0.064
0.065
0.064
0.064
0.065
0.064
0.064
0.064
0.064
0.064
0.064
0.064
0.064
0.065
0.064
0.064
0.064
0.064
0.064
0.064
0.064
0.065
0.064
0.064
0.065
0.064
0.064
0.064
0.064
0.064
0.065
0.064
0.064
0.064
0.065
0.064
0.065
0.055
0.065
0.064
0.065
0.064
0.064
0.064
0.064
0.064
0.064
0.064
0.064
0.064
0.064
0.064
0.065
0.065
0.065
0.064
0.064
0.064
0.061
0.064
0.064
0.064
-0.311
-0.311
-0.311
0.063
0.064
-1.003
0.063
-1.003
-1.006
0.057
0.064
-1.006
0.063
0.059
0.059
-0.977
0.064
0.061
0.064
0.064
0.065
-0.978
-0.976
-1.034
0.064
-0.974
0.059
-0.974
0.065
-0.977
0.059
-0.974
0.064
0.064
-0.962
0.064
0.064
0.064
0.058
0.064
0.064
0.065
0.064
0.064
-1.673
0.064
-0.974
-1.736
0.059
-0.976
-0.962
-0.978
0.065
0.064
-0.976
0.064
0.059
-0.978
0.065
0.054
0.059
0.059
0.064
0.059
-0.978
-0.977
-0.977
0.064
0.059
-0.976
0.059
-0.978
0.064
0.059
0.064
0.064
-0.974
0.064
0.059
0.064
-1.801
-0.976
-0.974
0.056
-0.976
0.064
0.054
0.064
0.065
0.064
-0.974
-0.962
0.059
-0.974
0.065
0.059
0.059
-0.974
-1.700
-0.977
0.064
0.059
0.000
0.000
0.000
0.000
0.000
0.000
0.000
0.000
0.000
0.064
-0.977
0.059
0.059
-0.974
-0.978
-0.974
0.059
0.064
-0.978
0.059
-1.137
0.064
0.065
-2.239
-0.974
0.064
0.060
0.064
0.059
-2.039
0.064
0.064
-0.976
0.059
-0.974
-0.978
0.064
0.059
0.065
-0.977
0.064
0.059
0.064
0.064
0.062
0.064
0.064
0.062
0.064
0.064
0.064
0.064
0.064
0.064
0.064
0.065
0.064
0.064
0.064
0.062
0.064
0.065
0.064
0.064
0.064
0.064
0.064
0.064
0.064
0.064
0.064
0.064
0.064
0.064
0.062
0.064
0.065
0.064
0.064
0.064
0.064
0.064
0.064
0.064
0.064
0.064
0.065
0.064
0.064
0.065
0.064
0.064
0.064
0.064
0.064
0.062
0.064
0.064
0.064
0.064
0.064
0.064
0.064
0.065
0.057
0.064
0.065
0.064
0.065
0.064
0.065
0.064
0.064
0.064
0.064
0.064
0.064
0.064
0.065
0.065
0.064
0.064
0.065
0.064
0.064
0.064
0.064
0.064
0.065
0.064
0.064
0.064
0.064
0.064
0.064
0.064
0.065
0.065
0.064
0.065
0.062
0.064
0.064
0.064
0.064
0.064
0.064
0.064
0.065
0.065
0.064
0.064
0.064
0.064
0.065
0.064
0.064
0.064
0.065
0.064
0.065
0.065
0.065
0.064
0.064
0.064
0.064
0.064
0.064
0.065
0.064
0.064
0.065
0.064
0.064
0.064
0.064
0.064
0.065
0.064
0.064
0.064
0.064
0.064
0.064
0.064
0.064
0.064
0.064
0.064
0.064
0.065
0.064
0.065
0.064
0.064
0.064
0.064
0.064
0.064
0.064
0.064
0.064
0.055
0.064
0.064
0.064
0.064
0.065
0.065
0.064
0.065
0.065
0.064
0.064
0.064
0.064
0.064
0.064
0.064
0.064
0.064
0.064
0.064
0.064
0.064
0.064
0.065
0.064
0.064
0.064
0.064
0.064
0.064
0.064
0.064
0.064
0.064
0.064
0.064
0.064
0.064
0.064
0.064
0.064
0.065
0.064
0.064
0.060
0.064
0.064
0.064
0.064
0.064
0.054
0.064
0.064
0.065
0.064
0.065
0.064
0.064
0.064
0.065
0.064
0.065
0.062
0.064
0.064
0.064
0.064
0.065
0.064
0.064
0.064
0.064
0.064
0.065
0.054
0.064
0.064
0.062
0.064
0.064
0.061
0.064
0.064
0.062
0.064
0.065
0.064
0.064
0.065
0.064
0.064
0.064
0.065
0.065
0.064
0.064
0.064
0.064
0.064
0.064
0.064
0.062
0.064
0.065
0.064
0.064
0.065
0.064
0.064
0.065
0.064
0.064
0.065
0.064
0.064
0.065
0.055
0.064
0.064
0.065
0.064
0.064
0.064
0.064
0.064
0.065
0.064
0.064
0.062
0.065
0.064
0.065
0.064
0.065
0.064
0.064
0.064
0.065
0.064
0.064
0.065
0.064
0.065
0.062
0.064
0.064
0.064
0.064
0.064
0.064
0.064
0.065
0.064
0.064
0.064
0.062
0.064
0.065
0.054
0.064
0.064
0.065
0.064
0.064
0.054
0.064
0.064
0.064
0.064
0.064
0.064
0.064
0.065
0.064
0.064
0.065
0.065
0.064
0.064
0.064
0.064
0.064
0.064
0.064
0.064
0.064
0.064
0.064
0.065
0.064
0.065
0.064
0.065
0.064
0.064
0.064
0.065
0.062
0.064
0.064
0.065
0.064
0.064
0.064
0.064
0.064
0.064
0.064
0.064
0.064
0.065
0.064
0.064
0.064
0.064
0.064
0.064
0.064
0.055
0.064
0.065
0.065
0.064
0.065
0.065
0.064
0.064
0.064
0.064
0.064
0.064
0.064
0.064
0.064
0.064
0.064
0.064
0.064
0.064
0.064
0.064
0.064
0.062
-1.886
-1.883
-2.569
0.064
0.064
0.064
0.064
0.065
0.064
0.064
0.064
0.064
0.064
0.064
0.064
0.064
0.064
0.064
0.064
0.064
0.064
0.064
0.064
0.064
0.064
0.065
0.065
0.064
0.064
0.064
0.064
0.064
0.064
0.064
0.064
0.063
0.064
0.064
0.064
0.055
0.064
0.064
0.064
0.064
0.064
0.065
0.064
0.062
0.064
0.065
0.062
0.064
0.064
0.065
0.064
0.064
0.062
0.065
0.064
0.062
0.064
0.064
0.064
0.064
0.064
0.060
0.064
0.064
0.054
0.064
0.064
0.062
0.064
0.064
0.064
0.064
0.065
0.064
0.064
0.064
0.064
0.064
0.064
0.064
0.064
0.064
0.064
0.064
0.064
0.065
0.064
0.064
0.065
0.064
0.064
0.064
0.064
0.064
0.065
0.064
0.064
0.064
0.064
0.064
0.064
0.065
0.065
0.065
0.065
0.065
0.064
0.065
0.064
0.065
0.064
0.064
0.064
0.064
0.064
0.064
0.064
0.064
0.064
0.064
0.064
0.064
0.064
0.064
0.064
0.064
0.064
0.065
0.064
0.064
0.064
0.064
0.064
0.065
0.064
0.065
0.064
0.064
0.064
0.064
0.064
0.064
0.065
0.064
0.064
0.064
0.064
0.064
0.064
0.064
0.064
0.064
0.064
0.064
0.063
0.064
0.064
0.065
0.064
0.064
0.064
0.064
0.064
0.064
0.064
0.064
0.061
0.064
0.065
0.064
0.064
0.064
0.064
0.064
0.064
0.064
0.064
0.065
0.055
0.064
0.065
0.064
0.064
0.064
0.062
0.064
0.065
0.064
0.065
0.064
0.064
