fixedStep chrom=ENSGT00730000111484 start=1 step=1
0.058
0.058
0.058
0.058
0.058
0.058
0.058
0.058
0.052
0.058
0.058
0.058
0.049
0.058
0.058
0.058
0.058
0.056
0.058
0.058
0.058
0.058
0.058
0.058
0.058
0.058
0.058
0.058
0.058
0.058
0.058
0.058
0.054
0.058
0.058
0.054
0.058
0.058
0.058
0.058
0.058
0.058
0.058
0.058
0.058
0.058
0.058
0.054
-2.010
0.058
-2.204
0.058
0.058
0.058
0.058
0.058
0.054
0.058
0.058
0.058
0.058
0.058
0.058
0.058
0.058
0.058
0.058
0.058
0.058
0.058
0.058
0.051
0.058
0.058
0.058
0.058
0.058
0.058
0.058
0.058
0.054
0.058
0.058
0.055
0.058
0.058
0.058
0.058
0.058
0.058
0.058
0.058
0.058
0.058
0.058
0.058
0.058
0.058
0.058
0.058
0.058
0.058
0.058
0.058
0.058
0.058
0.058
0.058
0.058
0.058
0.058
0.058
0.058
0.058
0.058
0.058
0.058
0.058
0.058
-1.937
0.058
0.058
0.058
0.058
0.058
0.055
0.056
0.058
0.058
0.058
0.058
0.058
0.058
0.058
0.058
0.058
0.058
0.058
0.058
0.058
0.058
0.058
0.058
0.058
0.058
0.058
0.058
0.058
0.058
0.058
0.058
0.058
0.058
0.058
0.058
0.056
0.058
0.058
0.055
0.058
0.058
0.058
0.058
0.058
0.058
0.058
0.054
0.057
0.056
0.058
0.057
0.055
0.058
0.058
0.058
0.058
0.053
0.058
0.058
0.057
-1.075
0.058
0.054
0.058
0.058
0.058
0.058
0.058
0.058
0.058
0.058
0.054
0.058
0.056
0.058
0.058
0.058
0.058
0.058
0.058
0.058
0.051
0.058
0.058
