fixedStep chrom=ENSGT00390000004026 start=1 step=1
-2.015
-2.017
-2.014
-2.015
-2.014
-2.014
0.077
0.077
0.077
0.066
0.077
0.077
0.077
0.077
0.067
0.077
0.068
0.066
0.077
0.077
0.077
0.077
0.074
0.077
0.077
0.077
0.077
0.077
-1.929
0.068
0.077
0.073
0.077
0.077
0.077
0.074
0.076
0.076
0.076
0.077
0.077
0.077
0.077
0.077
0.077
0.077
0.077
0.077
-1.428
-1.418
-1.430
0.077
0.077
0.070
0.077
0.077
0.076
0.077
0.077
0.077
0.077
0.076
0.077
0.068
0.068
0.068
0.068
0.077
0.077
0.076
0.074
0.077
0.077
0.077
0.077
0.077
0.077
0.076
0.077
0.077
0.077
0.077
0.066
0.077
0.077
0.077
0.077
0.077
0.077
0.077
0.077
0.077
0.077
0.077
0.077
0.077
0.077
0.077
-0.879
0.068
0.077
-1.611
0.077
0.077
0.077
0.077
0.066
0.077
0.077
0.068
0.077
0.077
0.076
0.077
0.077
0.077
0.077
0.077
0.077
0.070
0.077
0.077
0.077
0.077
0.077
0.077
0.077
0.077
0.076
0.070
0.071
0.077
0.068
0.077
0.077
0.077
0.077
0.077
-1.796
-2.350
-1.796
-1.796
-1.796
-1.801
-1.801
-1.796
-1.797
-1.797
-1.797
-1.797
-1.776
-1.801
-1.797
0.074
0.077
0.077
0.077
0.077
0.077
0.077
0.068
0.077
0.077
0.077
0.077
0.077
0.077
0.077
0.077
-0.867
0.077
0.068
-0.867
0.077
0.068
0.077
0.077
0.077
0.077
0.077
0.077
0.077
0.066
0.068
0.077
0.077
0.077
0.068
0.077
0.077
0.077
0.068
0.077
0.077
0.077
0.077
0.077
0.077
0.077
0.077
0.077
0.077
0.077
0.073
0.077
0.077
0.077
0.077
0.077
-0.879
0.077
0.077
0.077
0.077
0.077
0.077
0.077
0.077
0.077
0.077
0.077
0.077
0.077
0.077
0.077
0.063
0.077
0.076
0.077
0.077
0.077
0.077
0.077
0.077
0.077
0.077
0.077
0.077
0.077
0.077
0.077
0.077
0.077
0.077
0.077
0.077
0.077
0.076
0.077
0.077
0.077
0.073
0.077
0.077
0.077
0.077
0.077
0.077
0.077
0.076
0.068
0.077
0.077
0.077
0.077
0.077
0.068
0.077
0.077
0.077
0.077
0.074
0.074
0.077
0.077
0.077
0.077
0.077
-0.879
0.068
0.077
0.068
0.077
0.077
0.077
0.077
0.077
0.077
0.077
0.077
0.070
0.077
0.077
0.077
0.077
0.077
0.077
0.077
0.077
0.077
0.077
0.077
-0.880
0.077
0.077
-0.879
0.077
0.077
0.077
0.077
0.077
0.077
0.077
0.077
0.077
0.077
0.077
0.077
0.077
0.077
0.068
0.077
0.077
0.077
0.077
0.077
0.077
0.077
0.077
0.074
0.068
0.077
0.077
0.077
0.077
0.077
-1.301
-1.756
-1.368
0.077
0.077
0.077
0.067
0.077
0.068
0.077
0.077
0.077
0.077
0.077
0.068
0.077
0.077
0.074
0.077
0.077
0.077
0.077
0.077
0.067
0.074
0.077
0.077
0.077
0.077
0.073
0.077
0.074
0.077
0.066
0.077
0.077
0.077
0.077
0.077
0.077
0.068
0.068
0.068
0.077
0.068
0.077
0.077
0.074
-0.879
0.067
0.077
0.077
0.077
0.077
0.066
0.076
-0.879
0.077
0.074
0.077
0.074
0.077
0.077
0.077
0.077
0.077
0.077
0.077
0.077
0.077
0.077
0.077
0.077
0.077
0.077
-0.879
0.077
0.077
0.077
0.077
0.077
0.077
-0.879
0.077
0.077
0.077
0.077
0.077
0.077
0.070
0.077
0.077
0.077
0.077
0.068
0.068
0.077
0.077
0.077
0.077
-0.879
0.077
0.077
0.077
0.077
0.077
0.077
0.076
0.077
0.077
0.077
0.077
0.077
0.068
0.077
0.077
0.074
0.068
0.077
0.068
0.075
0.077
0.068
0.077
0.077
0.077
0.077
0.077
0.071
0.077
0.070
-0.877
0.077
0.077
0.077
0.077
0.077
0.077
0.077
0.068
0.077
0.077
0.068
0.077
0.077
0.067
0.077
0.074
0.077
0.077
0.068
0.077
0.077
0.076
0.077
0.074
0.077
0.077
0.077
0.077
0.077
0.077
0.077
0.077
0.077
0.077
0.077
0.077
0.077
0.077
0.077
0.077
0.068
-0.867
0.068
0.077
0.066
-0.879
-0.867
-0.880
-0.877
-0.880
0.068
0.068
-0.879
0.068
0.077
0.077
-0.879
0.077
-0.867
-0.880
0.068
-0.879
0.077
0.068
0.068
0.074
-0.877
-0.879
0.068
-0.879
-0.876
0.068
0.077
0.068
0.077
0.077
-0.879
-0.879
-0.879
-0.867
0.077
-0.879
-0.879
0.068
-0.867
-0.879
-0.879
-0.877
-0.880
0.077
0.077
0.077
0.077
-0.877
0.068
-0.879
-1.301
-2.132
-1.398
-3.088
-2.557
-2.570
-1.933
-2.989
-2.629
-1.301
-1.301
-1.520
-0.683
-0.683
-0.683
-0.559
-0.559
-1.106
0.000
0.000
0.000
0.000
0.000
0.000
0.000
0.000
0.000
0.000
0.000
0.000
0.000
0.000
0.000
0.000
0.000
0.000
0.000
0.000
0.000
0.000
0.000
0.000
0.000
0.000
0.000
0.000
0.000
0.000
0.000
0.000
0.000
0.000
0.000
0.000
0.000
0.000
0.000
0.000
0.000
0.000
0.000
0.000
0.000
0.000
0.000
0.000
