fixedStep chrom=ENSGT00390000018146 start=1 step=1
0.000
0.000
0.000
0.000
0.000
0.000
0.000
0.000
0.000
0.000
0.000
0.000
0.000
0.000
0.000
0.000
0.000
0.000
0.000
0.000
0.000
0.000
0.000
0.000
0.000
0.000
0.000
0.000
0.000
0.000
0.000
0.000
0.000
-0.713
0.086
0.071
-0.719
0.089
-0.715
0.089
0.089
0.089
0.089
0.089
0.089
0.089
0.085
0.089
0.089
0.089
0.089
0.072
0.089
0.089
0.089
0.086
0.089
0.072
0.089
0.089
0.089
0.084
0.089
0.082
0.089
-0.713
-1.566
-1.367
-0.899
-0.873
-0.872
-0.872
0.089
0.089
0.089
0.089
0.089
0.089
0.089
0.089
0.089
0.089
0.089
0.089
0.089
0.089
0.068
0.069
0.089
0.089
0.089
0.089
0.089
0.089
0.089
0.089
0.068
-0.715
-1.385
-1.415
-0.715
-2.677
0.085
-1.397
-0.715
-0.713
0.089
-0.713
-1.356
-0.987
-0.873
0.089
0.089
0.089
0.084
0.089
0.072
0.089
0.081
0.089
0.089
0.089
0.089
0.089
0.089
-0.690
0.089
0.089
0.089
0.089
0.089
0.089
0.068
0.089
0.089
0.082
0.089
0.089
0.081
-0.715
0.089
0.089
0.089
0.089
0.089
0.089
0.082
0.089
0.089
0.072
0.089
0.082
0.089
0.089
0.082
0.089
0.089
-0.715
0.089
-0.719
0.088
0.089
0.089
0.089
0.088
0.084
0.089
0.089
0.089
0.083
0.082
0.089
-1.354
0.089
0.089
0.089
0.089
0.089
0.089
-1.416
-0.401
-0.351
-0.351
0.089
0.089
0.072
0.089
0.089
0.089
-0.049
-0.049
-0.049
-0.049
-0.049
-0.049
0.089
0.089
0.089
0.089
0.089
0.089
0.089
0.089
0.089
0.089
0.089
0.089
0.084
0.089
0.089
0.068
0.089
0.089
0.084
-1.355
-0.715
0.079
-0.715
0.089
0.088
0.082
-0.690
0.082
0.086
0.088
0.089
-1.415
0.089
0.089
0.089
0.084
-0.719
0.089
0.089
0.089
0.089
0.089
0.089
0.089
0.089
0.089
-0.713
0.088
0.089
0.089
0.089
0.087
0.088
0.082
0.089
0.089
0.089
-1.360
0.089
-0.715
0.089
0.089
0.082
0.089
0.086
0.079
0.068
0.089
0.089
0.083
0.086
0.089
0.089
0.089
0.088
0.089
0.089
0.085
0.085
0.089
0.072
0.067
0.068
0.089
0.089
0.072
0.089
-0.719
0.089
0.085
0.084
0.085
0.089
0.082
0.089
0.089
0.089
0.084
0.082
0.089
0.089
0.089
0.089
0.086
0.089
0.089
0.085
0.089
0.088
0.089
0.088
0.089
0.089
0.089
0.068
-1.354
-1.397
0.072
0.089
0.068
0.085
0.089
0.089
0.089
0.089
0.089
0.089
0.089
0.084
0.089
0.089
0.088
0.072
0.072
0.089
0.089
0.089
0.089
0.089
0.086
0.089
0.089
0.088
0.089
0.089
0.089
0.089
0.089
0.089
0.089
0.089
0.089
0.084
0.089
0.085
0.089
0.085
0.073
0.089
0.089
0.089
0.089
0.082
-1.259
0.089
0.089
0.089
0.089
0.088
0.086
0.084
0.089
0.084
0.069
0.089
0.068
0.084
0.089
0.089
0.068
-1.374
-1.057
-1.061
-1.375
-1.008
-1.006
0.089
0.089
0.089
0.082
-1.354
0.089
0.072
0.089
0.089
-1.385
0.085
0.089
0.089
0.089
0.089
0.089
0.072
0.082
0.084
0.085
0.072
0.088
0.082
0.089
0.089
0.089
0.087
0.089
0.089
0.089
0.089
0.089
0.089
0.089
0.086
0.089
0.072
0.085
0.088
0.088
0.089
0.089
0.089
0.084
0.089
0.089
0.089
0.089
0.089
0.089
0.089
0.080
0.089
0.089
0.089
0.088
0.089
0.089
0.082
0.089
0.082
0.089
0.084
0.082
0.089
0.089
0.089
0.089
0.082
0.082
0.072
0.089
0.089
0.089
0.082
0.083
-0.715
0.089
-1.418
-1.401
0.084
0.089
0.086
0.085
-0.049
-0.049
-0.049
0.086
0.089
0.084
0.084
0.089
0.088
0.085
0.089
0.082
0.089
0.089
0.083
0.084
0.082
0.089
0.089
0.089
0.088
0.089
0.089
0.089
0.088
0.089
0.081
0.082
0.085
0.089
0.089
0.082
0.089
0.089
0.089
0.089
0.084
0.081
0.089
0.089
0.089
0.089
0.089
-0.715
0.084
0.074
0.085
0.089
0.089
0.088
0.089
0.084
0.082
0.086
0.089
0.089
0.068
0.089
0.084
0.089
0.089
0.089
0.089
0.085
0.072
0.068
0.089
0.084
0.088
0.089
0.089
-1.636
0.089
0.089
0.089
0.088
0.089
0.089
0.089
0.089
0.089
0.089
0.083
0.086
0.089
0.089
0.089
0.089
0.089
0.089
0.089
0.089
0.089
0.089
0.089
0.089
0.069
0.089
0.089
0.088
0.089
0.089
0.089
0.089
-0.690
0.089
0.089
0.089
0.089
0.089
0.084
0.089
0.089
-1.397
0.089
0.089
0.089
0.089
0.089
0.089
0.089
0.089
0.089
0.089
0.089
0.089
0.089
0.089
-0.715
0.089
0.089
0.089
0.089
0.089
0.089
0.089
0.089
0.085
0.089
0.089
0.089
0.089
0.089
0.089
0.089
0.089
0.089
0.089
0.089
0.089
0.089
0.089
0.086
0.089
0.084
0.089
0.089
0.089
0.088
0.089
0.085
0.085
0.068
0.082
0.089
0.084
0.089
0.089
0.089
0.089
-0.713
0.089
0.089
0.082
0.089
0.089
0.089
0.089
0.089
0.082
0.089
0.089
0.079
0.089
0.089
0.089
0.089
0.089
0.089
0.089
0.089
0.089
0.089
0.089
0.086
0.089
0.089
0.082
0.089
0.084
0.089
0.089
0.085
0.089
0.089
0.089
0.088
0.089
0.089
0.089
-1.365
-1.144
-0.899
0.089
0.089
0.089
-0.230
-0.228
-0.227
0.082
-2.769
0.087
0.086
0.089
0.089
0.085
0.083
0.089
0.089
0.089
0.089
0.084
0.068
0.089
0.085
0.089
0.089
0.068
0.086
0.089
0.089
0.089
0.089
0.089
0.079
0.089
0.083
0.084
0.069
-1.402
-2.676
0.089
0.089
0.088
0.082
0.089
0.089
0.089
0.089
0.084
0.085
0.086
0.088
0.072
0.089
0.089
0.082
0.089
0.089
0.089
0.072
0.089
0.089
0.089
0.089
0.089
0.089
0.068
0.089
0.089
0.068
0.089
0.068
0.089
0.072
0.085
-0.713
0.089
0.089
0.085
0.089
0.082
-0.715
0.082
-0.719
0.085
0.089
0.079
0.086
0.089
0.089
0.082
0.082
0.089
0.082
0.089
0.085
0.084
0.069
-0.715
0.089
0.089
0.082
-0.690
0.089
0.089
0.089
0.089
0.088
0.089
0.085
0.085
0.089
0.089
0.089
0.089
0.089
0.089
0.085
0.085
0.089
0.086
0.089
0.089
0.089
0.089
0.085
0.082
0.065
-2.119
0.089
0.072
0.089
0.089
0.089
0.085
0.089
0.089
0.089
0.085
0.089
0.085
0.086
0.086
0.086
0.089
0.072
0.082
0.089
0.089
0.089
0.082
0.089
0.089
0.089
0.089
-0.690
0.082
0.089
0.083
0.088
-0.690
0.089
0.085
0.086
0.089
0.089
0.089
0.089
0.084
0.084
-0.713
0.089
0.089
0.089
0.089
0.079
0.089
0.089
0.072
0.089
0.082
0.082
0.083
0.088
0.071
0.086
-2.717
0.089
0.089
0.089
0.089
0.082
0.089
0.089
0.089
0.089
0.083
-1.419
0.085
0.089
-0.715
0.089
0.089
0.079
0.086
0.084
0.089
0.089
-0.690
0.089
0.085
0.072
0.089
0.089
0.069
0.085
0.089
0.072
0.089
0.072
0.089
0.089
0.089
0.089
0.089
0.086
0.089
0.089
0.089
0.089
0.089
0.089
0.089
0.088
0.085
0.085
0.086
0.088
0.089
0.072
0.085
0.089
0.089
0.089
0.082
-0.036
-0.036
-0.036
0.089
0.068
0.086
0.089
0.088
0.084
0.084
0.089
0.089
0.082
0.083
-1.338
0.089
0.085
0.072
0.088
0.089
0.079
0.085
0.089
0.089
0.089
0.068
0.089
0.089
0.084
0.089
0.089
0.089
0.082
0.089
0.089
0.086
-0.873
-1.364
-1.364
-0.351
-0.351
-0.351
0.089
0.079
0.089
0.089
0.089
0.082
0.082
-0.715
0.089
0.084
0.089
0.085
-1.383
0.089
-0.713
0.089
0.089
0.085
-1.226
0.089
0.089
0.089
0.089
0.089
0.084
0.089
0.089
0.089
0.089
0.089
-0.872
-0.873
-0.873
0.072
0.089
0.089
0.084
0.089
0.089
0.089
0.089
0.086
0.089
0.089
0.089
0.089
0.089
0.087
-1.419
0.089
0.089
0.089
0.082
0.089
0.072
0.089
0.089
0.089
0.089
0.089
0.089
0.083
0.086
0.089
0.089
0.089
0.089
0.089
0.089
0.085
0.089
0.089
0.089
0.083
0.084
0.079
0.089
-1.360
-1.418
0.089
-0.690
0.089
0.089
0.089
0.089
0.089
0.089
0.089
0.089
0.089
0.089
0.089
0.089
0.089
0.089
0.088
0.079
0.089
0.089
0.089
0.089
-0.715
-0.715
-0.715
0.089
-0.873
-0.992
-0.873
-0.873
-1.356
-0.873
-1.567
-0.873
-0.873
-0.947
-0.873
-0.873
-0.719
0.089
0.089
-1.399
0.068
0.082
0.084
0.089
0.089
0.089
0.089
0.089
0.084
0.068
-0.715
0.089
0.084
0.089
0.084
0.072
0.088
0.089
0.089
0.089
0.084
0.088
0.089
0.089
-4.104
0.068
0.089
0.089
0.089
0.082
0.069
0.089
0.089
0.089
0.089
-1.358
0.084
0.089
0.085
0.086
0.089
0.084
0.089
0.082
0.079
0.082
0.082
0.089
0.084
0.086
0.089
0.089
0.072
0.089
0.089
0.082
0.082
0.083
0.089
0.089
0.089
0.069
0.089
0.069
0.088
-0.713
0.089
0.089
0.082
0.089
0.089
0.089
0.089
0.089
0.089
0.089
0.084
0.084
0.086
0.089
0.089
0.089
0.089
0.089
0.089
0.089
0.089
0.089
0.089
0.089
0.089
0.084
0.089
0.089
0.082
0.089
-1.848
0.089
0.089
0.084
0.089
0.089
0.089
0.089
0.072
0.065
0.086
0.089
0.089
0.089
0.089
0.068
0.089
0.089
0.084
0.068
0.089
0.089
0.089
0.089
0.089
0.089
0.089
0.089
0.082
0.072
0.072
0.089
0.089
0.089
0.089
0.089
0.089
0.082
-1.060
-1.008
-1.008
-1.008
-1.060
-1.008
-1.008
-1.009
-1.009
-1.006
-1.008
-1.006
-1.008
-1.008
-1.008
-1.009
-1.008
-1.008
-1.008
-1.057
-1.008
0.089
0.089
0.084
0.089
0.085
0.089
0.089
0.089
0.086
0.086
0.089
0.089
0.089
-0.715
0.082
0.089
-0.690
0.089
0.089
0.089
0.089
-0.719
0.089
0.089
0.089
0.089
0.089
-1.366
0.089
0.089
0.089
0.089
0.089
0.082
0.089
0.084
0.089
0.089
0.085
0.089
0.086
0.089
0.087
0.086
0.089
0.089
0.089
0.089
0.089
0.089
0.089
0.089
0.089
0.069
0.089
0.089
0.089
0.072
0.089
0.089
0.089
0.089
0.088
0.089
0.089
0.089
0.089
0.089
0.089
0.089
0.089
0.089
0.089
0.089
0.081
0.089
0.085
0.081
0.089
0.089
0.089
0.089
0.086
0.089
0.089
0.089
0.089
0.089
0.089
0.082
0.089
0.089
0.089
0.089
0.089
0.089
-2.493
0.072
0.089
0.089
0.089
0.085
0.089
0.089
0.089
0.089
0.089
0.089
0.089
0.084
0.089
-0.719
0.089
0.089
0.089
0.089
0.083
0.089
0.086
0.089
0.089
0.086
0.084
0.089
0.089
0.068
0.086
0.088
0.087
0.089
0.089
0.088
0.088
0.083
0.089
0.089
0.088
0.080
0.089
0.087
0.089
0.089
0.089
0.089
0.089
0.089
0.088
0.089
0.089
0.088
0.089
0.089
-0.690
0.089
0.089
0.089
0.089
0.086
0.089
0.089
0.089
0.089
0.089
0.072
0.084
0.085
0.089
0.089
-2.014
-1.620
-1.601
0.083
0.089
0.089
0.068
0.089
-0.713
0.089
0.089
0.082
0.089
0.087
0.089
0.089
0.088
0.089
0.083
0.089
0.089
-0.690
0.089
0.089
0.074
-1.360
0.089
0.089
0.088
-3.094
0.089
0.089
0.089
0.084
0.084
0.082
0.068
0.089
0.089
0.089
0.089
-1.385
-0.713
0.082
-0.715
0.084
0.089
0.089
0.089
0.089
0.079
0.089
0.087
0.089
0.088
0.089
0.082
0.089
0.089
0.089
-2.618
-0.690
-0.719
0.089
0.072
0.089
0.089
0.084
0.089
0.089
0.089
0.089
0.089
0.089
0.089
0.089
0.089
0.089
0.089
0.089
0.089
0.089
0.089
0.089
0.089
0.089
0.089
0.089
0.086
0.089
0.085
0.089
0.089
0.089
0.089
0.089
0.089
0.089
0.088
0.080
0.089
0.089
-1.370
0.089
0.089
0.089
0.089
0.089
0.089
0.089
0.089
0.089
0.089
0.072
0.089
0.065
0.089
0.089
0.089
0.089
0.089
0.089
0.089
0.082
0.082
0.089
0.089
0.068
0.089
-0.049
-0.049
-0.049
0.082
0.088
0.089
0.086
0.089
0.082
0.089
0.088
0.072
0.088
0.089
0.089
0.089
0.089
0.089
0.089
0.084
0.089
-1.524
-1.522
-1.526
-1.895
-1.524
-1.524
-1.402
0.089
0.089
0.089
0.089
0.089
0.082
0.086
0.080
0.086
0.086
0.089
0.089
-0.719
0.089
0.089
0.089
0.089
0.086
0.089
0.089
0.089
0.089
0.089
0.089
0.089
0.089
0.089
0.089
0.089
0.076
0.089
0.089
0.089
0.089
0.089
0.088
0.087
0.089
0.089
0.089
0.089
0.089
0.089
0.089
0.089
0.089
0.089
0.089
0.089
0.089
0.089
0.089
0.089
0.089
0.089
0.089
0.089
0.089
0.085
0.089
0.089
0.089
0.089
0.089
0.089
0.089
0.089
0.089
0.077
0.089
0.086
0.089
0.089
0.089
0.089
0.089
0.089
0.089
0.089
0.089
0.086
0.089
0.089
0.089
0.089
0.089
0.089
0.086
0.086
0.089
0.089
0.087
0.089
0.089
0.089
0.089
0.089
0.089
0.089
0.089
0.089
0.089
0.086
0.089
0.089
0.089
0.089
0.089
0.089
0.085
0.089
0.089
0.089
0.089
0.089
0.081
0.089
0.089
0.089
0.088
0.088
0.089
0.086
0.086
0.087
0.072
0.089
0.089
0.089
0.089
0.085
0.084
0.089
0.085
0.083
0.089
0.082
0.089
0.089
0.086
0.089
0.085
-0.690
0.082
-0.719
0.082
-0.713
0.085
0.089
-2.394
-2.396
-2.394
0.089
-1.857
-1.739
0.082
0.088
0.080
0.089
0.085
0.089
0.089
0.089
0.089
-0.715
0.089
0.089
0.089
0.089
0.088
0.089
0.089
0.089
0.088
0.089
0.089
0.087
0.085
0.085
0.089
0.089
0.089
-0.838
0.088
0.089
0.085
0.089
0.089
0.089
0.089
0.067
0.089
0.089
0.089
0.089
0.089
0.089
0.089
0.089
0.088
0.000
0.000
0.000
