fixedStep chrom=ENSGT00550000075026 start=1 step=1
0.079
0.079
0.079
0.079
0.079
0.079
0.079
0.079
0.079
0.079
0.079
0.079
0.079
0.079
0.078
0.079
0.079
0.079
0.079
0.079
0.079
0.079
0.079
0.079
0.079
0.079
0.079
0.079
0.079
0.079
0.079
0.079
0.079
0.079
0.079
0.079
0.079
0.079
0.079
0.079
0.079
0.078
0.079
0.079
0.079
0.079
0.079
0.078
0.079
0.079
0.078
0.079
0.079
0.079
0.079
0.079
0.079
0.079
0.079
0.073
0.079
0.079
0.079
0.073
0.078
0.079
0.079
0.079
0.077
0.079
0.079
0.079
0.079
0.079
0.077
0.079
0.079
0.079
0.079
0.079
0.079
0.079
0.079
0.079
0.079
0.079
0.079
0.079
0.079
0.078
0.079
0.079
0.079
0.079
0.079
0.079
0.079
0.079
0.079
0.073
0.079
0.079
0.079
0.079
0.079
0.079
0.079
0.079
0.076
0.078
0.079
0.079
0.079
0.078
0.079
0.079
0.079
0.079
0.079
0.079
0.079
0.079
0.079
0.079
0.079
0.079
0.079
0.079
0.079
0.079
0.079
0.079
0.079
0.079
0.079
0.079
0.079
0.079
0.079
0.079
0.077
0.079
0.079
0.079
0.079
0.079
0.077
0.079
0.079
0.079
0.079
0.079
0.079
0.079
0.079
0.073
0.079
0.079
0.079
0.079
0.079
0.079
0.079
0.079
0.079
0.079
0.079
0.079
0.079
0.079
0.079
0.079
0.079
0.079
0.079
0.079
0.079
0.079
0.079
0.078
0.079
0.079
0.079
0.079
0.079
0.079
0.079
0.079
0.079
0.078
0.079
0.079
0.079
0.078
0.079
0.078
0.079
0.072
0.079
0.079
0.079
0.079
0.079
0.079
0.079
0.079
0.079
0.079
0.065
0.068
0.078
0.079
0.072
0.079
0.078
0.079
0.079
0.079
0.079
0.078
0.079
0.079
0.079
0.079
0.079
0.079
0.079
0.070
0.079
0.079
0.079
0.079
0.079
0.075
0.079
0.079
0.079
0.079
0.079
0.079
0.079
0.079
0.079
0.079
0.079
0.078
0.079
0.079
0.079
0.079
0.079
0.079
0.079
0.079
0.079
0.079
0.079
0.079
0.079
0.079
0.079
0.079
0.079
0.070
0.079
0.079
0.079
0.079
0.079
0.079
0.079
0.079
0.073
0.073
0.079
0.072
0.079
0.079
0.077
0.079
0.079
0.079
0.079
0.079
0.078
0.079
0.079
0.079
0.079
0.079
0.079
0.079
0.079
0.079
0.079
0.079
0.078
0.079
0.079
0.079
0.079
0.079
0.079
0.079
0.079
0.078
0.079
0.079
0.079
0.079
0.079
0.079
0.079
0.079
0.079
0.079
0.079
0.079
0.079
0.079
0.079
0.079
0.079
0.062
0.079
0.079
0.079
0.079
0.079
0.072
0.079
0.079
0.077
0.078
0.079
0.078
0.079
0.079
0.079
0.079
0.079
0.079
0.079
0.079
0.078
0.079
0.079
0.075
0.079
0.079
0.079
0.079
0.079
0.075
0.079
0.079
0.078
0.079
0.079
0.077
0.079
0.079
0.078
0.079
0.079
0.079
0.079
0.079
0.078
0.079
0.072
0.073
0.074
0.079
0.073
0.079
0.079
0.079
0.079
0.079
0.079
0.073
0.079
0.079
0.079
0.077
0.079
0.079
0.073
0.071
0.079
0.076
0.079
0.079
0.079
0.078
0.079
0.079
0.079
0.079
0.079
0.079
0.079
0.079
0.079
0.079
0.079
0.079
0.079
0.079
0.070
0.079
0.079
0.079
0.078
0.079
0.073
0.075
0.077
0.078
0.079
0.078
0.079
0.076
0.079
0.079
0.079
0.076
0.078
0.079
0.079
0.078
0.075
0.079
0.079
0.079
0.079
0.079
0.077
0.079
0.079
0.079
0.079
0.079
0.079
0.079
0.079
0.079
0.079
0.079
0.079
0.079
0.079
0.079
0.079
0.078
0.079
0.079
0.075
0.079
0.072
0.079
0.079
0.079
0.077
0.079
0.079
0.079
0.079
0.079
0.079
0.079
0.079
0.072
0.079
0.079
0.079
0.079
0.079
0.079
0.079
0.079
0.079
0.079
0.079
0.078
0.079
0.079
0.079
0.079
0.079
0.078
0.079
0.079
0.079
0.079
0.079
0.079
0.079
0.076
0.076
0.076
0.076
0.075
0.076
0.076
0.076
0.076
0.076
0.076
0.076
0.076
0.076
0.076
0.076
0.076
0.076
0.076
0.076
0.076
0.076
0.076
0.076
0.076
0.075
0.076
0.076
0.076
0.076
0.076
0.076
0.076
0.076
0.076
0.076
0.076
0.076
0.076
0.076
0.076
0.076
0.076
0.066
0.076
0.076
0.076
0.076
0.076
0.076
0.076
0.076
0.076
0.076
0.076
0.070
0.076
0.076
0.076
0.076
0.076
0.076
0.076
0.076
0.076
0.076
0.076
0.076
0.071
0.076
0.076
0.076
0.076
0.076
0.076
0.076
0.076
0.075
0.076
0.070
0.076
0.076
0.076
0.076
0.076
0.076
0.076
0.076
0.076
0.074
0.076
0.076
0.076
0.076
0.076
0.066
0.076
0.075
0.066
0.076
0.076
-0.865
0.074
-0.864
0.076
0.076
0.076
0.076
0.066
-0.854
-0.867
-0.854
-1.599
-0.864
-0.865
-1.436
0.076
0.076
0.071
0.076
0.076
0.066
0.066
0.076
-0.854
-0.867
-0.866
0.066
-0.867
-0.865
0.074
-0.866
0.076
-0.866
0.076
0.066
-1.073
-0.864
0.066
0.066
0.066
0.076
0.075
-0.868
0.076
0.076
-0.867
0.076
0.075
0.076
0.076
0.066
0.076
-0.865
0.076
0.066
-0.864
-1.595
0.066
0.076
0.076
-0.864
-0.864
0.066
0.066
0.076
-0.868
-0.865
-0.864
-1.553
-0.867
0.076
0.076
0.066
0.076
-0.865
0.066
0.076
0.076
0.076
-1.560
-2.216
-0.866
0.076
-0.866
0.076
0.076
-1.567
-0.866
0.065
-2.203
-0.854
-0.864
0.076
-0.866
0.076
-0.854
-0.866
-0.866
-0.864
0.076
0.076
-2.012
0.076
0.076
0.068
0.076
0.076
-0.865
0.066
0.066
0.076
0.076
-0.864
0.065
-0.867
-0.867
0.076
-0.867
0.066
0.076
-0.865
-0.864
0.066
-0.854
-0.866
0.066
-0.864
-1.596
0.076
0.076
0.076
-0.854
-0.867
-0.868
-0.866
0.076
0.061
0.058
0.076
0.066
0.076
-0.864
-0.866
0.076
0.076
0.066
-0.867
0.076
0.076
-0.854
-0.864
-0.854
0.066
-0.865
-0.854
-3.072
0.066
0.076
0.076
0.076
-0.865
0.064
-0.866
0.066
0.066
-0.868
0.076
-1.560
-0.867
-0.864
0.066
-0.867
-0.865
-0.854
0.075
-0.854
0.066
0.076
-0.854
0.076
-0.865
-0.866
-0.854
0.076
-0.854
-2.265
0.076
-0.866
-1.736
-0.868
0.076
0.076
0.076
-0.865
-1.509
0.076
0.076
0.076
0.076
0.076
0.076
-0.864
0.076
-0.867
0.068
0.069
0.069
-0.812
0.070
0.079
-0.809
0.070
-1.432
0.070
0.070
-0.812
0.079
0.079
0.070
-0.812
0.079
-0.812
0.079
-0.812
-0.812
-0.812
-0.809
-0.812
-0.809
-0.812
-2.297
-0.809
0.079
-0.812
-0.809
-0.809
-0.809
0.070
0.079
-0.809
-0.811
-0.799
-0.811
0.079
0.070
-0.799
0.079
0.079
0.070
0.070
0.079
0.079
-0.809
-0.811
0.079
0.079
0.079
0.079
0.079
0.079
0.079
0.079
0.079
0.079
0.079
0.072
0.079
0.079
0.079
0.078
0.079
0.079
0.079
0.079
0.079
0.079
0.079
0.079
0.079
0.079
0.079
0.079
0.079
0.079
0.079
0.073
0.079
0.078
0.079
0.079
0.079
0.079
0.079
0.078
0.079
0.079
0.079
0.077
0.079
0.071
0.079
0.079
0.077
0.079
0.079
0.079
0.078
0.079
0.079
0.079
0.079
0.079
0.079
0.079
0.079
0.079
0.079
0.079
0.079
0.079
0.078
0.079
0.079
0.078
0.079
0.079
0.078
0.079
0.079
0.079
0.079
0.079
0.079
0.079
0.079
0.073
0.079
0.079
0.079
0.079
0.079
0.079
0.079
0.079
0.079
0.079
0.079
0.079
0.079
0.079
0.077
0.079
0.079
0.076
0.079
0.079
0.079
0.079
0.079
0.077
-0.422
-0.422
-0.422
0.079
0.078
0.078
0.066
0.079
0.079
0.079
0.079
0.078
0.079
0.079
0.079
0.079
0.079
0.078
0.079
0.079
0.073
0.072
0.079
0.079
0.079
0.079
0.079
0.079
0.079
0.079
0.079
0.078
0.070
0.078
0.079
0.079
0.079
0.079
0.079
-1.968
-1.630
-1.615
0.079
0.077
0.079
0.079
0.079
0.078
0.079
0.078
0.079
0.079
0.079
0.074
0.079
0.079
0.079
0.079
0.079
0.079
