fixedStep chrom=ENSGT00390000009232 start=1 step=1
-0.685
-0.683
-0.686
0.109
0.104
0.102
0.099
0.109
0.106
0.104
0.109
0.089
0.109
0.109
0.109
0.109
0.083
0.109
0.108
0.102
0.075
-1.554
0.109
0.103
0.108
0.109
0.109
0.109
0.109
0.109
0.109
0.109
0.078
0.109
0.109
0.075
-0.685
-0.683
-1.073
0.109
0.109
0.102
0.109
0.075
0.109
0.109
0.109
0.109
0.098
0.109
0.109
0.097
0.109
0.109
0.086
0.109
0.109
0.109
0.109
0.075
0.109
0.104
0.109
-1.622
0.106
0.103
0.098
-1.525
0.075
-0.983
0.076
0.075
-1.121
-0.580
-0.470
-1.114
-1.120
-1.631
-1.164
-0.580
-0.580
-0.844
-1.785
-1.370
-0.782
-0.782
-0.779
0.083
-1.602
-2.677
0.088
-1.469
-1.608
0.097
0.109
0.083
0.100
0.108
0.109
0.109
0.109
0.075
0.109
0.109
0.106
0.102
0.106
0.103
0.096
0.109
0.109
0.075
0.106
-0.966
0.075
0.109
-0.958
0.075
0.109
0.078
0.102
0.109
0.075
0.097
0.109
0.109
0.109
0.109
0.109
0.109
0.109
0.083
0.109
0.109
0.109
0.109
0.109
0.102
0.100
0.100
0.083
0.109
0.109
0.102
0.075
0.104
0.109
0.109
0.083
0.109
0.102
0.106
0.075
0.104
-2.415
0.098
0.103
0.083
0.105
0.109
0.103
0.097
0.109
0.109
0.107
0.109
0.109
0.102
0.109
0.109
0.109
0.097
0.101
-2.207
0.109
0.109
0.109
0.103
0.109
0.109
0.109
0.109
0.075
0.107
0.095
-1.469
-1.225
-1.253
-0.756
0.144
0.144
0.144
-0.747
-0.685
-0.685
-0.685
-1.239
-1.244
-0.685
-1.252
-1.959
0.109
0.104
0.109
0.098
0.109
0.102
0.109
0.109
0.109
0.109
0.098
0.109
0.098
0.083
0.109
0.109
0.106
0.102
0.109
0.075
0.109
0.074
0.106
0.097
0.109
0.109
0.109
-2.572
-2.495
-1.035
-2.209
-0.998
0.102
0.109
0.102
0.101
-1.779
0.089
0.089
-2.056
0.086
0.109
0.109
0.109
0.086
0.102
0.102
0.080
-1.072
0.109
-0.946
0.109
0.109
0.102
0.106
0.089
0.102
-1.931
0.109
0.109
0.102
0.109
-1.939
0.107
-1.558
0.089
0.109
0.106
0.109
0.109
0.109
0.106
0.109
0.109
0.103
0.109
0.109
0.103
0.109
0.109
0.109
0.109
0.109
0.107
0.109
0.101
0.097
0.109
0.078
0.075
0.109
0.109
0.109
0.109
0.083
0.075
0.102
0.091
0.091
-2.687
0.075
0.109
0.098
0.097
0.098
0.086
0.104
0.080
0.106
0.106
0.102
-1.599
-3.197
0.109
0.109
0.109
0.109
0.109
0.098
0.109
0.109
0.109
-0.997
0.083
0.103
-0.946
0.098
0.109
0.102
0.109
0.109
0.109
0.106
0.109
0.102
0.106
0.075
0.109
0.100
0.102
-1.599
0.109
0.109
0.102
0.083
0.104
0.109
-1.636
0.086
0.106
0.097
0.109
0.075
-0.983
-1.590
0.104
0.109
0.109
0.109
-1.025
0.103
0.075
0.083
0.109
0.106
0.109
0.109
0.109
0.103
0.109
0.109
0.109
0.109
0.109
0.109
0.075
0.109
0.102
0.103
0.109
0.078
-2.525
0.109
0.109
0.090
0.090
0.075
0.075
0.087
0.090
0.091
0.090
0.091
0.090
0.090
0.090
0.090
0.090
0.090
0.090
0.087
0.082
0.090
-2.073
0.090
0.091
0.090
0.091
0.084
0.090
0.091
0.090
0.090
0.086
0.074
0.084
0.091
0.090
0.091
0.084
0.091
0.090
0.090
0.087
0.090
-0.923
0.074
0.090
0.090
0.087
0.085
0.086
0.091
0.090
0.090
0.083
0.090
0.091
0.090
0.085
0.081
0.090
-1.265
0.083
0.091
0.090
0.090
0.084
0.090
0.090
0.090
-1.445
0.090
0.090
0.090
0.109
0.083
0.107
0.083
0.109
0.109
0.103
0.101
0.103
-0.686
-0.685
-0.685
0.109
0.109
0.102
0.075
0.103
0.097
0.109
0.109
-1.035
0.083
0.083
0.109
0.109
-1.025
0.102
0.107
0.109
0.109
0.078
-1.060
0.109
0.109
-0.946
0.102
-2.737
0.075
0.109
0.101
0.109
0.104
-1.339
-0.931
-1.121
0.109
0.080
0.109
0.090
0.104
0.102
0.090
0.106
0.109
0.083
0.083
0.083
0.109
0.097
0.109
0.103
0.103
0.109
0.103
0.109
0.109
0.104
-1.049
0.109
-1.681
0.102
0.102
0.109
0.102
0.109
0.109
0.109
0.109
-1.599
0.075
0.109
0.098
0.109
0.109
0.109
0.097
0.089
0.109
-2.493
0.109
0.089
0.104
0.109
0.106
-1.777
0.101
0.097
-1.599
0.104
0.083
0.109
0.109
0.102
0.109
0.098
0.109
0.109
0.103
0.102
0.102
0.097
0.109
0.109
0.109
0.080
0.106
0.098
0.109
0.109
0.109
0.083
0.104
-1.002
0.089
0.075
0.109
0.104
0.109
0.109
0.107
0.109
0.109
0.102
0.109
0.075
0.109
0.098
0.103
0.091
0.079
0.093
-1.646
-1.526
0.101
0.104
-1.603
0.104
-3.020
0.098
0.103
0.083
0.090
0.109
0.103
0.098
0.109
0.109
0.109
0.109
0.102
0.104
0.104
0.109
0.084
0.087
0.090
0.090
0.090
0.090
0.090
0.084
0.090
0.091
0.090
0.090
0.090
0.090
0.090
0.091
-0.710
0.084
0.090
0.091
0.090
0.091
0.090
0.090
0.091
0.090
0.085
0.085
0.082
0.090
0.090
0.090
0.090
0.091
0.083
0.091
-0.714
0.091
0.090
-1.468
0.090
0.090
0.090
0.081
0.090
0.090
0.090
0.090
0.065
0.090
0.090
0.091
-0.710
0.091
0.091
0.065
0.066
0.091
0.083
0.086
0.091
0.090
0.091
0.091
0.091
0.090
0.091
0.090
0.090
0.090
0.066
0.090
0.091
0.090
0.090
0.091
0.089
0.086
0.091
0.091
0.091
0.091
0.090
0.091
0.090
0.085
0.090
0.091
0.090
0.090
0.084
0.090
0.090
0.090
0.086
0.090
0.090
0.090
0.090
0.084
0.090
0.090
0.084
0.088
0.090
0.090
0.090
0.090
0.086
0.084
0.066
0.090
0.068
0.074
0.090
0.090
0.090
0.090
0.090
0.090
0.090
0.085
0.085
0.109
0.109
0.109
0.109
0.102
0.109
0.109
0.109
0.083
0.109
0.109
0.109
0.109
0.102
0.109
0.109
0.089
0.083
0.083
0.109
0.109
0.103
0.079
0.109
0.109
0.109
0.109
0.109
0.109
0.109
0.103
-1.583
0.106
0.083
0.103
0.107
0.107
0.107
0.107
0.107
0.107
0.075
0.109
-0.964
0.109
0.109
0.097
0.109
0.109
0.109
0.109
0.109
0.102
0.107
0.109
0.102
0.109
0.103
0.109
0.109
0.102
0.102
0.109
0.102
0.109
0.109
0.075
0.109
0.109
0.109
0.109
0.104
0.109
0.090
0.109
0.109
0.109
0.109
0.109
0.103
0.109
0.109
0.089
0.103
-1.056
0.081
0.109
0.102
0.075
0.109
0.109
0.107
0.109
0.109
0.105
0.109
0.109
0.089
0.109
0.109
-1.887
0.109
0.109
0.097
0.109
0.109
0.109
0.109
0.109
0.097
0.089
0.097
-1.400
0.075
0.109
0.109
0.109
0.109
0.097
0.109
0.109
0.102
0.048
0.048
0.048
0.109
0.103
0.109
0.104
0.109
0.107
0.109
0.109
0.109
0.109
0.109
0.109
0.075
0.109
0.103
0.109
0.109
0.109
0.103
0.109
0.109
0.103
0.109
0.090
0.106
0.109
0.109
0.109
-1.599
0.102
0.109
0.109
0.109
0.109
0.109
0.104
0.103
0.109
0.109
0.075
0.109
0.098
0.109
0.109
0.109
0.109
0.109
0.088
0.109
0.109
0.109
0.109
0.109
0.104
0.104
0.078
0.098
0.109
0.109
0.109
0.109
0.109
0.075
0.109
0.109
0.109
0.109
0.109
0.109
0.109
0.109
0.109
0.109
0.102
0.109
0.109
0.109
0.102
0.109
0.109
0.105
0.109
0.109
0.109
0.097
0.109
0.083
-1.196
-0.782
-0.790
-0.779
-0.782
-0.875
0.109
0.109
0.109
0.104
0.109
0.109
0.109
0.109
0.075
0.109
0.102
0.109
0.109
0.089
0.103
0.109
0.109
0.109
0.109
0.109
-1.462
0.109
0.109
0.106
0.109
0.109
0.075
0.109
0.109
-1.332
0.109
0.109
0.080
0.109
0.109
0.109
0.109
0.109
0.109
0.109
0.109
0.103
0.109
0.109
0.109
0.109
0.109
0.103
0.109
0.109
0.109
0.109
0.109
0.106
0.109
0.109
0.102
0.109
0.109
0.109
0.109
0.109
0.109
0.109
0.109
0.109
0.098
0.093
-3.833
0.109
0.109
0.089
0.098
0.098
-1.856
0.083
0.098
0.106
0.106
0.104
0.109
0.089
0.098
0.106
0.086
0.098
0.107
0.165
0.165
0.165
-2.143
-1.252
-1.371
0.000
0.000
0.000
0.000
0.000
0.000
0.000
0.000
0.000
0.000
0.000
0.000
0.098
0.098
0.098
0.098
0.098
0.098
0.098
0.098
0.106
0.098
0.098
0.090
0.000
0.000
0.000
0.000
0.000
0.000
0.000
0.000
0.000
0.000
0.000
0.000
0.000
0.000
0.000
