fixedStep chrom=ENSGT00390000018872 start=1 step=1
0.109
0.116
0.104
0.107
0.109
-2.825
0.082
0.098
-1.354
-2.957
0.092
0.091
0.100
0.105
0.104
-1.121
-0.765
-2.069
-1.615
-1.100
-1.124
-1.066
-1.495
-0.956
0.116
0.116
0.107
0.100
0.085
-1.365
0.100
0.110
0.105
-1.543
-1.358
0.110
0.110
0.116
0.116
-2.105
0.116
-2.058
-1.403
0.109
0.107
0.088
-1.311
-3.574
0.107
0.107
0.106
-3.556
-1.365
0.084
0.100
-1.405
0.116
-2.714
-1.354
-1.365
0.116
0.116
0.116
0.116
0.116
0.116
0.116
0.116
0.114
0.116
0.116
0.116
0.116
0.116
-1.442
0.116
0.116
0.116
0.116
0.116
0.116
0.116
0.116
0.106
0.116
0.116
0.116
0.109
0.107
0.089
0.115
0.116
0.116
0.114
0.116
0.100
0.113
0.116
0.114
0.116
0.116
0.116
0.116
0.090
-2.788
0.116
0.116
0.116
0.116
0.116
0.110
0.116
0.116
0.102
0.102
0.107
0.106
0.107
0.106
0.107
0.107
0.107
0.107
0.107
0.107
0.107
0.100
0.107
0.105
0.107
0.107
0.101
0.107
0.107
0.094
0.107
0.100
0.100
0.107
0.107
0.102
0.101
0.078
0.107
0.107
0.107
0.107
0.107
0.107
0.077
0.107
0.107
0.107
0.101
0.104
0.085
0.102
0.101
-1.096
0.107
0.107
0.086
0.107
0.073
0.107
0.107
0.107
0.104
0.107
0.107
0.107
0.078
0.107
0.099
0.107
0.107
0.101
0.078
0.107
-1.057
0.107
0.101
0.107
0.107
0.107
0.101
0.101
0.107
0.107
0.107
0.107
0.105
0.107
0.107
0.100
0.107
0.090
0.107
0.107
0.107
0.101
0.100
0.107
0.101
0.107
0.107
0.107
0.107
0.104
0.107
0.107
0.107
0.102
0.107
0.107
0.107
0.107
0.107
0.101
0.107
0.107
-2.609
0.107
0.100
0.107
0.107
0.107
0.107
0.107
0.107
0.094
0.107
0.102
0.107
-0.537
0.107
0.105
0.107
0.107
0.100
0.107
0.101
-2.000
0.107
0.107
0.101
0.101
0.097
0.085
0.094
0.107
0.107
0.107
0.107
0.101
-1.640
0.102
0.101
0.084
0.102
0.102
-1.770
0.102
0.102
0.086
0.102
0.098
0.102
0.069
0.102
0.095
0.081
0.100
-0.949
-0.949
-0.949
-1.188
0.098
0.102
0.102
0.102
-1.188
0.102
0.102
0.081
0.102
0.102
0.095
0.102
0.102
0.095
0.102
0.102
0.097
0.102
0.095
0.102
0.088
0.102
0.092
0.102
0.101
0.102
0.099
0.102
0.102
0.069
0.069
0.092
0.102
0.102
-0.797
0.102
0.069
0.095
0.081
0.098
0.102
0.069
0.102
0.079
0.116
0.109
0.116
0.112
0.116
0.103
0.116
-1.398
0.116
0.088
0.113
0.110
0.116
0.112
-1.463
-0.901
-1.961
0.116
0.116
0.116
0.116
0.116
0.102
0.084
0.116
0.115
0.116
0.116
0.116
0.116
0.116
0.090
0.116
0.103
0.111
0.085
0.110
0.110
0.116
0.116
0.105
0.116
0.116
0.116
0.116
0.116
0.116
0.116
0.116
0.116
0.116
0.116
0.116
0.116
0.116
0.116
0.116
0.116
0.116
0.114
0.116
0.116
0.116
0.116
0.116
0.083
0.110
-2.425
0.084
0.116
0.116
0.116
0.116
0.116
0.109
0.106
0.116
0.113
0.116
0.116
0.112
0.116
0.103
0.109
0.083
0.090
0.106
0.110
0.116
0.112
0.116
0.116
0.110
0.116
0.110
0.083
0.116
0.116
0.112
0.116
0.116
0.084
0.116
0.116
0.112
0.116
0.112
0.116
0.116
0.116
0.113
0.116
0.116
0.109
0.116
0.116
0.116
0.112
0.115
0.116
0.116
0.116
0.112
0.114
0.116
0.115
0.116
0.116
0.115
0.116
0.106
0.116
0.116
0.116
0.116
0.106
-1.370
0.100
0.116
0.116
0.116
0.116
0.116
0.082
0.116
0.116
0.116
0.100
0.116
0.116
0.116
0.116
0.105
0.090
0.116
0.083
0.116
0.110
0.106
0.100
0.116
0.091
0.116
0.116
0.112
0.107
0.116
0.112
0.116
0.116
0.114
0.106
0.112
0.116
0.116
0.116
0.109
0.107
0.116
0.116
0.116
0.116
0.111
0.113
0.116
0.109
0.113
0.116
0.116
0.113
0.116
0.116
0.088
0.110
0.106
0.116
0.116
0.113
0.116
0.116
0.116
0.116
0.116
-1.692
0.116
0.116
0.109
0.116
0.116
0.116
0.116
0.116
0.116
0.090
0.105
0.116
0.116
0.116
0.116
0.116
0.114
0.116
0.116
0.116
0.116
0.113
0.113
0.107
0.116
0.116
0.116
0.083
0.084
0.108
0.112
0.114
0.103
0.116
0.112
0.110
0.116
0.109
0.116
0.116
0.116
0.116
0.114
0.116
0.116
0.106
0.110
0.110
0.116
0.088
0.116
0.110
0.116
0.116
0.116
0.116
0.116
0.116
0.092
0.092
0.092
0.092
0.092
0.092
0.092
0.092
-0.973
-1.013
-0.972
0.000
0.000
0.000
0.082
0.082
0.092
0.092
0.092
0.092
0.092
0.092
0.092
0.092
0.092
0.092
0.092
0.092
0.088
0.092
0.092
-1.756
0.088
0.082
0.092
0.092
0.090
0.092
0.092
0.088
0.092
0.092
0.092
0.092
0.092
-0.689
-0.673
0.092
0.092
0.092
0.092
0.076
0.092
0.092
0.092
0.092
0.091
0.092
0.092
0.082
0.082
0.092
-1.233
0.092
0.092
0.092
0.092
0.082
-0.767
-0.767
-0.826
-0.780
-0.767
-0.767
-0.767
-0.755
-0.753
0.102
0.086
0.102
0.102
0.101
0.099
0.096
0.086
-1.105
0.095
0.102
-1.188
0.095
0.102
0.102
0.102
0.102
0.102
0.102
0.098
0.085
0.102
0.102
0.098
0.092
0.102
0.077
0.102
0.102
0.099
0.102
0.098
0.095
0.000
0.000
0.000
0.000
0.000
0.000
0.000
0.000
0.000
0.000
0.000
0.000
0.000
0.000
0.000
0.000
0.000
0.000
0.000
0.000
0.000
0.102
0.102
0.101
0.102
0.102
0.098
0.102
0.102
0.102
0.069
0.095
0.102
0.099
0.102
0.097
0.102
0.102
-1.439
0.102
0.102
0.092
0.098
0.102
0.102
0.102
0.102
0.102
0.102
0.102
0.102
0.088
0.102
0.098
0.102
0.102
0.102
0.102
0.102
0.102
0.102
0.102
0.099
0.088
0.102
0.102
0.102
0.102
0.098
0.102
0.102
0.098
0.097
0.102
0.102
0.102
0.102
0.069
0.102
0.102
0.102
0.087
0.102
0.102
0.102
0.086
0.102
0.095
0.102
0.102
0.095
0.102
0.102
0.095
0.102
-2.416
0.102
0.102
0.102
0.102
0.102
0.097
0.102
0.102
0.102
0.095
0.102
0.101
0.102
0.102
0.102
0.102
0.102
0.102
0.102
0.102
0.102
0.102
0.092
0.102
0.102
0.102
0.102
0.000
0.000
0.000
0.000
0.000
0.000
0.000
0.000
0.000
0.000
0.000
0.000
0.000
0.000
-0.981
-1.852
-2.157
-1.559
-1.556
-1.852
-1.333
-1.933
-1.940
-4.787
-1.329
-1.940
-2.355
-1.933
-1.859
-2.356
-2.523
-2.967
0.000
0.000
0.000
0.000
0.000
0.000
0.000
0.000
0.000
0.000
