fixedStep chrom=ENSGT00390000001289 start=1 step=1
0.000
0.000
0.000
0.000
0.000
0.000
0.000
0.000
0.000
0.000
0.000
0.000
0.000
0.000
0.000
0.057
0.057
0.057
0.057
0.057
0.057
0.057
0.057
0.057
0.057
0.057
0.057
0.057
0.057
0.057
0.057
0.057
0.057
-0.229
-0.227
-0.229
0.152
0.154
-0.230
-0.229
0.139
0.137
0.152
-0.226
0.152
0.152
0.152
-0.906
0.152
0.150
0.127
0.139
0.154
0.152
-0.229
0.152
0.139
0.152
0.152
0.145
-0.229
-0.230
0.140
0.139
0.154
-0.227
-0.456
0.154
0.117
0.152
0.152
-0.920
0.152
0.139
0.146
0.152
0.152
0.150
-0.458
0.121
0.139
0.152
0.152
0.110
0.152
0.152
0.131
0.135
0.154
0.151
0.152
0.152
-1.397
0.139
0.144
0.152
0.154
0.154
0.140
-0.229
-0.226
-0.247
0.139
-0.229
0.146
0.152
0.152
0.147
-0.226
0.152
0.152
0.057
0.057
0.057
0.054
0.054
0.054
0.152
0.140
-0.230
0.152
0.145
-0.462
0.154
0.154
0.145
0.152
0.152
0.140
0.154
-0.226
0.152
0.152
0.152
-0.260
0.149
0.149
-0.533
-0.259
0.145
0.148
-0.531
0.144
-0.259
-0.256
0.148
0.150
0.000
0.000
0.000
0.000
0.000
0.000
0.000
0.000
0.000
0.000
0.000
0.000
0.000
0.000
0.000
0.000
0.000
0.000
0.000
0.000
0.000
0.000
0.000
0.000
0.000
0.000
0.000
0.000
0.000
0.000
0.000
0.000
0.000
0.000
0.000
0.000
0.000
0.150
0.104
0.148
0.149
0.147
0.148
0.149
0.149
0.149
0.148
0.149
-1.202
0.143
0.146
-1.620
-0.329
0.142
-0.260
-0.257
-0.450
0.148
0.148
0.149
-0.259
0.149
0.124
0.149
0.149
0.149
0.149
0.150
0.148
-0.260
0.149
-0.260
-0.259
0.150
0.143
0.143
0.150
0.149
0.149
0.150
0.136
0.148
0.148
-1.529
0.149
0.149
-0.260
0.149
-0.256
0.148
0.150
0.150
0.149
0.149
0.149
0.148
0.149
0.150
-1.063
-0.260
-0.259
-0.845
0.148
0.150
-0.260
0.150
0.148
0.148
0.148
0.149
0.148
0.149
0.136
0.143
-0.259
0.150
-0.260
-0.260
0.150
0.123
-0.256
-0.260
0.131
-0.256
0.149
0.149
0.149
0.150
0.148
0.147
0.148
-1.631
0.130
-0.256
0.136
0.124
0.146
-0.260
0.148
0.149
0.148
0.136
0.150
-0.257
0.148
0.149
0.149
-0.260
0.149
0.148
0.150
0.150
0.149
0.136
-0.257
-0.260
0.150
0.148
0.142
0.148
0.149
0.149
0.131
0.139
0.144
0.149
-0.256
-0.260
0.149
0.149
0.136
0.136
0.136
0.136
0.148
-0.257
-0.260
-0.260
0.150
-0.260
0.150
0.149
0.144
0.149
0.149
0.115
-0.259
0.150
-0.260
-0.260
0.150
0.139
-0.744
0.149
0.149
-0.259
0.136
0.148
0.149
0.148
0.136
0.149
0.150
-0.260
0.131
0.148
-0.260
-0.259
0.149
-0.260
0.149
0.150
-0.533
0.148
0.149
-1.958
0.124
-0.278
0.136
0.152
0.152
0.152
0.152
0.152
0.152
0.152
0.152
0.152
0.152
0.152
0.136
-0.229
0.140
0.149
0.152
0.152
0.152
-0.227
0.152
-2.093
0.152
0.152
-0.459
-0.230
-0.227
0.152
0.152
0.152
0.152
-0.227
-0.230
-0.567
0.154
0.152
0.145
0.152
0.152
-0.398
-0.480
0.154
-0.834
0.152
0.152
0.137
-0.229
0.152
-0.297
0.152
0.154
0.152
0.140
-0.241
0.141
0.152
-0.229
-0.890
0.140
0.152
0.152
-0.229
0.139
0.152
-0.227
0.152
-0.915
0.152
0.154
0.152
0.152
0.152
0.149
0.140
0.152
0.144
0.152
-0.229
-0.971
0.152
0.152
0.152
0.152
0.154
0.150
0.152
0.152
0.147
0.152
-0.229
-0.230
0.152
0.154
0.152
0.152
0.152
0.152
-0.229
0.152
0.152
0.139
0.152
-0.230
0.152
0.152
0.117
0.152
0.152
0.152
0.152
0.152
0.148
0.152
0.154
-0.230
0.151
0.154
0.152
0.154
0.154
0.145
-0.230
-0.226
-0.230
0.152
0.154
0.125
0.152
0.152
0.151
-0.229
0.154
0.152
0.152
0.154
0.132
-0.229
0.152
0.152
0.152
0.154
-0.227
0.057
0.057
0.057
0.054
0.054
0.050
0.139
-0.230
0.152
0.152
0.152
0.111
0.139
0.152
0.140
0.139
-0.229
0.108
0.154
0.152
0.152
0.152
0.152
0.152
-0.229
0.139
0.152
0.152
0.152
-0.230
-0.229
0.152
-0.481
0.154
0.152
0.152
0.139
-0.229
0.133
0.128
0.154
0.152
0.152
-0.475
-0.614
0.139
0.152
0.145
0.127
0.152
-1.068
0.152
0.152
0.152
0.152
0.152
0.152
0.139
0.140
0.132
0.152
0.152
0.152
0.152
0.149
0.138
0.152
0.154
0.152
0.152
0.152
-0.789
-0.475
0.154
0.147
-0.229
0.154
0.152
0.152
0.152
0.148
-0.230
0.139
0.143
0.152
0.152
0.140
0.152
0.152
-0.474
0.152
0.152
0.145
0.152
0.152
0.152
0.147
0.154
-0.459
0.154
-0.226
0.147
-0.229
0.139
-0.996
-0.230
-0.226
0.145
0.152
0.152
-0.364
0.151
0.139
0.130
-0.227
-0.227
-0.230
0.139
0.152
0.152
0.152
0.152
0.145
0.152
0.152
0.144
-0.227
0.152
0.144
0.110
0.152
0.152
0.152
0.152
0.152
0.154
0.152
0.152
0.140
0.152
-0.496
0.152
0.152
-0.896
0.152
0.152
0.152
0.152
0.154
0.147
0.144
0.140
0.133
0.154
0.152
0.152
0.152
0.154
-0.474
0.152
0.139
0.152
0.152
0.152
0.152
0.152
0.154
0.152
0.146
0.152
0.152
0.152
0.140
-0.230
0.152
0.152
0.152
0.148
0.149
0.138
-0.259
0.149
0.146
0.149
0.149
0.131
-0.257
0.148
0.148
-0.257
-0.259
-0.330
-0.467
0.136
0.112
-0.260
0.149
-1.524
0.150
0.148
0.148
-0.259
0.150
-0.260
-0.259
0.147
0.148
0.149
0.150
0.143
0.148
0.149
-1.010
-0.259
0.149
0.148
-0.259
-0.256
0.148
0.149
0.150
0.149
0.149
-0.259
-1.978
-0.259
0.149
-1.080
0.149
0.150
0.148
-0.259
0.150
-0.525
0.149
0.150
0.149
0.149
0.149
0.149
0.150
0.149
0.152
0.154
0.152
0.151
0.152
0.152
0.152
0.154
0.152
0.152
-0.229
-0.226
0.151
0.152
0.154
0.152
-1.195
-1.504
-1.080
0.139
-0.255
-0.230
0.148
0.152
0.152
0.152
0.152
0.152
0.154
0.152
0.152
0.154
0.152
0.149
0.152
0.152
0.150
0.152
0.154
0.152
0.152
0.154
0.152
0.150
0.152
-0.230
0.152
0.152
0.152
-0.227
-0.230
0.152
-0.227
-0.230
0.149
-0.227
-0.229
0.152
0.152
0.154
0.145
0.152
0.154
0.135
-0.229
0.136
-0.230
-0.229
0.152
-0.716
0.140
0.152
0.146
-0.230
-0.229
-0.456
0.152
0.139
0.150
0.150
-0.226
0.148
0.147
0.151
-0.316
0.150
0.152
0.152
0.152
0.152
0.147
0.154
0.152
0.152
0.154
-0.227
0.149
0.139
-0.226
0.152
0.145
0.152
-0.452
0.152
-0.230
0.152
-0.229
0.139
0.134
0.152
0.152
0.140
0.152
0.152
0.142
0.152
0.152
0.150
0.152
-0.229
-1.248
0.152
0.154
0.152
0.154
0.152
0.152
0.152
0.152
0.138
0.150
-0.229
-0.992
-0.230
-0.391
-1.374
0.152
0.152
0.152
0.152
0.152
0.152
-0.229
0.152
0.150
0.152
0.152
-0.818
0.152
0.152
0.152
0.140
0.154
0.117
0.110
-0.251
-0.475
0.152
0.152
0.150
0.152
0.154
0.152
0.152
0.154
0.152
0.152
0.152
0.150
0.152
0.154
0.152
0.152
0.152
-0.230
0.152
0.152
0.132
0.127
0.152
0.152
-0.229
0.154
0.152
-0.230
-0.229
0.138
-0.229
-0.229
-0.799
0.152
0.140
-1.327
0.152
0.154
0.152
-0.229
0.152
0.152
-0.229
0.152
0.139
0.152
0.152
0.152
0.152
0.154
0.152
-0.229
0.151
0.150
-0.230
0.140
-0.394
0.152
0.154
0.150
0.152
0.152
0.152
0.117
0.111
-1.167
-0.961
-0.967
-1.372
-0.965
-0.949
-1.586
-0.230
-0.230
0.149
-0.997
0.146
0.130
0.143
0.150
0.152
-0.998
0.150
-0.460
0.143
0.150
0.137
0.150
0.150
0.146
0.150
0.150
-0.230
-1.739
0.139
0.151
-0.998
0.131
-0.996
0.144
0.152
0.150
0.154
-0.227
0.151
0.144
0.142
0.142
0.137
0.130
0.149
0.150
0.151
-0.460
0.131
0.151
-0.460
-0.981
-0.230
0.152
-0.961
-0.965
0.000
0.000
0.000
0.000
0.000
0.000
0.000
0.000
0.000
0.000
0.000
0.000
0.000
0.000
0.000
0.000
0.000
0.000
0.000
0.000
0.000
0.000
0.000
0.000
0.000
0.000
0.000
0.000
0.000
0.000
0.000
0.000
0.000
0.000
0.000
0.000
0.000
0.000
0.000
0.000
0.000
0.000
0.000
0.000
0.000
0.000
0.000
0.000
0.000
0.000
0.000
0.000
0.000
0.000
0.000
0.000
0.000
0.000
0.000
0.000
0.000
0.000
0.000
0.000
0.000
0.000
0.000
0.000
0.000
0.000
0.000
0.000
0.000
0.000
0.000
0.000
0.000
0.000
0.000
0.000
0.000
0.000
0.000
0.000
0.000
0.000
0.000
0.000
0.000
0.000
0.000
0.000
0.000
0.000
0.000
0.000
0.000
0.000
0.000
0.000
0.000
0.000
0.000
0.000
0.000
0.000
0.000
0.000
0.000
0.000
0.000
0.000
0.000
0.000
0.000
0.000
0.000
0.000
0.000
0.000
0.000
0.000
0.000
0.000
0.000
0.000
0.000
0.000
0.000
0.000
0.000
0.000
0.000
0.000
0.000
0.000
0.000
0.000
0.000
0.000
0.000
0.000
0.000
0.000
0.000
0.000
0.000
0.000
0.000
0.000
0.000
0.000
0.000
0.000
0.000
0.000
0.000
0.000
0.000
0.000
0.000
0.000
0.000
0.000
0.000
0.000
0.000
0.000
0.000
0.000
0.000
0.000
0.000
0.000
0.000
0.000
0.000
0.000
