fixedStep chrom=ENSGT00390000006534 start=1 step=1
-0.539
-0.539
-0.539
-0.539
-0.539
-0.539
-0.539
-0.539
-0.539
-0.539
-0.539
-0.830
0.093
0.093
0.093
0.093
0.093
0.093
0.093
0.093
-0.738
-0.736
0.093
-0.736
0.093
-0.736
0.093
-0.738
0.081
-0.738
-0.738
0.093
-0.735
0.093
-0.738
0.093
0.093
0.093
-0.736
-0.539
-0.539
-0.539
-0.916
-0.539
-0.539
-0.539
-0.539
-0.539
-0.606
-0.550
-0.550
-0.539
-0.543
-0.539
-0.735
0.093
0.093
0.093
0.093
0.081
0.075
-0.738
0.086
0.093
0.093
0.093
0.093
0.081
0.093
0.093
0.093
0.093
0.074
0.093
0.093
0.093
0.093
0.093
0.093
0.093
-0.736
0.093
0.081
0.093
0.093
0.093
0.081
0.081
0.093
0.093
0.093
0.088
0.088
0.093
0.081
0.093
0.093
0.093
-0.738
0.093
0.093
0.093
0.093
0.093
0.093
0.093
0.093
0.093
0.093
0.093
0.093
0.093
0.093
0.093
0.081
0.075
0.093
-0.539
-0.539
-1.572
0.086
-0.736
0.075
0.088
0.093
0.093
0.086
0.093
0.093
-0.735
0.081
0.093
0.081
-0.738
0.093
0.088
0.093
0.083
0.093
0.093
0.093
0.093
0.093
0.093
0.075
0.081
-0.724
0.075
0.093
0.093
0.093
0.093
0.093
0.093
0.093
0.088
0.093
0.093
0.075
0.093
0.086
0.093
0.093
0.093
0.088
0.081
0.093
0.093
0.093
-1.562
0.081
0.092
0.093
0.093
0.093
0.093
0.093
0.092
0.093
0.093
0.093
0.093
0.086
0.093
0.093
0.075
0.088
0.093
0.093
0.093
0.075
0.093
0.093
0.093
0.093
0.093
0.093
0.093
0.093
0.093
0.093
-0.738
0.093
0.092
0.093
0.093
0.093
0.093
0.093
0.092
0.093
0.093
0.093
0.093
0.093
0.080
0.093
0.093
0.093
0.093
0.093
0.093
0.093
0.093
0.093
0.093
0.081
0.093
0.088
-0.735
0.093
0.000
0.000
0.000
0.093
0.093
-0.724
-0.738
0.093
0.093
0.093
0.093
0.093
0.093
0.093
0.093
0.081
0.093
0.093
0.093
0.093
0.081
-0.539
-0.539
-0.539
-0.539
-0.539
-0.539
0.081
0.093
0.093
0.093
-0.738
0.093
0.093
0.093
0.093
0.093
0.093
0.093
0.093
0.081
0.093
0.075
0.093
0.093
0.081
0.093
0.093
0.081
0.093
0.093
0.081
-0.724
0.093
0.075
0.075
0.093
-2.234
0.088
0.082
-2.296
-1.209
-1.614
0.093
0.093
0.093
-0.724
0.093
0.093
0.093
0.093
0.081
0.093
0.081
0.093
0.093
-0.738
-0.736
-0.736
0.093
0.093
0.092
0.093
0.093
0.093
0.093
-1.562
0.093
0.093
-0.736
0.093
0.093
0.093
0.093
0.075
0.081
0.093
0.081
0.093
0.081
0.093
-0.736
0.093
-0.736
-0.736
-2.043
0.086
-0.738
0.093
0.093
0.093
0.093
0.086
0.081
0.093
0.093
0.075
0.093
0.093
0.093
0.093
0.093
0.088
-0.724
0.093
0.093
0.093
0.093
0.093
-1.419
0.093
0.075
0.081
0.093
0.093
0.093
0.093
0.093
0.093
0.093
0.093
0.093
0.093
0.093
0.092
0.093
0.093
0.093
0.088
0.093
0.093
0.088
0.093
0.093
0.093
0.093
0.093
0.093
0.093
0.088
0.093
0.093
0.093
0.093
0.081
0.093
-1.411
0.093
0.081
-0.736
0.093
0.093
0.093
0.093
0.081
0.093
0.093
0.093
0.093
0.093
0.093
0.093
0.081
0.093
0.093
-0.738
0.093
0.093
0.093
0.093
0.075
0.093
-0.738
0.093
0.093
0.093
-0.736
0.093
0.093
0.093
0.093
0.093
0.093
0.093
0.093
0.093
0.093
-0.539
-0.539
-0.539
-0.539
-0.539
-0.539
-0.539
-0.539
-0.539
0.075
0.086
0.081
-0.724
0.093
-0.738
0.093
0.088
0.081
0.093
0.093
0.074
0.093
-1.416
-0.736
-1.420
0.080
0.081
-0.738
0.093
0.093
-0.736
-0.736
0.081
0.075
-0.736
0.093
0.093
0.093
0.093
0.093
-0.738
-0.735
-0.735
-0.956
0.093
0.093
-0.738
0.081
0.000
0.000
0.000
0.000
0.000
0.000
0.000
0.000
0.000
0.000
0.000
0.000
0.000
0.000
0.000
0.000
0.000
0.000
0.000
0.000
0.000
0.000
0.000
0.000
0.000
0.000
0.000
0.000
0.000
0.000
0.000
0.000
0.000
0.000
0.000
0.000
0.000
0.000
0.000
0.000
0.000
0.000
0.000
0.000
0.000
0.000
0.000
0.000
0.000
0.000
0.000
0.000
0.000
0.000
0.000
0.000
0.000
0.000
0.000
0.000
0.000
0.000
0.000
0.000
0.000
0.000
0.000
0.000
0.000
0.000
0.000
0.000
0.000
0.000
0.000
0.000
0.000
0.000
0.000
0.000
0.000
0.000
0.000
0.000
0.000
0.000
0.000
0.000
0.000
0.000
0.000
0.000
0.000
0.000
0.000
0.000
0.000
0.000
0.000
0.000
0.000
0.000
0.000
0.000
0.000
0.000
0.000
0.000
0.000
0.000
0.000
0.000
0.000
0.000
0.000
0.000
0.000
0.000
0.000
0.000
0.000
0.000
0.000
0.000
0.000
0.000
0.000
0.000
0.000
0.000
0.000
0.000
0.000
0.000
0.000
0.000
0.000
0.000
0.000
0.000
0.000
0.000
0.000
0.000
0.000
0.000
0.000
0.000
0.000
0.000
0.000
0.000
0.000
0.000
0.000
0.000
