fixedStep chrom=ENSGT00390000000696 start=1 step=1
0.000
0.000
0.000
0.000
0.000
0.000
0.000
0.000
0.000
0.000
0.000
0.000
0.000
0.000
0.000
0.000
0.000
0.000
0.000
0.000
0.000
0.000
0.000
0.000
0.000
0.000
0.000
0.000
0.000
0.000
0.000
0.000
0.000
0.000
0.000
0.000
0.000
0.000
0.000
0.000
0.000
0.000
0.000
0.000
0.000
0.000
0.000
0.000
0.000
0.000
0.000
0.000
0.000
0.000
0.000
0.000
0.000
0.000
0.000
0.000
0.102
0.102
0.102
0.102
0.102
0.102
0.102
0.102
0.096
0.087
0.102
0.102
0.087
0.087
0.086
0.091
0.091
0.089
0.091
0.091
0.091
0.085
0.091
-3.251
0.091
0.091
0.071
0.090
0.091
0.091
0.090
0.085
0.069
0.091
0.074
0.069
0.091
0.074
0.091
0.091
0.091
0.091
0.091
0.087
0.091
0.091
0.084
0.089
0.091
0.090
0.087
0.091
0.087
0.077
0.091
0.085
0.084
0.064
0.091
0.091
0.090
-2.691
0.067
0.091
0.087
0.091
0.091
0.085
0.091
0.074
0.091
0.091
0.000
0.000
0.000
0.091
0.091
0.091
0.091
0.091
-4.787
0.091
0.074
0.074
-1.341
-1.338
-1.600
-0.588
-0.591
-0.588
0.091
0.090
0.085
0.073
0.087
0.084
0.091
0.091
0.091
0.087
0.087
0.087
0.091
0.091
0.077
0.090
0.091
0.091
0.091
0.091
0.091
0.087
0.087
0.090
0.091
0.091
0.091
0.091
0.091
0.087
0.091
0.091
-2.033
0.091
0.091
-2.780
0.091
0.091
0.091
0.091
0.091
0.091
0.091
0.091
0.089
0.090
0.091
0.091
0.091
0.091
0.091
0.090
0.091
0.085
0.001
0.001
0.001
0.091
0.091
0.078
-0.974
-0.885
-1.370
-0.886
-0.885
-3.462
-0.899
-0.903
-0.902
0.091
0.091
0.085
0.084
0.091
0.091
0.085
0.087
0.076
0.091
0.091
0.091
0.090
0.091
0.091
0.102
0.102
0.102
0.102
0.102
0.102
0.101
0.102
0.102
0.102
0.102
0.101
0.102
0.102
0.102
0.102
0.102
0.102
0.102
0.102
0.102
0.102
0.102
0.102
0.102
0.102
0.097
0.102
0.102
0.101
0.085
0.102
0.081
0.102
0.102
0.102
0.102
0.102
0.099
0.102
0.099
0.101
0.102
0.102
0.097
0.099
0.102
0.102
0.102
0.102
0.102
0.102
0.102
0.102
0.102
0.102
0.102
0.102
0.102
0.102
0.102
0.102
0.102
0.102
0.102
0.102
0.101
0.102
0.102
0.102
0.102
0.102
0.102
0.102
0.102
0.102
0.102
0.102
0.102
0.102
0.096
0.099
0.102
0.102
0.102
0.102
0.102
0.102
0.102
0.102
0.102
0.102
0.102
0.102
0.102
0.102
0.102
0.102
0.102
0.102
0.099
0.102
0.102
0.102
0.100
0.102
0.102
0.101
0.102
0.102
0.102
0.102
0.102
0.102
0.102
0.102
0.087
0.078
0.102
0.102
0.102
0.102
0.102
0.102
0.102
0.087
0.102
0.102
0.098
0.102
0.102
0.102
0.102
0.102
0.102
0.102
0.102
0.102
0.096
0.102
0.102
0.102
0.102
0.102
0.102
0.102
0.102
0.102
0.102
0.100
0.102
0.102
0.102
0.102
0.102
0.102
0.097
0.097
0.097
0.097
0.097
0.093
0.095
0.097
0.097
0.097
0.097
0.097
0.091
0.097
0.097
0.097
0.097
0.092
0.097
0.097
0.097
0.092
0.097
0.095
0.096
0.097
0.097
0.097
0.097
0.092
0.031
0.031
0.031
-0.899
-0.903
-0.923
0.094
0.097
0.073
0.097
0.097
0.097
0.097
0.097
0.097
0.097
0.097
0.097
0.097
0.097
0.097
0.090
0.097
0.097
0.097
0.097
0.097
0.097
0.097
0.097
0.097
0.097
0.097
0.097
0.097
0.095
0.097
0.097
0.097
0.097
0.097
0.097
0.097
0.097
0.096
0.097
0.097
0.097
0.097
0.097
0.097
0.097
0.097
0.068
0.097
0.097
0.097
0.097
0.097
0.097
0.097
0.097
0.097
-0.886
-0.886
-0.883
0.081
0.081
0.101
0.102
0.102
0.102
0.102
0.102
0.102
0.102
0.101
0.099
0.102
0.102
0.102
0.102
0.102
0.097
0.102
0.102
0.102
0.085
0.102
0.102
0.102
0.102
0.102
0.102
0.102
0.102
-0.890
-0.883
-0.883
0.102
0.102
0.095
0.102
0.102
0.081
0.081
0.076
0.100
0.102
0.102
0.099
0.102
0.102
0.102
0.102
0.102
0.102
0.102
0.102
0.102
0.102
0.102
0.102
0.102
0.102
0.077
0.102
0.099
0.102
0.102
0.100
0.102
0.102
0.099
0.087
0.102
0.102
0.102
0.102
0.102
0.102
0.102
0.102
0.102
0.102
0.102
0.102
0.102
0.102
0.099
0.102
0.102
0.102
0.098
0.102
0.087
0.096
0.102
0.097
0.097
0.102
0.102
0.102
0.102
0.102
0.102
0.102
0.102
0.102
0.102
0.102
0.102
0.102
0.102
0.097
0.102
0.102
0.102
0.102
0.102
0.102
0.102
0.102
-1.365
-0.883
-0.883
0.102
0.102
0.081
0.102
0.102
0.096
0.102
0.102
0.102
0.102
0.102
0.102
0.102
0.102
0.102
0.102
0.102
0.102
0.102
0.102
0.102
0.102
0.102
0.094
0.098
0.102
0.081
0.102
0.102
0.102
0.102
0.102
0.102
0.102
0.102
0.102
0.102
0.102
0.095
0.102
0.102
0.097
0.102
0.102
0.102
0.102
0.102
0.102
0.102
0.102
0.102
0.096
0.102
0.102
0.102
0.102
0.102
0.102
0.102
0.097
0.102
0.102
0.102
0.102
0.102
0.097
0.097
0.097
0.097
0.097
0.097
0.097
0.091
0.097
0.091
0.097
0.096
0.088
0.097
0.096
0.073
0.097
0.097
0.081
0.097
0.097
0.097
0.097
0.091
0.097
0.097
0.097
0.092
0.097
0.097
0.093
0.097
0.097
0.097
0.097
0.097
0.097
0.097
0.097
0.093
0.097
0.097
0.092
0.097
0.097
0.097
0.097
0.097
0.097
0.092
0.090
0.097
0.097
0.097
0.097
0.097
0.097
0.092
0.097
0.097
0.097
0.097
0.097
0.097
0.097
0.097
0.097
0.097
0.097
0.097
0.097
0.097
0.097
0.097
0.097
0.097
0.097
0.097
0.097
0.096
0.097
0.097
0.097
0.097
0.097
0.097
0.097
0.081
0.097
0.097
0.097
0.097
0.097
0.097
0.097
0.073
0.097
0.097
0.093
0.097
0.097
0.097
0.097
0.000
0.000
0.000
0.097
0.096
0.097
0.097
0.097
0.097
0.097
0.097
0.097
0.091
0.072
0.073
0.097
0.097
0.097
0.097
0.093
0.097
0.073
0.097
0.097
0.097
0.097
0.081
0.097
0.097
0.097
0.097
0.073
0.097
0.097
0.073
0.097
0.093
0.097
0.093
0.097
0.097
0.097
0.097
0.097
0.097
0.097
0.097
0.097
0.097
0.097
0.097
0.097
0.097
0.097
0.097
0.097
0.097
0.097
0.097
0.097
0.097
0.097
0.097
0.097
0.097
0.097
0.097
0.097
0.097
0.097
0.097
0.097
0.102
0.102
0.102
-1.355
-0.907
-0.908
0.000
0.000
0.000
0.000
0.000
0.000
0.000
0.000
0.000
0.000
0.000
0.000
0.000
0.000
0.000
0.000
0.000
0.000
0.000
0.000
0.000
0.000
0.000
0.000
0.000
0.000
0.000
0.000
0.000
0.000
0.000
0.096
0.099
0.102
0.098
0.097
0.097
0.099
0.082
0.093
0.077
0.084
0.080
-1.951
-1.830
0.083
0.077
0.074
0.095
0.100
0.083
0.101
0.092
0.086
0.092
0.092
0.081
-0.793
-0.793
-0.891
-0.130
-0.128
-0.129
-0.359
-0.129
-0.128
-1.990
-2.263
-0.999
-1.924
0.100
0.093
-1.926
0.074
0.077
0.092
0.092
0.076
0.102
0.100
0.093
0.093
0.000
0.000
0.000
0.000
0.000
0.000
0.000
0.000
0.000
0.000
0.000
0.000
0.000
0.000
0.076
0.097
0.093
0.092
0.102
0.084
0.085
0.102
0.099
0.077
0.094
-1.588
-0.359
-0.128
-0.269
-0.128
-0.270
-0.269
-0.270
-0.270
-0.124
-0.130
-0.130
-0.124
-0.124
-0.269
-0.359
-0.269
-0.130
-0.130
-0.130
-0.130
-0.130
0.000
0.000
0.000
0.000
0.000
0.000
0.000
0.000
0.000
0.000
0.000
0.000
0.000
0.000
0.000
0.000
0.000
0.000
0.093
0.081
0.074
0.075
0.100
0.102
0.082
0.075
0.084
0.098
0.092
0.094
0.081
0.083
0.093
-1.599
0.081
0.075
0.076
0.097
0.083
0.082
-1.573
-1.617
0.093
0.102
0.102
0.075
0.102
0.086
0.074
0.076
0.076
0.102
0.076
0.083
0.082
0.081
0.075
0.077
-1.737
-2.342
0.097
0.096
-1.579
-1.613
0.097
0.078
0.093
-1.573
0.076
0.000
0.000
0.000
0.000
0.000
0.000
0.000
0.000
0.000
0.000
0.000
0.000
0.000
0.000
0.000
0.102
0.075
-2.642
0.077
0.076
0.077
-0.964
-0.883
-1.418
-1.773
-1.406
-0.964
-1.002
-1.415
-1.406
-1.958
-1.816
-0.883
-1.418
-1.776
-1.370
0.000
0.000
0.000
0.000
0.000
0.000
0.000
0.000
0.000
0.000
0.000
0.000
0.000
0.000
0.000
-1.617
0.093
0.099
0.074
-1.720
-2.412
-0.552
-0.568
-0.549
-0.568
-0.552
-0.553
0.000
0.000
0.000
