fixedStep chrom=ENSGT00390000008848 start=1 step=1
0.000
0.000
0.000
0.000
0.000
0.000
0.000
0.000
0.000
0.000
0.000
0.000
0.000
0.000
0.000
0.000
0.000
0.000
0.000
0.000
0.000
0.000
0.000
0.000
0.000
0.000
0.000
0.000
0.000
0.000
0.000
0.000
0.000
-1.283
-1.281
-1.283
-1.647
-1.283
-1.611
-2.276
-1.283
-1.283
-1.283
-1.281
-1.576
-2.269
0.058
0.056
-0.718
-0.718
-0.717
0.058
0.058
0.058
0.058
0.058
-1.974
0.054
0.058
0.058
0.058
0.058
0.058
0.057
0.055
0.058
0.058
0.058
0.058
0.058
0.058
0.057
0.058
0.055
0.058
0.058
0.058
0.058
0.058
0.058
0.058
0.058
0.058
0.058
0.058
0.058
0.055
0.058
0.058
0.055
0.058
0.055
0.058
0.058
0.058
0.058
0.058
0.058
0.058
0.058
0.055
0.058
0.058
0.058
0.058
0.058
0.058
0.058
0.058
0.058
0.058
0.058
0.058
0.058
0.058
0.058
0.054
0.055
0.058
0.058
0.058
0.055
0.056
0.058
0.058
0.058
0.058
0.052
0.058
0.058
0.058
0.058
0.058
0.058
0.055
0.058
0.058
0.058
0.058
0.058
0.058
0.055
0.056
0.055
0.058
0.058
0.058
0.058
0.058
0.058
0.058
0.058
0.057
0.058
0.058
0.058
0.058
0.058
0.058
0.058
0.058
0.058
0.058
0.058
0.058
0.058
0.058
0.055
0.058
0.058
0.058
0.058
0.058
0.058
0.058
0.058
0.058
0.058
0.058
0.058
0.058
0.058
0.058
0.058
0.058
0.055
0.058
0.058
0.058
0.058
0.040
0.058
0.058
0.058
0.058
0.058
0.058
0.058
0.058
0.058
0.058
0.057
0.058
0.054
0.056
0.058
0.058
0.054
0.058
0.054
0.058
0.058
0.057
0.058
0.058
0.058
0.058
0.058
0.058
0.054
0.058
0.058
0.055
0.058
0.058
0.058
0.058
0.058
0.058
0.058
0.058
0.058
0.058
0.058
0.058
0.058
0.058
0.058
0.058
0.055
0.058
0.058
0.058
0.058
0.058
0.058
0.058
0.058
0.058
0.058
0.055
0.055
0.055
0.058
0.057
0.055
0.058
0.058
0.058
0.044
0.055
0.058
-1.949
0.058
0.055
0.058
0.055
0.056
0.058
0.058
0.058
0.058
0.058
0.058
0.058
0.058
0.058
0.055
0.058
0.058
0.058
0.058
0.058
0.058
0.049
0.058
0.058
0.058
0.055
0.058
0.044
0.058
0.058
0.054
0.058
0.058
0.058
0.058
0.058
0.058
0.058
0.058
0.058
0.058
0.058
0.058
0.058
0.058
0.054
0.058
0.058
0.057
-2.041
-2.022
-2.041
0.057
0.058
0.058
0.058
0.058
0.058
0.058
0.058
0.058
0.058
0.058
0.054
0.058
0.058
0.058
0.058
0.058
0.054
0.058
0.058
0.054
0.058
0.058
0.058
0.058
0.058
0.058
0.058
0.058
0.054
0.058
0.055
0.058
0.058
0.058
0.054
0.058
0.058
0.058
0.058
0.058
0.055
0.058
0.058
0.055
0.058
0.058
0.057
0.058
0.058
0.058
0.058
0.058
0.058
0.058
0.058
0.054
0.058
0.058
-1.999
0.058
0.058
0.058
0.058
0.058
0.058
0.058
0.058
0.058
0.058
0.058
0.058
0.058
0.058
0.058
0.058
0.058
0.058
0.040
0.058
0.058
0.058
0.058
0.058
0.058
0.058
0.058
0.058
0.058
0.058
0.058
0.055
0.057
0.058
0.058
0.058
0.058
-2.123
0.055
0.058
0.055
0.058
0.058
0.058
0.058
0.058
0.058
0.058
0.058
0.058
0.058
0.058
0.058
0.058
0.058
0.058
0.058
0.058
0.058
0.056
0.058
0.058
0.058
0.040
0.058
0.055
0.058
0.058
0.058
0.058
0.058
0.058
0.049
0.058
0.057
0.058
0.058
0.058
0.044
0.058
0.058
0.047
0.058
0.055
0.058
0.058
0.058
0.058
0.058
0.057
0.058
0.052
0.058
0.058
0.058
0.058
0.058
0.058
0.057
-1.955
0.058
0.054
0.049
0.055
0.058
0.058
0.058
0.058
0.057
0.044
0.058
0.044
0.058
0.058
0.058
0.058
0.058
0.058
0.058
0.058
0.055
0.058
0.058
0.058
0.058
0.057
0.058
0.055
0.058
0.058
0.058
0.058
0.055
0.058
0.058
0.058
0.058
0.058
0.044
0.058
0.054
0.040
0.058
0.058
0.058
0.054
0.058
0.058
0.058
0.054
0.057
0.058
0.058
0.058
0.058
0.058
0.058
0.058
0.058
0.058
0.058
0.057
0.058
0.058
0.058
0.058
0.058
0.058
0.058
0.058
0.058
0.040
0.049
0.058
0.055
0.058
0.058
0.058
0.056
0.058
0.058
0.055
0.058
0.058
0.058
0.058
0.058
0.054
0.058
0.058
0.058
0.054
0.054
0.058
0.058
0.055
0.058
0.058
0.058
0.058
0.058
0.058
0.058
0.058
0.058
0.058
0.056
0.058
0.058
0.058
0.058
0.058
0.058
0.058
0.058
0.058
0.058
0.058
0.055
0.058
0.058
0.058
0.058
0.058
0.058
0.054
0.058
0.058
0.058
0.058
0.053
0.058
0.057
0.054
0.058
0.058
0.055
0.058
0.058
0.058
0.058
0.058
0.055
0.048
0.058
0.054
0.058
0.058
0.058
0.058
0.058
0.058
0.058
0.058
0.058
0.058
0.057
0.058
0.058
0.058
0.058
0.058
0.058
0.058
0.058
0.058
0.058
0.058
0.058
0.058
0.058
0.058
0.055
0.058
0.058
0.044
0.058
0.058
0.055
0.058
0.058
0.044
0.058
0.058
0.055
0.058
0.058
0.058
0.056
0.056
0.058
0.058
0.058
0.058
0.058
0.047
0.040
0.058
0.058
0.058
0.058
0.058
0.057
0.040
0.058
0.056
0.058
0.058
0.055
0.058
0.058
0.058
0.058
0.058
0.058
0.058
0.058
0.055
0.058
0.058
0.058
0.058
0.058
0.058
0.058
0.058
0.058
0.058
0.058
0.058
0.058
0.058
0.058
0.058
0.058
0.058
0.058
0.058
0.057
0.058
0.058
0.044
0.058
0.058
0.040
0.058
0.058
0.058
0.058
0.058
0.058
0.058
0.058
0.058
0.058
0.058
0.058
0.058
0.058
0.058
0.058
0.058
0.056
0.058
0.058
0.055
0.058
0.058
0.058
0.056
0.058
0.054
0.058
0.058
0.058
0.058
0.058
0.058
0.058
0.058
0.058
0.058
0.058
0.058
0.058
0.058
0.058
0.058
0.058
0.058
0.058
0.058
0.058
0.058
0.058
0.058
0.058
0.058
0.055
0.058
0.058
0.058
0.058
0.058
0.058
0.049
0.058
0.058
0.058
0.058
0.058
0.058
0.058
0.040
0.058
0.058
0.040
-1.608
0.058
0.058
0.058
0.058
0.058
0.058
0.058
0.058
0.058
0.058
0.054
0.058
0.058
0.054
0.058
0.058
0.055
0.058
0.058
0.058
0.058
0.058
0.056
0.058
0.058
0.054
0.058
0.058
0.054
0.058
0.058
0.058
0.058
0.058
0.056
0.047
0.058
0.058
0.058
0.058
0.058
0.058
0.058
0.058
0.058
0.058
0.050
0.058
0.058
0.058
0.058
0.058
0.058
0.058
0.058
0.058
0.047
0.058
0.056
0.058
0.058
0.058
0.058
0.058
0.058
0.058
0.058
0.058
0.058
0.058
0.055
0.058
0.058
0.058
0.058
0.055
0.058
0.055
0.058
0.058
0.058
0.058
0.055
0.058
0.058
0.058
0.058
0.058
0.058
0.058
0.058
0.058
0.058
0.058
0.058
0.058
0.058
0.058
0.058
0.058
0.058
0.055
0.058
0.058
0.058
0.058
0.056
0.058
0.058
0.058
0.058
0.058
0.044
0.058
0.058
0.055
0.055
0.058
0.058
0.054
0.058
0.058
0.058
0.058
0.058
0.058
0.058
0.058
0.058
0.048
0.058
0.054
0.058
0.044
0.058
0.058
0.058
0.052
0.058
0.058
