fixedStep chrom=ENSGT00740000115270 start=1 step=1
0.000
0.000
0.000
0.000
0.000
0.000
0.000
0.000
0.000
0.000
0.000
0.000
0.000
0.000
0.000
0.000
0.000
0.000
0.000
0.000
0.000
0.000
0.000
0.000
-2.161
-2.362
-2.367
-2.423
-2.059
-2.651
-2.081
-2.059
-2.367
-2.423
-2.059
-2.098
-2.141
-2.844
-2.141
-2.059
0.000
0.000
0.000
0.000
0.000
0.000
0.000
0.000
0.000
-1.324
-2.235
-2.227
-1.641
-1.520
-1.682
-1.398
-1.673
-1.343
-1.683
-1.324
0.000
0.000
0.000
0.000
0.000
0.000
0.000
0.000
0.000
0.000
0.000
0.000
0.000
0.000
0.000
0.000
0.178
-0.548
-0.061
0.166
-0.126
-0.229
0.171
-0.058
-1.844
-1.637
-1.540
-1.539
-1.287
-1.573
-1.273
-1.539
-1.802
-0.061
-0.104
0.176
0.178
0.174
0.000
0.000
0.000
0.000
0.000
0.000
0.000
0.000
0.000
0.000
0.174
0.176
0.176
0.178
0.174
0.175
-0.058
0.175
0.166
0.176
0.176
-0.114
0.176
-0.061
-0.059
0.165
0.173
-0.408
0.174
0.174
0.165
0.165
0.175
0.166
0.166
0.178
0.174
-0.061
0.166
0.165
-0.227
0.178
-0.519
0.174
0.174
0.174
0.173
0.174
0.165
0.175
-0.061
-0.061
0.094
0.092
0.092
0.094
0.094
0.094
0.176
0.178
0.176
0.166
0.173
0.142
0.174
0.176
-0.896
-0.059
-0.061
-0.485
-0.058
0.176
0.141
0.175
0.176
0.172
0.178
0.174
0.166
0.174
0.174
-0.122
0.176
-0.058
0.174
0.175
-0.061
0.158
0.165
-0.197
-0.200
-0.061
0.176
0.172
0.174
0.175
0.165
-0.061
0.166
-0.061
0.178
0.175
0.176
0.178
0.174
0.176
-0.060
0.166
0.176
0.166
0.175
-0.637
-0.392
0.165
0.177
0.174
0.165
-0.364
0.165
0.175
0.000
0.000
0.000
0.000
0.000
0.000
0.000
0.000
0.000
0.000
0.000
0.000
0.000
0.000
0.000
0.000
0.000
0.000
0.000
0.000
0.000
0.000
0.176
0.175
0.174
-0.061
0.166
-0.724
0.175
0.175
0.166
0.178
0.174
0.166
-0.598
0.165
0.176
0.175
0.169
0.174
0.178
0.174
0.164
0.165
0.175
0.166
-0.059
0.176
0.166
0.165
-0.061
-0.061
0.176
-0.742
-0.060
0.176
0.176
0.178
0.176
0.175
0.176
0.000
0.000
0.000
0.000
0.000
0.000
0.000
0.000
0.000
0.000
0.000
0.175
0.176
0.175
0.176
0.176
-0.060
0.155
-0.061
0.166
0.163
-0.060
-0.061
-0.060
0.165
-0.061
0.166
0.165
0.178
0.174
0.174
0.169
-1.657
-0.704
-0.061
-0.061
0.178
0.176
-2.017
0.178
0.176
-1.709
-0.060
-0.115
0.154
-0.500
-0.061
-0.061
-0.060
0.178
-0.069
0.176
-0.061
0.161
0.321
0.321
0.320
0.321
0.321
0.321
0.178
0.174
0.170
0.178
0.174
0.174
0.176
0.170
0.174
0.178
0.176
-2.318
-0.061
-0.545
0.170
0.165
0.175
-0.211
0.174
0.175
0.175
0.174
0.178
0.174
-0.061
0.174
0.176
-0.061
-0.061
-0.058
0.174
-0.058
-1.583
-0.058
-0.061
-0.532
-0.061
0.177
-0.061
0.173
0.175
0.174
0.166
0.178
0.165
0.174
0.175
0.176
0.176
0.178
0.174
0.171
0.175
-0.116
0.164
-0.061
-1.965
0.165
0.164
0.173
0.178
0.178
0.176
0.166
0.175
-0.133
0.166
0.178
0.166
-0.719
-0.229
-1.146
-0.061
0.175
0.167
-0.099
0.178
-0.061
0.175
0.178
-0.060
0.175
0.178
0.174
0.174
-0.060
0.174
0.178
0.178
0.166
0.173
0.175
0.174
-0.060
-0.061
-0.551
0.176
0.176
0.174
0.172
-0.188
0.174
0.176
0.176
-0.114
0.174
0.176
0.126
0.174
-0.061
0.176
0.175
0.178
0.174
-0.061
0.178
0.174
-0.061
0.178
-1.288
0.174
0.175
-0.230
0.176
0.174
0.138
0.178
0.176
0.176
0.166
-0.061
0.164
0.174
0.175
0.176
0.178
0.178
0.165
0.174
0.174
-0.211
0.175
0.174
0.165
0.175
0.176
-0.132
0.178
0.174
0.174
-0.061
0.163
0.171
-0.099
0.163
-0.558
0.174
0.171
0.162
-0.061
0.171
0.174
0.174
0.171
0.172
0.166
0.178
-0.335
0.174
0.176
-0.476
0.165
0.176
0.165
0.165
0.175
0.176
0.178
0.174
0.171
-0.194
0.176
0.135
-0.059
0.176
0.171
0.169
0.176
-0.548
0.178
0.178
0.165
-0.061
-0.550
0.152
0.154
-0.060
0.174
0.174
-0.058
-0.545
-0.061
0.165
0.166
-0.061
0.175
-0.229
0.174
-0.060
0.166
0.000
0.000
0.000
0.000
0.000
0.000
0.000
0.000
0.000
0.000
0.000
0.000
0.000
0.000
0.174
-0.061
0.175
0.173
0.174
0.165
-0.071
0.174
0.165
0.178
-0.061
-0.060
-0.227
0.178
0.174
0.170
-0.061
-0.061
-0.625
0.176
0.176
0.164
-0.635
-0.193
0.164
0.166
-0.061
0.175
0.166
-0.061
-0.061
0.175
0.173
-0.060
0.176
0.176
0.147
-0.060
-0.060
0.176
0.094
0.089
0.091
0.176
-0.214
-0.633
0.166
-0.188
-0.197
0.175
-0.061
0.178
0.174
0.174
0.165
0.174
0.174
0.165
0.165
0.172
0.174
0.172
0.176
0.141
-0.076
-0.074
-0.220
0.164
0.176
0.155
0.173
0.173
-0.253
-0.076
0.164
0.169
-0.234
0.176
0.172
-0.251
-0.075
-0.073
0.164
0.164
0.173
-0.076
0.174
0.166
0.176
-0.076
0.164
0.163
0.163
-0.236
0.163
0.000
0.000
0.000
0.000
0.000
0.000
0.000
0.000
0.000
0.175
0.154
0.164
0.168
-0.075
0.173
0.172
0.176
-0.504
-0.075
-0.075
0.173
0.173
0.170
0.161
0.176
0.174
0.175
0.173
0.163
0.172
0.173
0.172
0.164
-0.073
0.172
-0.076
-0.075
0.162
0.163
0.173
0.172
0.173
0.176
0.175
0.173
0.175
-0.756
0.173
0.173
0.175
0.164
0.176
-0.236
-0.075
0.172
-0.075
0.172
0.176
0.165
-0.075
0.173
-0.087
0.164
0.176
-0.076
-0.075
0.164
0.137
0.173
0.163
0.153
0.170
-0.073
0.163
-0.076
-0.076
-0.702
0.164
0.170
0.154
-1.266
-0.073
-0.236
0.175
0.175
0.175
0.000
0.000
0.000
0.000
0.000
0.000
0.000
0.000
0.000
0.000
0.000
0.000
0.000
0.000
0.000
0.000
0.000
0.000
0.000
0.000
0.000
0.000
0.000
0.000
0.000
0.000
0.000
0.000
0.000
0.000
0.000
0.000
0.000
0.000
0.000
0.000
0.176
-0.061
0.165
0.176
-0.061
-1.211
0.176
-0.061
0.166
-0.060
-0.060
0.170
0.165
0.176
-0.096
0.166
0.175
0.176
0.178
0.175
0.174
0.174
0.176
-3.699
0.165
0.178
-0.061
0.178
-0.061
0.166
-0.061
0.175
-0.060
0.165
0.178
-1.567
-0.061
-0.060
0.169
-0.099
0.178
-0.061
-0.061
0.175
0.174
0.174
0.174
-1.487
0.175
0.174
0.176
0.178
0.174
0.176
0.178
0.178
0.176
0.178
0.174
0.173
-0.061
0.175
0.164
0.174
0.174
0.174
0.176
0.175
0.172
0.174
0.176
0.176
0.174
0.175
0.166
0.176
0.165
-0.386
0.178
0.174
0.168
0.169
0.166
-0.533
0.176
0.176
0.166
0.165
-0.060
-0.060
0.138
-0.061
0.175
0.174
0.174
-0.214
-0.060
0.166
0.176
-0.187
-0.061
-1.204
-0.061
0.176
0.150
0.094
0.094
0.094
-0.061
0.166
0.176
-0.058
-0.061
-0.061
0.321
0.321
0.321
-0.061
0.176
-0.171
0.174
-0.061
-0.381
0.169
0.000
0.000
0.000
0.000
0.000
0.000
0.000
0.000
0.000
0.000
0.174
0.172
0.176
0.152
0.175
0.173
0.167
0.172
0.163
-0.073
0.163
-0.073
-0.076
0.176
0.172
0.163
0.163
0.176
-0.076
0.176
0.172
0.164
-0.076
0.173
0.172
0.175
0.173
0.175
0.173
0.173
0.175
0.173
0.175
-2.308
0.172
0.175
-1.828
0.172
0.172
0.174
-0.076
-0.076
0.168
-0.075
0.173
0.172
0.176
0.172
0.163
-0.076
0.173
0.161
0.174
0.163
0.175
0.176
0.172
0.175
0.172
0.175
0.123
0.175
0.175
-0.134
0.169
0.176
-0.236
0.176
0.170
0.175
0.173
0.173
0.166
0.163
0.173
0.175
0.171
0.172
0.172
0.175
0.175
0.137
0.176
0.172
0.172
0.163
0.163
0.163
-0.076
0.175
-0.543
0.172
0.175
-0.291
0.172
0.173
0.000
0.000
0.000
0.000
0.000
0.000
0.000
0.000
0.000
0.000
0.000
0.000
0.172
0.172
-0.075
0.160
0.167
0.175
0.143
-0.076
0.173
0.130
0.172
0.150
0.163
0.176
0.172
0.175
-0.076
0.163
0.173
0.173
-0.061
-0.061
0.178
0.174
0.176
0.165
0.175
-0.643
0.178
0.174
0.171
0.175
0.175
0.166
0.174
0.174
0.153
0.176
0.175
0.166
-0.059
0.176
-0.396
0.174
0.175
-0.533
0.167
0.176
-0.197
0.178
0.174
0.177
0.176
0.175
0.176
0.178
0.178
0.172
0.174
0.175
0.176
-0.200
0.166
-1.362
0.162
-0.061
0.178
0.174
0.178
0.174
0.178
-0.059
-0.188
0.174
-0.061
-0.197
0.174
0.176
-0.061
-0.060
-0.723
-0.200
-0.061
0.165
0.174
0.165
0.165
-0.200
-0.230
-0.061
-1.078
-0.210
0.165
0.166
0.174
0.174
-0.060
0.174
0.174
0.177
0.174
0.178
-0.230
0.178
0.174
0.167
0.167
0.175
0.166
0.165
0.175
0.173
0.178
0.174
0.166
0.176
0.165
0.174
-0.061
0.175
0.176
-0.616
0.175
0.176
0.175
0.176
-2.136
0.174
0.175
0.173
0.174
0.174
-1.267
-0.061
0.165
0.174
-0.063
0.175
0.166
0.178
0.174
0.166
-0.061
0.175
0.174
-0.061
0.174
0.174
0.178
0.174
0.172
-0.061
0.175
0.174
0.176
0.166
0.165
-0.061
0.165
0.176
0.178
-0.060
0.172
0.178
-0.058
0.171
0.176
0.174
-0.060
0.165
0.175
0.176
0.176
-0.060
0.136
0.176
0.174
0.132
-0.061
-0.061
0.142
-0.061
-0.065
-2.007
-0.060
0.165
0.165
0.166
0.176
0.142
0.165
0.166
0.178
0.154
-0.061
0.165
0.174
0.175
-0.060
0.164
0.176
0.164
0.178
0.174
0.165
0.175
-0.058
-0.061
0.168
0.167
-0.242
0.176
0.172
0.166
-0.075
-0.075
-0.076
0.176
0.172
0.163
-0.076
0.173
0.170
0.175
0.175
0.152
0.172
-0.074
0.137
0.172
0.172
0.163
-0.075
0.175
0.170
0.172
0.000
0.000
0.000
0.000
0.000
0.000
0.000
0.000
0.000
-1.745
-1.394
0.128
0.168
0.175
-0.073
0.165
0.174
0.000
0.000
0.000
0.000
0.000
0.000
0.000
0.000
0.000
0.000
0.000
0.000
0.000
0.000
0.000
0.000
0.000
0.000
0.000
0.000
0.000
0.000
0.000
0.000
0.000
0.000
0.000
0.000
0.000
0.000
0.000
0.000
0.000
0.000
0.000
0.000
0.000
0.000
0.000
0.000
0.000
0.000
0.000
0.000
0.000
0.000
0.000
0.000
0.000
0.000
0.000
0.000
0.000
0.000
0.000
0.000
0.000
0.000
0.000
0.000
0.000
0.000
0.000
0.000
0.000
0.000
0.000
0.000
0.000
0.000
0.000
0.000
0.000
0.000
0.000
0.000
0.000
0.000
0.000
0.000
0.000
0.000
0.000
0.000
0.000
0.000
0.000
0.000
0.000
0.000
0.000
0.000
0.000
0.000
0.000
0.000
0.000
0.000
0.000
0.000
0.000
0.000
0.000
0.000
0.000
0.000
0.000
0.000
0.000
0.000
0.000
0.000
0.000
0.000
0.000
0.000
0.000
0.000
0.000
0.000
0.000
0.000
0.000
0.000
0.000
0.000
0.000
0.000
0.000
0.000
0.000
0.000
0.000
0.000
0.000
0.000
0.000
0.000
0.000
0.000
0.000
0.000
0.000
0.000
0.000
0.000
0.000
0.000
0.000
0.000
0.000
0.000
0.000
0.000
0.000
0.000
0.000
0.000
0.000
0.171
0.168
0.163
0.172
0.173
0.168
-0.076
-0.075
-0.076
0.163
0.163
-0.076
0.173
0.139
0.174
0.172
0.172
-0.251
-0.076
0.163
0.175
0.176
0.172
0.175
0.175
0.164
-0.365
0.176
0.172
0.172
-0.076
-0.073
0.172
-0.940
-0.940
-1.069
0.163
0.163
-0.076
0.172
0.176
0.172
0.172
0.164
0.161
0.172
0.172
0.138
0.173
0.172
-0.076
-0.075
0.173
-0.458
0.176
0.172
0.176
0.172
0.173
0.168
-0.076
0.163
0.172
0.176
0.172
0.000
0.000
0.000
0.000
0.000
0.000
0.000
0.000
0.000
0.000
0.000
-0.949
-0.940
0.176
0.172
0.172
0.163
0.163
-0.076
0.164
0.176
-0.076
0.172
-0.076
-0.236
0.163
0.163
0.162
-0.075
0.163
0.173
0.094
0.094
0.094
0.172
0.172
0.175
0.176
0.172
0.164
-0.672
0.163
0.167
0.175
0.175
0.137
0.176
0.172
0.176
0.172
-0.076
0.174
0.176
0.172
0.163
0.170
-0.075
-0.180
-0.142
-0.076
0.167
-0.076
0.153
0.175
0.000
0.000
0.000
0.000
0.000
0.000
0.000
0.000
0.000
0.000
0.000
0.000
0.000
0.000
0.000
0.000
0.000
0.000
0.176
0.172
0.164
0.163
0.173
0.169
0.171
-0.075
-0.075
0.128
0.176
0.175
0.173
0.173
-0.079
0.172
0.172
0.153
-0.076
0.173
-0.255
0.176
0.172
0.175
0.138
0.162
0.175
-0.073
0.141
0.164
-0.076
0.167
-0.076
0.163
0.166
0.000
0.000
0.000
0.000
0.000
0.000
0.000
0.000
0.000
0.000
0.000
0.000
0.000
0.000
0.000
0.000
0.000
0.000
0.000
0.000
0.000
0.000
0.000
0.000
0.000
0.000
0.000
0.000
0.000
0.000
0.000
0.000
0.000
0.000
0.000
0.000
0.000
0.000
0.000
0.000
0.000
0.000
0.000
0.000
0.000
0.000
0.000
0.000
0.000
0.000
0.000
0.000
0.000
0.000
0.000
0.176
0.165
0.165
-0.061
0.175
0.165
-0.192
-0.060
0.178
0.176
0.176
0.000
0.000
0.000
0.000
0.000
0.000
0.000
0.000
0.000
0.000
0.000
0.000
0.000
0.000
0.000
0.000
0.000
0.000
0.000
0.000
0.000
0.000
0.000
0.000
0.000
0.000
0.000
0.000
0.000
0.000
0.000
0.000
0.000
0.000
0.000
0.000
0.000
0.000
0.000
0.000
0.000
0.000
0.000
0.000
0.000
0.000
0.000
0.000
0.000
0.000
0.000
0.000
0.174
0.173
-0.075
0.154
0.165
0.167
0.165
-0.061
-0.099
0.166
-0.060
0.165
-0.060
-0.061
-0.615
0.174
-0.061
-0.422
-0.061
0.164
0.000
0.000
0.000
0.000
0.000
0.000
0.000
0.000
0.000
0.000
0.000
0.000
0.000
0.000
0.000
0.000
0.000
0.000
0.000
0.000
0.000
0.000
0.000
0.000
0.000
0.000
0.000
0.000
0.000
0.000
0.000
0.000
0.000
0.000
0.000
0.000
0.000
0.000
0.000
0.000
0.000
0.000
0.000
0.000
0.000
0.000
0.000
0.000
0.000
0.000
0.000
0.000
0.000
0.000
0.000
0.000
0.000
0.000
0.000
0.000
0.000
0.000
0.000
0.000
0.000
0.000
0.000
0.000
0.000
0.000
0.000
0.000
0.000
0.000
0.000
0.000
0.178
0.176
0.150
0.174
0.172
0.141
-0.076
0.163
-0.076
0.176
0.172
0.163
-0.076
-0.073
-0.076
0.176
0.172
0.164
0.000
0.000
0.000
0.000
0.000
0.000
0.000
0.000
0.000
0.000
0.176
0.161
-0.220
0.164
-0.421
0.172
0.172
0.139
-0.084
-0.076
0.163
-0.076
-0.076
0.173
-0.073
0.163
-0.073
0.172
-0.075
0.138
0.164
-0.074
-0.076
0.176
0.172
0.164
0.000
0.000
0.000
0.000
0.000
0.000
0.000
0.000
0.000
0.000
0.000
0.000
0.000
0.000
0.000
0.000
0.000
0.000
0.000
0.000
0.000
0.000
0.000
0.000
0.000
0.000
0.000
0.000
0.000
0.000
0.000
0.000
0.000
0.000
0.000
0.000
0.000
0.000
0.000
0.000
0.000
0.000
0.000
0.000
0.000
0.000
0.000
0.000
0.000
0.000
0.000
0.000
0.000
0.000
0.000
0.000
0.000
0.000
0.000
0.000
0.000
0.000
0.000
0.000
0.000
0.000
0.000
0.000
0.000
0.000
0.000
0.000
0.000
0.000
0.000
0.000
0.000
0.000
0.000
0.000
0.000
0.000
0.000
0.000
0.000
0.000
0.000
0.000
0.000
0.000
0.000
0.000
0.000
0.000
0.000
0.000
0.000
0.000
0.000
0.000
0.000
0.000
0.000
0.000
0.000
0.000
0.000
0.000
0.000
0.000
0.000
0.000
0.000
0.000
0.000
0.000
0.000
0.000
0.000
0.000
0.000
0.000
0.000
0.000
0.000
0.000
0.000
0.000
0.000
0.000
0.000
0.000
0.000
0.000
0.000
0.000
0.000
0.000
0.000
0.000
0.000
0.000
0.000
0.000
0.000
0.000
0.000
0.000
0.000
0.000
0.000
0.000
0.000
0.000
0.000
0.000
0.000
0.000
0.000
0.000
0.000
0.000
0.000
0.000
0.000
0.000
0.000
0.000
0.000
0.000
0.000
0.000
0.000
0.000
0.000
0.000
0.000
0.000
0.000
0.000
0.000
0.000
0.000
0.000
0.000
0.000
0.000
0.000
0.000
0.000
0.000
0.000
0.000
0.000
0.000
0.000
0.000
0.000
0.000
0.000
0.000
0.000
0.000
0.000
0.000
0.000
0.000
0.000
0.000
0.000
0.000
0.000
0.000
0.000
0.000
0.000
0.000
0.000
0.000
0.000
0.000
0.000
0.000
0.000
0.000
0.000
0.000
0.000
0.000
0.000
0.000
0.000
0.000
0.000
0.000
0.000
0.000
0.000
0.000
0.000
0.000
0.000
0.000
0.000
0.000
0.000
0.000
0.000
0.000
0.000
0.000
0.000
0.000
0.000
0.000
0.000
0.000
0.000
0.000
0.000
0.000
0.000
0.000
0.000
0.000
0.000
0.000
0.000
0.000
0.000
0.000
0.000
0.000
0.000
0.000
0.000
-0.770
0.178
-0.061
0.175
0.165
0.159
0.000
0.000
0.000
0.000
0.000
0.000
0.000
0.000
0.000
0.000
0.000
0.000
0.000
0.000
0.000
0.000
0.000
0.000
0.000
0.000
0.000
0.000
0.000
0.000
0.000
0.000
0.000
0.000
0.000
0.000
0.000
0.000
0.000
0.000
0.000
0.000
0.000
0.000
0.000
0.000
0.000
0.000
0.000
0.000
0.000
0.000
0.000
0.000
0.000
0.000
0.000
0.000
0.000
0.000
0.000
0.000
0.000
0.000
0.000
0.000
0.000
0.000
0.000
0.000
0.000
0.000
0.000
0.000
0.000
0.000
0.000
0.000
0.000
0.000
0.000
0.000
0.000
0.000
0.000
0.000
0.000
0.000
0.000
0.000
0.000
0.000
0.000
0.000
0.000
0.000
0.000
0.000
0.000
0.000
0.000
0.000
0.000
0.000
0.000
0.000
0.000
0.000
0.000
0.000
0.000
0.000
0.000
0.000
0.000
0.000
0.000
0.000
0.000
0.000
0.000
0.000
0.000
0.000
0.000
0.000
0.000
0.000
0.000
0.000
0.000
0.000
0.000
0.000
0.000
0.000
0.000
0.000
0.000
0.000
0.000
0.000
0.000
0.000
0.000
0.000
0.000
0.000
0.000
0.000
0.000
0.000
0.000
0.000
0.000
0.000
0.000
0.000
0.000
0.000
0.000
0.000
0.000
0.000
0.000
0.000
0.000
0.000
0.000
0.000
0.000
0.000
0.000
0.000
0.000
0.000
0.000
0.000
0.000
0.000
0.152
-0.058
0.173
-0.061
0.178
-0.080
-0.060
0.166
-0.061
-0.194
0.176
0.172
0.174
0.176
0.166
0.166
0.170
0.165
0.173
0.175
-0.060
-0.061
0.164
0.155
-0.059
-0.061
-0.093
0.147
0.176
0.166
0.176
0.174
-0.060
0.174
0.171
0.168
0.174
-0.719
-0.704
-0.722
-0.218
-0.061
-0.061
0.175
-0.060
0.174
0.177
-0.061
-0.058
-0.061
-0.257
0.165
-0.060
0.162
0.175
0.165
-0.061
-0.058
-0.061
-1.917
0.000
0.000
0.000
0.000
0.000
0.000
0.000
0.000
0.000
0.000
0.000
0.000
0.000
0.000
0.000
0.000
0.000
0.000
0.000
0.000
0.000
0.000
0.000
0.000
0.000
0.000
0.000
0.000
0.000
0.000
0.000
0.000
0.000
0.000
0.000
0.000
0.000
0.000
0.000
0.000
0.000
0.000
0.000
0.000
0.000
0.000
0.000
0.000
0.000
0.000
0.000
0.000
0.000
0.000
0.000
0.000
0.000
0.000
0.000
0.000
0.000
0.000
0.000
0.000
0.000
0.000
0.000
0.000
0.000
0.000
0.000
0.000
0.000
0.000
0.000
0.000
0.000
0.000
0.000
0.000
0.000
0.000
0.000
0.000
0.165
0.165
-0.196
-0.099
-0.061
0.166
-0.061
0.176
0.176
-0.189
0.175
0.165
0.166
0.178
-1.205
0.165
-1.332
-1.291
0.165
0.166
-0.766
0.166
0.178
0.141
-0.061
0.174
0.165
-0.061
-0.059
0.174
0.165
0.175
0.174
-0.061
-0.059
0.165
0.158
0.176
-0.091
0.178
0.166
-1.317
0.166
-0.058
-0.060
0.176
0.176
0.000
0.000
0.000
0.000
0.000
0.000
0.000
0.000
0.000
0.000
0.000
0.000
0.000
0.000
0.000
0.000
0.000
0.000
0.000
0.000
0.000
0.000
0.000
0.000
0.000
0.000
0.000
0.000
0.000
0.000
0.000
0.000
0.000
0.000
0.000
0.000
0.000
0.000
0.000
0.000
0.000
0.000
0.000
0.000
0.000
0.000
0.000
0.000
0.000
0.000
0.000
0.000
0.000
0.000
0.000
0.000
0.175
-0.071
0.171
-0.211
0.165
0.174
-0.061
0.149
0.178
0.174
0.176
0.175
0.176
0.000
0.000
0.000
0.000
0.000
0.000
0.000
0.000
0.000
0.000
0.000
0.000
0.000
0.000
0.000
0.000
0.000
0.000
0.000
0.000
0.000
0.000
0.000
0.000
0.000
0.178
0.174
0.177
0.176
0.176
0.000
0.000
0.000
0.000
0.000
0.000
0.000
0.000
0.000
0.000
0.000
0.000
0.000
0.000
0.000
0.000
0.000
0.000
0.000
0.000
0.000
0.000
0.000
0.000
0.000
0.000
0.000
0.000
0.000
0.000
0.000
0.000
0.000
0.000
0.000
0.000
0.000
0.000
0.000
0.000
0.000
0.000
0.000
0.000
0.000
0.000
0.000
0.000
0.000
0.000
0.000
0.000
0.000
0.000
0.000
0.000
0.000
0.000
0.000
0.000
0.000
0.000
0.000
0.000
0.000
0.000
0.000
0.000
0.000
0.000
0.000
0.000
0.000
0.000
0.000
0.000
0.000
0.000
0.000
0.000
0.000
0.000
0.000
0.000
0.000
0.000
0.000
0.000
0.000
0.000
0.000
0.000
0.000
0.000
0.000
0.000
0.000
0.000
0.000
0.000
0.000
0.000
0.000
0.000
0.000
0.000
0.000
0.000
0.000
0.000
0.000
0.000
0.000
0.000
0.000
0.176
0.178
0.176
-0.061
0.175
-0.060
0.176
-0.067
-0.060
0.165
-0.061
0.166
-0.060
-0.060
0.173
-0.061
0.175
0.163
-0.060
-0.058
-0.061
0.321
0.321
0.321
0.163
0.178
-1.092
0.163
-0.061
0.142
0.152
-1.076
-2.539
-0.061
-0.665
0.142
0.152
0.175
0.173
0.152
0.152
-0.194
-0.752
0.143
-1.571
0.142
-0.061
-0.061
-0.703
0.154
0.141
0.321
0.321
0.321
-0.641
0.169
0.142
-0.197
0.178
-0.703
-0.200
-0.654
-1.699
-0.657
0.143
0.145
0.143
0.170
0.166
0.142
0.165
-0.061
-0.061
0.175
0.165
-0.641
0.174
0.146
0.143
0.173
-0.526
0.174
-0.226
-0.479
-0.229
-0.061
-0.061
0.176
0.169
-0.230
-0.115
-0.059
0.152
0.000
0.000
0.000
0.000
0.000
0.000
0.000
0.000
0.000
-0.641
0.165
-0.665
-0.775
0.176
-2.620
0.143
-0.634
-0.227
-0.229
0.173
-1.050
0.152
0.000
0.000
0.000
0.000
0.000
0.000
0.000
0.000
0.000
0.000
0.000
0.000
0.000
0.000
0.000
0.000
0.000
0.000
0.000
0.000
0.000
0.000
0.000
0.000
0.000
0.000
0.000
0.000
0.000
0.000
0.000
0.000
0.000
0.000
0.000
0.000
0.000
0.000
0.000
0.152
0.165
0.169
0.178
0.153
-0.665
-0.060
0.151
0.174
0.169
0.166
-0.058
0.156
0.165
0.166
0.178
-1.822
0.152
-0.061
0.175
0.000
0.000
0.000
0.000
0.000
0.000
0.000
0.000
0.000
0.000
0.000
0.000
0.000
0.000
0.000
0.000
0.000
0.000
0.000
0.000
0.000
0.000
0.000
0.000
0.000
0.000
0.000
0.000
0.000
0.000
0.000
0.000
0.000
0.000
0.000
0.000
0.000
0.000
0.000
0.000
0.000
0.000
0.000
0.000
0.000
0.000
0.000
0.000
0.000
0.000
0.000
0.000
0.000
0.000
0.000
0.000
0.000
0.000
0.000
0.000
0.000
0.000
0.000
0.000
0.000
0.000
0.000
0.000
0.000
0.000
0.000
0.000
0.000
0.000
0.000
0.000
0.000
0.000
0.000
0.000
0.000
0.000
0.000
0.000
0.000
0.000
0.000
0.000
0.000
0.000
0.000
0.000
0.000
0.000
0.000
0.000
0.000
0.000
0.000
0.000
0.000
0.000
0.000
0.000
0.000
0.000
0.000
0.000
0.000
0.000
0.000
0.000
0.000
0.000
0.000
0.000
0.000
0.000
0.000
0.000
0.000
0.000
0.000
0.000
0.000
0.000
0.000
0.000
0.000
0.000
0.000
0.000
0.000
0.000
0.000
0.000
0.000
0.000
0.000
0.000
0.000
0.000
0.000
0.000
0.000
0.000
0.000
0.000
0.000
0.000
0.000
0.000
0.000
0.000
0.000
0.000
0.000
0.000
0.000
0.000
0.000
0.000
0.000
0.000
0.000
0.000
0.000
0.000
0.000
0.000
0.000
0.000
0.000
0.000
0.000
0.000
0.000
0.000
0.000
0.000
0.000
0.000
0.000
0.000
0.000
0.000
0.000
0.000
0.000
0.000
0.000
0.000
0.000
0.000
0.000
0.000
0.000
0.000
0.000
0.000
0.000
0.000
0.000
0.000
0.000
0.000
0.000
0.000
0.000
0.000
0.000
0.000
0.000
0.000
0.000
0.000
0.000
0.000
0.000
0.000
0.000
0.000
0.000
0.000
0.000
0.000
0.000
0.000
0.000
0.000
0.000
0.000
0.000
0.000
0.000
0.000
0.000
0.000
0.000
0.000
0.000
0.000
0.000
0.000
0.000
0.000
0.000
0.000
0.000
0.000
0.000
0.000
0.000
0.000
0.000
0.000
0.000
0.000
0.000
0.000
0.000
0.000
0.000
0.000
0.000
0.000
0.000
0.000
0.000
0.000
0.000
0.000
0.000
0.000
0.000
0.000
0.000
0.000
0.000
0.000
0.000
0.000
0.000
0.000
0.000
0.000
0.000
0.000
0.000
0.000
0.000
0.000
0.000
0.000
0.000
0.000
0.000
0.000
0.000
0.000
0.000
0.000
0.000
0.000
0.000
0.000
0.000
0.000
0.000
0.000
0.000
0.000
0.000
0.000
0.000
0.000
0.000
0.000
0.000
0.000
0.000
0.000
0.000
0.000
0.000
0.000
0.000
0.000
0.000
0.000
0.000
0.000
0.000
0.000
0.000
0.000
0.000
0.000
0.000
0.000
0.000
0.000
0.000
0.000
0.000
0.000
0.000
0.000
0.000
0.000
0.000
0.000
0.000
0.000
0.000
0.000
0.000
0.000
0.000
0.000
0.000
0.000
0.000
0.000
0.000
0.000
0.000
0.000
0.000
0.000
0.000
0.000
0.000
0.000
0.000
0.000
0.000
0.000
0.000
0.000
0.000
0.000
0.000
0.000
0.000
0.000
0.000
0.000
0.000
0.000
0.000
0.000
0.000
0.000
0.000
0.000
0.000
0.000
0.000
0.000
0.000
0.000
0.000
0.000
0.000
0.000
0.000
0.000
0.000
0.000
0.000
0.000
0.000
0.000
0.000
0.000
0.000
0.000
0.000
0.000
0.000
0.000
0.000
0.000
0.000
0.000
0.000
0.000
0.000
0.000
0.000
0.000
0.000
0.000
0.000
0.000
0.000
0.000
0.000
0.000
0.000
0.000
0.000
0.000
0.000
0.000
0.000
0.000
0.000
0.000
0.000
0.000
0.000
0.000
0.000
0.000
0.000
0.000
0.000
0.000
0.000
0.000
0.000
0.000
0.000
0.000
0.000
0.000
0.000
0.000
0.000
0.000
0.000
0.000
0.000
0.000
0.000
0.000
0.000
0.000
0.000
0.000
0.000
0.000
0.000
0.000
0.000
0.000
0.000
0.000
0.000
0.000
0.000
0.000
0.000
0.000
0.000
0.000
0.000
0.000
0.000
0.000
0.000
0.000
0.000
0.000
0.000
0.000
0.000
0.000
0.000
0.000
0.000
0.000
0.000
0.000
0.000
0.000
0.000
0.000
0.000
0.000
0.000
0.000
0.000
0.000
0.000
0.000
0.000
0.000
0.000
0.000
0.000
0.000
0.000
0.000
0.000
0.000
0.000
0.000
0.000
0.000
0.000
0.000
0.000
0.000
0.000
0.000
0.000
0.000
0.000
0.000
0.000
0.000
0.000
0.000
0.000
0.000
0.000
0.000
0.000
0.000
0.000
0.000
0.000
0.000
0.000
0.000
0.000
0.000
0.000
0.000
0.000
0.000
0.000
0.000
0.000
0.000
0.000
0.000
0.000
0.000
0.000
0.000
0.000
0.000
0.000
0.000
0.000
0.000
0.000
0.000
0.000
0.000
0.000
0.000
0.000
0.000
0.000
0.000
0.000
0.000
0.000
0.000
0.000
0.000
0.000
0.000
0.000
0.000
0.000
0.000
0.000
0.000
0.000
0.000
0.000
0.000
0.000
0.000
0.000
0.000
0.000
0.000
0.000
0.000
0.000
0.000
0.000
0.000
0.000
0.000
0.000
0.000
0.000
0.000
0.000
0.000
0.000
0.000
0.000
0.000
0.000
0.000
0.000
0.000
0.000
0.000
0.000
0.000
0.000
0.000
0.000
0.000
0.000
0.000
0.000
0.000
0.000
0.000
0.000
0.000
0.000
0.000
0.000
0.000
0.000
0.000
0.000
0.000
0.000
0.000
0.000
0.000
0.000
0.000
0.000
0.000
0.000
0.000
0.000
0.000
0.000
0.000
0.000
0.000
0.000
0.000
0.000
0.000
0.000
0.000
0.000
0.000
0.000
0.000
0.000
0.000
0.000
0.000
0.000
0.000
0.000
0.000
0.000
0.000
0.000
0.000
0.000
0.000
0.000
0.000
0.000
0.000
0.000
0.000
0.000
0.000
0.000
0.000
0.000
0.000
0.000
0.000
0.000
0.000
0.000
0.000
0.000
0.000
0.000
0.000
0.000
0.000
0.000
0.000
0.000
0.000
0.000
0.000
0.000
0.000
0.000
0.000
0.000
0.000
0.000
0.000
0.000
0.000
0.000
0.000
0.000
0.000
0.000
0.000
0.000
0.000
0.000
0.000
0.000
0.000
0.000
0.000
0.000
0.000
0.000
0.000
0.000
0.000
0.000
0.000
0.000
0.000
0.000
0.000
0.000
0.000
0.000
0.000
0.000
0.000
0.000
0.000
0.000
0.000
0.000
0.000
0.000
0.000
0.000
0.000
0.000
0.000
0.000
0.000
0.000
0.000
0.000
0.000
0.000
0.000
0.000
0.000
0.000
0.000
0.000
0.000
0.000
0.000
-1.225
-1.266
-1.248
-1.261
-1.261
-1.425
