fixedStep chrom=ENSGT00690000101736 start=1 step=1
0.000
0.000
0.000
0.000
0.000
0.000
-0.496
-0.499
-0.453
-0.175
-0.281
-0.159
0.273
0.215
0.250
0.221
0.257
0.234
0.250
0.273
0.220
0.219
0.234
0.257
0.221
0.234
0.204
0.265
0.263
0.226
0.250
0.272
0.233
0.211
0.252
0.225
0.255
0.266
0.250
0.248
0.275
0.239
0.259
0.248
0.261
0.238
0.262
0.208
0.262
0.270
0.261
0.234
0.265
0.261
0.230
0.227
0.260
2.578
2.578
2.578
-0.885
-0.675
-0.881
0.000
0.000
0.000
0.000
0.000
0.000
0.000
0.000
0.000
0.000
0.000
0.000
0.000
0.000
0.000
0.000
0.000
0.000
0.000
0.000
0.000
0.000
0.000
0.000
0.000
0.000
0.000
0.000
0.000
0.000
0.000
0.000
0.000
0.000
-0.199
-0.385
0.249
0.261
0.198
0.232
0.253
0.213
0.233
0.272
0.266
-1.880
-0.701
-1.767
0.232
0.272
0.255
0.259
0.243
0.254
0.274
0.266
0.267
0.262
0.249
0.275
-0.439
-0.387
-0.373
-0.687
-1.550
-1.531
-0.865
-0.699
-0.654
2.521
2.521
2.521
0.230
0.259
0.253
0.229
0.212
0.243
0.251
0.275
0.253
0.274
0.252
0.263
0.273
0.274
0.260
0.272
0.273
0.265
0.264
0.250
0.210
0.259
0.225
0.265
0.210
0.265
0.248
0.223
0.266
0.266
0.230
0.273
0.204
0.265
0.274
0.261
0.275
0.274
0.267
0.269
0.234
0.257
0.727
0.726
0.708
0.241
0.245
0.210
0.248
0.255
0.251
0.256
0.249
0.248
0.216
0.245
0.213
0.275
0.266
0.220
0.226
0.244
0.247
0.240
0.206
0.263
0.246
0.273
0.242
0.250
0.214
0.216
0.275
0.274
0.274
0.275
0.266
0.260
0.265
0.260
0.261
0.268
0.274
0.263
0.223
0.258
0.198
0.262
0.254
0.274
-0.494
-0.596
-1.350
0.265
0.264
0.274
0.252
0.256
0.237
0.274
0.269
0.267
0.253
0.234
0.245
0.262
0.262
0.220
0.250
0.275
0.250
0.270
0.273
0.261
0.210
0.219
0.216
0.244
0.275
0.259
0.233
0.210
0.238
0.255
0.242
0.247
0.259
0.232
0.275
0.263
0.234
0.224
-0.070
-0.055
-0.261
-4.875
-1.423
-1.260
0.272
0.253
0.234
0.221
0.254
0.253
0.238
0.271
0.250
0.243
0.260
0.254
0.273
0.270
0.267
0.227
0.275
0.237
0.253
0.268
0.205
0.263
0.265
0.244
0.241
0.222
0.248
0.267
0.273
0.218
0.262
0.270
0.255
0.266
0.254
0.255
0.262
0.239
0.204
0.267
0.226
0.218
0.237
0.274
0.261
0.249
0.274
0.248
0.232
0.256
0.251
0.275
0.271
0.250
0.271
0.275
0.261
0.240
0.255
0.251
0.261
0.275
0.259
0.236
0.227
0.255
0.267
0.218
0.218
0.248
0.274
0.257
0.258
0.259
0.265
0.252
0.269
0.267
0.265
0.255
0.234
-1.263
-0.760
-1.030
0.238
0.267
0.267
0.274
0.249
0.235
0.242
0.260
0.263
0.275
0.274
0.274
0.263
0.274
0.272
0.275
0.274
0.271
-0.809
-1.095
-2.080
-3.357
-4.721
-3.275
-2.146
0.000
0.000
0.000
0.000
0.000
0.000
0.000
0.000
0.000
0.000
0.000
0.000
0.000
0.000
0.000
0.000
0.000
0.000
0.000
0.000
0.000
0.000
0.000
0.000
0.000
0.000
0.000
0.000
0.000
0.000
0.000
0.000
0.000
0.000
0.000
0.000
0.000
0.000
0.000
0.000
0.000
0.000
0.000
0.000
0.000
0.000
0.000
0.000
0.000
0.000
0.000
0.000
0.000
0.000
0.000
0.000
0.000
0.000
0.000
