fixedStep chrom=ENSGT00390000004835 start=1 step=1
0.075
0.075
0.075
0.075
0.075
0.074
0.075
0.075
0.072
-1.891
0.061
0.075
0.075
0.075
0.075
0.075
0.075
0.071
0.075
0.075
0.075
0.075
0.075
0.074
0.073
0.075
0.075
0.075
0.075
0.075
0.075
0.075
0.073
0.067
0.075
0.075
0.075
0.075
0.074
0.075
0.075
0.075
0.075
0.075
0.072
0.075
0.075
0.075
0.073
0.075
0.075
0.075
0.075
0.075
0.075
0.075
0.075
-3.024
0.075
0.075
0.075
0.075
0.056
0.075
0.075
0.075
0.075
0.075
0.072
0.075
0.075
0.075
0.075
0.075
0.075
0.075
0.075
0.075
0.075
0.075
0.065
0.075
0.075
0.075
0.075
0.075
0.074
0.072
0.070
0.074
0.075
0.075
0.075
0.075
0.075
0.075
0.075
0.075
0.073
0.061
0.061
0.072
-1.195
-1.194
-1.427
0.073
0.075
0.075
0.075
0.075
0.075
0.069
0.075
0.075
0.075
0.075
0.075
0.075
0.075
0.072
0.075
0.075
0.075
0.075
0.075
0.075
0.061
0.075
0.075
0.075
0.075
0.075
0.061
0.075
0.075
0.075
0.075
0.075
0.075
0.075
0.075
0.075
0.074
0.075
0.075
0.075
0.075
0.075
0.075
0.075
0.075
0.075
0.075
0.075
0.075
0.072
0.075
0.075
0.072
0.075
0.074
0.073
0.075
0.075
0.075
0.075
0.075
0.071
0.075
0.075
0.057
0.075
0.075
0.075
0.075
0.075
0.075
0.075
0.075
0.073
0.075
0.075
0.075
0.075
0.075
0.075
0.075
0.075
0.075
0.075
0.075
-2.224
0.065
0.075
0.072
0.065
0.075
0.075
0.075
0.075
0.075
0.075
0.075
0.072
0.073
0.075
0.075
0.075
0.075
0.068
0.075
0.075
0.075
0.075
0.075
0.075
0.075
0.075
0.075
0.075
0.075
0.073
0.075
0.075
0.072
0.075
0.075
0.075
0.075
0.075
0.073
0.072
0.075
0.075
0.075
0.075
0.075
0.075
0.075
0.075
0.075
0.075
0.072
0.075
0.075
0.075
0.075
0.075
0.065
0.075
0.075
0.066
0.072
0.075
0.075
0.075
0.075
0.075
0.075
0.075
0.075
0.075
0.075
0.075
0.061
0.075
0.075
0.075
0.075
0.075
0.075
0.075
0.075
0.075
0.075
0.067
0.066
-1.628
0.075
0.075
0.072
-3.003
0.075
0.072
0.075
0.075
0.075
0.075
0.075
0.075
0.075
0.075
0.075
0.073
0.075
0.074
0.073
0.075
0.075
0.073
0.075
0.075
0.073
0.075
0.075
0.075
0.075
0.075
0.073
0.073
0.075
0.075
0.075
0.072
0.075
0.075
0.072
0.075
0.075
0.075
0.070
0.061
0.075
0.075
0.075
0.065
0.075
0.065
0.075
0.075
0.075
0.075
0.075
0.075
0.075
0.072
0.075
0.075
0.073
0.072
0.075
0.075
0.072
0.067
0.074
0.074
0.067
0.072
0.075
0.075
0.075
0.075
0.075
0.075
0.075
0.075
0.075
0.075
0.075
0.075
0.075
0.075
0.075
0.074
0.074
0.075
0.075
0.075
0.073
0.075
0.075
0.075
0.075
0.075
0.072
0.075
0.075
0.075
0.075
0.075
0.075
0.065
0.065
0.072
0.075
0.075
0.073
0.072
0.075
0.072
0.065
0.072
0.075
0.075
0.075
0.072
0.075
0.075
0.075
0.075
0.075
0.075
0.075
0.075
0.075
0.075
0.075
0.075
0.075
0.075
0.075
0.075
0.075
0.070
0.075
0.074
0.075
0.075
0.072
0.075
0.075
0.072
0.075
0.075
0.075
0.075
0.075
0.075
0.075
0.075
0.067
0.075
0.075
0.075
0.073
0.075
0.075
0.075
0.074
0.075
0.074
0.061
0.075
0.075
0.075
0.075
0.074
0.075
0.072
0.075
0.075
0.075
0.074
0.075
0.075
0.072
0.072
0.061
0.075
0.075
0.075
0.075
0.075
0.075
0.075
0.075
0.075
0.072
0.075
0.075
0.075
0.075
0.075
0.075
0.075
0.075
0.075
0.075
0.075
0.075
0.072
0.061
0.075
-2.144
0.075
0.070
0.075
0.075
0.075
0.075
0.075
0.075
0.072
0.072
0.072
0.075
0.075
0.073
0.075
0.075
0.074
0.075
0.075
0.075
0.075
0.073
0.075
0.061
0.075
0.075
0.072
0.072
0.060
0.075
0.075
0.075
0.075
0.075
0.075
0.075
0.075
0.074
0.075
0.075
0.065
0.065
0.075
0.075
0.075
0.075
0.075
0.075
0.072
0.075
0.075
0.075
0.075
0.075
0.074
0.072
0.061
0.075
0.073
0.075
0.075
0.073
0.075
0.075
0.075
0.061
0.075
0.072
0.075
0.075
0.075
0.075
0.075
0.075
0.075
0.075
0.073
0.075
0.075
0.075
0.075
0.075
0.075
0.075
0.075
0.072
0.075
0.075
0.073
0.075
0.073
0.072
0.075
0.075
0.075
0.075
0.075
0.075
0.075
0.075
0.074
0.075
0.075
0.075
0.075
0.075
0.075
0.075
0.075
0.075
0.075
0.075
0.073
0.074
0.075
0.074
0.072
0.075
0.061
0.075
0.075
0.061
0.075
0.075
0.073
0.075
0.075
0.075
0.075
0.075
0.075
0.075
0.075
0.072
0.075
0.075
0.075
0.075
0.075
0.075
0.065
0.075
0.075
0.075
0.075
0.072
0.075
0.075
0.075
-1.194
-1.778
-1.409
-1.980
-1.339
-1.413
-1.195
-1.195
-1.427
-2.183
-1.194
-1.195
0.061
0.061
0.075
0.074
0.075
0.075
0.072
0.075
0.072
0.075
0.075
0.075
0.075
0.075
0.075
0.075
0.074
0.075
0.075
0.075
0.073
0.075
0.075
0.072
0.074
0.072
0.072
0.072
0.075
0.074
0.075
0.075
0.073
0.073
0.072
0.075
0.075
0.075
0.075
0.075
0.075
0.072
0.075
0.075
0.075
0.075
0.069
0.074
