fixedStep chrom=ENSGT00390000017948 start=1 step=1
0.132
0.133
0.132
0.123
0.132
-0.723
-0.709
0.088
-2.050
0.088
0.126
0.132
0.132
0.132
-0.709
0.132
0.132
0.132
0.107
0.130
-1.023
0.088
0.132
0.132
0.132
0.132
-1.245
0.107
0.133
-1.025
0.104
0.130
0.132
0.132
0.132
0.132
0.102
0.133
0.088
0.132
0.133
0.129
0.132
0.132
0.124
0.132
0.126
0.088
0.133
0.132
0.107
0.129
0.133
0.126
0.132
0.133
0.120
0.132
0.132
0.124
0.126
0.133
0.107
0.132
0.132
0.130
0.123
0.132
0.088
0.132
0.132
-0.681
0.127
0.132
0.105
0.132
0.132
0.123
0.107
0.133
0.130
0.133
0.132
0.123
0.123
0.126
0.132
0.133
0.132
0.126
0.133
0.132
0.126
0.132
0.132
0.132
0.133
0.133
0.126
0.132
0.132
0.132
0.133
0.132
0.088
0.132
0.133
0.124
0.132
0.133
-1.875
0.132
0.106
0.102
0.132
0.123
0.088
0.133
0.132
0.132
0.125
0.133
0.120
0.123
0.088
-0.723
0.108
0.133
0.098
0.132
0.132
0.132
0.132
0.133
0.130
0.132
0.124
0.123
0.132
0.132
0.116
0.132
0.132
0.104
0.130
0.133
0.132
0.127
0.133
0.123
0.132
0.133
0.132
0.132
0.132
0.097
0.132
0.133
0.130
0.132
0.132
0.128
0.133
0.132
0.119
0.088
0.132
0.132
0.123
0.132
0.122
0.132
0.132
0.130
0.123
0.132
0.088
0.088
0.132
-1.406
0.107
0.132
0.128
0.132
0.132
0.088
0.133
0.133
0.126
0.133
0.132
0.103
0.133
0.132
-0.679
0.123
0.133
-0.723
0.123
0.132
0.105
0.132
0.132
0.126
0.132
0.133
0.132
0.088
0.088
0.126
0.132
0.132
0.132
0.132
0.132
0.121
0.132
0.133
0.132
0.132
0.132
-1.350
0.133
0.132
0.127
0.132
0.132
-0.681
0.133
0.132
0.130
0.132
0.130
0.105
0.132
0.127
0.122
0.132
0.132
0.088
0.129
0.132
0.132
0.123
0.133
-0.683
0.132
0.132
0.132
0.132
0.132
-1.218
0.132
0.132
0.122
0.132
0.132
-0.723
0.132
0.132
0.088
0.133
0.132
-1.025
0.132
0.133
0.123
0.127
0.133
0.120
0.133
0.133
0.122
0.088
0.133
0.123
0.133
0.132
0.132
0.123
0.133
-0.723
0.133
0.133
0.120
-0.709
0.133
0.123
0.132
0.132
0.119
0.123
0.133
0.088
0.132
0.132
0.113
0.132
0.132
0.123
0.132
0.132
0.130
0.132
0.133
0.107
0.133
0.132
0.131
0.133
0.132
0.119
0.132
0.132
0.122
0.133
0.132
0.088
0.133
0.108
0.127
-1.270
0.119
0.123
0.121
0.108
0.132
0.130
0.120
0.132
0.132
0.132
0.123
0.132
0.132
0.088
0.133
0.132
0.132
0.132
0.132
0.123
0.132
0.133
0.122
0.132
0.132
-0.723
0.132
0.133
0.121
0.088
0.133
0.107
0.123
0.133
-1.270
0.120
0.133
0.103
0.119
0.133
0.128
0.120
0.126
0.132
0.123
0.123
0.119
0.132
0.133
0.132
0.122
0.128
0.132
0.132
0.132
0.126
0.132
0.132
-0.723
0.133
0.133
0.120
0.132
0.133
0.124
0.132
0.132
0.128
0.133
0.132
0.129
0.132
0.133
0.126
0.132
0.133
0.132
0.132
0.132
0.130
0.133
0.132
0.132
0.132
0.132
0.088
0.132
0.132
0.123
0.132
0.133
0.132
0.133
0.132
0.093
0.133
0.133
0.123
0.133
0.132
0.126
0.132
0.132
-1.411
0.132
0.132
0.107
0.132
0.132
0.088
0.132
0.133
0.088
0.132
0.133
0.131
0.132
0.132
0.088
0.132
0.132
0.128
0.127
0.133
-1.250
0.123
0.133
0.126
0.133
0.132
0.107
0.132
0.132
0.104
0.132
0.133
0.132
0.132
0.132
-1.251
0.133
0.132
0.124
0.132
0.133
0.118
0.132
0.132
-0.681
0.132
0.132
0.106
0.123
0.132
0.123
0.132
0.133
0.096
0.132
0.133
0.120
0.088
0.132
0.130
0.133
0.132
0.132
0.121
0.133
0.130
0.133
0.132
0.132
0.132
0.132
0.103
0.132
0.132
0.104
0.133
0.088
0.132
0.108
0.132
0.107
0.126
0.133
0.106
0.128
0.132
0.122
0.132
0.123
-0.683
0.088
0.132
0.117
0.132
0.132
0.122
0.132
0.133
0.105
0.132
0.132
0.132
0.132
0.132
0.132
0.133
0.133
0.123
0.133
0.133
0.127
0.123
0.132
0.132
0.129
0.133
-2.578
0.132
0.132
0.123
0.133
0.133
0.126
0.132
0.133
0.105
0.131
0.133
-0.681
0.132
0.132
0.088
0.133
0.133
0.132
0.123
0.133
-1.222
0.123
0.133
-1.341
0.130
0.126
-0.785
0.132
0.132
0.132
0.132
0.133
-1.025
0.120
0.123
0.132
0.132
0.123
0.113
0.105
0.133
-2.811
0.132
0.132
0.119
0.132
0.133
0.107
0.128
0.133
0.132
0.133
0.133
0.120
0.131
0.133
-1.264
0.132
0.132
0.123
0.132
0.132
0.132
0.132
0.132
-0.681
0.132
0.132
0.123
0.133
0.132
0.088
0.132
0.132
0.126
0.132
0.132
0.123
0.132
0.132
0.123
0.124
0.091
0.101
0.132
0.132
0.122
0.132
0.133
0.088
0.118
0.132
0.088
0.133
0.132
0.132
0.105
0.132
0.118
0.088
0.132
0.104
0.132
0.132
0.130
0.132
0.132
0.132
0.132
0.133
0.130
-0.722
0.132
0.088
0.133
0.133
0.132
0.132
0.132
0.132
0.132
0.132
-0.683
0.133
0.132
0.132
0.133
0.088
0.123
0.132
0.132
0.132
0.132
0.127
0.132
0.132
0.132
0.132
0.132
0.132
0.120
0.130
0.130
0.123
0.132
0.133
0.109
0.132
0.132
0.132
0.121
0.133
0.132
-2.334
0.133
-0.683
-0.683
0.133
0.126
0.124
0.133
-0.787
0.088
0.133
-0.683
0.124
0.133
-2.059
-1.944
0.122
0.123
0.127
0.133
-0.681
0.126
0.127
0.121
0.132
0.123
0.088
0.127
0.133
0.132
0.123
0.123
0.088
0.132
0.133
0.132
0.123
0.133
0.123
0.088
0.123
0.132
0.132
0.132
0.107
0.126
0.130
0.123
0.132
0.133
0.123
0.123
0.133
0.132
0.122
0.126
-1.248
0.132
0.132
0.130
0.132
0.132
0.132
0.132
0.132
0.132
0.132
0.132
0.120
0.133
0.132
0.121
0.132
0.126
0.123
0.125
0.124
0.132
0.132
0.132
0.118
0.126
0.132
0.123
0.132
0.132
0.091
0.123
0.133
0.132
0.132
0.128
0.132
0.132
0.132
0.124
0.132
0.132
0.094
0.132
0.132
0.107
0.132
0.132
0.124
0.132
0.133
0.118
0.132
0.132
0.130
0.132
0.132
0.105
0.132
0.132
0.124
0.133
0.132
0.132
0.133
0.132
0.124
0.133
0.133
0.130
0.123
0.133
0.132
0.133
0.133
0.117
0.132
0.132
0.105
0.133
0.132
0.132
0.121
0.132
0.088
0.132
0.133
0.127
0.123
0.133
0.125
0.132
0.132
0.132
0.133
0.132
0.120
0.121
0.133
0.132
0.132
0.132
0.120
0.132
0.132
0.130
0.132
0.132
0.132
0.132
0.133
0.126
0.132
0.132
0.132
0.132
0.132
0.119
0.132
0.133
-1.711
0.103
0.133
0.116
0.132
0.132
0.104
0.132
0.133
-1.406
-1.886
0.133
0.107
0.123
0.133
0.132
0.133
0.132
-1.621
0.132
0.133
0.130
0.132
0.133
-2.549
0.132
0.133
0.124
0.132
0.133
0.123
0.121
0.132
0.088
0.124
0.119
0.106
0.132
0.133
0.130
0.132
0.132
0.130
0.126
0.129
0.102
0.123
0.133
-1.023
0.132
0.132
0.130
0.132
0.105
0.128
0.133
0.132
0.123
0.132
0.132
0.128
0.132
0.132
0.132
0.132
0.123
0.128
0.132
0.132
0.123
0.132
0.133
0.132
0.132
0.129
0.088
0.133
0.133
0.124
0.132
0.132
0.132
0.132
0.132
0.088
0.125
0.133
0.099
0.132
0.132
0.132
0.132
0.132
0.132
0.128
-0.648
0.098
0.132
0.133
0.118
0.133
0.108
0.126
0.133
0.132
0.132
-0.683
0.133
0.119
0.128
0.133
0.132
0.121
0.121
0.088
0.123
0.132
-1.267
0.123
0.107
0.132
0.123
0.133
0.099
0.123
0.133
0.102
0.132
0.122
-1.353
0.132
0.133
-1.491
0.132
0.132
0.132
0.133
0.132
0.132
0.132
0.133
0.128
0.132
0.132
0.088
0.126
0.132
0.099
0.107
0.132
0.132
0.132
0.132
0.088
0.132
0.133
0.088
0.123
-0.791
0.088
0.127
0.132
0.107
0.132
0.132
-0.683
0.127
0.088
0.123
0.132
0.124
0.130
0.132
0.130
0.124
0.132
0.133
0.121
0.128
0.132
-2.276
0.132
0.132
0.132
0.130
0.123
0.132
0.132
0.132
0.088
0.133
0.132
0.132
0.122
0.129
0.088
0.096
0.133
-0.708
0.133
0.132
0.123
0.133
0.133
0.132
0.088
0.124
-2.418
0.132
0.132
-1.266
0.132
0.133
0.126
0.132
0.133
0.116
0.104
0.133
0.116
0.132
0.133
-1.970
0.132
0.133
0.123
0.132
0.132
0.088
0.101
0.126
-1.615
0.105
0.130
0.108
0.088
0.088
0.130
0.132
0.133
0.125
0.132
0.133
0.120
0.132
0.132
0.132
0.132
0.123
0.132
0.116
0.132
-1.406
0.106
0.133
0.132
0.132
0.133
0.130
0.130
0.132
0.126
0.133
0.132
0.130
-0.484
-0.463
-0.498
