fixedStep chrom=ENSGT00390000018312 start=1 step=1
-1.757
-1.739
-1.762
0.079
0.078
0.074
0.073
0.079
0.073
0.079
0.079
0.079
0.076
0.079
-2.504
0.079
0.079
0.074
0.079
0.058
0.069
0.079
0.079
0.078
0.070
0.074
0.079
-2.846
-1.739
-1.762
0.079
0.067
0.078
0.074
0.076
0.073
0.079
0.066
0.079
0.055
0.079
0.079
0.057
0.078
0.067
0.065
0.079
0.079
0.078
0.076
0.079
0.079
0.074
0.074
-1.442
-1.473
0.079
0.079
0.073
0.079
0.079
0.079
0.074
0.079
0.079
0.074
0.067
0.057
0.077
0.074
0.079
-1.660
0.063
0.078
0.064
0.074
0.079
0.079
0.079
0.079
0.079
0.079
0.079
0.077
0.079
0.079
0.077
0.079
0.079
0.061
0.079
0.074
0.079
0.076
0.079
0.079
0.079
0.079
0.056
0.079
0.079
0.079
0.079
0.079
0.079
0.079
0.079
0.055
0.079
0.074
0.077
0.079
0.079
0.076
0.079
0.079
0.079
0.079
0.079
0.077
0.077
0.079
0.076
0.079
0.079
0.079
0.079
0.079
0.076
0.079
0.079
0.079
0.079
0.079
-1.918
0.079
0.074
0.066
0.074
0.079
0.079
0.079
0.079
0.079
0.077
0.079
0.079
0.079
0.079
0.078
0.079
0.079
0.079
0.079
0.077
0.079
0.079
0.079
0.077
0.070
0.070
0.075
0.063
0.077
0.079
0.076
0.079
0.073
0.074
0.079
0.077
0.079
0.078
0.079
0.079
0.079
0.079
0.079
0.079
0.079
0.076
0.079
0.079
0.067
0.079
0.077
0.079
0.079
0.073
0.073
0.073
0.073
0.073
0.073
0.073
0.073
0.069
0.073
0.073
0.073
0.073
0.073
0.073
0.073
0.073
0.069
0.073
0.070
0.073
0.061
0.073
0.073
0.073
0.073
0.073
0.073
0.073
0.073
0.073
0.073
0.073
0.073
0.073
0.073
0.073
0.070
0.073
0.073
0.073
0.073
-0.720
0.073
0.073
0.073
0.073
0.073
0.073
0.073
0.073
-1.772
0.073
0.073
0.073
0.073
0.073
0.067
0.073
0.073
0.067
0.069
0.067
0.070
0.073
0.073
0.057
0.062
0.073
-0.879
-2.269
0.073
0.073
0.073
0.073
0.069
0.073
0.073
0.073
0.073
0.073
0.073
0.073
0.073
0.069
0.073
0.073
0.073
0.073
0.073
0.067
0.073
0.073
0.067
0.073
0.073
0.073
0.073
0.073
0.073
0.073
0.073
0.073
0.073
0.073
-1.645
0.073
0.073
0.073
0.073
0.073
0.072
0.073
0.073
0.073
0.073
0.073
0.073
0.073
0.073
0.073
0.073
0.073
-1.640
0.073
0.073
0.070
0.073
0.073
0.073
0.070
0.073
0.073
0.073
0.073
0.073
0.073
0.073
0.067
0.073
0.073
0.073
0.073
0.073
-0.879
0.073
0.073
0.073
0.073
0.079
0.074
0.079
0.079
0.074
0.057
0.079
-2.526
0.079
0.079
0.066
0.079
0.079
0.079
0.079
0.079
0.070
0.079
0.079
0.079
0.079
0.079
0.066
0.079
0.078
0.079
0.079
0.079
0.079
0.079
0.079
0.056
0.079
0.079
0.079
0.066
0.076
0.079
0.079
0.079
0.079
0.079
0.079
0.079
0.076
0.076
0.076
0.079
0.055
-2.124
0.079
0.079
0.079
0.079
0.079
0.070
0.079
0.078
0.079
0.079
0.079
0.079
0.079
0.079
0.079
0.079
0.074
0.079
0.073
0.079
0.074
0.074
0.079
0.076
0.079
0.079
0.076
0.076
0.079
0.079
0.079
0.079
0.079
0.079
0.079
0.079
0.079
0.079
0.079
0.079
0.079
0.079
0.079
0.079
0.079
0.079
0.079
0.079
0.079
0.079
0.079
0.079
0.079
0.079
0.079
0.079
0.076
0.079
0.079
0.079
0.079
0.079
0.079
0.079
0.079
0.079
0.079
0.079
0.079
0.079
0.079
0.079
0.079
0.079
0.076
0.079
0.079
0.079
0.077
0.079
0.079
0.079
0.079
0.079
0.070
0.079
0.079
0.079
0.079
0.079
0.079
0.079
0.079
0.079
0.079
0.079
0.079
0.079
0.077
0.079
0.079
0.071
0.079
0.079
0.079
0.079
0.079
0.079
0.079
0.079
0.079
0.079
0.079
0.077
0.079
0.079
0.067
-1.022
-1.022
-1.127
0.079
0.079
0.079
0.066
0.079
-2.220
0.079
0.079
0.079
0.076
0.079
0.079
0.079
0.074
0.058
0.079
0.079
0.079
0.079
0.079
0.076
0.067
0.073
0.067
0.078
0.079
0.079
0.077
0.079
0.076
0.079
0.079
0.076
0.076
0.057
0.057
0.074
0.076
0.079
0.074
0.079
0.070
0.070
0.079
0.077
