fixedStep chrom=ENSGT00530000064263 start=1 step=1
0.072
0.072
0.072
-0.900
0.067
0.068
0.072
0.072
0.072
0.072
0.072
0.072
0.072
0.067
0.072
0.072
0.072
0.072
0.072
0.067
0.050
0.066
0.072
0.072
0.072
0.070
0.067
0.050
0.067
0.071
0.072
0.072
0.072
0.071
0.072
0.072
0.072
0.072
0.072
0.072
0.072
0.070
0.072
0.072
0.071
0.071
0.072
0.072
0.067
0.071
0.070
0.069
0.072
0.072
0.072
0.068
0.072
0.072
0.072
0.072
0.072
0.072
0.069
0.072
0.072
0.072
0.072
0.072
0.071
0.072
0.072
0.072
0.072
0.072
0.067
0.050
0.067
0.065
0.067
0.072
0.069
0.072
0.072
0.072
0.072
0.072
0.067
0.072
0.072
0.072
0.072
0.072
0.065
0.072
0.072
0.067
0.067
0.072
0.072
0.072
0.072
0.072
0.071
0.072
-0.878
0.072
0.072
0.072
0.072
0.068
0.072
0.072
0.072
0.072
0.072
0.067
0.072
0.072
0.072
0.072
0.072
0.072
0.067
0.072
0.072
0.072
0.072
0.072
0.072
0.072
0.072
0.072
0.072
0.072
0.067
0.072
0.072
0.072
0.072
0.072
0.072
0.072
0.072
-0.903
0.072
0.072
0.072
0.071
0.072
0.072
0.072
0.072
0.056
0.059
0.059
0.059
0.059
0.059
0.059
0.059
0.059
0.059
0.059
0.059
0.059
0.059
0.059
0.059
0.059
0.059
0.059
0.059
0.059
0.059
0.059
0.059
0.059
0.059
0.053
0.059
0.059
0.059
0.059
0.053
0.059
0.053
0.059
0.059
0.072
0.067
0.072
-1.668
0.072
0.072
0.067
0.072
0.072
0.067
0.072
0.072
0.072
0.072
-0.900
0.072
0.063
0.072
-0.878
0.072
0.072
0.072
0.072
0.072
0.072
0.072
0.072
-0.900
0.072
0.072
0.072
0.072
0.072
0.072
0.072
0.072
0.072
0.072
0.072
0.072
0.072
0.072
0.072
0.072
0.067
0.072
0.072
0.072
0.062
0.072
0.072
0.072
0.072
0.072
0.072
0.072
0.065
-1.671
0.072
0.066
-2.500
0.072
0.072
0.068
0.072
0.072
0.072
0.072
0.072
0.072
0.072
0.072
0.069
0.072
0.072
0.072
0.050
0.067
0.072
0.072
0.072
0.072
0.072
0.072
0.072
-0.900
-0.900
-0.906
-0.900
-0.900
0.072
-1.755
-1.015
-1.015
0.000
0.000
0.000
