fixedStep chrom=ENSGT00390000017728 start=1 step=1
0.052
0.052
0.052
0.049
0.052
0.052
0.052
0.052
0.051
0.052
0.052
0.052
0.052
0.052
0.047
0.052
0.052
0.050
0.052
0.052
0.052
0.052
0.052
-2.078
0.052
0.052
0.052
0.043
0.052
0.052
0.050
0.052
0.052
0.048
0.052
0.046
0.052
0.052
0.052
0.050
0.052
0.052
-1.188
0.050
0.052
0.046
0.052
0.051
-1.196
0.052
0.051
0.052
0.052
-2.604
0.052
0.052
0.052
0.052
0.052
-1.187
0.052
0.052
0.049
0.052
0.052
0.052
0.052
0.052
0.048
0.052
0.052
-1.196
0.052
0.052
0.043
0.052
0.052
0.052
0.052
0.052
-1.199
0.052
0.052
0.052
-1.188
0.052
0.052
0.052
0.052
0.048
0.052
0.052
0.052
0.052
0.052
0.052
0.052
0.052
0.052
0.052
0.052
0.052
0.052
0.052
0.048
0.052
0.052
0.049
0.052
0.052
0.052
0.052
0.052
0.052
0.052
0.052
0.052
0.052
0.052
0.052
0.052
0.052
0.052
0.052
0.052
0.052
0.052
0.052
0.052
0.052
0.048
0.052
0.052
0.052
0.052
0.052
0.052
0.052
0.052
0.052
0.052
0.052
0.052
0.047
0.052
0.052
0.050
0.052
0.052
0.043
0.052
0.052
0.052
0.052
0.052
0.050
0.052
0.052
0.052
0.052
0.052
0.043
0.052
0.052
0.052
0.052
0.052
-2.074
0.052
0.052
0.051
0.052
0.052
0.052
0.052
0.052
0.051
0.052
0.052
0.048
0.052
0.052
0.051
0.047
0.052
0.052
0.052
0.052
0.052
0.052
0.052
0.052
0.052
0.052
0.052
0.052
0.047
0.048
0.052
0.052
-1.196
0.052
0.052
0.052
0.052
0.052
0.052
0.050
0.052
0.052
-1.188
0.052
0.048
0.052
0.052
-2.524
0.052
0.052
0.043
0.052
0.052
0.052
0.052
0.052
-1.179
0.052
0.052
0.052
0.052
0.052
0.048
0.052
0.052
-1.196
0.052
0.052
0.052
0.052
0.052
0.047
0.050
0.052
0.052
0.052
0.052
0.052
0.052
0.052
0.052
0.052
0.052
0.052
0.052
0.052
0.052
0.052
0.052
0.052
0.052
0.052
0.052
0.052
0.052
0.052
0.052
0.052
0.052
0.052
0.052
0.052
0.052
0.047
0.052
0.052
0.052
0.047
0.052
0.052
0.052
0.052
0.052
0.052
0.052
0.052
0.052
0.052
0.052
0.052
0.052
0.052
0.052
0.052
0.052
0.050
0.052
0.052
0.052
0.052
0.052
0.052
0.052
0.052
0.052
0.052
0.052
0.048
0.052
0.052
0.052
0.052
0.052
0.052
0.052
0.052
0.052
0.052
0.052
0.052
0.052
0.052
0.048
0.052
0.052
0.052
0.052
0.052
0.048
0.048
0.052
-2.039
0.052
0.052
0.048
0.052
0.052
0.052
0.052
0.052
0.052
0.052
0.052
0.052
0.052
0.052
-1.197
0.052
0.052
0.052
0.052
0.052
0.047
0.052
0.052
0.050
0.052
0.052
0.052
0.052
0.046
0.052
0.052
0.051
0.052
0.052
0.052
0.052
0.052
0.052
0.052
0.052
0.052
0.052
0.052
0.052
0.052
0.052
0.052
0.052
0.052
0.052
0.052
0.052
0.052
0.052
0.052
0.048
0.052
0.052
0.052
0.052
0.052
0.052
0.052
0.052
0.052
0.052
0.048
0.052
0.052
0.052
0.052
0.052
0.052
0.052
0.052
0.052
0.052
0.047
0.052
0.052
0.052
0.052
0.052
0.052
0.052
0.052
0.052
0.052
0.052
0.048
0.052
0.052
0.052
0.052
0.052
0.051
0.052
0.052
0.049
0.052
0.052
0.048
0.052
0.052
0.052
0.052
0.052
-2.099
0.052
0.052
0.052
0.052
0.052
0.051
0.052
0.052
0.048
0.052
0.052
0.052
0.049
0.052
0.048
0.052
0.043
0.052
0.052
0.052
0.052
0.052
0.052
0.052
0.052
0.052
-1.197
0.052
0.052
0.052
0.052
0.052
0.052
0.048
0.052
0.046
0.052
0.052
0.052
0.050
0.052
0.050
0.052
0.052
0.052
0.052
0.051
0.052
0.052
0.052
0.052
0.052
0.052
0.052
0.046
0.052
-1.742
0.052
0.052
0.052
0.052
0.052
0.047
-1.179
0.052
0.048
0.052
0.052
0.052
0.052
0.052
0.052
0.052
0.052
0.047
0.052
0.052
0.052
0.052
0.052
0.052
0.052
0.052
0.052
0.052
0.052
0.048
0.052
0.052
0.052
0.052
0.052
0.052
0.052
0.052
0.052
0.052
0.052
0.052
0.052
0.052
0.052
0.052
0.052
0.048
0.052
0.052
0.052
0.052
0.052
0.052
0.052
0.052
0.052
0.052
0.052
0.048
0.052
0.052
0.049
0.052
0.052
0.052
0.052
0.052
0.052
0.052
0.052
0.052
0.052
0.052
0.052
0.048
0.052
0.051
0.052
0.052
0.050
0.052
0.052
0.052
0.052
0.052
0.052
0.052
0.052
0.048
0.052
0.052
0.052
0.052
0.050
-1.189
0.052
0.052
0.052
0.052
0.052
0.052
0.052
0.048
0.052
0.052
0.050
-1.201
0.050
0.052
0.052
0.048
0.052
0.050
0.052
0.052
0.052
0.052
0.052
0.052
0.052
0.052
0.052
0.052
0.051
0.052
0.052
0.052
0.052
0.052
0.050
0.052
0.048
0.052
0.050
0.052
0.052
0.052
0.052
0.052
0.052
0.052
0.052
0.052
0.052
0.051
0.052
0.052
0.043
0.052
0.050
0.052
0.052
0.052
0.052
0.047
0.048
0.052
0.052
0.052
0.052
0.052
0.052
0.052
0.052
0.052
0.052
0.052
0.052
0.052
0.052
0.052
0.052
0.048
0.047
0.048
0.052
0.048
0.052
0.052
0.052
0.052
0.052
0.052
0.052
0.051
0.048
0.052
0.052
-2.074
0.052
-1.196
0.052
0.052
0.051
0.046
0.052
0.052
0.052
0.052
0.051
0.051
0.052
0.052
0.052
0.052
0.052
0.052
0.052
0.052
0.052
0.052
0.052
0.052
0.052
0.047
0.052
0.052
0.052
0.052
0.052
0.052
0.052
0.052
0.052
0.052
0.052
0.052
0.052
0.052
0.052
0.052
0.052
0.052
0.052
0.052
0.052
0.052
0.052
0.052
0.048
0.052
0.052
0.052
0.052
0.052
0.047
0.052
0.047
0.052
0.052
0.048
0.052
0.052
0.048
0.052
0.052
0.052
0.052
0.052
0.052
0.052
0.052
0.052
0.052
0.052
0.052
0.052
0.052
0.051
0.052
0.052
0.048
0.052
0.052
0.050
0.052
0.052
0.051
0.052
0.052
0.052
0.052
0.052
0.048
0.052
0.052
0.052
0.052
0.052
0.052
0.052
0.052
0.052
0.052
0.052
0.052
0.052
0.052
0.052
0.052
0.052
0.052
0.052
0.052
0.052
0.052
0.052
0.052
0.052
0.052
0.052
0.052
0.052
0.048
0.052
0.052
0.048
0.052
0.052
0.052
0.052
0.052
0.051
0.052
0.052
0.052
0.052
0.052
0.052
0.052
0.052
0.052
0.052
0.052
0.052
0.048
0.052
0.052
0.052
0.052
0.052
0.052
0.052
0.052
0.052
0.052
0.052
0.052
0.052
0.052
0.052
0.052
0.052
0.052
0.052
0.052
0.052
0.052
0.052
0.052
0.052
0.052
0.052
0.052
0.052
0.052
0.052
0.052
-2.120
0.052
0.052
0.052
0.052
0.052
0.052
0.052
0.052
0.052
0.052
0.052
0.052
0.052
-2.123
0.052
0.052
0.050
0.052
0.052
0.052
0.052
0.052
0.052
0.052
0.052
0.052
0.052
0.052
0.052
0.051
0.052
0.052
0.052
0.052
0.052
0.052
0.052
0.052
0.052
0.052
0.048
-1.189
0.052
0.052
0.052
0.052
0.052
0.052
0.052
0.052
0.052
0.052
0.052
0.052
0.052
0.052
0.052
0.052
0.052
0.052
0.052
0.052
0.052
0.052
0.052
0.052
0.052
0.052
0.052
0.052
0.052
0.052
0.052
0.050
0.052
0.052
0.051
0.052
0.052
0.050
0.052
0.052
0.052
0.052
0.052
0.052
0.052
0.052
0.052
0.052
0.052
0.052
0.052
0.052
0.052
0.052
0.052
0.047
0.052
0.052
0.052
0.052
0.052
0.052
0.052
0.052
0.052
0.052
0.052
0.052
0.052
0.052
0.048
0.052
0.052
0.052
0.052
0.052
0.052
0.052
0.052
0.052
0.052
0.052
0.052
0.052
0.052
0.052
0.052
0.052
0.052
0.052
0.052
0.052
0.052
0.052
0.052
0.052
0.052
0.052
0.052
0.052
0.052
0.052
0.052
0.052
0.052
0.052
0.052
0.052
0.052
0.048
0.052
0.052
0.051
0.052
0.052
0.048
0.052
0.052
-1.199
0.052
0.052
0.052
0.052
0.052
0.050
0.051
0.052
0.052
0.052
0.052
0.052
0.052
0.052
0.052
0.052
0.052
0.052
0.052
0.043
0.052
0.049
0.052
-0.744
0.052
0.052
0.048
0.052
0.052
0.052
0.046
0.052
0.052
0.052
0.052
0.052
0.052
0.052
0.052
0.052
0.052
0.052
0.051
0.052
0.048
0.047
0.052
-1.199
0.052
0.052
0.052
0.052
0.052
0.052
0.052
0.052
0.052
0.052
0.052
0.052
0.052
0.052
0.052
0.052
0.052
0.052
0.052
0.052
0.052
0.052
0.052
0.052
0.052
0.052
0.052
0.052
0.052
0.052
0.052
0.052
0.052
0.044
0.052
0.052
0.052
0.052
0.052
0.052
0.052
0.047
0.052
0.052
0.052
0.051
0.052
0.052
0.052
0.052
-1.683
0.052
0.052
0.052
0.052
0.052
0.052
0.052
0.052
-0.678
0.052
0.052
0.052
0.052
0.052
0.052
0.050
0.052
0.052
0.052
0.052
0.052
0.052
0.052
0.052
0.052
0.052
0.052
0.052
0.052
0.052
0.052
0.052
0.052
0.052
0.052
0.052
0.052
0.052
0.052
0.052
0.052
0.051
0.052
0.052
0.052
0.052
0.052
0.052
0.052
0.052
0.052
0.052
0.052
0.052
0.052
0.052
0.047
0.052
0.052
0.052
0.052
0.052
0.051
0.052
0.052
0.052
0.052
0.052
0.052
0.052
0.052
0.052
0.052
0.052
0.052
0.052
0.046
0.052
0.052
-1.187
0.052
0.052
0.052
0.052
0.052
0.052
0.051
0.052
0.052
0.052
0.052
0.052
0.048
0.052
0.052
0.052
0.052
0.052
0.052
0.052
0.052
0.052
0.052
0.052
0.052
0.052
0.052
0.052
0.052
0.050
0.048
0.052
0.052
0.052
0.052
0.052
0.052
0.052
0.052
0.052
0.052
0.052
0.052
0.048
0.048
0.052
0.052
0.052
0.052
0.052
0.052
0.052
0.052
0.052
0.052
0.052
0.052
0.052
0.052
0.052
0.050
0.052
0.052
-1.187
