fixedStep chrom=ENSGT00410000029194 start=1 step=1
0.000
0.000
0.000
0.000
0.000
0.000
0.000
0.000
0.000
0.000
0.000
0.000
0.000
0.000
0.000
0.000
0.000
0.000
0.000
0.000
0.000
0.000
0.000
0.000
0.000
0.000
0.000
0.000
0.000
0.000
0.000
0.000
0.000
0.000
0.000
0.000
0.000
0.000
0.000
0.000
0.000
0.000
0.000
0.000
0.000
0.000
0.000
0.000
0.000
0.000
0.000
0.000
0.000
0.000
0.000
0.000
0.000
0.000
0.000
0.000
0.000
0.000
0.000
0.000
0.000
0.000
0.000
0.000
0.000
0.000
0.000
0.000
0.000
0.000
0.000
0.000
0.000
0.000
0.000
0.000
0.000
0.000
0.000
0.000
0.000
0.000
0.000
0.000
0.000
0.000
0.000
0.000
0.000
0.000
0.000
0.000
0.000
0.000
0.000
0.000
0.000
0.000
0.000
0.000
0.000
0.000
0.000
0.000
0.000
0.000
0.000
-1.643
-2.127
-2.681
0.057
0.057
0.057
0.057
-1.192
0.057
0.057
0.050
0.050
0.057
0.057
0.057
0.057
0.057
0.057
0.057
0.057
0.057
0.057
0.057
0.057
0.057
0.057
0.057
0.057
0.050
0.057
0.050
-1.185
0.057
0.057
0.057
0.057
0.056
0.057
0.057
0.057
0.057
0.057
0.057
0.057
0.057
0.057
0.057
0.057
0.057
0.057
0.057
-1.181
0.057
0.050
0.057
-1.192
0.054
0.057
0.057
0.057
0.057
0.057
0.057
0.057
0.057
0.050
0.050
0.057
0.057
0.057
0.057
0.057
0.057
0.057
0.057
-1.190
0.057
0.057
0.057
0.057
0.057
-1.293
-0.977
-0.977
0.057
0.057
0.056
-1.190
0.050
0.057
0.057
0.057
0.050
0.050
0.057
0.057
0.050
0.050
-1.188
0.057
0.057
0.057
0.050
0.057
0.057
0.057
0.057
0.050
0.057
0.057
0.057
0.057
0.057
0.057
0.057
0.057
0.050
0.057
0.057
0.057
0.050
0.057
0.057
0.057
0.057
0.057
0.057
-1.188
0.057
-1.190
0.047
0.057
0.057
0.057
0.050
0.054
0.057
0.057
0.057
0.057
0.057
0.057
0.057
0.057
0.050
0.056
0.057
0.057
0.057
0.050
-1.181
-2.032
-1.181
-1.192
-1.188
-1.181
0.057
0.057
0.057
-0.977
-0.977
-0.977
0.057
0.057
0.057
0.057
0.057
0.057
0.057
0.057
-1.182
0.057
0.057
0.057
0.057
0.057
0.057
0.057
-1.188
0.057
0.057
0.057
0.057
0.057
0.057
0.057
0.055
0.057
0.057
0.057
0.057
0.057
-1.185
0.057
0.057
0.057
0.057
0.050
0.057
0.050
-1.188
0.057
0.057
0.057
-1.185
0.057
0.057
0.057
0.057
0.057
0.057
-1.192
0.057
0.057
0.057
0.057
0.057
0.057
0.057
-0.977
-0.977
-0.977
0.057
0.057
0.057
0.057
0.057
0.057
0.057
0.057
0.057
0.057
0.057
0.057
0.057
0.057
0.057
0.057
0.057
0.057
0.057
0.057
0.057
-0.977
-0.977
-0.977
0.057
0.057
0.057
0.057
0.057
0.057
0.051
0.057
0.057
0.057
0.057
0.057
0.057
0.057
0.057
0.057
0.057
0.057
0.057
0.057
0.057
0.057
0.056
0.057
0.057
0.057
0.057
0.057
0.057
0.057
0.057
0.057
0.057
0.057
0.057
0.057
0.057
0.057
0.057
0.057
0.057
0.057
0.057
0.050
0.057
0.057
0.057
0.057
0.057
0.057
0.057
0.057
0.057
0.057
0.057
0.057
0.057
0.057
0.057
0.050
0.057
0.057
0.057
0.057
0.057
0.057
0.057
0.057
0.056
0.056
0.057
0.056
0.057
0.057
0.057
0.057
0.057
0.057
0.057
0.053
0.057
0.057
0.050
0.057
0.057
0.057
-1.181
0.057
0.057
0.057
-1.181
0.057
0.057
0.057
0.057
0.057
0.057
0.057
0.057
0.057
0.057
0.057
0.057
0.057
0.057
0.057
-1.181
0.057
0.057
0.057
0.057
0.057
0.057
0.057
0.057
0.057
0.057
0.057
0.056
0.057
0.057
0.057
0.057
0.057
0.056
0.057
0.055
0.050
0.057
0.057
0.057
0.057
-1.185
0.057
-1.192
-0.977
-0.977
-0.977
0.057
0.057
0.057
0.049
0.049
0.049
-1.973
0.042
0.053
