fixedStep chrom=ENSGT00390000012008 start=1 step=1
-1.272
-1.270
-1.273
0.047
0.047
0.047
0.046
0.062
-2.498
0.063
0.063
0.050
0.063
0.063
0.046
0.000
0.000
0.000
0.000
0.000
0.000
0.000
0.000
0.000
0.063
0.062
0.050
0.047
0.059
0.062
0.054
0.062
-2.367
0.056
0.046
0.047
-2.874
-3.977
-2.160
-2.730
-2.730
-5.033
-3.515
-2.730
-2.163
0.000
0.000
0.000
0.000
0.000
0.000
0.000
0.000
0.000
0.059
0.063
0.063
0.061
0.059
0.047
0.047
0.048
0.058
0.063
0.056
-1.805
0.047
0.059
0.063
-1.462
-2.168
-2.035
-2.648
-1.458
-2.927
0.000
0.000
0.000
0.000
0.000
0.000
0.000
0.000
0.000
-2.207
-2.185
-4.192
-2.800
-3.303
-2.800
-2.800
-2.800
-2.800
-2.800
-3.874
-3.884
-0.297
-0.297
-0.297
-3.891
-2.792
-3.311
0.063
0.047
-1.796
0.061
0.063
0.063
0.063
0.063
-1.773
0.059
0.063
0.045
-0.297
-0.297
-0.297
-0.297
-0.297
-0.297
0.062
0.063
0.046
0.063
0.063
0.059
0.063
0.063
0.063
0.063
0.063
0.063
0.063
0.063
0.063
0.063
0.063
0.063
0.063
0.063
0.063
0.063
0.063
0.063
0.063
0.063
0.063
0.063
0.063
0.063
0.063
0.063
-2.516
0.063
0.063
0.063
0.063
0.063
0.063
0.063
0.063
0.063
0.063
0.063
0.063
0.063
0.063
0.047
0.063
0.063
0.063
0.063
0.063
0.063
0.063
0.063
0.059
0.063
0.063
0.063
0.063
0.063
0.063
0.063
0.063
0.063
0.063
0.063
0.063
0.063
0.063
0.063
0.063
0.063
0.063
0.061
0.054
0.062
0.063
0.063
0.063
0.063
0.063
0.063
0.063
0.063
0.059
0.063
0.063
0.063
0.063
0.063
0.063
0.063
0.063
0.063
0.063
0.063
0.063
0.063
0.063
0.063
0.063
0.063
0.063
0.063
0.063
0.063
0.063
0.063
0.059
0.063
0.063
0.063
0.063
0.063
0.063
0.063
0.063
0.056
0.063
0.063
0.063
0.063
0.063
0.063
0.063
0.063
0.063
0.063
0.063
0.063
0.063
0.063
0.063
0.063
0.063
0.063
0.063
0.063
0.063
0.063
0.063
0.063
0.063
0.063
0.063
0.063
0.063
0.063
0.063
0.063
0.059
0.063
0.063
0.063
0.062
0.063
0.059
0.063
0.063
0.062
0.063
0.063
0.063
0.063
0.063
0.063
0.063
0.063
0.063
0.063
0.063
0.063
0.063
0.063
0.063
0.063
0.063
0.063
0.063
0.063
0.063
0.063
0.063
0.062
0.063
0.063
0.061
0.063
0.063
0.063
0.063
0.063
0.061
0.063
0.063
0.063
0.063
0.063
0.059
0.063
0.063
0.063
0.063
0.063
0.063
0.063
0.063
0.059
0.063
0.063
0.063
0.063
0.063
0.063
0.063
0.063
0.059
0.063
0.063
0.063
0.063
0.063
0.063
0.063
0.063
0.063
0.063
0.062
0.057
0.063
0.063
0.059
0.063
0.063
0.054
0.063
0.063
0.063
0.063
0.063
0.059
0.063
0.063
0.063
0.063
0.063
0.063
0.063
0.063
0.062
0.063
0.063
0.063
0.063
0.063
0.059
0.063
0.063
0.063
0.063
0.063
0.063
0.063
0.063
0.063
0.063
0.063
0.063
0.063
0.063
0.063
0.063
0.063
0.061
0.063
0.063
0.063
0.063
0.063
0.063
0.063
0.063
0.063
0.063
0.063
0.062
0.063
0.063
0.057
0.063
0.063
0.054
0.063
0.063
-1.796
0.063
0.063
0.057
0.063
0.063
0.063
0.063
0.063
0.063
0.063
0.063
0.054
0.063
0.063
0.063
0.063
0.063
0.063
0.063
0.063
0.063
0.063
0.063
0.063
0.063
0.063
0.061
0.063
0.059
0.056
0.063
0.063
0.063
0.063
0.063
0.060
0.063
0.063
0.059
0.063
0.063
0.063
0.063
0.063
0.063
0.063
0.063
0.061
0.061
0.063
0.059
0.063
0.063
0.061
0.063
0.063
0.063
0.063
0.063
0.063
0.063
0.063
0.063
0.063
0.063
0.063
0.063
0.059
0.047
0.063
0.063
0.063
0.063
0.060
0.061
0.063
0.063
0.059
0.063
0.063
0.063
0.063
0.063
0.063
0.063
0.063
0.063
0.063
0.063
0.063
0.063
0.063
0.063
0.063
0.063
0.063
0.063
0.063
0.061
0.063
0.063
0.062
0.063
0.063
0.059
0.063
0.063
-2.598
0.063
0.063
0.063
0.063
0.063
-1.780
0.062
0.059
0.059
0.063
0.063
0.063
0.063
0.063
0.063
0.063
0.061
0.063
0.063
0.058
0.063
0.062
0.063
0.059
0.063
0.063
0.063
0.063
0.063
0.063
0.063
0.063
0.063
0.063
0.063
0.058
0.063
0.063
0.063
0.059
0.061
0.046
0.063
0.063
0.063
0.063
0.063
0.063
0.063
0.063
0.063
0.063
0.063
0.059
0.063
0.063
0.063
0.063
0.063
0.063
0.063
0.063
0.063
0.063
0.063
0.063
0.063
0.061
0.061
0.063
0.063
0.061
0.063
0.063
0.063
0.063
0.063
0.058
0.063
0.063
0.063
0.063
0.063
0.063
0.063
0.063
0.063
0.059
0.063
0.063
0.063
0.063
0.063
0.063
0.063
0.063
0.059
0.063
0.061
0.063
0.063
0.063
0.063
0.061
0.063
0.063
0.063
0.059
0.063
0.063
0.063
0.063
0.063
0.063
0.063
0.063
0.063
0.063
0.063
0.063
0.063
0.063
0.062
-2.093
0.063
0.063
0.063
0.063
0.063
0.059
0.046
-1.851
0.063
0.054
0.062
0.063
0.063
0.058
0.059
0.063
-3.288
0.063
0.058
0.063
0.059
0.063
0.063
0.063
0.063
0.062
0.063
0.063
0.059
0.058
0.059
0.063
0.063
0.063
0.063
0.063
0.059
0.063
0.063
0.063
0.061
0.063
0.063
0.059
0.063
0.063
0.063
0.063
0.063
0.063
0.063
0.063
0.063
0.063
0.063
0.063
0.063
0.063
0.063
0.063
0.063
0.063
0.063
0.063
0.062
0.063
0.063
0.059
0.063
0.063
0.063
0.063
0.063
0.046
0.063
0.063
0.063
0.063
0.063
0.063
0.063
0.063
0.063
0.063
0.063
0.063
0.063
0.063
0.063
0.063
0.063
0.062
0.063
0.063
0.047
0.063
0.063
0.063
0.063
0.063
0.061
0.061
0.062
0.058
0.063
0.063
0.063
0.063
0.063
0.063
0.063
0.063
0.063
0.063
0.063
0.061
0.063
0.063
0.046
0.063
0.063
0.063
0.063
0.063
0.063
0.063
0.063
0.063
0.063
0.063
0.063
0.063
0.063
0.063
0.063
0.063
0.063
0.063
0.063
0.063
0.063
0.063
0.063
0.063
0.063
0.063
0.063
0.063
0.063
0.059
0.063
0.062
0.063
0.063
0.063
0.063
0.063
0.056
0.063
0.063
0.063
0.059
0.063
0.063
0.063
0.063
0.059
0.063
0.063
0.063
0.063
0.063
0.063
0.063
0.063
0.063
0.063
0.063
0.063
0.063
0.063
0.063
0.063
0.063
0.063
0.063
0.063
0.061
0.063
0.063
0.059
0.063
0.063
0.062
0.063
0.063
0.063
-1.189
-1.186
-1.186
-1.186
-1.186
-1.186
-1.186
-1.731
-1.186
