fixedStep chrom=ENSGT00490000044315 start=1 step=1
0.086
0.087
0.086
0.078
0.086
0.086
0.086
0.087
0.087
0.085
0.086
0.065
0.086
0.086
0.078
0.078
0.086
0.086
0.086
0.086
-0.748
0.086
0.083
0.086
0.086
0.087
0.078
0.086
0.086
-0.761
0.086
0.078
0.087
0.086
0.080
0.086
0.086
0.086
0.086
0.087
0.087
0.086
0.075
0.085
0.086
0.086
0.087
-0.765
0.086
0.086
0.078
0.085
0.087
0.086
0.086
0.086
0.086
0.087
0.087
0.085
0.086
0.087
0.086
0.086
0.087
0.086
-0.763
0.078
0.078
0.086
0.078
0.078
0.087
0.067
0.087
-0.748
-0.765
0.086
0.087
-0.748
0.086
-0.761
0.087
-0.763
0.078
0.078
0.086
-0.004
-0.004
-0.004
0.087
0.087
-0.763
0.086
0.087
0.086
0.086
0.087
-0.765
0.086
0.086
0.086
-0.761
-0.748
0.078
0.082
0.086
0.087
-1.429
-1.482
0.073
0.078
0.086
0.086
0.087
0.086
0.087
0.086
0.086
0.086
0.078
0.087
0.087
0.086
0.086
-0.748
0.086
-0.761
0.078
0.078
-0.763
0.078
0.086
0.086
0.087
-0.765
-0.763
0.078
0.086
0.078
0.087
0.086
0.087
0.086
0.078
-2.050
0.067
-2.038
-2.026
0.082
0.067
0.087
0.075
0.085
0.085
0.085
-3.280
-1.659
-1.659
0.086
0.078
0.077
0.085
0.082
0.086
0.086
0.086
0.081
0.085
0.086
0.086
0.086
0.086
0.087
0.086
0.086
0.086
0.086
0.078
0.075
0.087
0.086
0.086
0.086
0.086
0.086
0.086
0.086
0.086
-0.748
0.086
0.086
0.087
-0.765
0.086
0.078
0.078
0.086
0.087
0.078
0.086
0.086
-0.765
0.086
0.078
0.086
0.086
0.086
0.087
0.087
0.087
0.086
0.086
0.087
0.086
0.086
0.086
0.086
0.086
0.086
0.086
0.087
0.086
0.086
0.086
0.086
0.086
0.087
0.086
0.086
0.086
0.067
0.078
0.086
0.086
0.087
0.087
0.078
-0.765
-0.763
0.078
0.086
-0.748
-0.727
-0.727
-0.727
0.086
0.086
0.087
0.086
0.087
0.067
0.086
0.086
0.086
-1.384
-1.384
-1.384
0.087
0.087
0.086
0.086
0.086
0.086
0.086
0.087
0.086
0.086
0.086
0.086
0.086
0.086
0.086
-0.727
-0.727
-0.727
0.087
0.086
0.085
-1.659
-1.664
-1.659
-1.660
-1.659
-1.659
-1.659
-1.639
-1.660
-1.660
-1.659
-1.639
-2.971
-2.970
-2.971
-2.970
-2.971
-2.970
0.000
0.000
0.000
0.000
0.000
0.000
0.000
0.000
0.000
0.000
0.000
0.000
0.000
0.000
0.000
0.000
0.000
0.000
0.000
0.000
0.000
0.000
0.000
0.000
0.000
0.000
0.000
0.000
0.000
0.000
0.000
0.000
0.000
0.000
0.000
0.000
0.000
0.000
0.000
0.000
0.000
0.000
0.000
0.000
0.000
0.067
0.067
-1.457
0.086
0.086
-0.761
0.067
0.086
0.085
0.075
-2.010
0.086
-1.660
-1.659
-3.816
0.086
0.086
0.086
0.086
0.086
0.067
0.086
0.067
0.067
-0.727
-1.008
-1.649
-0.709
-1.724
-1.730
-0.709
-1.753
-1.189
-0.709
-1.193
-0.709
-0.709
-0.709
-1.728
-1.730
-1.203
-1.730
0.000
0.000
0.000
0.000
0.000
0.000
0.000
0.000
0.000
0.000
0.000
0.000
0.000
0.000
0.000
0.000
0.000
0.000
0.000
0.000
0.000
0.000
0.000
0.000
0.000
0.000
0.000
0.000
0.000
0.000
0.000
0.000
0.000
0.000
0.000
0.000
0.000
0.000
0.000
0.000
0.000
0.000
0.000
0.000
0.000
0.000
0.000
0.000
0.000
0.000
0.000
0.000
0.000
0.000
0.000
0.000
0.000
0.000
0.000
0.000
0.000
0.000
0.000
0.000
0.000
0.000
0.000
0.000
0.000
0.000
0.000
0.000
0.000
0.000
0.000
0.000
0.000
0.000
0.000
0.000
0.000
0.000
0.000
0.000
0.000
0.000
0.000
0.000
0.000
0.000
0.000
0.000
0.000
0.000
0.000
0.000
0.000
0.000
0.000
0.000
0.000
0.000
0.000
0.000
0.000
0.000
0.000
0.000
0.000
0.000
0.000
0.000
0.000
0.000
0.000
0.000
0.000
0.000
0.000
0.000
0.000
0.000
0.000
0.000
0.000
0.000
0.000
0.000
0.000
0.000
0.000
0.000
0.000
0.000
0.000
0.000
0.000
0.000
0.000
0.000
0.000
0.000
0.000
0.000
0.000
0.000
0.000
0.000
0.000
0.000
0.000
0.000
0.000
0.000
0.000
0.000
0.000
0.000
0.000
0.000
0.000
0.000
0.000
0.000
0.000
0.000
0.000
0.000
0.000
0.000
0.000
0.000
0.000
0.000
0.000
0.000
0.000
0.000
0.000
0.000
0.000
0.000
0.000
0.000
0.000
0.000
0.000
0.000
0.000
0.000
0.000
0.000
0.000
0.000
0.000
0.000
0.000
0.000
