fixedStep chrom=ENSGT00390000012248 start=1 step=1
-0.975
-0.974
-0.975
-2.046
-0.966
0.065
0.060
0.066
0.066
0.066
0.066
0.066
0.066
0.066
0.066
0.066
0.066
0.066
0.066
0.064
0.060
0.066
0.064
0.064
0.066
0.065
0.066
0.066
0.066
0.066
0.066
0.066
0.066
0.066
0.066
0.066
0.066
0.066
0.066
0.056
0.066
0.066
-2.013
0.049
0.066
0.066
0.064
0.066
0.066
0.066
0.056
0.056
0.063
0.058
0.066
0.066
0.066
0.066
0.066
0.066
0.066
0.066
0.066
0.066
0.066
0.066
0.064
0.066
0.066
0.060
0.066
0.066
0.066
0.066
0.066
0.060
0.066
0.066
0.066
0.066
0.056
0.065
0.066
0.064
0.064
0.066
0.066
0.066
0.066
0.066
0.063
0.066
0.066
0.066
0.066
0.064
0.064
0.066
0.066
0.066
0.066
0.066
0.065
0.066
0.066
0.066
0.066
0.056
-0.968
0.066
0.066
0.066
0.066
0.066
0.066
0.066
0.066
0.054
-3.310
0.066
0.066
0.066
0.066
0.062
0.066
0.066
0.066
0.053
0.060
-0.952
0.066
-2.334
-0.964
0.066
0.066
0.066
0.066
0.066
0.066
0.066
0.066
0.066
0.066
0.066
-0.963
-0.966
0.066
0.066
0.066
0.064
0.066
0.066
0.066
-0.964
0.066
0.056
-0.963
0.066
0.066
0.066
0.066
0.066
0.066
0.066
0.065
0.066
0.066
0.066
0.066
-0.967
0.064
0.066
0.066
0.066
0.066
0.060
0.056
0.056
0.066
0.064
0.060
0.060
0.066
0.066
0.066
0.066
0.066
0.064
0.066
0.066
0.066
0.066
0.066
0.066
0.066
-0.966
0.066
0.066
0.052
0.066
0.060
0.060
0.058
0.063
0.064
0.066
0.066
0.066
0.060
0.066
0.066
0.066
0.066
0.066
0.064
0.066
0.066
0.066
0.066
0.066
0.066
0.060
-0.321
-0.321
-0.321
0.060
0.066
0.066
0.066
0.066
0.066
0.066
0.066
0.066
0.066
0.066
0.066
0.066
0.066
-0.963
0.066
0.066
0.066
-0.966
0.066
0.066
0.066
0.060
0.066
0.049
0.066
0.066
0.066
0.066
0.066
0.066
0.066
0.066
0.066
0.066
0.066
0.066
0.066
0.066
0.056
-0.967
0.061
0.066
0.066
0.066
0.066
0.066
-0.964
0.066
0.066
0.066
0.066
0.066
0.064
0.060
0.066
0.059
0.066
0.066
0.066
0.066
0.066
0.066
0.060
0.066
0.066
0.066
0.066
0.066
0.066
0.066
0.066
0.066
-0.966
0.066
0.066
0.066
0.064
0.066
0.066
0.066
0.066
0.066
0.066
0.066
0.066
0.056
0.066
0.060
0.066
0.066
0.066
0.056
-0.963
-0.952
0.066
0.066
0.066
0.060
0.066
0.066
0.066
0.066
0.066
0.066
0.060
0.060
0.066
0.066
0.066
0.066
0.066
0.066
0.066
0.066
0.066
0.066
0.066
0.066
0.066
0.066
0.066
0.066
0.066
0.066
0.060
0.066
0.066
0.064
0.066
0.066
0.066
0.066
0.066
0.066
0.066
0.066
0.066
0.066
0.066
0.066
0.066
0.060
0.066
0.066
0.066
0.066
0.066
0.066
0.060
0.066
0.066
0.066
0.066
0.066
0.060
0.066
0.066
0.064
0.066
0.066
0.066
0.058
0.066
0.066
0.066
0.066
0.066
0.066
0.066
0.066
0.066
0.066
0.066
0.066
0.066
0.066
0.066
0.066
0.066
0.066
0.066
0.066
0.066
-1.591
0.060
0.066
0.066
0.066
0.066
0.066
0.066
0.066
0.066
0.066
0.066
0.066
0.066
0.066
0.066
0.066
0.066
0.066
0.066
0.066
0.066
0.066
0.066
0.066
0.066
0.066
0.066
0.066
0.066
0.066
0.060
0.066
0.066
0.066
0.066
0.066
0.066
0.066
0.066
0.066
0.066
0.066
0.066
0.066
0.066
0.066
0.066
0.066
0.066
0.066
0.066
0.066
0.066
0.066
0.066
0.066
0.066
0.066
