fixedStep chrom=ENSGT00390000017269 start=1 step=1
0.079
0.092
0.091
0.091
0.092
0.092
0.091
0.092
0.092
-0.564
-0.564
-0.564
-0.564
-0.564
-0.564
-0.564
-1.056
-0.564
-0.571
-0.564
-0.564
-0.564
-0.564
-0.564
-0.564
-0.564
-0.564
0.092
0.092
0.092
0.092
-1.945
0.088
-0.815
0.091
0.079
0.092
-0.816
0.092
0.000
0.000
0.000
0.000
0.000
0.000
0.000
0.000
0.000
-0.816
-0.816
0.092
0.091
0.092
0.092
0.092
0.092
0.092
0.092
0.079
0.092
0.092
0.092
0.091
0.092
0.091
0.091
0.092
0.079
0.079
0.079
0.091
0.091
0.092
0.092
0.092
0.092
0.092
0.092
0.092
0.092
0.092
0.091
0.092
0.079
0.079
0.092
0.092
0.092
0.092
0.079
0.091
0.091
0.079
0.092
-0.816
0.092
0.092
0.092
0.079
0.092
0.092
0.092
0.079
0.088
0.092
0.092
0.092
0.091
0.091
0.092
0.092
0.092
0.092
0.091
-0.816
0.092
0.092
0.079
0.092
0.091
0.092
0.092
-0.815
0.091
0.091
0.092
-0.564
-0.564
-0.564
-0.564
-0.564
-0.564
-0.564
-0.564
-0.564
-0.564
-0.564
-0.564
-0.564
-0.564
-0.564
0.092
0.092
0.092
-1.773
0.092
-0.815
-0.816
0.091
0.092
0.092
0.091
0.079
0.092
0.092
0.091
0.079
0.079
-0.816
0.091
0.092
0.092
0.079
0.092
-0.816
0.091
0.079
0.091
0.079
0.092
0.092
0.079
0.079
-1.295
0.092
0.091
0.092
0.091
0.091
0.092
0.092
0.092
0.091
0.092
0.079
0.079
0.091
-0.816
0.079
0.092
0.079
0.092
0.091
0.092
0.090
0.092
0.092
-0.815
0.079
0.092
0.092
0.092
0.092
0.091
0.092
-0.816
0.079
0.091
-0.815
-0.816
0.091
0.079
0.092
0.092
0.092
0.092
-0.564
-0.564
-0.564
0.091
0.092
0.079
0.092
0.092
-0.811
0.091
0.092
0.092
0.091
0.092
0.092
0.091
0.092
0.079
0.092
0.091
0.088
0.092
0.092
0.092
-0.816
0.088
0.079
0.079
0.092
0.092
0.092
0.092
0.079
0.079
-0.811
0.091
0.079
0.092
0.092
0.091
0.079
0.079
-1.797
-1.556
0.091
0.081
-0.816
0.079
-0.564
-0.564
-0.564
-1.141
-0.564
-0.564
-0.564
-0.564
-0.564
-0.564
-0.564
-0.564
-0.564
-0.564
-0.564
0.091
0.091
0.079
0.092
0.092
-0.816
0.092
0.079
-0.816
0.092
-0.811
0.092
-1.563
0.079
0.092
0.092
0.091
0.092
0.092
-1.510
0.092
0.091
0.092
0.092
0.092
0.092
0.091
0.092
0.091
0.092
0.092
0.092
0.092
0.092
0.079
0.091
0.092
0.092
0.092
0.092
0.081
-1.836
0.091
0.091
0.079
0.092
0.092
0.092
-0.811
0.079
0.079
-0.564
-0.564
-0.564
0.092
0.079
-0.816
-0.815
0.079
0.079
0.091
0.092
0.091
0.091
0.092
0.092
0.092
0.092
0.092
0.091
0.079
0.079
0.092
0.079
0.091
0.092
0.091
0.091
0.079
0.092
0.092
0.092
0.092
0.092
-0.331
-0.331
-0.331
0.091
0.092
-1.201
0.079
0.091
-0.816
0.079
0.079
0.091
0.092
0.092
0.091
0.092
0.079
0.091
0.091
0.092
0.091
0.092
0.092
0.091
0.079
0.079
0.091
0.092
0.092
0.092
0.092
-0.815
0.091
0.091
0.092
0.092
0.092
0.079
-0.816
0.079
0.092
0.091
-0.816
0.092
0.092
0.091
0.079
0.091
-0.811
0.092
0.079
-0.564
-0.564
-0.564
-0.564
-0.564
-0.564
-0.564
-0.564
-0.564
