fixedStep chrom=ENSGT00390000008294 start=1 step=1
0.000
0.000
0.000
0.000
0.000
0.000
0.000
0.000
0.000
0.000
0.000
0.000
0.000
0.000
0.000
0.000
0.000
0.000
0.000
0.000
0.000
0.000
0.000
0.000
0.000
0.000
0.000
0.000
0.000
0.000
0.000
0.000
0.000
0.000
0.000
0.000
0.000
0.000
0.000
0.000
0.000
0.000
0.000
0.000
0.000
0.000
0.000
0.000
0.000
0.000
0.000
0.000
0.000
0.000
0.000
0.000
0.000
0.000
0.000
0.000
0.000
0.000
0.000
0.000
0.000
0.000
0.000
0.000
0.000
0.000
0.000
0.000
0.000
0.000
0.000
0.000
0.000
0.000
0.000
0.000
0.000
0.000
0.000
0.000
0.000
0.000
0.000
0.000
0.000
0.000
0.000
0.000
0.000
0.000
0.000
0.000
0.000
0.000
0.000
0.000
0.000
0.000
0.000
0.000
0.000
0.000
0.000
0.000
0.000
0.000
0.000
0.000
0.000
0.000
0.000
0.000
0.000
0.000
0.000
0.000
0.000
0.000
0.000
0.000
0.000
0.000
0.000
0.000
0.000
0.000
0.000
0.000
0.000
0.000
0.000
0.000
0.000
0.000
0.000
0.000
0.000
0.000
0.000
0.000
0.000
0.000
0.000
0.000
0.000
0.000
0.000
0.000
0.000
0.000
0.000
0.000
0.000
0.000
0.000
0.000
0.000
0.000
0.000
0.000
0.000
0.000
0.000
0.000
0.000
0.000
0.000
0.000
0.000
0.000
0.000
0.000
0.000
0.000
0.000
0.000
0.000
0.000
0.000
0.000
0.000
0.000
0.000
0.000
0.000
0.000
0.000
0.000
0.000
0.000
0.000
0.000
0.000
0.000
0.000
0.000
0.000
0.000
0.000
0.000
0.000
0.000
0.000
0.000
0.000
0.000
0.000
0.000
0.000
0.000
0.000
0.000
0.000
0.000
0.000
0.000
0.000
0.000
0.000
0.000
0.000
0.000
0.000
0.000
0.000
0.000
0.000
0.000
0.000
0.000
0.000
0.000
0.000
0.000
0.000
0.000
0.000
0.000
0.000
0.000
0.000
0.000
0.000
0.000
0.000
0.000
0.000
0.000
0.000
0.000
0.000
0.000
0.000
0.000
0.000
0.000
0.000
0.000
0.000
0.000
0.000
0.000
0.000
0.000
0.000
0.000
0.000
0.000
0.000
0.000
0.000
0.000
0.000
0.000
0.000
0.000
0.000
0.000
0.000
0.000
0.000
0.000
0.000
0.000
0.000
0.000
0.000
0.000
0.000
0.000
0.000
0.000
0.000
0.000
0.000
0.000
0.000
0.000
0.000
0.000
0.000
0.000
0.000
0.000
0.000
0.000
0.000
0.000
0.000
0.000
0.000
0.000
0.000
0.000
0.000
0.000
0.000
0.000
0.000
0.000
0.000
0.000
0.000
0.000
0.000
0.000
0.000
0.000
0.000
0.000
0.000
0.000
0.000
0.000
0.000
0.000
0.000
0.000
0.000
0.000
0.000
-1.148
-0.898
-1.152
0.163
0.166
0.139
0.146
0.165
0.158
0.135
0.163
0.147
0.147
0.166
0.161
0.161
0.163
0.164
-0.729
0.165
0.160
0.166
0.154
-4.332
0.166
0.146
-1.013
0.165
0.165
0.155
0.166
0.153
0.166
0.158
0.166
0.166
0.166
0.165
0.164
0.155
0.161
0.161
0.161
0.159
0.140
0.165
0.155
0.159
0.166
0.166
0.166
0.146
0.165
0.166
0.165
0.165
0.165
0.165
0.166
0.165
0.120
0.165
0.155
0.155
0.166
0.165
0.166
0.166
0.161
-2.050
0.165
0.155
0.165
0.166
0.159
0.166
0.161
0.156
0.165
0.146
0.166
0.165
0.165
0.118
0.165
0.165
0.164
0.165
0.166
0.160
0.159
0.166
0.134
0.165
0.159
0.159
0.164
0.166
0.153
0.166
0.161
0.165
-0.927
-1.324
-0.927
0.159
0.165
0.164
0.164
0.165
0.165
0.155
0.160
0.166
0.165
0.165
0.155
0.165
0.165
0.165
0.155
0.166
0.165
0.155
0.120
0.165
0.165
0.165
0.164
0.166
0.166
-5.946
0.114
0.166
0.165
0.114
0.161
0.165
0.165
0.165
0.142
0.153
0.166
0.140
0.156
0.165
0.166
0.166
0.120
0.155
0.161
0.165
0.145
0.120
0.155
0.155
0.163
0.166
0.166
0.120
0.161
0.146
0.165
0.165
0.159
0.165
0.166
0.166
-1.846
-2.139
-2.486
0.309
0.309
0.309
0.165
0.166
0.166
0.155
0.166
0.161
0.165
0.161
0.161
0.166
0.155
0.166
-1.161
-1.117
-1.117
-2.154
-2.154
-2.154
0.165
0.162
0.166
0.161
0.166
0.156
0.165
0.147
0.161
0.165
0.163
0.163
0.166
0.156
0.165
0.166
0.166
0.163
0.165
0.165
0.165
0.165
0.166
0.146
0.165
0.165
0.161
0.163
0.165
0.165
0.166
0.165
0.165
0.165
0.166
0.166
0.155
0.165
0.165
0.159
0.165
0.165
0.165
0.155
0.155
0.156
0.155
0.120
0.165
0.146
0.166
0.165
0.165
0.166
0.166
0.166
0.166
0.146
0.166
0.135
0.162
0.164
0.166
0.165
0.166
0.159
0.165
0.159
0.165
0.166
0.165
0.166
0.165
0.156
0.166
0.155
0.153
0.166
0.165
0.165
0.154
-1.117
-1.120
-1.120
-2.154
-2.155
-2.155
0.165
0.166
0.166
0.165
0.165
0.165
0.166
0.127
0.166
0.165
0.166
0.166
0.166
0.166
0.164
0.166
0.166
0.166
0.165
0.166
0.159
0.165
0.165
0.165
0.165
0.165
0.155
-0.354
-0.374
-0.354
-0.354
-0.354
-0.354
0.155
0.166
0.115
-1.511
0.120
0.163
0.120
0.120
0.120
0.155
0.120
0.165
0.155
0.117
0.119
-0.729
0.166
0.118
0.155
0.165
0.155
0.165
-1.091
0.107
0.120
0.120
0.165
0.155
0.120
0.120
0.120
0.155
0.155
0.155
0.114
0.155
0.120
0.155
0.151
0.165
0.165
0.155
0.120
0.155
-2.353
0.165
0.161
0.120
