fixedStep chrom=ENSGT00390000002796 start=1 step=1
-1.584
-1.576
-1.586
-1.576
-1.576
-1.576
-1.585
-1.586
-1.584
-1.584
-1.586
-1.584
-1.585
-1.585
-1.675
-2.457
-1.576
-1.762
-1.576
-1.576
-2.869
-2.453
-1.584
-1.586
0.069
0.069
0.069
0.069
0.069
0.069
0.069
0.068
0.069
0.069
0.069
0.069
0.069
0.069
0.069
0.069
0.069
0.069
0.069
0.069
0.069
0.069
0.069
0.069
0.069
0.062
0.067
0.069
0.069
0.064
0.069
0.069
0.069
0.069
0.068
0.069
0.067
0.067
0.069
0.067
0.062
0.069
0.069
0.069
0.069
0.069
0.069
0.067
0.069
0.069
0.069
0.069
0.069
0.059
0.069
0.069
0.069
0.069
0.069
0.069
0.069
0.066
0.066
0.064
0.067
0.064
0.066
0.066
0.067
0.066
0.066
0.067
0.066
0.067
0.057
0.066
0.066
0.062
0.067
0.067
0.066
0.066
0.067
0.067
0.066
0.066
0.066
0.066
0.066
0.066
0.066
0.067
0.066
0.066
0.066
0.067
0.066
0.066
0.066
0.066
0.066
0.064
0.066
0.066
0.067
0.066
0.067
0.066
0.061
0.067
0.066
0.066
0.066
0.066
0.066
0.066
0.066
0.066
0.065
0.066
0.066
0.066
0.066
0.066
0.066
0.064
0.066
0.066
0.066
0.066
0.066
0.067
0.066
0.066
0.066
0.066
0.067
0.066
0.066
0.066
0.064
0.066
0.067
0.066
0.067
0.067
0.067
0.067
0.066
0.066
0.066
0.067
0.066
0.066
0.066
0.066
0.066
0.066
0.063
0.066
0.066
0.065
0.066
0.066
0.064
0.066
0.066
0.066
0.067
0.066
0.066
0.066
0.066
0.066
0.067
0.066
0.066
0.066
0.066
0.066
0.066
0.066
0.059
0.066
0.064
0.067
0.066
0.066
0.066
0.066
0.057
0.061
0.067
0.066
0.065
0.066
0.066
0.066
0.065
0.067
0.066
0.066
0.061
0.060
0.061
0.061
0.061
0.063
0.064
0.064
0.064
0.062
0.064
0.064
0.064
0.064
0.064
0.064
0.064
0.064
0.064
0.054
0.064
0.064
0.062
0.064
0.064
0.064
0.064
0.064
0.064
0.064
0.064
0.064
0.064
0.064
0.064
0.064
0.064
0.064
0.064
0.064
0.064
0.064
0.064
0.063
0.064
0.064
0.064
0.059
0.064
0.064
0.064
0.064
0.064
-1.619
-1.610
-1.619
0.064
0.064
0.064
0.064
0.064
0.063
0.064
0.064
0.064
0.064
0.064
0.052
0.064
0.064
0.064
0.064
0.064
0.064
0.064
0.064
0.064
0.064
0.064
0.064
0.064
0.062
0.064
0.064
0.064
0.064
0.064
0.064
0.062
0.064
0.064
0.059
0.064
0.064
0.061
0.064
0.064
0.064
0.064
0.064
0.064
0.060
0.064
0.054
0.064
0.064
0.064
0.064
0.064
0.064
0.064
0.064
0.064
0.063
0.064
0.064
-0.242
-0.242
-0.242
-2.228
-2.237
-2.232
0.064
0.064
0.064
0.064
0.064
0.054
0.064
0.064
0.064
0.064
0.064
0.064
0.064
0.062
0.064
0.064
0.064
0.064
0.064
0.064
0.064
0.064
0.064
0.064
0.064
0.064
0.064
0.064
0.064
0.064
0.064
0.064
0.063
0.064
0.064
0.064
0.064
0.064
0.064
0.064
0.064
0.064
0.064
0.064
0.064
0.064
0.064
0.062
0.064
0.064
0.064
0.064
0.064
0.064
0.064
0.064
0.064
0.064
0.065
0.069
0.069
0.069
-2.350
0.069
0.050
0.050
0.050
0.069
0.050
0.000
0.000
0.000
0.000
0.000
0.000
0.000
0.000
0.000
0.000
0.000
0.000
0.000
0.000
0.000
0.069
0.069
0.065
0.065
0.069
0.050
0.050
0.050
0.065
0.050
0.050
0.069
0.065
0.050
0.050
-2.347
0.069
-3.009
0.050
0.050
0.059
-1.533
0.050
0.065
0.069
0.069
0.065
-1.851
-3.457
-3.676
0.000
0.000
0.000
0.000
0.000
0.000
0.000
0.000
0.000
0.000
0.000
0.000
0.000
0.000
0.000
