fixedStep chrom=ENSGT00390000015815 start=1 step=1
0.058
0.058
0.058
0.058
0.058
0.057
0.058
0.058
0.054
0.058
0.058
0.055
0.058
0.058
0.057
0.058
0.058
0.058
0.058
0.058
0.058
0.058
0.058
0.057
0.058
0.058
0.058
0.058
0.058
0.055
0.058
0.058
0.058
0.058
0.058
0.055
0.058
0.058
0.057
0.058
0.058
0.058
0.058
0.058
0.043
0.058
0.058
0.055
0.058
0.058
0.058
0.058
0.058
0.055
0.058
0.058
0.056
0.058
0.058
0.055
0.058
0.058
0.058
0.058
0.058
0.058
0.058
0.058
0.058
0.058
0.058
0.047
0.058
0.058
0.058
0.058
0.058
0.058
0.058
0.058
0.055
0.058
0.058
0.058
0.058
0.058
0.058
0.058
0.050
0.058
0.058
0.058
0.055
0.058
0.058
0.055
0.058
0.058
0.058
0.058
0.058
0.058
0.055
0.058
0.055
0.058
0.058
0.058
0.058
0.058
0.058
0.058
0.058
0.055
0.058
0.058
0.045
0.058
0.058
0.058
0.058
0.058
0.058
0.058
0.058
0.058
0.058
0.058
0.055
0.058
0.058
0.058
0.058
0.058
0.057
0.058
0.058
0.058
0.058
0.058
0.058
0.058
0.058
0.055
0.058
0.058
0.055
0.058
0.058
0.058
0.058
0.058
0.058
0.056
0.058
0.058
0.058
0.058
0.055
0.058
0.058
0.055
0.058
0.058
0.058
0.058
0.058
0.057
0.058
0.058
0.058
0.058
0.058
0.058
0.058
0.058
0.057
0.058
0.058
0.058
0.058
0.058
0.055
0.058
0.058
0.056
0.058
0.058
0.058
0.058
0.058
0.058
0.058
0.058
0.058
0.058
0.058
-2.406
0.058
0.058
0.058
0.058
0.058
-2.028
0.058
0.058
0.045
0.056
0.058
0.058
0.058
0.058
0.054
0.058
0.058
0.055
0.058
0.058
0.054
0.058
0.058
0.058
0.058
0.058
0.058
0.055
0.058
0.058
0.055
0.058
0.057
0.058
0.058
0.058
0.058
0.058
0.058
0.058
0.058
0.058
0.058
0.058
0.058
0.058
0.058
0.058
0.058
0.058
0.055
0.058
0.058
0.057
0.058
0.058
0.058
0.058
0.058
0.055
0.058
0.058
0.058
0.058
0.058
0.058
0.058
0.058
0.055
0.058
0.058
0.057
0.058
0.058
0.056
0.058
0.058
0.058
0.058
0.058
0.058
0.058
0.058
0.058
0.058
0.058
0.058
0.058
0.058
0.058
0.058
0.058
0.056
0.058
0.045
0.058
0.058
0.058
0.058
0.058
0.058
0.054
0.058
0.058
0.058
0.058
0.058
0.058
0.058
0.058
0.057
0.058
0.058
0.058
0.058
0.058
-1.952
0.058
0.058
0.058
0.058
0.058
0.058
0.058
0.058
0.055
0.058
0.058
0.058
0.058
0.058
0.058
0.058
0.058
0.058
0.058
0.058
0.058
0.058
0.058
0.058
0.058
0.058
0.056
0.058
0.058
0.058
0.058
0.058
0.058
0.058
0.058
0.058
0.058
0.058
0.058
0.058
0.058
0.058
0.058
0.058
0.058
0.058
0.058
0.055
0.058
0.058
0.057
0.058
0.058
0.058
0.058
0.058
0.055
0.043
0.058
0.055
0.058
0.058
0.058
0.058
0.058
0.058
0.058
0.058
0.058
0.058
0.058
0.058
0.058
0.058
0.058
0.058
0.058
0.058
0.058
0.058
0.058
0.058
0.058
0.058
0.058
0.058
0.058
0.058
0.058
0.058
0.058
0.058
0.058
0.058
0.058
0.058
0.050
0.050
0.050
0.050
0.050
0.050
0.050
0.050
0.050
0.050
0.050
0.046
0.050
0.050
0.050
0.050
0.050
-1.642
0.050
0.050
0.050
0.050
0.050
0.050
0.050
0.050
0.050
0.050
0.050
0.050
0.050
0.050
0.046
0.050
0.050
0.050
0.050
0.050
0.050
0.050
0.050
0.050
0.050
0.050
0.050
0.050
0.050
0.046
0.050
0.050
0.050
0.050
0.050
0.050
0.050
0.050
0.050
0.050
0.050
0.046
0.050
0.050
0.046
0.050
0.050
0.050
0.050
0.050
0.050
0.050
0.050
0.049
0.050
0.050
0.050
0.050
0.050
0.049
0.050
0.050
-1.202
0.050
0.050
0.050
0.050
0.050
0.050
0.050
0.050
0.050
0.050
0.050
0.050
0.046
0.050
0.050
0.050
0.050
0.050
0.050
0.050
0.050
0.050
0.050
0.050
0.050
0.050
0.050
0.050
0.050
0.050
0.050
0.050
0.050
0.050
0.050
0.050
0.050
0.050
0.046
0.050
0.050
0.050
0.050
0.050
0.050
0.050
0.050
0.046
0.050
0.050
0.050
0.050
0.050
0.050
0.050
0.050
0.050
0.050
0.050
0.050
0.050
0.050
0.050
0.050
0.050
0.050
0.050
0.050
0.050
0.050
0.050
0.049
0.050
0.050
0.050
0.050
0.050
0.050
0.050
0.050
-1.209
0.050
0.050
0.050
0.050
0.050
0.050
0.050
0.050
0.050
0.050
0.050
0.050
0.050
0.050
0.049
0.050
0.050
0.046
0.050
0.050
0.050
0.050
0.050
0.050
0.050
0.050
0.050
0.050
0.050
0.050
0.050
0.050
0.049
0.050
0.050
0.050
0.050
0.050
0.050
0.050
0.050
0.050
0.050
0.050
0.050
0.050
0.050
0.050
0.050
0.050
0.046
0.050
0.050
0.050
0.050
0.050
0.050
0.050
0.050
0.046
0.050
0.050
-1.183
0.050
0.050
0.050
0.050
0.050
0.050
0.050
0.050
0.050
-2.090
-2.090
-2.072
-2.090
-2.087
-2.090
-2.090
-2.088
-2.088
-2.088
-2.088
-2.088
-2.087
-2.682
-2.072
-2.090
-3.374
-2.088
-2.088
-2.682
-2.087
0.050
0.050
0.050
0.050
0.050
-0.596
0.050
0.050
0.050
0.050
0.050
0.050
0.050
0.050
0.050
0.050
0.050
0.050
0.050
0.050
0.050
0.050
0.050
0.050
0.050
0.050
0.050
0.050
0.050
0.050
0.050
0.050
0.050
0.050
0.050
0.050
0.050
0.050
0.050
0.050
0.050
0.046
0.050
0.050
0.050
0.050
0.050
0.050
0.050
0.050
0.050
0.050
0.050
0.050
0.050
0.050
0.050
0.050
0.050
0.046
0.050
0.050
0.049
0.050
0.050
0.050
0.050
0.050
0.050
0.050
0.050
0.044
0.050
0.050
0.050
0.050
0.050
0.050
0.050
0.050
0.050
0.050
0.050
0.050
0.050
0.050
0.050
0.050
0.050
0.046
0.050
0.050
0.050
0.050
0.050
0.050
0.050
0.050
0.050
0.050
0.050
0.046
0.050
0.050
0.049
0.050
0.050
0.050
0.050
0.050
0.050
0.050
0.050
0.049
0.050
0.050
0.050
0.050
0.050
0.050
0.050
0.050
0.050
0.050
0.050
0.050
0.050
0.050
0.050
0.050
0.050
0.050
0.050
0.050
0.050
0.050
0.050
0.050
0.050
0.050
-1.206
0.050
0.050
0.043
0.050
0.050
0.050
0.050
0.050
0.050
0.050
0.050
0.050
0.050
0.050
0.050
0.050
0.058
0.058
0.058
0.058
0.058
0.058
0.058
0.057
0.058
0.058
0.058
0.058
0.058
0.058
0.058
0.058
0.058
0.058
0.058
0.058
0.058
0.058
0.043
0.058
0.058
0.058
0.058
0.058
0.058
0.058
0.058
0.055
0.058
0.058
0.058
0.058
0.058
0.058
0.058
0.058
0.057
0.058
0.058
0.055
0.058
0.058
0.048
0.058
0.058
0.055
0.058
0.058
0.058
0.058
0.058
0.058
0.058
0.058
0.057
0.058
0.058
0.058
0.058
0.058
0.058
0.058
0.058
0.057
0.058
0.058
0.058
0.058
0.058
0.058
0.058
0.058
0.058
0.058
0.058
0.058
0.057
0.058
0.058
0.058
0.058
0.056
0.058
0.058
0.058
0.058
0.058
0.058
0.058
0.058
0.057
0.058
0.058
0.055
0.058
0.058
0.057
0.058
0.058
0.058
0.058
0.058
0.056
0.058
0.058
0.058
0.058
0.058
0.058
0.058
0.058
0.058
0.058
0.058
0.058
0.058
0.058
0.058
0.058
0.058
0.056
0.058
0.058
0.055
0.058
0.058
0.058
0.058
0.058
0.058
0.058
0.058
0.058
0.058
0.058
0.050
0.056
0.056
0.054
0.058
0.058
0.051
0.054
0.054
0.054
0.054
0.054
0.054
0.051
0.054
0.054
0.054
0.054
0.051
0.054
0.054
0.052
0.054
0.054
0.054
0.054
0.054
0.054
0.054
0.054
0.054
0.054
0.054
0.058
0.050
0.056
0.047
0.050
0.050
0.056
0.050
0.050
0.056
0.058
0.058
0.055
0.058
0.050
0.058
0.053
0.050
0.047
-1.520
-1.519
-1.907
0.050
0.050
0.056
0.058
0.050
0.058
0.050
0.058
0.056
0.058
0.058
0.058
0.058
0.058
0.058
0.057
0.058
0.058
0.058
0.058
0.058
0.058
0.058
0.058
0.058
0.058
0.058
0.058
0.058
0.058
0.058
0.058
0.058
0.058
0.058
0.058
0.058
0.058
0.055
0.058
0.058
0.058
0.058
0.058
0.058
0.058
0.058
0.057
0.058
0.058
0.058
0.058
0.058
0.058
0.058
0.058
0.058
0.058
0.058
0.058
0.058
0.058
0.058
0.058
0.058
0.057
0.058
0.058
0.058
0.058
0.058
0.058
0.058
0.058
0.058
