fixedStep chrom=ENSGT00390000003316 start=1 step=1
-3.280
-3.328
-2.639
0.105
0.104
0.105
0.104
0.104
0.103
0.104
0.104
0.101
0.104
0.105
0.099
0.105
0.102
0.104
0.104
0.105
0.104
0.104
0.105
0.097
0.104
0.104
0.104
0.104
0.104
0.099
0.104
0.104
0.102
0.104
0.104
0.104
0.104
0.104
0.104
0.104
0.104
0.099
0.104
0.104
0.104
0.104
0.104
0.101
0.104
0.104
0.099
0.104
0.104
0.099
0.101
0.104
0.095
0.104
0.104
0.089
0.104
0.104
0.104
0.105
0.104
0.093
0.104
0.104
0.099
0.105
0.104
0.105
0.104
0.105
0.104
0.104
0.104
0.099
0.104
0.104
0.095
-1.070
-1.076
-1.216
0.104
0.105
0.104
0.104
0.104
0.104
0.104
0.091
0.088
0.091
0.092
0.092
0.092
0.091
0.092
0.087
0.091
0.091
0.091
0.092
0.091
0.092
0.091
0.092
0.091
0.091
0.091
0.091
0.091
0.091
0.091
0.091
0.092
0.000
0.000
0.000
0.091
0.092
0.091
0.091
0.091
0.087
0.091
0.091
0.091
0.091
0.092
0.091
0.091
0.091
0.092
0.091
0.091
0.091
0.091
0.091
0.091
0.091
0.091
0.092
0.091
0.091
0.081
0.092
0.091
0.089
0.091
0.092
0.091
0.091
0.091
0.090
0.092
0.091
0.087
0.091
0.091
0.087
0.091
0.092
0.091
0.091
0.091
0.092
0.091
0.091
0.087
0.092
0.092
0.091
0.092
0.092
0.092
0.091
0.091
0.092
0.092
0.092
0.087
0.091
0.092
0.088
0.091
0.091
0.092
0.091
0.091
0.090
0.091
0.087
0.091
0.091
0.091
0.091
0.091
0.091
0.089
0.091
0.092
0.091
-0.821
-0.822
-0.822
0.092
0.091
0.090
0.091
0.092
0.091
0.072
0.092
0.105
0.105
0.102
0.104
-1.075
-1.076
-1.307
0.104
0.104
0.105
0.104
0.104
0.105
0.104
0.104
0.104
0.104
0.104
0.104
-0.941
-0.941
-0.941
-0.937
-0.941
-0.941
-0.941
-0.941
-1.051
0.104
0.102
0.081
0.105
0.104
0.105
0.104
0.104
0.104
0.104
0.102
0.103
0.104
0.104
0.104
0.105
0.104
0.104
0.104
0.105
0.105
0.104
0.104
0.087
0.102
0.102
0.104
0.104
0.104
0.104
0.104
0.105
0.104
0.105
0.104
0.104
0.104
0.105
0.104
0.104
0.105
0.104
0.102
0.105
0.105
0.104
0.104
0.081
0.101
0.104
0.104
-0.941
-0.941
-0.942
0.104
0.104
0.104
0.104
0.104
0.099
0.104
0.104
0.102
0.104
0.104
0.095
0.102
0.104
0.104
0.104
0.104
0.099
