fixedStep chrom=ENSGT00510000046981 start=1 step=1
0.000
0.000
0.000
0.000
0.000
0.000
0.000
0.000
0.000
0.000
0.000
0.000
0.000
0.000
0.000
0.000
0.000
0.000
0.000
0.000
0.000
0.000
0.000
0.000
0.000
0.000
0.000
0.000
0.000
0.000
0.000
0.000
0.000
0.000
0.000
0.000
0.000
0.000
0.000
0.000
0.000
0.000
0.000
0.000
0.000
0.000
0.000
0.000
0.000
0.000
0.000
0.000
0.000
0.000
0.000
0.000
0.000
0.000
0.000
0.000
0.000
0.000
0.000
0.000
0.000
0.000
0.000
0.000
0.000
0.000
0.000
0.000
0.000
0.000
0.000
0.000
0.000
0.000
0.000
0.000
0.000
0.000
0.000
0.000
0.000
0.000
0.000
0.000
0.000
0.000
0.000
0.000
0.000
0.000
0.000
0.000
0.000
0.000
0.000
0.000
0.000
0.000
0.000
0.000
0.000
0.000
0.000
0.000
0.000
0.000
0.000
0.000
0.000
0.000
0.000
0.000
0.000
0.000
0.000
0.000
0.000
0.000
0.000
0.000
0.000
0.000
0.000
0.000
0.000
0.000
0.000
0.000
0.000
0.000
0.000
0.000
0.000
0.000
0.000
0.000
0.000
0.000
0.000
0.000
0.000
0.000
0.000
0.000
0.000
0.000
0.000
0.000
0.000
0.000
0.000
0.000
0.000
0.000
0.000
0.000
0.000
0.000
0.000
0.000
0.000
0.000
0.000
0.000
0.000
0.000
0.000
0.000
0.000
0.000
0.000
0.000
0.000
0.000
0.000
0.000
0.000
0.000
0.000
0.000
0.000
0.000
0.000
0.000
0.000
0.000
0.000
0.000
0.000
0.000
0.000
0.000
0.000
0.000
0.000
0.000
0.000
0.000
0.000
0.000
0.000
0.000
0.000
0.000
0.000
0.000
0.000
0.000
0.000
0.000
0.000
0.000
0.000
0.000
0.000
0.000
0.000
0.000
0.000
0.000
0.000
0.000
0.000
0.000
0.000
0.000
0.000
0.000
0.000
0.000
0.000
0.000
0.000
0.000
0.000
0.000
0.000
0.000
0.000
0.000
0.000
0.000
0.000
0.000
0.000
0.000
0.000
0.000
0.000
0.000
0.000
0.000
0.000
0.000
0.000
0.000
0.000
0.000
0.000
0.000
0.000
0.000
0.000
0.000
0.000
0.000
0.000
0.000
0.000
0.000
0.000
0.000
0.000
0.000
0.000
0.078
0.078
0.078
0.076
0.074
0.078
0.077
0.078
0.078
0.067
0.072
0.076
0.078
0.078
0.078
0.075
0.078
0.078
0.078
0.078
0.078
0.078
0.078
0.075
0.077
0.076
0.075
0.074
0.073
0.073
0.078
0.078
0.078
0.078
0.078
0.078
0.078
0.078
0.078
0.078
0.078
0.055
0.058
0.078
0.078
0.075
0.058
0.074
0.078
0.073
0.064
0.078
0.078
0.078
0.077
0.078
0.078
0.078
0.078
0.078
0.078
0.078
0.078
0.072
0.068
0.054
0.078
0.078
0.075
0.078
0.076
0.078
0.078
0.078
0.074
0.078
0.078
0.073
0.058
0.078
0.076
0.078
0.078
0.078
0.068
0.078
-1.620
0.068
0.064
0.066
0.078
0.078
0.058
0.073
0.078
0.064
0.078
0.078
0.078
0.078
0.078
0.078
0.078
0.078
0.078
0.078
0.078
0.078
0.078
0.078
0.078
0.078
0.078
0.073
0.068
0.076
0.076
0.065
0.078
0.078
0.078
0.078
0.078
0.078
0.078
0.078
0.076
0.078
0.054
0.078
0.078
0.078
0.078
0.073
0.078
0.078
0.078
0.078
0.078
0.078
0.073
0.078
0.078
0.078
0.078
0.078
0.078
0.078
0.078
0.078
0.078
0.078
0.078
0.078
0.078
0.078
0.078
0.078
0.078
0.075
0.075
0.076
0.078
0.066
0.078
0.078
0.078
0.078
0.078
0.078
0.078
0.078
0.078
0.063
0.078
0.078
0.078
0.070
0.078
0.064
0.078
0.078
0.078
0.078
0.078
0.078
0.078
0.078
0.075
0.078
0.078
0.078
0.078
0.078
0.078
0.078
0.078
0.078
0.078
0.078
0.072
0.078
0.078
0.065
0.078
0.068
0.078
0.078
0.078
0.078
0.078
0.078
0.073
0.078
0.078
0.078
0.078
0.078
0.070
0.076
0.078
0.078
0.078
0.076
0.078
0.078
0.078
0.075
0.058
0.078
0.078
0.078
0.078
0.073
0.058
0.076
0.068
0.078
0.078
0.078
0.078
0.078
0.078
0.078
0.078
0.073
0.070
-2.092
0.055
0.078
0.078
0.078
0.078
0.078
0.078
0.078
0.078
0.075
0.078
0.078
0.078
0.078
0.078
0.074
0.078
0.078
0.078
0.078
0.078
0.065
0.078
0.078
0.078
0.078
0.078
0.078
0.078
0.078
0.078
0.078
0.078
0.078
0.068
0.078
0.078
0.078
0.070
0.076
0.078
0.078
0.078
0.078
0.078
0.075
0.068
0.078
0.078
0.078
0.078
0.075
0.078
0.078
0.078
0.075
0.078
0.075
0.078
0.078
0.078
0.078
0.078
0.078
0.078
0.078
0.078
0.078
0.076
0.073
0.078
0.078
0.058
0.078
0.077
0.078
0.078
0.078
0.076
0.078
0.077
0.078
0.077
0.078
0.078
0.078
-0.885
0.062
0.071
0.066
0.071
0.071
0.071
0.071
0.071
0.071
-1.798
-0.905
0.071
0.071
0.071
0.071
0.066
0.071
0.071
0.071
0.071
0.071
0.071
0.071
0.071
0.071
0.071
0.071
0.071
0.071
0.071
0.071
0.071
0.071
0.066
0.071
0.071
0.071
0.071
0.071
0.066
0.071
0.071
0.071
0.071
0.071
0.071
0.071
0.071
0.071
0.071
0.071
0.071
0.071
0.071
0.066
0.071
0.071
0.071
0.071
0.071
0.069
0.078
0.078
0.078
0.078
0.078
0.075
0.076
0.076
0.078
0.077
0.055
0.067
0.068
0.078
0.073
0.078
0.078
0.078
0.065
0.075
0.064
0.078
0.078
0.078
-1.222
-1.222
-1.222
0.078
0.076
0.073
0.076
0.078
0.078
0.078
0.078
-1.476
0.075
0.075
0.075
0.078
0.077
0.074
0.078
0.078
0.078
0.078
0.078
0.078
0.078
0.078
0.078
0.078
0.070
0.078
0.078
0.078
0.078
0.058
0.078
0.078
0.073
0.068
0.078
0.075
0.078
0.078
0.078
0.078
0.078
0.078
0.078
0.078
0.076
0.078
0.078
0.078
0.078
0.078
0.078
0.078
0.073
0.078
0.078
0.078
0.075
-1.630
0.078
0.078
0.064
0.078
0.065
0.078
0.076
0.078
0.078
0.073
0.075
0.078
0.078
0.078
0.075
0.058
0.073
0.078
0.078
0.078
0.078
0.078
0.075
0.078
0.074
0.078
0.078
0.078
0.078
0.075
0.075
0.078
0.078
-1.476
0.068
0.068
-1.537
-1.510
0.058
0.072
0.076
0.078
0.068
0.078
0.078
0.078
0.078
0.078
0.078
0.078
0.077
0.058
0.075
0.078
0.078
0.078
0.078
0.078
0.078
0.078
0.077
0.078
0.078
0.078
0.078
0.068
0.078
0.078
0.078
0.078
0.078
0.078
0.078
0.078
0.078
-1.569
0.078
0.078
0.058
0.078
0.078
0.078
0.076
0.075
0.078
