fixedStep chrom=ENSGT00390000015582 start=1 step=1
0.074
0.074
0.074
0.074
0.074
0.071
0.074
0.072
0.074
0.074
0.072
0.074
0.074
0.074
0.070
0.074
0.074
0.074
0.074
0.074
0.074
0.074
0.074
0.074
0.074
0.074
0.057
0.070
0.074
0.074
0.074
0.074
0.057
0.074
0.074
0.074
0.074
0.074
0.068
0.074
0.074
0.070
0.074
0.074
0.074
0.074
0.074
0.074
0.074
0.074
0.073
0.073
0.074
0.074
0.057
0.074
0.074
0.074
0.073
0.074
0.057
0.074
0.074
0.070
0.074
0.074
0.074
0.071
0.074
0.074
0.074
0.071
0.070
0.074
0.057
0.074
0.074
0.074
0.074
0.074
0.074
0.074
0.073
0.067
0.074
0.074
0.074
0.074
0.074
0.072
0.072
0.057
0.074
0.074
0.074
0.074
0.074
0.065
0.057
0.074
0.074
0.074
0.074
0.074
0.074
0.074
0.074
0.069
0.074
0.074
0.072
0.074
0.074
0.070
0.057
0.074
0.070
0.074
0.074
0.074
0.074
0.074
0.070
0.063
0.074
0.074
0.064
0.074
0.053
0.074
0.072
0.074
0.070
0.074
0.074
0.074
0.071
0.074
0.074
0.074
0.072
0.074
0.063
0.074
0.074
0.074
0.072
0.071
0.072
0.074
0.074
0.074
0.074
0.074
0.072
0.073
0.074
0.074
0.074
0.074
0.069
0.074
0.074
0.073
0.073
0.074
0.074
0.065
0.074
0.071
0.074
0.074
0.072
0.071
0.074
0.074
0.074
0.074
0.074
0.074
0.074
0.074
0.074
0.074
0.074
0.071
0.074
0.074
0.071
0.074
0.074
0.074
0.074
0.074
0.074
0.074
0.070
0.074
0.074
0.070
0.071
0.074
0.074
0.074
0.074
0.074
0.071
0.074
0.074
0.074
0.074
0.074
0.074
0.074
0.071
0.074
-2.137
0.072
0.074
0.074
0.074
0.074
0.074
0.074
0.074
0.074
0.074
0.074
0.074
0.074
0.071
0.074
0.074
-1.793
0.074
0.074
0.070
0.074
0.074
0.072
0.074
0.074
0.074
0.074
0.074
0.074
0.074
0.074
0.074
0.074
0.070
0.074
0.074
0.074
0.074
0.074
0.074
0.071
0.074
0.074
0.074
0.074
0.074
0.072
0.074
0.069
0.061
0.072
0.074
0.074
0.070
0.074
0.071
0.074
0.074
0.074
0.074
0.074
0.074
0.072
0.074
0.069
0.074
0.074
0.065
0.074
0.074
0.074
0.074
0.074
0.057
0.073
0.074
0.070
0.072
0.074
0.065
0.074
0.074
0.074
0.074
0.074
0.068
0.074
0.074
0.074
0.073
0.074
0.071
0.074
0.074
0.074
0.074
0.074
0.074
0.074
0.074
0.074
0.070
0.073
0.065
0.074
0.074
0.071
0.057
0.074
0.074
0.072
0.074
0.074
0.074
0.074
0.074
0.074
0.074
0.074
0.074
0.074
0.074
0.072
0.074
0.074
0.074
0.074
0.064
0.074
0.074
0.074
0.074
0.074
0.058
0.074
0.074
0.074
0.071
0.074
0.071
0.074
0.074
0.070
0.074
0.074
0.074
0.065
0.071
0.074
0.074
0.069
0.074
0.074
0.074
0.074
0.074
0.074
0.072
0.061
0.057
0.070
0.074
0.074
0.074
0.074
0.074
-1.525
0.074
0.074
0.074
0.074
0.072
0.073
0.071
0.074
0.074
0.074
0.073
0.071
0.074
0.071
0.061
0.068
0.074
0.074
0.074
0.074
0.074
0.074
0.074
0.074
0.074
0.074
0.074
0.074
0.074
0.071
0.074
0.073
0.057
0.074
0.074
0.069
0.074
0.074
0.074
0.074
0.074
0.074
0.074
0.071
0.074
0.074
0.074
0.074
0.074
0.074
0.070
0.074
0.057
0.068
0.074
0.070
0.073
0.065
0.074
0.074
0.074
0.074
0.074
0.074
0.074
0.074
0.074
0.074
0.058
0.074
0.074
0.074
0.069
0.074
0.074
0.074
0.074
0.069
0.074
0.074
0.070
0.074
0.074
0.073
0.074
0.074
0.074
0.072
0.074
0.073
0.074
0.074
0.074
0.074
0.074
0.065
0.074
0.074
0.072
0.065
0.055
0.074
0.072
0.074
0.074
0.074
0.074
0.074
0.074
0.074
0.074
0.074
0.074
0.074
0.074
0.074
0.074
0.074
0.074
0.071
0.074
0.074
0.070
0.058
0.074
0.072
0.074
0.074
0.074
0.074
0.074
0.071
0.074
0.074
0.074
0.074
0.074
0.059
0.068
0.074
0.072
0.074
0.074
0.074
0.074
0.074
0.074
0.074
0.071
0.065
0.074
0.074
0.074
0.074
0.074
0.074
0.065
0.074
0.070
0.071
0.073
0.071
0.074
0.074
0.070
0.074
0.074
0.056
0.074
0.073
0.074
0.074
0.074
0.074
0.071
0.074
0.065
0.074
0.074
0.074
0.074
0.074
0.070
0.068
0.074
0.074
0.074
0.074
0.074
0.074
0.074
0.071
0.074
0.071
0.070
0.074
0.074
0.074
0.074
0.064
0.074
0.074
0.074
0.073
0.074
0.074
0.070
0.074
0.074
0.070
0.074
0.074
0.074
0.074
0.074
0.071
0.063
0.074
0.074
0.074
0.074
0.057
0.071
0.074
0.074
0.074
0.068
0.071
0.074
0.074
0.074
0.065
0.074
0.074
0.074
0.074
0.074
0.074
0.074
0.074
0.074
0.074
0.074
0.074
0.074
-1.793
0.074
0.074
0.071
0.074
0.073
0.070
0.074
0.073
0.074
0.074
0.074
0.074
0.063
0.074
0.070
0.063
0.071
0.059
0.074
0.074
0.074
0.074
0.074
0.061
0.074
0.074
0.073
0.069
-3.310
0.071
0.074
0.074
0.074
0.074
0.074
0.074
0.074
0.074
0.071
0.061
0.074
0.074
0.070
0.074
0.074
0.074
0.074
0.074
0.074
0.074
0.074
0.074
0.074
0.074
0.074
0.074
0.074
0.074
0.074
0.073
0.074
0.074
0.057
0.074
0.074
0.073
0.052
0.074
0.074
0.074
0.074
0.074
0.064
0.074
0.074
0.074
0.074
0.074
0.074
0.074
0.072
0.074
0.074
0.074
0.074
0.074
0.074
0.074
0.074
0.074
0.074
0.074
0.072
0.074
0.074
0.074
-2.388
0.074
0.074
0.074
0.074
0.068
0.074
0.072
0.074
0.074
0.074
0.074
0.057
0.074
0.070
0.074
0.072
0.060
0.074
0.074
0.074
0.074
0.074
0.074
0.074
0.074
0.061
