fixedStep chrom=ENSGT00390000014082 start=1 step=1
0.051
0.051
0.051
0.051
0.051
0.051
0.051
0.051
0.049
0.051
0.051
0.051
0.051
0.051
0.051
0.051
0.051
0.051
0.051
0.051
0.051
0.051
0.051
0.051
0.050
0.051
0.051
0.051
0.051
0.051
0.051
0.051
0.051
0.051
0.051
0.051
0.051
0.051
0.051
0.051
0.051
0.051
0.051
0.051
0.051
0.051
0.051
0.051
0.051
0.051
0.051
0.051
0.051
0.051
0.051
0.051
0.051
0.051
0.051
0.051
0.051
0.051
0.051
0.051
0.051
0.051
0.051
0.050
0.051
0.048
0.051
0.051
0.051
0.051
0.051
0.051
0.051
0.051
0.051
0.051
0.050
0.051
0.051
0.051
0.048
0.051
0.039
0.051
0.051
0.051
0.051
0.051
0.051
0.051
0.051
0.048
0.051
0.051
0.051
0.051
0.050
0.051
0.051
0.051
0.051
0.051
0.051
0.048
0.051
0.051
0.051
0.051
0.051
0.051
0.051
0.051
-2.162
0.051
0.051
0.051
0.051
0.051
0.051
0.051
0.051
0.051
0.051
0.051
0.051
0.049
0.042
0.050
0.051
0.051
0.049
0.051
0.051
0.051
0.051
0.051
0.047
0.051
0.051
0.040
0.051
0.051
0.051
0.051
0.051
0.051
0.051
0.051
0.051
0.051
0.051
0.051
0.051
0.051
0.051
0.051
0.051
0.051
0.051
0.051
0.050
0.051
0.051
0.051
0.051
0.051
0.038
0.051
0.051
0.051
0.051
0.051
0.051
0.051
0.051
0.051
0.045
0.051
0.048
0.051
0.051
0.051
0.051
0.051
0.045
0.051
0.051
0.051
0.051
0.051
0.051
0.051
0.051
0.051
0.051
0.051
0.048
0.051
0.051
0.051
0.051
0.051
0.051
0.051
0.051
0.048
0.051
0.051
0.051
0.051
0.051
0.051
0.051
0.051
0.051
0.051
0.051
0.048
0.051
0.051
0.050
0.051
0.051
0.051
0.051
0.051
0.048
0.051
0.051
0.048
0.051
0.051
0.051
0.051
0.051
0.051
0.051
0.051
0.051
0.051
0.051
0.051
0.051
0.051
0.048
0.051
0.051
0.048
0.051
0.051
0.051
0.051
0.051
0.051
0.051
0.051
0.051
0.051
0.051
0.051
0.051
0.051
0.051
0.051
0.051
0.051
0.051
0.051
0.051
0.051
0.051
0.051
0.051
0.051
0.038
0.051
0.051
0.036
0.051
0.051
0.051
0.051
0.051
0.051
0.051
0.051
0.050
0.051
0.051
0.051
0.051
0.051
0.049
0.051
0.051
0.051
0.051
0.051
0.051
0.051
0.051
0.051
0.051
0.051
0.048
0.051
0.051
0.051
0.051
0.051
0.051
0.051
0.051
0.051
0.051
0.051
0.051
0.051
0.051
0.051
0.051
0.051
0.051
0.051
0.051
0.051
0.049
0.051
0.051
0.051
0.051
0.048
0.051
0.051
0.051
0.051
0.051
0.051
0.051
0.051
0.051
0.051
0.051
0.051
0.051
0.051
0.051
0.051
0.051
0.050
0.051
0.051
0.048
0.051
0.051
0.051
0.051
0.051
0.051
0.051
0.051
0.051
0.051
0.051
0.051
0.051
0.051
-1.300
0.051
0.051
0.051
0.051
0.051
0.051
0.051
0.051
0.048
0.051
0.051
0.051
0.051
0.051
0.051
0.051
0.051
0.051
0.051
0.051
0.051
0.051
0.051
0.050
0.051
0.051
0.051
0.051
0.051
0.051
0.051
0.051
0.051
0.051
0.051
0.050
0.051
0.051
0.039
0.051
0.051
0.051
0.049
0.051
0.045
0.051
0.051
0.051
0.051
0.051
0.051
0.051
0.051
0.048
0.051
0.051
0.051
0.051
0.051
0.051
0.051
0.051
0.051
0.051
0.051
0.051
0.048
0.048
0.051
0.051
0.051
0.051
0.051
0.051
0.039
0.051
0.051
0.051
0.051
0.051
0.051
0.051
0.051
0.051
0.051
0.051
0.050
0.051
0.051
0.051
0.051
0.051
0.051
0.051
0.051
0.036
0.051
0.051
0.051
0.051
0.051
0.051
0.051
0.051
0.051
0.051
0.051
0.048
0.051
0.051
0.051
0.051
0.051
0.050
0.051
0.051
0.039
0.051
0.051
0.040
0.048
0.051
0.051
0.051
0.051
0.049
0.051
0.049
0.051
0.051
0.051
0.036
0.051
0.051
0.050
0.051
0.051
0.051
0.051
0.051
0.048
0.051
0.051
0.051
0.051
0.051
0.051
0.051
0.051
0.046
0.051
0.051
0.051
0.051
0.051
0.051
0.051
0.051
0.036
0.051
0.051
0.050
0.051
0.051
0.049
0.051
0.051
0.050
0.051
0.051
0.048
0.051
0.051
0.050
0.051
0.051
0.051
0.050
0.051
0.051
0.051
0.051
0.043
0.051
0.051
0.048
0.051
0.051
0.051
0.051
0.051
0.049
0.051
0.051
0.051
0.051
0.051
0.051
0.051
0.051
0.051
0.051
0.051
0.051
0.051
0.051
0.051
0.051
0.051
0.051
0.051
0.051
0.051
0.051
0.051
0.048
0.051
0.051
0.039
0.051
0.051
0.051
0.051
0.051
0.039
0.051
0.051
0.045
0.051
0.051
0.049
0.051
0.051
0.051
0.051
0.051
0.051
0.051
0.051
0.049
0.051
0.051
0.051
0.051
0.051
0.051
0.051
0.051
0.051
0.051
0.051
0.051
0.051
0.051
0.051
0.051
0.051
0.051
0.051
0.051
0.051
0.051
0.051
0.051
0.051
0.051
0.051
0.051
0.051
0.048
0.051
0.051
0.036
0.049
0.051
0.048
0.051
0.051
0.051
0.051
0.051
0.051
0.051
0.051
0.051
0.051
0.051
0.051
0.051
0.051
0.050
0.051
0.051
0.051
0.051
0.051
0.051
0.051
0.051
0.051
0.051
0.051
0.051
0.051
0.051
0.051
0.051
0.051
0.051
0.051
0.051
0.039
0.048
0.051
0.051
0.051
0.051
0.051
-2.358
0.051
0.051
0.051
0.051
0.048
0.051
0.051
0.051
0.051
0.036
0.051
0.051
0.051
0.051
0.048
0.051
0.051
0.051
0.051
0.050
0.049
0.051
0.051
0.051
0.051
0.051
0.051
0.051
0.051
0.051
0.051
0.051
0.051
0.051
0.050
0.051
0.051
0.050
0.051
0.051
0.051
0.051
0.051
0.051
0.051
0.051
0.051
0.051
0.051
0.048
0.051
0.051
0.051
0.051
0.051
0.051
0.051
0.051
0.051
0.051
0.051
0.050
0.051
0.051
0.051
0.051
0.051
0.051
0.051
0.051
0.051
0.051
0.051
0.049
0.051
0.051
0.051
0.051
0.051
0.051
0.051
0.051
0.051
0.051
0.051
0.051
0.051
0.051
0.051
0.051
0.051
0.048
0.051
0.051
0.036
0.051
0.051
0.051
0.051
0.051
0.051
0.051
0.051
0.036
0.051
0.051
0.047
0.051
0.051
0.051
0.051
0.051
0.051
0.051
0.051
0.051
0.051
0.051
0.051
