fixedStep chrom=ENSGT00390000009397 start=1 step=1
0.000
0.000
0.000
0.000
0.000
0.000
0.000
0.000
0.000
0.000
0.000
0.000
0.000
0.000
0.000
0.000
0.000
0.000
0.000
0.000
0.000
0.000
0.000
0.000
0.000
0.000
0.000
0.000
0.000
0.000
0.000
0.000
0.000
0.000
0.000
0.000
0.076
0.080
0.080
0.080
0.080
0.080
0.080
0.076
0.080
0.080
0.080
-2.038
0.080
0.080
0.080
0.080
0.080
0.056
0.080
0.077
0.080
0.064
0.080
0.080
0.080
0.080
0.080
0.080
0.080
0.080
0.080
0.080
0.076
0.080
0.080
0.080
0.080
0.080
0.080
0.080
0.080
0.080
0.080
0.080
0.080
0.076
0.077
0.062
0.080
0.080
0.080
0.080
0.080
0.080
0.073
0.080
0.080
0.080
-1.254
0.080
0.080
0.080
0.056
-1.233
-1.086
-1.281
0.080
0.075
0.080
0.080
0.080
0.080
0.075
0.079
0.080
0.062
0.078
0.080
0.080
0.080
0.073
0.079
0.080
0.080
0.080
0.080
0.075
0.080
0.080
0.080
0.056
0.080
0.075
-0.980
-0.980
-0.982
0.075
0.080
0.080
0.080
0.080
0.077
0.080
0.080
0.062
0.080
0.080
0.080
0.080
0.080
0.080
0.080
0.075
0.080
0.067
0.080
0.080
0.078
0.080
0.080
0.080
0.080
0.080
0.076
0.080
0.080
0.080
0.080
0.080
0.080
0.080
0.080
0.080
0.080
0.074
0.080
0.080
0.080
0.080
0.080
0.080
0.080
0.080
0.080
0.080
0.080
0.080
0.080
0.078
0.080
0.080
0.080
0.080
0.076
0.062
0.080
0.080
0.080
0.080
0.080
0.080
0.074
0.080
0.080
0.080
0.080
0.080
0.080
0.056
0.080
0.075
0.080
0.080
0.076
0.080
0.080
0.056
0.080
0.055
0.080
0.056
0.076
0.074
0.056
0.080
0.080
0.080
0.076
0.080
0.075
0.075
0.080
0.080
0.080
0.080
-1.262
-1.233
-1.084
0.080
0.080
0.062
0.080
0.080
0.080
0.080
0.080
0.073
0.074
0.080
0.056
0.080
0.080
0.076
0.080
0.080
0.080
0.080
0.080
0.080
0.080
0.073
0.080
0.080
0.080
0.080
0.080
0.080
0.080
0.080
0.072
0.080
0.077
0.076
0.060
0.080
0.080
0.079
0.078
0.080
0.074
0.080
0.076
0.080
-1.615
-1.614
-1.134
0.074
0.080
0.078
0.080
0.080
0.075
0.080
0.079
0.080
-0.982
-1.126
-0.982
-0.345
-0.345
-0.345
0.080
0.080
0.080
0.079
0.080
0.056
0.080
-1.609
0.080
0.080
0.080
0.078
0.080
0.080
0.076
0.080
0.080
0.080
-1.562
0.080
0.078
0.080
0.056
0.078
0.080
0.056
0.080
0.080
0.080
0.080
0.077
0.080
0.075
0.080
-1.542
0.062
0.080
0.077
0.080
0.080
0.080
0.080
0.080
0.080
0.078
0.080
0.076
0.080
0.078
0.080
0.077
0.066
0.074
0.080
0.080
0.080
0.080
0.080
0.080
0.080
0.080
0.080
0.077
0.080
0.080
0.078
-2.104
0.077
0.078
0.080
0.080
0.080
0.080
0.080
0.080
0.080
0.080
0.080
0.080
0.080
0.080
0.079
0.080
0.080
0.077
0.080
0.080
0.080
0.080
0.080
0.076
0.080
0.080
