fixedStep chrom=ENSGT00390000000118 start=1 step=1
0.068
0.068
0.068
0.066
0.068
0.068
0.064
0.068
0.065
0.068
0.068
0.065
0.068
0.068
0.065
0.068
0.068
0.068
0.068
0.068
0.068
0.068
0.068
0.068
0.068
0.068
0.068
0.068
0.068
0.057
0.068
0.068
0.057
0.068
0.068
0.068
0.068
0.068
0.068
0.068
0.068
0.068
0.068
0.068
0.068
0.068
0.068
0.062
0.068
0.068
0.068
0.068
0.068
0.068
0.068
0.068
0.068
0.068
0.068
0.068
0.068
0.068
0.068
0.068
0.068
0.068
0.068
0.068
0.057
0.068
0.068
0.068
0.068
0.068
0.067
0.068
0.068
0.068
0.068
0.068
0.068
0.068
0.067
0.062
0.068
0.068
0.060
0.068
0.067
0.066
0.068
0.068
0.068
0.068
0.068
0.068
0.068
0.068
0.056
0.068
0.060
0.066
0.068
0.068
0.062
0.068
0.068
0.068
0.068
0.068
0.066
0.068
0.068
0.068
-1.443
-1.597
-1.639
-1.977
-1.941
-1.945
-0.238
-0.238
-0.238
0.057
0.057
0.065
0.000
0.000
0.000
0.000
0.000
0.000
0.000
0.000
0.000
0.000
0.000
0.000
0.000
0.000
0.000
0.000
0.000
0.000
0.000
0.000
0.000
0.000
0.000
0.000
0.000
0.000
0.000
0.000
0.000
0.000
0.000
0.000
0.000
0.000
0.000
0.000
0.000
0.000
0.000
0.000
0.000
0.000
0.000
0.000
0.000
0.000
0.000
0.000
0.000
0.000
0.000
0.000
0.000
0.000
0.000
0.000
0.000
0.000
0.000
0.000
0.000
0.000
0.000
0.000
0.000
0.000
0.000
0.000
0.000
0.000
0.000
0.000
0.000
0.000
0.000
0.000
0.000
0.000
0.000
0.000
0.000
0.000
0.000
0.000
0.000
0.000
0.000
0.000
0.000
0.000
0.000
0.000
0.000
0.000
0.000
0.000
0.057
0.053
-1.731
0.065
0.062
0.061
0.062
0.062
0.062
0.062
0.062
0.062
0.062
0.062
0.062
0.062
0.062
0.062
0.062
0.062
0.062
0.062
-1.037
0.061
0.062
0.062
0.059
0.062
0.058
0.062
0.062
0.062
0.060
0.062
0.062
0.062
0.062
0.062
0.058
0.054
0.062
0.060
0.062
0.058
0.058
0.062
0.062
0.045
0.062
0.062
0.058
0.062
0.062
0.062
0.062
0.062
0.062
0.062
0.062
0.062
0.062
0.062
0.062
0.062
0.062
0.060
0.045
0.062
0.062
0.062
0.062
0.062
0.062
0.062
0.045
0.062
0.062
0.062
0.062
0.062
0.062
0.062
0.062
0.062
0.062
0.062
0.062
0.062
0.062
0.062
0.062
0.062
0.062
0.062
0.062
0.062
0.062
0.062
0.062
0.062
0.062
0.062
0.062
0.062
0.062
0.062
0.062
0.062
0.062
0.062
0.062
0.062
0.061
0.058
0.062
0.062
0.057
0.059
0.062
0.062
0.062
0.062
0.062
0.062
0.062
0.058
0.000
0.000
0.000
0.058
0.058
0.062
0.062
0.060
0.054
0.062
0.062
0.062
0.058
0.062
0.062
0.062
0.062
0.062
0.062
0.062
0.062
0.058
0.058
0.045
0.062
0.058
0.062
0.062
0.062
0.052
0.057
0.059
0.056
0.058
0.062
0.062
0.062
0.062
0.062
0.062
0.062
0.062
0.062
0.062
0.045
0.062
0.062
0.045
0.058
0.062
0.062
0.062
0.062
0.062
0.062
0.062
0.060
0.062
0.062
0.062
0.062
0.060
0.062
0.000
0.000
0.000
0.062
0.062
0.062
0.062
0.062
0.062
0.062
0.062
0.059
0.060
0.062
0.062
0.062
0.062
0.054
0.062
0.058
0.058
0.062
0.062
0.058
0.062
0.062
0.062
0.062
0.062
-1.795
0.062
0.062
0.062
0.062
0.062
0.062
0.062
-1.023
0.062
0.062
0.062
0.062
0.062
0.062
0.066
0.068
0.068
0.068
0.068
0.068
0.065
0.068
0.068
0.068
0.068
0.068
0.068
0.068
0.068
0.068
0.068
0.068
0.068
0.068
0.068
0.068
0.068
0.068
0.064
0.066
0.068
0.068
0.068
0.068
0.068
0.068
0.068
0.068
0.068
0.068
0.068
0.068
0.068
0.068
0.068
0.068
0.066
0.068
0.068
0.068
0.068
0.068
0.068
0.068
0.068
0.066
0.068
0.068
0.068
0.068
0.068
0.065
0.068
0.068
0.068
0.068
0.068
0.068
0.068
0.068
0.068
0.068
0.068
0.068
0.066
0.068
0.065
0.068
0.068
0.068
0.068
-1.793
0.065
0.068
0.068
0.068
0.064
0.068
0.068
0.068
0.064
0.068
0.068
0.068
0.068
0.068
0.068
0.068
0.068
0.068
0.068
0.068
0.068
0.068
0.068
0.068
0.068
0.068
0.068
0.068
0.068
0.068
0.068
0.068
0.068
0.068
0.068
0.068
0.068
0.068
0.068
0.068
0.068
0.068
0.066
0.068
0.068
0.068
0.068
0.068
0.063
0.068
0.068
0.068
0.068
0.068
0.068
0.068
0.068
0.068
0.068
0.062
-1.012
0.062
0.062
0.062
0.062
0.062
0.062
0.062
0.062
0.062
0.062
0.062
0.062
0.062
0.062
0.062
0.062
0.062
0.062
0.062
0.062
0.062
0.062
0.062
0.062
0.062
0.062
0.062
0.062
0.062
0.062
0.062
0.062
0.062
0.062
0.062
0.058
0.062
0.062
0.062
0.062
0.062
0.053
0.062
0.062
0.056
0.062
0.062
0.062
0.062
0.062
0.053
0.062
0.062
0.062
0.062
0.062
0.062
0.062
0.062
0.062
0.062
0.062
0.062
0.062
0.062
0.062
0.062
0.062
0.062
0.062
0.062
0.062
0.062
0.062
0.058
0.062
0.062
0.062
0.062
0.062
0.058
0.062
0.062
0.062
0.062
0.062
0.062
0.062
0.062
0.062
0.062
0.058
0.062
0.062
0.062
0.060
0.062
-1.023
0.062
0.062
0.062
0.062
0.062
0.062
0.062
0.062
0.062
-1.012
0.062
0.062
0.062
0.062
0.062
0.062
0.062
0.062
0.062
0.062
0.062
0.062
0.000
0.000
0.000
0.000
0.000
0.000
0.000
0.000
0.000
0.000
0.000
0.000
0.000
0.000
0.000
0.000
0.000
0.000
0.000
0.000
0.000
0.000
0.000
0.000
0.000
0.000
0.000
0.000
0.000
0.000
0.000
0.000
0.000
0.000
0.000
0.000
0.000
0.000
0.000
0.000
0.000
0.000
0.000
0.000
0.000
0.000
0.000
0.000
0.000
0.000
0.000
0.000
0.000
0.000
0.000
0.000
0.000
0.000
0.000
0.000
0.000
0.000
0.000
0.000
0.000
0.000
0.000
0.000
0.000
0.000
0.000
0.000
0.000
0.000
0.000
0.068
0.068
0.068
0.064
0.064
0.049
0.068
0.068
0.068
0.065
0.068
0.068
0.068
0.068
0.068
0.068
0.068
0.068
0.068
0.068
0.065
0.065
0.068
0.068
0.068
0.068
0.065
0.068
0.068
0.068
0.057
0.068
0.049
0.068
0.068
0.068
0.066
0.068
0.068
0.066
0.068
0.068
0.068
0.068
0.068
0.068
0.068
0.068
0.068
0.068
0.065
0.068
0.068
0.066
0.068
0.068
0.068
0.068
0.064
0.060
0.068
0.068
0.068
0.065
0.049
0.068
0.066
0.068
0.068
0.068
0.068
0.068
0.068
0.068
0.068
0.067
0.060
0.065
0.068
0.068
0.067
0.064
0.068
0.068
0.067
0.068
0.066
0.068
0.068
0.068
0.068
0.068
0.049
0.068
0.068
0.066
0.068
0.049
0.068
0.068
0.066
0.066
0.068
0.068
0.068
0.068
0.068
0.068
0.068
0.068
0.068
0.068
0.065
0.068
0.068
0.068
0.068
0.068
0.068
0.064
-0.213
-0.213
-0.213
0.057
0.065
0.065
0.068
0.068
0.066
0.068
0.068
0.062
0.049
0.068
0.067
0.068
0.068
0.057
0.068
0.068
0.057
0.064
0.068
0.049
0.068
0.064
0.068
0.068
0.068
0.068
0.068
0.068
0.065
0.068
0.068
0.068
0.068
0.066
0.067
0.057
0.068
0.068
0.068
0.057
0.068
-1.720
0.068
0.056
0.068
0.068
0.068
0.068
0.068
0.068
0.068
0.068
0.066
0.068
0.068
0.068
0.060
0.068
0.068
0.068
-3.523
0.051
0.068
0.068
0.056
0.064
0.068
0.066
0.068
0.064
0.068
0.066
0.068
0.062
0.068
0.068
0.049
0.068
0.064
0.064
0.068
0.068
0.068
0.068
0.068
0.068
0.068
0.057
0.068
0.068
0.064
0.049
-3.173
0.068
0.066
0.068
0.068
0.068
0.067
0.068
0.068
0.068
0.068
0.068
0.068
0.068
0.060
0.068
0.065
0.066
0.064
0.064
0.057
0.068
0.068
0.068
0.049
0.068
0.068
0.068
0.068
0.068
0.066
0.068
0.068
0.068
0.068
0.068
0.068
0.066
0.049
0.068
0.068
0.068
0.068
0.068
0.068
0.068
0.068
0.068
0.068
0.068
0.068
0.068
0.068
0.063
0.068
0.068
0.068
0.068
0.068
0.068
0.063
0.068
0.067
0.068
0.068
0.066
0.068
0.068
0.054
0.068
0.068
0.065
0.068
0.068
0.060
0.068
0.068
0.068
0.068
0.068
0.068
0.065
0.068
0.068
0.068
0.068
0.066
0.068
0.068
0.068
0.068
0.062
0.068
0.068
0.068
0.068
0.068
0.057
0.068
0.065
0.060
0.068
0.068
0.068
0.065
0.068
0.057
0.065
0.068
0.068
0.064
0.068
0.068
0.068
0.068
0.068
0.068
0.049
0.068
-1.701
0.068
0.065
0.068
0.068
0.068
0.068
0.068
0.068
0.068
0.068
0.068
0.068
0.066
0.068
0.068
0.065
0.068
0.068
-1.246
0.068
0.068
0.068
0.068
0.068
0.068
0.065
0.066
0.068
0.068
0.068
0.066
0.068
0.068
0.068
0.065
0.066
0.067
0.068
0.068
0.067
0.049
0.067
0.064
0.068
0.060
0.068
0.068
0.068
0.066
0.068
0.049
0.057
0.068
0.068
0.060
0.068
0.068
0.068
0.068
0.067
0.068
0.068
0.068
0.068
0.068
0.065
0.068
0.068
0.068
0.066
0.068
0.064
0.064
0.062
0.068
0.068
0.068
0.068
0.049
0.068
0.068
0.068
0.068
0.068
0.068
0.068
0.068
0.068
0.068
0.064
0.068
0.068
0.064
0.068
0.068
0.068
0.068
0.068
0.064
0.068
0.067
0.062
0.067
0.068
0.068
0.068
0.068
0.049
0.068
0.068
0.068
0.068
0.068
0.068
0.066
0.068
0.065
0.057
0.057
0.068
0.068
0.068
0.068
0.068
0.068
0.068
0.068
0.068
0.047
0.068
0.068
0.068
0.068
0.068
0.068
0.068
0.068
0.066
0.068
0.064
0.065
0.068
0.068
0.068
0.065
0.068
0.066
0.068
0.068
0.068
0.068
0.068
0.057
0.068
0.068
0.064
0.068
0.068
0.068
0.068
0.068
0.068
0.068
0.064
0.065
0.065
0.068
0.062
0.066
0.068
0.066
0.068
0.068
0.068
0.066
0.068
0.066
0.068
0.065
0.062
0.068
0.066
0.061
0.066
0.068
0.068
0.066
0.066
0.065
0.068
0.068
0.068
0.068
0.068
0.068
0.061
0.068
0.064
0.064
0.068
0.060
0.068
0.068
0.068
0.068
0.068
0.068
0.049
0.064
0.068
0.068
0.068
0.065
0.064
0.068
0.064
0.068
0.068
0.068
0.068
0.068
0.068
0.049
0.068
0.068
0.068
0.066
0.066
0.068
0.068
0.068
0.068
0.068
0.068
0.068
0.068
0.066
0.068
0.068
0.068
0.068
0.049
0.065
0.060
0.068
0.068
0.068
0.068
0.068
0.057
0.068
0.063
0.068
0.068
0.068
0.068
0.068
0.068
0.068
0.068
0.068
0.068
0.068
0.068
0.049
0.068
0.068
0.068
0.068
0.068
0.068
0.068
0.068
0.068
0.049
0.068
0.068
0.068
0.068
0.068
0.068
0.049
0.068
0.068
0.062
0.068
0.068
0.068
0.068
0.068
0.064
0.068
0.068
0.068
0.064
0.068
0.068
0.068
0.068
0.066
0.068
0.068
0.056
0.068
0.068
0.068
0.068
0.068
0.068
0.060
0.068
0.068
0.068
0.068
0.064
0.068
0.068
0.068
0.068
0.068
0.068
0.068
0.049
0.068
0.067
0.068
0.068
