fixedStep chrom=ENSGT00730000110388 start=1 step=1
0.000
0.000
0.000
0.553
0.555
0.552
0.555
0.553
0.446
0.552
0.552
0.395
0.553
0.552
0.478
0.552
0.552
0.398
0.553
0.553
0.527
0.553
0.553
0.525
0.552
0.552
0.408
0.549
0.552
0.456
0.553
0.553
0.521
0.549
0.549
0.536
0.553
0.552
0.392
0.551
0.553
0.465
0.553
0.553
0.521
0.552
0.553
0.518
0.553
0.553
0.516
0.553
0.553
0.421
0.553
0.552
0.452
0.555
0.553
0.504
0.555
0.553
0.424
0.359
0.552
0.455
0.552
0.553
0.384
0.552
0.552
-20.000
0.537
0.555
0.412
0.553
0.553
0.543
0.555
0.555
0.505
0.553
0.553
0.370
0.552
0.555
0.441
0.552
0.552
0.466
0.513
0.552
-9.156
0.552
0.555
0.470
0.553
0.553
0.530
0.553
0.552
0.460
0.545
0.555
0.414
0.546
0.555
0.478
0.553
0.552
0.512
0.553
0.553
0.515
0.552
0.552
0.473
0.553
0.553
0.530
0.555
0.553
0.538
0.541
0.553
0.439
0.552
0.553
0.526
0.518
0.552
0.455
0.552
0.555
0.458
0.552
0.552
0.450
0.552
0.553
0.504
0.552
0.552
0.443
0.552
0.553
0.389
0.553
0.553
0.490
0.552
0.555
0.456
0.555
0.553
0.513
0.539
0.555
0.474
0.552
0.553
0.467
0.552
0.553
0.484
0.552
0.555
0.533
0.545
0.555
0.488
0.552
0.553
0.536
0.555
0.553
0.527
0.542
0.555
0.537
0.553
0.553
0.436
0.552
0.553
0.495
0.552
0.553
0.540
0.553
0.555
0.516
0.521
0.555
0.537
0.552
0.553
0.529
0.544
0.555
0.541
0.552
0.553
0.378
0.552
0.552
0.519
0.553
0.553
0.521
0.552
0.553
0.420
0.552
0.553
0.508
0.553
0.552
0.426
0.552
0.553
0.549
0.553
0.553
0.549
0.553
0.553
0.538
0.553
0.553
0.547
0.553
0.553
0.400
0.553
0.552
0.515
0.553
0.555
0.525
0.553
0.555
0.535
0.553
0.553
0.460
0.553
0.552
0.501
0.553
0.553
0.523
0.521
0.555
0.423
0.553
0.553
0.528
0.539
0.555
0.526
0.552
0.553
0.529
0.553
0.555
0.549
0.553
0.552
0.540
0.553
0.553
0.543
0.552
0.553
0.543
0.552
0.553
0.541
0.552
0.553
0.533
0.553
0.555
0.421
0.553
0.553
0.539
0.553
0.553
0.537
0.542
0.555
0.466
0.536
0.555
0.464
0.552
0.552
0.423
0.550
0.552
0.536
0.552
0.555
0.425
0.553
0.553
0.475
0.553
0.555
0.530
0.552
0.553
-20.000
0.553
0.552
0.549
0.552
0.552
0.500
0.552
0.552
0.502
0.552
0.555
0.486
0.530
0.555
0.536
0.553
0.553
0.510
0.553
0.553
0.512
0.553
0.555
0.512
0.553
0.553
0.550
0.552
0.553
0.365
0.552
0.555
0.484
0.529
0.555
0.512
0.540
0.555
0.446
0.553
0.553
0.462
0.553
0.553
0.542
0.553
0.553
0.527
0.542
0.553
0.454
0.552
0.553
0.541
0.552
0.552
0.518
0.553
0.553
0.525
0.553
0.553
0.525
0.553
0.553
0.529
-0.172
-0.178
-5.863
0.553
0.553
0.525
-0.761
-0.872
-1.019
0.000
0.000
0.000
0.000
0.000
0.000
0.000
0.000
0.000
0.000
0.000
0.000
0.000
0.000
0.000
0.000
0.000
0.000
0.000
0.000
0.000
0.000
0.000
0.000
0.000
0.000
0.000
0.000
0.000
0.000
0.000
0.000
0.000
0.000
0.000
0.000
0.000
0.000
0.000
0.000
0.000
0.000
0.000
0.000
0.000
0.000
0.000
0.000
0.000
0.000
0.000
0.000
0.000
0.000
0.000
0.000
0.000
0.000
0.000
0.000
0.000
0.000
0.000
0.000
0.000
0.000
0.000
0.000
0.000
0.000
0.000
0.000
0.000
0.000
0.000
0.000
0.000
0.000
0.000
0.000
0.000
0.000
0.000
0.000
0.000
0.000
0.000
0.000
0.000
0.000
0.000
0.000
0.000
0.000
0.000
0.000
0.000
0.000
0.000
0.000
0.000
0.000
0.000
0.000
0.000
0.000
0.000
0.000
0.000
0.000
0.000
0.000
0.000
0.000
0.000
0.000
0.000
0.000
0.000
0.000
