fixedStep chrom=ENSGT00390000013555 start=1 step=1
0.074
0.076
0.075
0.076
0.076
0.076
0.076
0.076
0.076
0.074
0.076
0.076
0.076
0.076
0.076
0.076
0.076
0.076
0.076
0.076
0.076
0.076
0.076
0.076
0.076
0.076
0.076
0.076
0.076
0.076
0.075
0.076
0.076
0.076
0.076
0.070
0.076
0.066
0.076
0.071
0.074
0.075
0.076
0.076
0.076
0.076
0.076
0.076
0.076
0.076
0.076
0.076
0.076
0.064
0.076
0.076
0.076
0.076
0.076
0.076
0.076
0.076
0.076
0.076
0.076
0.076
0.076
0.076
0.076
0.076
0.076
0.076
0.076
0.076
0.074
0.076
0.076
0.076
0.076
0.076
0.076
0.076
0.076
0.076
0.076
0.076
0.076
0.076
0.076
0.076
0.076
0.076
0.070
0.076
0.076
0.076
0.076
0.076
0.076
0.076
0.076
0.076
0.075
0.076
0.076
0.076
0.076
0.066
0.076
0.076
0.076
0.076
0.076
0.076
0.073
0.076
0.076
0.075
0.076
0.074
0.076
0.076
0.076
0.074
0.076
0.076
0.076
0.076
0.076
0.075
0.076
0.076
0.076
0.076
0.076
0.076
0.076
0.076
0.076
0.076
0.076
0.076
0.076
0.076
-3.134
-3.548
-3.675
0.076
0.076
0.076
0.076
0.076
0.076
0.076
0.076
0.076
0.076
0.076
0.076
0.075
0.076
0.076
0.076
0.076
0.076
0.076
0.076
0.076
0.076
0.075
0.076
0.076
0.076
0.074
0.076
0.076
0.075
0.076
0.076
0.066
0.076
0.076
0.076
0.076
0.076
0.076
-0.916
0.074
0.071
0.070
0.076
0.076
0.076
0.076
0.076
0.076
0.076
0.076
0.076
0.076
0.076
0.076
0.076
0.076
0.076
0.076
0.066
0.000
0.000
0.000
0.000
0.000
0.000
0.000
0.000
0.000
0.000
0.000
0.000
0.000
0.000
0.000
0.000
0.000
0.000
0.000
0.000
0.000
0.000
0.000
0.000
0.000
0.000
0.000
0.000
0.000
0.000
-1.295
-1.297
-1.295
-1.656
-2.308
-1.671
0.064
0.076
0.076
-0.906
0.076
-0.906
0.064
0.076
0.076
0.064
0.076
0.076
0.064
0.076
0.076
-0.914
0.064
-0.906
0.076
0.076
0.064
0.076
0.076
-0.915
-0.276
-0.276
-0.276
-0.916
0.064
0.076
0.076
0.075
-0.917
-0.915
0.076
0.064
-0.915
-0.917
-0.916
0.076
0.076
0.076
0.000
0.000
0.000
0.000
0.000
0.000
0.000
0.000
0.000
0.000
0.000
0.000
0.000
0.000
0.000
0.000
0.000
0.000
0.000
0.000
0.000
0.000
0.000
0.000
0.000
0.000
0.000
0.000
0.000
0.000
0.000
0.000
0.000
0.000
0.000
0.000
0.000
0.000
0.000
0.000
0.000
0.000
0.000
0.000
0.000
0.000
0.000
0.000
0.000
0.000
0.000
0.000
0.000
0.000
0.000
0.000
0.000
0.000
0.000
0.000
0.000
0.000
0.000
0.064
-0.916
-0.916
0.064
-0.917
-0.916
-0.917
0.064
0.076
-0.914
0.064
0.074
-0.914
-0.917
0.076
0.076
-0.916
0.063
0.076
-0.916
0.076
0.076
-0.914
-0.916
0.076
0.064
0.076
-0.916
-0.906
0.076
-0.917
0.076
-0.916
-0.906
0.076
0.064
-0.917
-0.917
0.076
0.076
0.076
0.076
-0.906
-0.906
-0.916
0.064
-0.906
0.064
-1.675
-2.706
-2.154
-2.307
0.076
0.064
-1.297
-2.181
-2.182
-1.605
-1.288
-2.182
-2.182
-1.295
-1.609
-2.181
-2.182
-1.602
-1.297
-1.602
-1.295
0.000
0.000
0.000
0.000
0.000
0.000
0.000
0.000
0.000
0.000
0.000
0.000
0.000
0.000
0.000
0.000
0.000
0.000
0.000
0.000
0.000
0.000
0.000
0.000
0.000
0.000
0.000
0.000
0.000
0.000
