fixedStep chrom=ENSGT00390000006078 start=1 step=1
-1.156
-1.155
-1.156
-1.148
-1.628
-1.156
-1.156
-1.156
-1.156
-1.156
-1.156
-1.155
-1.156
-1.155
-1.156
-1.156
-1.155
-1.164
-1.156
-1.155
-1.155
-1.156
-1.156
-1.156
-1.187
-1.156
-1.156
0.054
0.054
0.054
0.049
0.054
0.051
0.054
0.051
0.051
0.051
0.054
0.051
0.049
0.050
0.054
0.054
0.051
0.051
0.054
0.054
0.054
0.052
0.054
-2.096
0.054
-2.121
0.054
0.049
0.042
0.054
0.054
0.042
0.054
0.054
0.054
0.051
0.054
0.054
0.054
0.054
0.054
0.052
0.054
0.054
0.054
0.054
0.054
0.054
0.054
0.054
0.049
0.054
0.052
0.054
0.054
0.054
0.054
0.054
0.054
0.049
0.049
0.054
0.049
0.054
0.054
0.054
0.054
0.054
0.054
0.054
0.051
0.049
0.054
0.054
0.052
0.054
0.054
0.054
0.054
0.054
0.054
0.054
0.054
-1.171
0.054
0.054
0.054
0.054
0.052
0.051
0.054
0.054
0.054
0.054
0.054
0.054
0.054
0.054
0.054
0.049
0.054
-1.169
0.049
0.054
0.054
0.042
0.049
0.054
0.054
0.054
0.054
0.054
0.054
0.054
0.054
0.054
0.054
0.054
0.054
0.054
0.054
0.054
0.054
0.054
0.054
0.054
0.054
0.054
0.054
0.054
0.054
0.054
0.054
0.054
0.054
0.054
0.054
0.054
-1.165
0.050
-2.056
0.054
0.054
0.054
0.054
0.054
0.054
0.054
0.054
0.042
0.054
0.054
0.053
0.054
0.054
0.054
0.054
0.054
0.054
0.054
0.054
0.054
0.054
0.054
0.054
0.054
0.054
-1.180
0.051
0.054
0.049
0.054
0.054
0.049
0.054
0.054
0.054
0.054
0.049
0.054
0.051
0.054
0.054
0.054
0.054
0.054
0.054
0.049
-1.180
0.054
0.054
0.054
0.054
0.054
0.054
0.054
0.054
-1.944
0.054
0.049
0.054
0.051
0.054
-2.121
0.054
0.054
-1.169
0.054
0.054
0.054
0.054
0.054
0.054
0.054
0.054
0.054
0.054
0.054
0.049
0.047
0.054
0.054
0.054
0.054
0.054
0.049
0.054
0.054
0.054
0.054
0.052
0.054
0.054
0.054
0.054
0.053
0.054
0.054
0.054
0.054
0.054
-1.171
0.042
0.054
0.054
0.054
0.054
0.054
0.054
0.054
0.049
0.049
0.054
0.054
0.054
0.054
0.054
0.053
0.054
0.054
0.054
0.054
0.049
0.054
0.054
0.054
0.054
0.054
0.054
0.054
0.054
0.054
0.054
0.054
0.054
0.049
0.054
0.054
0.054
0.054
0.054
0.054
0.054
0.054
0.054
0.054
0.054
0.054
0.054
0.049
0.054
0.054
0.054
0.054
0.054
0.054
0.054
0.049
0.054
0.054
0.054
0.054
0.054
0.054
0.054
0.054
0.054
0.054
0.054
0.054
0.054
0.054
0.054
0.054
0.054
0.054
0.054
0.052
0.054
0.054
0.054
0.054
0.054
0.054
0.054
0.049
0.054
0.054
0.054
0.054
0.049
0.054
0.054
0.054
0.054
0.054
0.054
0.054
0.054
0.054
0.054
-1.177
-1.182
0.054
0.049
0.054
0.054
0.054
0.054
0.054
0.054
0.054
0.054
0.054
0.054
0.054
0.054
0.054
0.054
0.049
0.054
0.054
0.049
0.054
0.054
0.054
0.054
0.054
0.054
0.054
0.054
-1.166
0.054
0.054
0.054
0.054
0.054
0.054
0.054
0.054
0.054
0.054
0.054
0.049
0.054
0.054
-1.165
0.049
0.054
0.049
0.054
0.054
0.054
0.053
0.054
0.054
0.054
0.054
0.054
0.054
0.054
-1.182
0.054
0.054
0.054
0.054
0.054
0.054
0.054
0.054
0.054
0.054
0.054
0.054
0.054
0.054
0.049
0.054
0.054
0.054
0.049
-1.187
0.054
0.054
0.054
0.050
0.054
0.054
0.049
0.054
0.054
0.054
0.054
0.054
0.054
0.054
0.049
0.054
0.054
0.054
0.054
0.054
0.049
0.054
0.054
0.054
0.049
0.054
0.049
0.054
0.054
0.054
0.054
0.054
0.054
0.054
0.054
0.054
0.054
0.054
0.048
0.054
0.051
0.054
0.054
0.054
0.054
0.054
0.054
0.054
-2.082
0.054
0.054
0.054
0.054
0.054
0.054
-1.182
0.054
0.049
0.054
0.054
0.054
0.054
0.054
0.054
0.054
0.054
0.054
0.054
0.054
0.054
0.054
0.054
0.054
0.054
0.054
0.054
0.054
0.054
0.050
0.054
0.054
0.054
0.054
0.054
0.054
0.054
0.054
0.054
0.054
0.054
0.054
0.054
0.054
0.053
0.054
0.054
0.054
0.054
0.054
0.054
0.054
0.054
0.054
0.054
0.054
0.054
0.054
0.054
0.054
0.054
0.054
0.050
0.052
0.054
0.054
0.054
0.054
0.054
0.054
0.054
-2.069
0.054
0.054
-1.182
0.054
0.054
0.054
0.054
0.054
0.049
0.054
0.054
0.054
0.054
0.054
0.049
0.054
0.054
0.049
0.054
0.054
0.051
0.054
0.054
0.054
0.054
-1.169
0.054
0.054
0.054
0.054
0.054
0.054
0.054
0.054
0.054
0.054
0.054
0.054
0.054
0.054
0.054
0.054
0.054
0.054
0.054
0.054
0.054
0.054
0.054
0.047
-2.053
0.054
0.054
0.054
0.054
0.054
0.051
0.054
0.054
0.054
0.054
0.054
0.054
0.054
0.054
0.054
0.054
0.054
0.054
0.054
0.054
0.054
0.054
0.054
0.054
0.054
0.054
0.054
0.054
0.054
0.054
0.054
0.054
0.054
0.054
0.054
0.054
0.054
0.054
0.054
0.054
0.054
0.054
0.054
0.054
0.049
0.054
0.054
-1.165
0.054
0.054
0.054
0.054
0.054
0.054
0.054
0.054
-1.169
0.054
0.054
0.054
0.051
0.054
0.054
0.054
0.054
0.049
0.054
0.054
0.047
0.052
0.054
0.049
0.054
0.054
0.054
0.054
0.054
0.054
0.054
0.054
0.054
0.054
0.054
0.054
0.054
0.054
0.054
0.054
0.054
0.054
-1.171
0.054
0.049
0.054
0.054
0.054
0.054
0.054
0.054
0.054
0.054
0.054
0.054
0.054
0.054
0.054
0.054
-1.166
0.054
0.054
0.054
0.054
0.054
0.054
0.054
0.054
0.054
0.054
0.054
0.054
0.054
0.054
0.049
0.054
0.054
0.050
0.054
0.054
0.054
0.054
0.054
0.052
0.054
0.054
0.054
0.054
0.054
0.054
0.054
0.054
0.054
0.054
0.054
0.054
0.054
0.054
0.054
0.054
0.054
0.054
0.054
0.054
0.054
0.054
0.054
0.051
0.054
0.054
0.051
-1.180
0.054
0.049
0.054
0.054
0.054
0.054
0.054
0.049
0.054
0.054
0.054
0.054
0.054
0.051
0.054
0.054
0.054
0.054
0.054
0.049
0.054
0.054
0.054
0.054
0.054
0.054
0.054
0.054
0.054
0.054
0.054
0.054
0.054
0.049
0.054
0.054
0.054
0.054
0.054
0.054
0.054
0.054
0.054
0.054
0.054
0.054
0.054
0.054
0.054
0.054
0.049
0.054
-1.169
0.054
0.054
0.054
0.054
0.054
0.054
0.054
0.054
0.054
0.054
0.054
0.054
0.054
0.054
0.054
0.054
0.054
0.054
0.054
0.054
0.054
-1.187
0.054
0.054
0.054
0.054
0.054
0.054
0.054
0.049
0.054
0.054
0.054
0.054
0.054
0.051
0.054
0.054
0.054
0.054
0.054
0.049
0.054
0.054
0.054
0.054
0.054
0.054
0.054
0.054
0.049
0.054
0.054
0.049
0.054
0.054
0.054
0.054
0.054
0.054
0.054
0.054
0.054
0.054
0.054
0.054
0.054
0.054
0.049
0.054
0.054
0.054
0.054
0.054
0.054
0.054
0.054
0.054
0.054
0.054
0.054
0.054
0.054
0.042
0.054
-1.165
0.053
0.054
0.054
0.054
0.054
0.054
0.054
0.054
0.054
-1.182
0.042
0.054
0.054
0.054
0.054
0.054
0.054
0.054
0.054
0.054
0.054
0.054
0.054
0.054
0.054
0.054
0.054
0.054
0.054
0.054
0.054
0.054
0.054
0.054
0.054
0.054
0.054
0.054
0.054
0.054
0.054
0.054
0.054
0.054
0.054
0.054
0.054
0.054
0.054
0.052
0.054
0.054
0.052
0.054
0.051
-2.229
0.054
0.049
-1.171
0.049
0.048
0.054
0.054
0.054
0.054
0.054
0.054
0.054
0.054
-2.069
0.054
0.054
0.049
0.054
0.054
0.054
0.049
0.054
0.054
0.054
0.054
0.054
0.054
0.054
0.049
0.054
0.054
0.049
0.054
0.054
0.054
0.054
0.054
0.052
0.054
0.054
0.054
0.054
0.054
0.054
0.054
0.054
0.054
0.054
0.054
0.054
0.054
0.054
0.054
0.054
0.054
0.054
0.054
0.054
0.051
0.054
0.054
0.054
0.054
0.054
0.049
0.054
0.054
0.054
0.052
0.054
0.054
0.051
0.049
0.054
0.049
0.048
0.051
0.049
-1.169
0.054
0.054
0.049
0.054
0.054
0.054
0.054
0.054
0.053
0.049
0.054
0.054
0.054
0.054
0.049
0.054
0.054
0.054
0.053
0.054
0.054
0.054
0.054
0.054
0.054
0.051
0.052
0.049
0.054
0.054
0.054
0.054
0.054
0.054
0.054
0.054
0.054
-1.187
0.054
0.054
0.054
0.052
0.054
0.051
0.052
0.054
0.054
0.054
0.054
0.054
0.054
0.054
0.049
-1.166
0.052
0.054
0.054
0.054
0.049
0.054
0.054
0.054
0.054
0.054
0.054
0.054
0.054
0.054
0.054
0.054
0.054
0.054
0.054
0.054
0.054
0.054
0.054
0.054
0.054
0.050
0.054
0.049
0.054
0.049
0.054
0.052
0.054
0.054
0.054
0.054
0.054
0.054
0.054
0.054
0.053
0.054
0.054
0.054
0.054
0.054
0.054
0.054
0.054
0.054
0.054
0.054
0.054
0.054
0.054
0.054
0.054
0.051
0.054
0.054
0.054
0.054
0.054
0.054
0.054
0.054
0.054
0.054
0.054
0.051
0.054
0.042
-1.182
0.054
0.054
0.054
0.054
0.054
0.054
0.054
0.054
0.054
0.054
0.054
0.049
0.054
0.054
0.054
0.054
0.054
0.054
0.054
0.049
0.054
0.054
0.054
0.054
0.054
0.054
0.049
0.054
0.054
0.054
-1.166
0.054
0.052
0.054
0.054
0.054
0.054
0.054
0.054
0.054
0.054
0.054
0.054
0.054
0.054
0.054
0.054
0.049
0.054
0.054
0.054
0.054
0.054
0.054
0.054
0.054
0.054
0.054
0.054
0.052
0.054
0.054
0.054
0.054
0.049
0.054
0.054
0.054
0.054
0.054
0.049
0.054
0.054
0.054
0.049
0.054
0.054
0.054
0.054
0.054
0.054
0.054
0.054
0.054
0.054
0.054
0.054
0.054
0.054
0.054
0.054
0.054
0.054
0.054
0.054
0.054
0.054
0.054
-1.171
0.054
0.054
0.053
0.054
0.054
0.042
0.054
0.054
0.054
0.049
0.054
0.049
0.054
0.054
0.054
0.054
0.054
0.054
0.054
0.054
0.054
-1.177
0.054
0.054
0.054
0.054
0.054
0.049
0.054
0.054
0.054
0.054
0.054
0.054
0.054
0.054
0.051
0.054
0.054
0.054
0.054
0.049
0.049
0.054
0.054
0.054
0.054
0.049
0.054
0.054
0.054
-1.187
0.054
0.054
-1.767
-2.307
-1.776
-1.778
-1.767
-2.906
-1.778
-1.778
-1.777
