fixedStep chrom=ENSGT00390000015352 start=1 step=1
0.000
0.000
0.000
0.000
0.000
0.000
0.000
0.000
0.000
0.000
0.000
0.000
0.000
0.000
0.000
0.000
0.000
0.000
0.000
0.000
0.000
0.000
0.000
0.000
0.000
0.000
0.000
0.000
0.000
0.000
0.000
0.000
0.000
0.000
0.000
0.000
0.000
0.000
0.000
0.000
0.000
0.000
0.000
0.000
0.000
0.000
0.000
0.000
0.000
0.000
0.000
0.000
0.000
0.000
0.000
0.000
0.000
0.069
0.069
0.069
0.069
0.069
0.069
0.069
0.069
-0.922
0.069
0.069
0.069
0.061
0.069
0.069
0.069
0.069
0.069
0.069
0.069
0.060
0.060
0.069
0.069
0.069
0.069
0.069
0.069
0.069
0.067
0.069
0.069
0.059
0.069
0.069
0.069
0.069
0.069
-1.946
0.069
0.069
0.069
0.069
0.069
0.067
0.069
0.069
0.069
0.069
0.069
0.061
0.069
0.069
0.069
0.069
0.069
0.069
0.069
0.069
0.069
0.069
0.069
0.069
0.069
0.067
0.069
0.069
0.069
0.067
0.068
0.069
0.069
0.069
0.069
0.061
0.069
0.069
0.069
0.069
0.069
0.069
0.069
0.069
0.067
0.069
0.069
0.063
0.069
0.069
0.067
0.069
0.069
0.069
0.069
0.069
0.061
0.069
0.069
0.061
0.069
0.069
0.069
0.069
0.069
0.066
0.069
0.069
0.069
0.069
0.069
0.069
0.069
0.069
0.069
0.069
0.069
0.065
0.068
0.068
0.069
0.069
0.069
0.069
0.067
0.069
0.069
0.069
0.069
0.069
0.069
0.069
0.069
0.069
0.069
-0.922
-1.369
0.069
-0.935
-0.935
0.069
0.069
0.069
0.061
-0.933
0.061
0.061
0.061
-0.933
-0.935
0.061
0.069
0.061
-1.641
-0.936
0.069
-0.936
0.061
0.061
0.061
0.069
0.069
0.066
-0.430
-0.430
-0.430
-0.523
-0.523
-0.801
0.061
0.069
-0.935
0.069
0.061
0.069
-0.934
0.069
-0.922
-1.607
0.061
-0.922
0.061
0.069
0.061
0.069
-0.933
0.069
-0.935
0.067
0.068
0.067
0.055
0.059
0.067
0.068
0.066
0.067
0.067
0.067
0.067
0.068
0.068
0.067
0.068
0.066
0.067
0.067
0.066
0.067
0.067
0.067
0.067
0.067
0.060
0.067
0.067
0.068
0.067
0.067
0.067
0.068
0.067
0.067
0.067
0.067
0.067
0.058
0.064
0.064
0.064
0.064
0.064
0.064
0.064
0.064
0.064
0.064
0.064
0.064
0.064
0.064
0.064
0.064
0.064
0.064
0.064
0.064
0.064
0.064
0.064
0.064
0.064
0.064
0.064
0.064
0.063
0.064
0.064
0.063
0.064
0.064
0.064
0.064
0.064
0.064
0.064
0.064
0.062
-1.017
0.064
0.064
0.064
0.064
0.063
0.064
0.064
0.062
0.057
0.064
0.064
0.063
0.063
0.064
0.064
0.064
0.058
0.064
0.064
0.056
0.064
0.064
0.064
0.064
0.064
0.064
0.064
0.064
0.064
0.064
0.064
0.064
0.064
0.064
0.064
0.063
0.064
0.056
0.064
0.069
0.069
0.069
0.069
0.069
0.069
0.069
0.069
0.069
0.069
0.067
0.069
0.069
0.069
0.069
0.069
0.069
0.069
0.069
0.069
0.069
0.069
0.069
0.069
0.069
0.069
0.069
0.069
0.069
0.069
0.069
0.069
0.069
0.069
0.069
0.069
0.069
0.069
0.069
0.069
0.069
0.069
0.069
0.069
0.069
0.063
0.069
0.069
0.069
0.069
0.069
0.069
0.069
0.069
0.069
0.069
0.069
0.069
0.069
0.069
0.069
0.069
0.069
0.069
0.069
0.069
0.069
0.069
0.069
0.069
0.069
0.069
0.069
0.069
