fixedStep chrom=ENSGT00730000111084 start=1 step=1
0.000
0.000
0.000
0.116
-0.336
0.112
0.130
0.130
0.130
0.126
0.130
-0.363
0.130
0.122
0.116
0.120
0.130
0.130
0.116
0.130
0.130
0.130
-0.336
0.129
0.130
0.130
0.128
-0.560
-0.001
-0.001
-1.182
0.126
0.116
0.130
0.130
0.123
-0.340
0.130
0.116
-0.023
-0.023
-0.023
-0.023
-0.023
-0.023
0.130
0.130
0.115
0.130
-0.340
0.116
0.130
0.130
0.121
0.130
0.130
0.130
-0.619
0.112
0.107
0.129
0.130
-0.589
0.130
0.130
0.114
0.130
0.130
0.128
0.127
-0.340
0.116
-0.340
-1.171
-1.428
0.130
0.130
-1.708
0.130
0.111
0.130
0.130
0.130
0.116
-1.174
0.130
-0.340
0.116
0.122
-1.690
-1.643
-1.926
-1.684
0.130
0.127
0.116
0.116
0.130
0.130
-0.340
0.128
0.115
-0.375
-0.340
-1.051
0.128
0.126
-2.231
0.000
0.000
0.000
0.000
0.000
0.000
0.000
0.000
0.000
0.000
0.000
0.000
0.000
0.000
0.000
0.000
0.000
0.000
0.000
0.000
0.000
0.000
0.000
0.000
0.000
0.000
0.000
0.000
0.000
0.000
0.130
0.130
0.128
0.130
0.130
0.123
0.123
0.130
0.115
0.000
0.000
0.000
0.000
0.000
0.000
0.000
0.000
0.000
0.000
0.000
0.000
0.000
0.000
0.000
0.000
0.000
0.000
0.000
0.000
0.000
0.000
0.000
0.000
0.000
0.000
0.000
0.000
0.000
0.000
0.000
0.000
0.000
0.000
0.000
0.000
0.000
0.000
0.000
0.000
0.000
0.000
0.000
0.000
0.000
0.000
0.000
0.000
0.000
0.000
0.000
0.000
0.000
0.000
0.000
0.000
0.000
0.000
0.000
0.000
0.000
0.000
0.000
0.000
0.000
0.000
0.000
0.000
0.000
0.000
0.000
0.000
0.000
0.000
0.000
0.000
0.000
0.000
0.000
0.000
0.000
0.000
0.000
0.000
0.000
0.000
0.000
0.000
0.000
0.000
0.000
0.000
0.000
0.000
0.000
0.000
0.000
0.000
0.000
0.000
0.000
0.000
0.000
0.000
0.000
0.000
0.000
0.000
0.000
0.000
0.000
0.000
0.000
0.000
0.000
0.000
0.000
0.000
0.000
0.000
0.000
0.000
0.000
0.000
0.000
0.000
0.000
0.000
0.000
0.000
0.000
0.000
0.000
0.000
0.000
0.000
0.000
0.000
0.000
0.000
0.000
0.000
0.000
0.000
0.000
-1.596
-1.840
-0.340
-0.336
0.128
0.130
-0.340
0.130
0.129
0.130
0.129
0.130
0.128
0.124
0.129
-2.231
0.116
0.131
0.131
0.131
0.130
0.115
0.127
0.130
0.130
0.126
0.130
0.129
0.130
0.129
0.131
0.130
0.116
0.116
0.124
0.130
0.116
-0.836
0.131
0.130
0.131
0.130
-0.337
0.130
0.130
-0.340
0.118
-0.340
0.130
0.129
0.131
0.131
0.131
0.130
0.116
0.130
0.130
0.116
0.116
0.130
0.130
0.116
0.130
0.131
0.130
0.130
0.130
0.116
0.116
0.116
0.129
0.130
0.130
0.116
-0.340
0.130
0.129
0.131
0.131
0.130
0.130
0.125
0.130
0.130
0.130
0.131
0.130
0.130
0.114
0.130
0.130
-0.337
0.130
0.131
0.130
-0.336
0.126
-0.336
-0.340
0.116
0.116
0.130
-0.340
0.127
0.130
0.116
0.116
0.130
0.130
0.131
0.130
0.130
0.108
-0.340
0.131
0.119
0.130
0.130
-1.042
0.130
0.130
0.128
0.130
0.131
0.116
0.130
0.116
0.116
0.130
0.130
0.130
0.130
0.131
0.124
0.130
0.130
0.129
0.130
0.130
0.128
0.130
0.130
0.130
0.127
0.131
-0.337
0.129
0.131
0.116
0.116
0.131
0.116
0.130
0.131
0.129
0.130
0.116
0.124
0.131
0.130
0.130
0.130
0.130
0.130
0.130
0.116
-0.336
0.130
0.130
-0.336
0.130
0.130
0.113
0.130
0.116
0.130
0.130
0.116
0.128
0.005
0.005
0.005
-0.023
-0.023
-0.023
0.131
0.130
0.123
0.130
0.130
0.000
0.000
0.000
0.000
0.000
0.000
0.000
0.000
0.000
0.000
-0.023
-0.023
-0.023
-0.023
-0.023
-0.023
