fixedStep chrom=ENSGT00390000015440 start=1 step=1
0.000
0.000
0.000
0.000
0.000
0.000
0.000
0.000
0.000
0.000
0.000
0.000
0.000
0.000
0.000
0.000
0.000
0.000
0.000
0.000
0.000
0.000
0.000
0.000
0.000
0.000
0.000
0.000
0.000
0.000
0.000
0.000
0.000
0.000
0.000
0.000
0.000
0.000
0.000
0.000
0.000
0.000
0.000
0.000
0.000
0.000
0.000
0.000
0.000
0.000
0.000
0.000
0.000
0.000
0.000
0.000
0.000
0.144
0.145
0.144
0.144
0.144
0.144
0.130
0.141
0.144
0.135
0.144
0.127
0.127
0.138
0.139
0.144
0.126
0.144
0.144
0.145
0.142
0.141
0.145
0.144
0.144
0.144
0.144
-0.860
-0.852
-0.862
0.144
0.145
0.144
0.144
0.144
0.128
0.144
0.145
0.144
0.144
0.145
0.144
0.144
0.144
0.144
0.144
0.145
0.135
0.145
0.144
0.144
0.144
0.144
0.137
0.144
0.131
0.134
0.144
0.144
0.113
0.144
0.144
-3.641
0.144
0.144
0.144
0.135
0.116
0.134
0.144
0.144
0.126
0.145
0.145
0.143
0.144
0.145
0.119
0.144
0.134
0.142
0.142
0.134
0.132
0.134
0.142
0.134
0.144
0.145
0.144
0.145
0.144
0.142
0.144
0.144
0.144
0.136
0.144
0.141
0.144
0.144
0.144
0.144
0.145
0.144
0.144
0.145
0.144
0.144
0.144
0.137
0.144
0.144
0.122
0.144
0.145
0.144
0.145
0.144
0.144
0.144
0.145
0.139
0.134
0.145
0.139
0.145
0.134
0.142
0.144
0.144
0.116
0.144
0.144
0.139
0.144
0.144
0.137
0.144
0.144
0.130
0.145
0.145
0.144
0.145
0.145
0.144
0.145
0.144
0.144
0.135
0.144
0.137
0.144
0.144
0.144
0.144
0.144
0.144
0.137
0.135
0.144
0.144
0.144
0.144
0.144
0.144
0.135
0.144
0.144
0.134
0.142
0.137
0.137
0.144
0.144
0.144
0.134
0.134
0.134
0.105
0.138
-2.629
0.142
0.134
0.144
0.134
0.110
0.089
0.000
0.000
0.000
0.000
0.000
0.000
0.000
0.000
0.000
0.000
0.000
0.000
0.000
0.000
0.000
0.000
0.000
0.000
0.000
0.000
0.000
0.000
0.000
0.000
0.000
0.000
0.000
0.000
0.000
0.000
0.000
0.000
0.000
0.000
0.000
0.000
0.000
0.000
0.000
0.000
0.000
0.000
0.000
0.000
0.000
0.000
0.000
0.000
0.000
0.000
0.000
0.000
0.000
0.000
0.000
0.000
0.000
0.000
0.000
0.000
0.000
0.000
0.000
0.000
0.000
0.000
0.000
0.000
0.000
0.000
0.000
0.000
0.000
0.000
0.000
0.000
0.000
0.000
0.000
0.000
0.000
0.000
0.000
0.000
0.000
0.000
0.000
0.136
0.089
-1.151
-1.966
0.133
0.089
0.110
0.137
-1.154
0.122
0.116
-0.622
0.136
-0.605
0.133
0.122
-0.955
0.122
0.117
0.133
0.108
0.117
0.136
0.089
0.000
0.000
0.000
0.000
0.000
0.000
0.000
0.000
0.000
0.000
0.000
0.000
0.000
0.000
0.000
0.103
0.134
-2.754
-1.114
-1.175
-1.700
-0.615
0.136
-1.098
0.103
0.136
-1.168
-0.648
0.126
-1.170
0.110
0.123
-0.610
-0.884
-0.987
-0.886
-1.839
-1.306
-1.308
-1.520
-1.976
-0.987
-0.886
-0.884
-1.245
-0.983
-0.877
-0.886
0.000
0.000
0.000
0.000
0.000
0.000
0.000
0.000
0.000
0.131
0.128
-2.480
0.099
-2.189
0.089
0.117
0.136
-1.690
0.089
0.131
0.000
0.000
0.000
0.000
0.000
0.000
0.000
0.000
0.000
0.000
0.000
0.000
0.000
0.000
0.000
0.000
0.000
0.000
0.000
0.000
0.000
0.000
0.000
0.000
0.000
0.000
0.000
0.000
0.000
0.000
0.000
0.000
0.000
0.000
0.000
0.000
0.000
0.000
0.000
0.000
0.000
0.000
0.000
0.000
0.000
0.000
0.000
0.000
0.000
0.000
0.000
0.000
0.000
0.000
0.000
0.000
0.000
0.000
0.000
0.000
0.000
0.000
0.000
0.000
0.104
-1.027
-1.052
0.140
-1.048
-1.047
-1.208
0.104
0.125
0.029
0.021
0.029
-1.047
0.099
0.118
0.116
0.141
-1.942
-1.206
-1.028
0.126
0.126
0.144
0.142
0.104
0.144
0.140
0.105
-0.532
-0.951
0.105
0.135
0.137
-0.529
0.144
0.144
0.144
0.144
0.144
0.104
0.136
0.140
0.000
0.000
0.000
0.000
0.000
0.000
0.000
0.000
0.000
0.000
0.000
0.000
0.000
0.000
0.000
0.000
0.000
0.000
0.000
0.000
0.000
0.000
0.000
0.000
0.000
0.000
0.000
0.000
0.000
0.000
0.000
0.000
0.000
0.000
0.000
0.000
0.000
0.000
0.000
0.000
0.000
0.000
0.000
0.000
0.000
0.000
0.000
0.000
0.000
0.000
0.000
0.000
0.000
0.000
0.000
0.000
0.000
0.000
0.000
0.000
0.000
0.000
0.000
0.000
0.000
0.000
0.000
0.000
0.000
0.000
0.000
0.000
0.000
0.000
0.000
0.000
0.000
0.000
0.000
0.000
0.000
0.000
0.000
0.000
0.000
0.000
0.000
0.000
0.000
0.000
0.000
0.000
0.000
0.000
0.000
0.000
0.000
0.000
0.000
0.000
0.000
0.000
0.000
0.000
0.000
0.000
0.000
0.000
0.000
0.000
0.000
-0.823
-0.828
-0.840
-0.912
-0.915
-1.124
-0.877
-0.823
-1.191
-0.823
-0.860
-0.915
-0.827
-0.914
-0.915
-0.914
-0.912
-0.893
0.104
0.138
0.138
-1.048
0.104
0.144
0.270
0.270
0.270
0.270
0.226
0.270
0.140
0.104
0.144
0.111
0.111
0.126
0.127
0.127
0.140
