fixedStep chrom=ENSGT00390000014987 start=1 step=1
0.066
0.066
0.066
0.066
0.066
0.066
0.066
0.066
0.066
0.066
0.066
0.066
0.066
0.066
0.065
0.066
0.066
0.066
0.066
0.066
-1.809
0.066
0.066
0.065
0.066
0.066
0.066
0.066
0.066
0.063
0.066
0.066
0.066
0.066
0.066
0.066
0.066
0.066
0.066
0.066
0.066
0.066
0.066
0.066
0.066
0.066
0.066
0.066
0.066
0.066
0.066
0.066
0.066
0.066
0.066
0.066
0.066
0.066
0.066
0.066
0.056
0.066
0.062
0.066
0.066
0.066
0.066
0.066
0.066
0.066
0.066
0.066
0.066
0.066
0.066
0.066
0.066
0.063
0.066
0.066
0.066
0.066
0.066
0.063
0.066
0.066
0.063
0.066
0.066
0.066
0.066
0.066
0.066
0.066
0.066
0.066
0.051
0.066
0.066
0.066
0.066
0.066
0.066
0.066
0.066
0.066
0.066
0.066
0.066
0.064
0.066
0.066
0.066
0.066
0.066
0.066
0.066
0.066
0.064
0.066
0.066
0.061
0.066
0.066
0.066
0.066
0.066
0.066
0.063
0.066
0.066
0.066
0.066
0.066
0.063
0.064
0.064
0.066
0.066
0.066
0.066
0.066
0.066
0.065
0.066
0.061
0.064
0.066
0.066
0.066
0.066
0.066
0.066
0.066
0.066
0.066
0.064
0.066
0.066
0.066
0.066
0.050
0.066
0.066
0.066
0.066
0.066
0.066
0.066
0.066
0.063
0.066
0.066
0.064
0.066
0.066
0.066
0.066
0.066
0.066
0.066
0.066
0.066
0.066
0.064
0.066
0.066
0.066
0.066
0.066
0.066
0.066
0.066
0.066
0.066
0.066
0.066
0.066
0.066
0.066
0.066
0.066
0.066
0.066
0.066
0.066
0.066
0.066
0.066
0.066
0.066
0.066
0.065
0.066
0.066
0.063
0.056
0.066
0.066
0.066
0.066
0.066
0.066
0.066
0.066
0.066
0.066
0.066
0.066
0.066
0.063
0.066
0.066
0.066
0.066
0.066
0.066
0.066
0.066
0.066
0.066
0.064
0.066
0.066
0.066
0.066
0.063
0.066
0.066
0.066
0.066
0.066
0.066
0.066
0.066
0.066
0.066
0.066
0.066
0.066
0.063
0.066
0.066
0.066
0.066
0.066
0.064
0.066
0.066
0.066
0.066
0.066
0.064
0.066
0.066
0.064
0.064
0.066
0.066
0.066
0.066
0.063
0.066
0.066
0.066
0.066
0.066
0.066
0.066
0.066
0.066
0.066
0.066
0.066
0.066
0.066
0.066
0.066
0.066
0.066
0.066
0.064
0.066
0.066
0.066
0.065
0.064
0.066
0.066
0.066
0.066
0.057
0.066
0.066
0.064
0.066
0.063
0.063
0.066
0.066
0.066
0.066
0.066
0.066
0.064
0.066
0.066
0.066
0.066
0.063
0.052
0.066
0.051
0.063
0.066
0.066
0.066
0.066
0.066
0.058
0.058
0.053
0.058
0.058
0.053
0.058
0.058
0.058
0.058
-1.083
0.058
0.055
0.050
0.050
0.053
0.058
0.055
0.058
0.058
-1.083
0.058
0.058
0.058
0.058
0.058
0.058
0.058
0.058
0.058
0.053
0.057
0.058
0.058
0.058
0.058
0.058
0.053
0.057
0.058
0.058
0.058
0.058
0.058
-1.095
0.058
0.052
0.058
0.058
0.058
0.058
0.058
0.058
0.053
0.058
-1.090
0.058
0.047
0.066
0.066
0.066
0.050
0.066
0.063
0.066
0.066
0.066
0.066
0.064
0.063
0.066
0.066
0.066
0.066
0.066
0.066
0.066
0.066
0.066
0.066
0.066
0.064
0.066
0.066
0.066
0.066
0.066
0.056
0.066
0.066
0.066
0.066
0.066
0.066
0.066
-1.833
0.064
0.060
0.066
0.066
0.066
0.057
0.066
0.051
0.066
0.063
0.066
0.066
0.064
0.066
0.066
0.066
0.066
0.066
0.063
0.066
0.066
0.066
0.066
0.065
0.066
0.066
0.066
0.066
0.066
0.066
0.066
0.066
0.066
0.066
0.065
0.066
0.066
0.066
0.066
0.066
0.066
0.053
0.063
0.066
-1.809
0.064
0.066
0.066
0.063
0.066
0.064
0.065
0.064
0.066
0.062
0.066
0.066
0.063
0.066
0.066
0.066
0.066
0.066
0.066
0.066
0.059
0.066
0.066
0.066
0.066
0.066
0.066
0.066
0.066
0.066
0.065
0.056
0.066
0.066
0.066
0.066
0.066
0.061
0.056
-1.376
-1.543
-2.267
-1.371
-1.376
-1.375
0.050
0.065
0.066
0.066
0.066
0.066
0.066
0.066
0.063
0.065
0.051
0.066
0.066
0.066
0.064
0.066
0.066
0.066
0.066
0.066
0.063
-1.250
-1.250
-1.248
0.064
0.066
0.062
0.066
0.066
0.063
0.066
0.066
0.066
0.066
0.066
0.066
0.066
0.066
0.066
0.066
0.066
0.066
0.066
0.066
0.066
0.057
0.066
0.066
0.066
0.066
0.051
0.053
0.066
-1.806
-0.532
-0.532
-0.532
0.066
0.066
0.066
0.066
0.066
0.066
0.066
0.066
0.064
0.066
0.066
0.066
0.066
0.066
0.066
0.066
0.066
0.066
0.066
0.066
0.064
0.066
0.066
0.063
-1.352
-1.786
0.051
-0.250
-0.250
-0.250
0.066
0.066
0.066
0.066
0.056
0.066
0.066
0.066
0.066
0.066
0.066
0.063
0.066
0.057
0.066
0.066
0.066
0.066
0.066
0.066
0.063
0.066
0.066
0.066
-0.229
-0.229
-0.229
-0.229
-0.229
-0.229
0.066
0.066
0.066
0.066
0.066
0.063
0.066
0.066
0.066
0.066
0.066
0.066
0.066
0.066
0.066
0.066
0.066
0.066
0.066
0.063
0.062
0.066
0.063
0.066
0.057
0.066
0.066
0.066
0.066
0.066
0.066
0.066
0.066
0.066
0.066
0.066
0.066
0.066
0.063
0.066
0.066
0.051
0.066
0.063
0.066
0.059
0.066
0.066
-2.131
0.066
0.062
0.066
0.066
0.066
0.057
0.066
0.066
0.066
0.066
0.066
0.066
0.066
0.066
0.066
0.063
0.066
0.066
0.063
0.066
0.066
0.066
0.056
0.060
0.066
0.066
-1.672
-1.671
-1.672
-1.671
-2.520
-1.671
0.066
0.066
0.066
0.056
0.051
0.063
0.066
0.066
0.066
0.066
0.066
0.066
0.057
0.066
0.066
0.065
0.066
-1.852
0.066
0.066
0.066
0.066
0.066
0.063
0.065
0.065
0.066
0.066
0.051
0.065
0.066
0.066
0.066
0.066
0.065
0.051
0.066
0.056
0.064
0.066
0.066
0.066
0.066
0.066
0.057
0.064
0.065
0.066
0.066
0.066
0.063
0.066
0.066
0.066
0.064
0.066
0.065
-0.207
-0.207
-0.207
0.049
0.066
0.066
0.066
0.050
0.066
0.066
0.066
0.066
0.066
0.066
0.063
0.066
0.066
0.053
0.066
0.066
0.066
0.066
0.055
0.066
0.066
0.064
0.063
0.066
0.066
0.066
0.066
0.066
0.066
0.066
0.066
0.066
0.066
0.066
0.066
0.066
0.066
0.066
0.066
0.066
0.063
-1.707
-2.738
-3.413
0.056
0.066
0.066
0.066
0.066
0.066
0.066
0.066
0.066
0.066
0.062
0.066
0.066
0.066
0.066
0.066
0.066
0.066
0.066
0.066
0.066
0.066
0.066
0.066
0.051
0.066
0.066
0.066
0.066
0.066
0.066
0.063
0.066
0.066
0.066
0.066
0.066
0.066
0.057
0.062
0.066
0.066
0.066
0.057
0.063
-2.093
0.066
0.066
0.066
0.066
0.063
0.063
0.063
0.066
0.063
0.063
0.066
0.066
0.066
0.063
0.064
0.066
0.066
0.066
0.066
0.063
0.063
0.066
0.066
0.066
0.066
0.063
0.064
0.050
0.050
0.066
0.050
0.066
0.066
0.050
0.050
0.063
0.066
0.050
0.066
0.063
0.064
-1.238
-1.239
-1.442
-1.238
-1.442
-1.238
-0.250
-0.250
-0.250
-1.236
-1.439
-1.238
-1.844
0.050
0.066
-2.454
0.049
0.066
0.050
0.066
0.064
0.050
0.063
0.050
0.066
0.066
0.066
0.066
0.063
0.066
0.066
0.066
0.063
-1.953
-1.238
-1.511
-1.238
-1.238
-1.410
0.066
0.063
0.066
0.050
0.063
-2.449
0.060
0.063
0.050
0.063
0.066
0.050
0.066
0.050
0.066
0.066
0.065
0.063
0.066
0.064
0.066
0.064
0.066
0.066
0.066
0.052
0.066
0.050
0.066
0.066
0.051
0.066
0.065
0.066
0.051
0.066
-1.807
0.066
0.050
0.051
0.063
0.064
0.065
0.050
0.066
0.066
0.066
0.066
0.066
0.065
0.066
0.066
0.066
0.066
0.066
0.050
0.064
0.064
0.064
0.063
0.066
0.066
0.065
0.066
0.066
0.066
0.066
0.066
0.066
0.066
0.066
0.066
0.066
0.066
0.064
0.066
0.066
0.066
0.066
0.066
0.066
0.064
0.066
0.066
0.066
0.066
0.063
0.051
0.066
0.066
0.066
0.066
0.066
0.066
0.066
0.066
0.066
0.066
0.063
0.050
0.066
0.066
0.066
0.066
0.066
0.066
0.066
0.066
0.066
0.066
0.066
0.050
0.066
0.066
0.050
0.066
0.066
0.051
0.051
0.051
-1.250
-1.251
-1.251
0.066
0.066
0.063
0.066
0.066
0.063
0.066
0.066
0.066
0.064
0.066
0.059
0.066
0.066
0.066
0.066
0.066
0.066
0.066
0.066
0.065
0.066
0.066
0.066
-1.007
-1.043
-1.004
-1.238
-1.238
-1.276
0.063
0.066
0.066
0.066
0.066
0.066
0.066
0.066
0.051
0.066
0.066
0.063
0.066
0.063
0.066
0.063
0.066
0.066
0.066
0.066
0.066
0.066
0.066
0.066
0.066
0.065
0.065
0.066
0.050
0.066
0.064
0.066
0.063
0.066
0.066
0.050
0.066
0.064
0.066
0.066
0.066
0.066
0.066
0.066
0.066
0.066
0.066
0.065
0.066
0.063
0.066
0.066
0.066
0.066
0.066
0.066
0.066
0.066
0.066
0.066
0.064
0.066
0.066
0.066
0.066
0.064
0.066
0.050
0.066
0.051
0.066
0.066
0.066
0.066
0.066
0.050
0.064
0.063
0.066
0.066
0.066
0.066
0.066
0.064
0.066
0.066
0.066
0.066
0.064
0.063
0.064
0.066
0.065
0.066
0.065
0.060
0.062
0.066
0.066
0.066
0.066
0.066
0.062
0.065
0.063
-2.705
-4.029
-3.087
0.066
0.063
0.066
0.066
0.066
0.050
0.066
0.066
0.065
0.066
0.066
0.063
0.066
0.066
0.066
0.066
0.066
0.066
0.066
0.063
0.066
0.064
0.066
0.066
0.066
0.066
0.066
0.066
0.066
0.066
0.066
0.063
0.066
0.066
0.066
0.064
0.066
0.066
0.066
0.064
0.050
0.064
0.066
0.066
0.056
0.066
0.066
0.066
0.066
0.066
0.066
0.066
0.066
0.066
0.066
0.066
0.066
0.066
0.063
0.059
0.066
0.066
0.066
0.066
0.063
0.066
0.066
0.066
0.066
0.063
0.066
0.066
0.066
0.066
0.066
0.066
0.066
0.050
0.064
0.066
0.066
0.066
0.066
0.066
0.066
0.066
0.066
0.066
0.066
0.053
0.066
0.065
0.066
0.063
0.064
0.066
0.066
0.065
0.066
0.066
0.066
0.066
0.066
0.066
0.066
0.066
0.066
0.066
0.066
0.066
0.050
0.066
0.066
0.066
0.066
0.066
0.066
0.066
0.066
0.066
0.066
0.066
0.066
0.063
0.066
0.066
0.066
0.061
0.063
0.066
0.066
0.066
0.066
0.066
0.065
0.066
0.066
0.066
0.066
0.066
0.066
0.066
0.066
0.066
0.066
0.066
0.066
0.063
0.066
0.052
0.064
0.051
0.066
-1.236
-1.236
-1.239
0.066
0.066
0.066
0.066
0.066
0.066
0.066
-1.788
0.053
0.066
0.066
0.057
0.066
0.066
0.066
0.066
0.066
0.066
0.065
0.066
0.064
0.066
0.064
0.063
0.063
0.062
0.066
0.066
0.066
0.066
0.063
0.066
0.066
0.066
0.066
0.066
0.066
0.066
0.066
0.066
0.066
0.051
0.063
0.066
0.063
0.066
0.063
0.066
0.066
0.056
0.066
0.066
-3.128
0.066
0.066
0.066
0.065
0.066
0.066
0.066
0.066
0.066
0.066
0.066
-1.788
0.063
0.064
0.066
0.066
0.064
0.066
0.046
0.066
0.066
0.066
0.066
0.066
0.064
0.066
0.066
0.066
0.066
0.066
0.063
0.066
0.066
0.064
0.066
0.066
0.066
0.066
0.065
0.066
0.051
0.063
0.064
0.066
0.066
0.066
0.066
0.066
0.066
0.066
0.066
0.066
0.066
0.066
0.066
0.066
0.066
0.066
0.066
0.066
0.064
0.066
0.066
-2.067
0.066
0.066
0.064
0.066
0.063
0.066
0.066
0.066
0.058
0.058
0.058
0.055
0.058
0.058
0.058
0.058
0.058
0.058
0.058
0.058
0.058
0.058
0.058
0.053
0.058
0.058
0.058
0.058
0.058
0.058
0.058
0.058
0.053
0.058
0.058
0.058
0.058
0.058
0.058
0.058
0.058
0.058
0.058
0.058
0.057
0.058
0.058
0.055
0.058
0.058
0.058
0.058
0.058
0.058
0.058
0.058
0.058
0.058
0.058
0.055
0.058
0.058
0.058
0.058
0.058
0.058
0.058
0.058
0.055
0.058
0.058
0.058
0.058
0.058
0.058
0.058
0.058
0.058
0.058
0.058
0.058
0.058
0.053
0.058
0.058
0.066
0.050
0.066
0.065
0.066
0.063
0.051
0.066
0.051
0.051
0.051
0.066
0.066
0.066
0.066
0.063
-1.326
-2.504
-2.022
-4.047
-3.709
-3.933
-2.504
-4.466
-1.250
-2.504
-2.504
-1.248
-1.521
-3.104
-3.709
-1.250
0.000
0.000
0.000
0.000
0.000
0.000
0.000
0.000
0.000
0.000
0.000
0.000
0.000
0.000
0.000
0.000
0.000
0.000
0.000
0.000
0.000
0.000
0.000
0.000
0.000
0.000
0.000
0.000
0.000
0.000
0.000
0.000
0.000
0.000
0.000
0.000
0.000
0.000
0.000
0.000
0.000
0.000
0.000
0.000
0.000
0.000
0.000
0.000
0.000
0.000
0.000
0.000
0.000
0.000
0.000
0.000
0.000
0.000
0.000
0.000
0.000
0.000
0.000
0.000
0.000
0.000
0.000
0.000
0.000
0.000
0.000
0.000
0.000
0.000
0.000
0.000
0.000
0.000
0.000
0.000
0.000
0.000
0.000
0.000
0.000
0.000
0.000
0.000
0.000
0.000
0.000
0.000
0.000
0.000
0.000
0.000
0.000
0.000
0.000
0.000
0.000
0.000
