fixedStep chrom=ENSGT00390000003458 start=1 step=1
0.071
0.071
0.071
0.071
0.069
0.071
0.068
0.071
0.071
0.071
0.071
0.071
0.071
0.065
0.071
0.066
0.071
0.071
0.071
0.069
0.071
0.071
-1.613
0.071
0.071
0.071
-2.753
0.069
-0.857
0.071
-0.176
-0.176
-0.176
0.071
0.069
0.070
0.071
0.071
0.071
0.071
0.071
0.071
0.061
0.071
0.060
0.071
0.071
0.071
0.071
0.071
0.053
0.065
0.071
0.066
0.071
0.071
0.071
0.071
0.071
0.071
0.071
0.071
0.071
0.071
0.071
0.071
0.066
0.071
0.071
0.071
0.071
0.069
0.071
0.071
0.071
0.071
0.071
0.071
0.071
0.071
0.071
0.071
0.071
0.071
0.071
0.071
0.071
0.071
0.071
0.069
0.071
0.071
0.065
0.061
0.071
0.071
0.071
0.071
0.069
0.071
0.071
0.071
0.071
0.071
0.071
0.071
0.071
0.068
0.071
0.066
0.071
0.071
0.071
0.071
0.071
0.071
0.071
0.071
0.071
0.071
0.071
0.071
0.066
0.071
0.071
0.066
0.071
0.071
0.071
0.071
0.071
0.071
0.071
0.071
0.071
0.071
0.071
0.064
0.071
0.071
0.066
0.071
0.071
-1.619
0.071
0.071
-1.511
0.070
0.071
0.069
0.071
0.071
0.071
0.071
0.071
0.071
0.071
0.071
0.070
0.071
0.065
0.071
0.071
0.071
0.071
0.071
0.071
0.066
0.071
0.071
0.071
0.071
0.071
0.071
0.071
0.071
0.069
0.071
0.071
0.071
0.071
0.071
0.066
0.071
0.071
0.071
0.071
0.071
0.071
0.071
0.071
0.070
0.071
0.071
0.064
0.071
0.071
0.071
0.071
0.071
0.071
0.071
0.071
0.065
0.071
0.071
0.066
0.071
0.071
0.071
0.071
0.071
0.071
0.071
0.071
0.071
0.071
0.071
0.071
0.071
0.071
0.066
0.060
0.071
0.071
0.071
0.071
0.071
0.071
0.071
0.068
0.071
0.071
0.071
0.071
0.071
0.068
0.061
0.071
0.062
0.071
0.071
0.071
0.066
0.071
0.065
0.071
0.071
0.071
0.071
0.071
0.071
0.069
0.071
0.071
0.071
0.071
0.071
0.071
0.071
0.071
0.071
0.071
0.071
0.071
0.071
0.065
0.071
0.071
0.071
0.071
0.071
0.071
0.071
0.071
0.071
0.071
0.071
0.071
0.071
0.071
0.071
0.071
0.071
0.071
0.071
0.071
0.071
0.071
0.071
0.071
0.071
0.071
0.069
0.071
0.071
0.069
0.071
0.071
0.071
0.071
0.071
0.071
0.071
0.071
0.066
0.071
0.071
0.070
0.071
0.071
0.071
0.071
0.071
0.071
0.071
0.071
0.071
0.071
0.071
0.071
