fixedStep chrom=ENSGT00390000001201 start=1 step=1
0.110
0.110
0.110
0.110
0.110
0.092
0.107
0.110
0.097
0.110
0.097
0.107
0.110
0.108
0.110
0.110
0.110
0.107
0.110
0.110
0.110
0.109
0.110
0.092
0.110
0.110
0.110
0.110
0.110
0.110
0.106
0.098
0.079
0.110
0.110
0.107
0.110
0.110
0.110
0.110
0.110
0.110
0.107
0.110
0.105
0.110
0.110
0.097
0.110
0.110
0.101
0.110
0.110
0.106
0.110
0.110
0.110
0.106
0.098
0.109
0.108
0.110
0.107
0.110
0.110
0.110
0.108
0.106
0.096
0.110
0.110
0.096
0.110
0.110
0.110
0.104
0.097
0.110
0.109
0.110
0.108
0.110
0.108
0.107
0.110
0.109
0.110
0.110
0.110
0.110
0.107
0.110
0.109
0.107
0.108
0.110
0.110
0.110
0.106
0.110
0.110
0.110
0.110
0.110
0.110
0.110
0.110
0.110
0.110
0.110
0.110
0.110
0.110
0.109
0.110
0.110
0.107
0.110
-0.926
-1.004
0.104
0.110
-0.516
0.098
0.110
-0.996
0.096
0.101
-0.996
0.107
0.098
-1.643
-1.594
-1.111
-1.181
-1.638
0.098
0.110
0.110
-0.516
-1.811
0.098
-0.513
-0.959
0.110
0.110
-0.979
0.110
-1.653
-1.811
0.110
0.110
0.106
0.096
0.110
-0.514
0.098
0.110
-1.473
0.110
0.110
0.101
0.106
-1.603
0.110
0.098
0.110
-1.653
0.098
-0.513
-1.021
-0.516
0.110
-1.643
0.110
0.110
-1.418
-0.505
-0.505
-1.936
0.110
0.110
0.097
-0.500
0.110
0.110
-0.513
0.098
0.094
0.110
0.098
-1.004
0.110
0.110
0.093
0.098
-0.500
0.097
-0.514
-1.353
-0.516
-0.514
0.110
0.097
0.110
0.110
0.110
0.079
0.110
-1.017
0.110
-0.513
0.110
0.110
0.110
0.092
-0.513
-0.500
0.098
0.110
0.110
0.098
0.110
0.099
0.110
-0.513
0.110
-0.514
0.098
-0.500
0.110
-0.500
-0.513
0.110
0.110
0.098
0.110
0.110
0.110
0.095
-0.516
-0.516
-1.650
-0.514
0.098
0.106
0.110
0.098
-0.979
-0.516
0.110
0.095
0.098
0.110
-0.514
0.098
-0.500
-0.516
0.110
0.098
-1.019
0.098
0.110
-1.356
0.108
0.110
0.107
-0.516
0.110
0.079
-0.516
0.098
-0.996
0.099
-0.513
-0.514
0.110
-0.514
0.095
-0.516
-0.958
-1.019
0.099
0.110
-0.516
0.109
0.110
0.106
0.110
0.110
0.110
0.092
0.110
0.110
0.110
0.110
0.110
0.110
0.110
0.110
0.093
0.110
0.110
0.110
0.110
0.090
0.110
0.110
0.110
0.110
0.110
0.091
0.110
0.110
0.106
0.110
0.104
0.093
0.110
0.110
0.106
0.110
0.110
0.110
0.110
0.110
0.109
0.110
0.110
0.110
0.110
0.110
0.106
0.110
0.110
-0.991
0.110
0.110
0.110
0.110
0.098
0.088
0.110
0.110
0.097
0.110
0.110
0.110
0.110
0.110
0.106
0.110
0.110
0.110
0.110
0.110
0.110
0.110
0.109
0.110
0.110
0.110
0.110
0.110
0.110
0.096
0.110
0.110
0.107
0.110
0.110
0.106
0.110
0.110
0.110
0.110
0.110
0.110
0.110
0.110
0.110
0.110
0.110
0.110
0.110
0.110
0.098
0.110
0.110
0.106
0.110
0.110
0.092
0.110
0.110
0.110
0.110
0.110
0.106
0.110
0.110
0.110
0.110
0.110
0.110
0.110
0.107
0.110
0.110
0.106
0.108
-1.559
-1.559
-3.426
