fixedStep chrom=ENSGT00390000011180 start=1 step=1
0.083
0.083
0.083
0.083
0.083
0.083
0.083
0.083
0.083
0.083
0.083
0.083
0.083
0.083
0.083
0.083
0.083
0.083
0.083
0.083
0.083
0.083
0.083
0.083
0.083
0.083
0.083
0.083
0.083
0.083
0.083
0.083
0.083
0.083
0.083
0.083
0.083
0.083
0.083
0.072
0.083
0.083
0.083
0.083
0.079
0.083
0.083
0.077
0.083
0.083
0.083
0.083
0.083
0.083
0.083
0.083
0.078
0.083
0.083
0.083
0.083
0.083
0.083
0.083
0.083
0.078
0.083
0.083
0.083
0.083
0.081
0.072
0.083
0.083
0.080
0.083
0.083
0.083
0.083
0.083
0.080
0.083
0.083
-2.553
0.073
0.083
0.083
0.083
0.083
0.076
-0.751
-0.732
-0.751
0.083
0.083
0.083
-0.749
-0.751
-1.364
0.083
0.083
-0.749
-0.873
-0.873
-1.065
-0.873
-0.873
-0.873
-0.749
-0.749
0.083
0.083
0.083
0.070
-0.751
0.076
-0.732
0.083
0.083
-0.754
0.076
-0.732
0.076
0.076
-0.749
-1.405
0.083
0.083
-0.749
-0.754
0.083
0.083
0.076
0.083
-1.381
0.083
0.083
-0.754
0.076
-0.749
-1.420
-0.751
0.083
0.081
0.083
0.083
0.076
0.083
0.076
-2.960
-0.754
-0.732
-0.754
-0.749
0.083
0.083
0.083
-0.732
0.083
0.000
0.000
0.000
0.000
0.000
0.000
0.000
0.000
0.000
0.000
0.000
0.000
0.083
0.083
0.073
-0.871
-0.873
-0.897
-0.873
-0.873
-1.256
-0.871
-0.873
-0.873
-0.873
-0.873
-0.873
-0.873
-0.873
-0.873
-0.749
-0.749
0.076
-0.749
0.083
0.083
0.083
-0.754
-0.754
-0.749
0.083
-1.397
-0.749
-0.749
-0.754
0.083
-0.754
0.083
-0.530
-0.530
-0.530
0.080
0.083
0.082
0.083
0.083
0.083
0.083
0.083
0.083
0.083
0.083
0.083
0.083
0.083
0.083
0.083
0.083
0.083
0.083
0.083
0.080
0.083
0.083
0.073
0.083
0.083
0.083
0.083
0.083
0.083
0.083
0.083
0.083
0.083
0.083
0.083
0.083
0.083
0.081
0.083
0.083
0.083
0.083
0.083
0.083
0.083
0.083
0.083
0.083
0.083
0.083
0.083
0.083
0.082
0.083
0.083
0.083
0.083
0.083
0.081
0.083
0.083
0.083
0.083
0.083
0.083
0.083
0.083
0.083
0.083
0.083
0.083
0.083
0.083
0.073
0.083
0.083
0.083
0.083
0.083
0.077
0.080
0.083
0.083
0.083
0.083
0.083
0.083
0.083
0.073
0.083
0.083
0.083
0.083
0.083
0.083
0.083
0.083
0.077
0.073
0.083
0.082
0.083
0.083
0.077
0.082
0.083
0.080
0.083
0.083
0.083
0.083
0.083
0.083
0.083
0.083
0.076
0.083
-0.751
0.083
0.083
0.083
0.083
0.083
0.083
0.083
0.083
0.083
0.083
0.083
0.083
0.083
0.083
0.081
0.074
0.080
0.083
0.083
0.083
0.083
0.083
0.083
0.083
0.083
-2.007
-2.007
-2.006
0.083
0.081
0.081
0.083
0.083
0.083
0.083
0.073
0.083
0.083
0.083
0.083
0.083
0.083
0.057
0.083
0.057
0.080
0.057
0.083
0.083
0.083
0.083
0.080
0.083
0.083
0.057
0.057
0.057
0.057
0.000
0.000
0.000
0.000
0.000
0.000
0.000
0.000
0.000
0.000
0.000
0.000
0.077
0.083
0.057
0.083
0.057
0.077
0.083
0.083
0.083
0.083
0.083
0.083
0.083
0.083
0.083
0.083
0.083
0.083
-1.199
-1.199
-1.858
0.083
0.077
0.083
0.064
0.064
0.077
0.083
0.077
0.080
0.057
0.083
0.057
0.083
0.057
0.083
0.083
0.057
0.077
0.083
0.077
0.064
0.083
0.057
0.083
0.083
0.083
0.083
0.083
0.077
0.083
0.077
0.083
0.072
0.083
0.083
0.077
0.083
0.083
0.072
0.083
0.083
0.083
0.057
0.083
0.083
0.057
0.057
0.077
0.083
0.057
0.072
0.083
0.083
0.057
0.083
0.077
0.083
0.083
0.083
0.083
0.083
0.083
0.080
0.057
0.057
0.083
0.083
0.082
0.057
0.000
0.000
0.000
0.000
0.000
0.000
0.000
0.000
0.000
0.000
0.000
0.000
0.000
0.000
0.000
0.083
0.083
0.083
0.057
0.077
0.083
0.057
0.083
0.080
0.083
0.083
0.083
0.077
0.083
0.083
0.083
0.083
0.070
0.083
0.083
0.083
0.083
0.083
0.083
-0.050
-0.050
-0.050
0.083
0.083
0.076
0.083
0.083
0.083
0.083
0.073
0.077
0.071
0.083
0.083
