fixedStep chrom=ENSGT00390000002429 start=1 step=1
0.056
0.056
0.056
0.056
0.056
0.053
0.056
0.052
0.056
0.056
0.056
0.056
0.056
0.056
0.056
0.056
0.056
0.056
0.056
0.056
0.056
0.056
0.056
0.056
0.056
0.056
0.056
0.056
0.056
0.056
0.056
0.056
0.054
0.056
0.056
0.056
0.056
0.056
0.056
0.056
0.056
0.056
0.056
0.056
0.056
0.056
0.056
0.056
0.052
0.056
0.056
0.056
0.056
0.056
0.056
0.056
0.056
0.056
0.056
0.040
0.056
0.056
0.056
0.056
0.056
0.052
0.056
0.056
0.056
0.056
0.056
0.056
0.056
0.056
0.040
0.056
0.056
0.056
0.040
0.056
0.056
0.056
0.056
0.052
0.056
0.056
0.052
0.056
0.056
0.056
0.056
0.056
0.056
0.056
0.056
0.056
0.056
0.056
0.056
0.056
0.056
0.056
0.056
0.056
0.056
0.056
0.056
0.056
0.056
0.056
0.052
0.056
0.056
0.054
0.056
0.056
0.056
0.056
0.056
0.056
0.056
0.056
0.056
0.056
0.056
0.054
0.056
0.056
0.053
0.053
0.056
0.056
0.056
0.056
0.056
0.056
0.056
0.055
0.056
0.040
0.056
0.055
0.056
0.056
0.056
0.056
0.056
0.056
0.056
0.056
0.056
0.056
0.056
0.040
0.056
0.056
0.056
0.055
0.056
0.056
0.056
0.056
0.056
0.056
0.056
0.040
0.056
0.052
0.056
0.056
0.056
0.056
0.056
0.056
0.056
0.056
0.056
0.056
0.056
0.056
0.056
0.056
0.056
0.056
0.056
0.056
0.056
0.056
0.056
0.056
0.056
0.056
0.056
0.056
0.055
0.056
0.056
0.056
0.056
0.056
0.056
0.056
0.056
0.056
0.056
0.056
0.056
0.056
0.056
0.056
0.056
0.056
0.052
0.056
0.054
0.056
0.056
0.056
0.052
0.056
0.056
0.056
0.056
0.055
0.056
0.056
0.056
0.056
0.056
0.056
0.056
0.056
0.056
0.056
0.056
0.056
0.056
0.056
0.056
0.056
0.056
0.056
0.056
0.056
0.056
0.056
0.056
0.056
0.055
0.056
0.056
0.056
0.056
0.056
0.056
0.056
0.056
0.055
0.056
0.056
0.056
0.056
0.056
0.056
0.056
0.056
0.056
0.056
0.056
0.052
0.056
0.056
0.056
0.056
0.056
0.056
0.056
0.056
0.056
0.054
0.056
0.056
0.056
0.056
0.056
0.056
0.056
0.056
0.056
0.056
0.056
0.056
0.056
0.056
0.056
0.056
0.055
0.056
0.056
0.056
0.056
0.056
0.056
0.056
0.056
0.056
0.056
0.056
0.053
0.056
0.056
0.056
0.056
0.056
0.056
0.056
0.056
0.056
0.056
0.056
0.054
0.056
0.056
0.056
0.056
0.055
0.056
0.056
0.056
0.047
0.056
0.056
0.056
0.042
0.048
0.056
0.056
0.040
0.056
0.056
0.056
0.052
0.056
0.056
0.056
-1.981
0.050
0.055
0.056
0.056
0.056
0.056
0.056
0.053
0.056
0.056
0.055
0.056
0.056
-1.881
0.056
0.056
0.054
0.056
0.056
0.056
0.056
0.056
0.056
0.056
0.054
0.056
0.056
0.056
0.051
0.056
0.056
0.052
0.056
0.056
0.056
0.056
0.056
0.051
0.055
0.056
0.056
0.056
0.056
0.056
0.052
0.056
0.056
0.056
0.056
0.051
0.056
0.056
0.052
0.056
0.056
0.054
0.056
0.042
0.056
0.056
0.056
0.056
0.056
0.056
0.056
0.056
0.056
0.054
0.056
0.056
0.056
0.056
0.056
0.056
0.056
0.056
0.055
0.056
0.056
0.056
0.056
0.056
0.056
0.056
0.056
0.056
0.056
0.056
0.056
0.056
0.056
0.056
0.055
0.056
0.056
0.056
0.052
0.056
0.056
0.056
0.056
0.056
0.056
0.056
0.051
0.056
0.056
0.054
0.056
0.056
0.056
0.040
0.056
0.056
0.056
0.052
0.055
0.056
0.051
0.056
0.056
0.056
0.056
0.056
0.050
0.056
0.056
0.051
0.051
0.051
0.051
0.051
0.051
0.051
0.051
0.051
0.051
0.051
0.051
0.051
0.036
0.051
0.051
0.051
0.051
0.051
0.051
0.051
0.051
0.051
0.051
0.051
0.051
0.051
0.051
0.036
0.051
0.051
0.051
0.051
0.051
0.051
0.051
0.051
0.051
0.051
0.051
0.051
0.051
0.048
0.047
0.036
0.051
0.051
0.051
0.051
0.051
0.051
0.051
0.051
0.051
0.051
0.051
0.051
0.051
0.051
0.051
0.051
0.051
0.051
0.051
0.051
0.051
0.051
0.048
0.051
0.051
0.051
0.051
-1.799
0.051
0.051
0.048
0.051
0.051
0.051
0.051
0.048
0.051
0.051
0.051
0.051
0.051
0.051
0.050
0.051
0.051
0.048
0.051
0.051
0.051
0.051
0.051
0.051
0.051
0.048
0.051
0.051
0.051
0.051
0.051
0.051
0.051
0.051
0.051
0.036
0.036
0.051
0.051
0.051
0.051
0.050
0.051
0.051
0.051
0.051
0.051
0.046
0.051
0.051
0.051
0.051
0.051
0.051
0.051
0.051
0.051
0.051
0.051
0.051
0.051
0.051
0.051
0.051
0.051
0.051
0.051
0.051
0.051
0.050
0.051
0.051
0.036
0.051
0.051
0.051
0.051
0.051
0.051
0.051
0.051
0.051
0.051
0.051
0.051
0.051
0.048
0.051
0.051
0.051
0.051
0.051
0.051
0.051
0.051
0.051
0.051
0.051
0.051
0.051
0.051
0.051
0.051
0.051
0.051
0.051
0.051
0.051
0.051
0.048
0.051
0.051
0.051
0.048
0.051
0.051
0.051
0.051
0.051
0.051
0.050
0.051
0.051
0.051
0.046
0.051
0.051
0.051
0.051
0.051
0.051
0.051
0.051
0.051
0.051
0.051
0.051
0.051
0.051
0.051
0.051
0.051
0.051
0.051
0.051
0.051
0.047
0.051
0.051
0.051
0.051
0.051
0.051
0.051
0.048
0.050
0.048
0.051
0.051
0.051
0.051
0.051
0.051
0.051
-1.178
0.051
-1.155
0.048
0.051
0.051
0.051
0.051
0.051
0.051
0.051
0.051
0.051
0.051
0.051
0.051
0.051
0.056
0.056
0.056
0.056
0.056
0.056
0.056
0.056
0.056
0.056
0.056
0.056
0.056
0.053
0.056
0.056
0.056
0.056
0.056
0.055
0.056
0.056
0.052
0.056
0.056
0.056
0.056
0.056
0.053
0.056
0.056
0.056
0.056
0.056
0.056
0.056
0.056
0.056
0.056
0.056
0.056
0.056
0.056
0.056
0.056
0.056
0.053
0.056
0.056
0.052
0.056
0.056
-1.909
0.051
0.056
0.056
0.056
0.056
0.052
0.056
0.056
0.056
0.056
0.056
0.056
0.056
0.056
0.056
0.056
0.056
0.055
0.056
0.056
0.040
0.056
0.056
0.054
0.056
0.056
0.053
0.056
0.056
0.056
0.056
0.056
0.056
0.056
0.056
0.056
0.056
0.056
0.047
0.056
0.056
0.056
0.056
0.056
0.053
0.056
0.055
0.056
0.056
0.056
0.055
0.056
0.056
0.052
0.054
0.056
0.052
0.056
0.056
0.042
0.056
0.056
0.056
0.055
0.056
0.056
0.056
0.056
0.056
0.056
0.056
0.055
0.056
0.056
0.042
0.056
0.056
0.056
0.052
0.056
0.056
0.056
0.056
0.056
0.048
0.056
0.053
0.056
0.056
0.056
0.056
0.056
0.054
0.056
0.056
0.056
0.056
0.056
0.056
0.056
0.056
0.056
0.056
0.056
0.054
0.056
0.056
0.056
0.056
0.056
0.056
