fixedStep chrom=ENSGT00390000010777 start=1 step=1
0.068
0.068
0.068
0.068
0.068
0.068
0.068
0.068
0.068
0.068
0.068
0.068
-2.299
0.068
0.068
0.059
0.068
0.068
0.068
0.068
0.068
0.068
0.068
0.068
0.068
0.068
0.065
0.068
0.068
0.068
0.068
0.068
0.068
0.068
0.068
0.068
0.068
0.068
0.068
0.068
0.068
0.068
0.068
0.068
0.068
0.068
0.068
0.068
0.068
0.068
0.068
0.068
0.063
0.068
0.068
0.068
0.068
0.068
0.068
0.068
0.068
0.068
0.053
0.068
0.068
0.068
0.068
0.068
0.068
0.068
0.068
0.068
0.068
0.068
0.068
0.068
0.068
0.068
0.068
0.068
0.068
0.068
0.068
0.056
0.068
0.056
0.068
0.068
0.068
0.068
0.068
0.068
0.068
0.068
0.068
0.068
0.068
0.068
0.068
0.068
0.068
0.065
0.068
0.068
0.066
0.068
0.068
0.068
0.068
0.068
0.068
0.068
0.068
0.068
0.068
0.068
0.068
0.068
0.068
0.068
0.068
0.065
0.068
0.068
0.068
0.068
0.068
0.068
0.068
0.068
0.068
0.059
0.068
0.068
0.059
0.068
0.068
0.068
0.068
0.068
0.068
0.068
0.068
0.065
0.068
0.068
0.068
0.068
0.065
0.066
0.068
0.068
0.068
0.068
0.068
0.068
0.060
0.067
-1.775
-0.980
0.067
-0.975
0.060
0.067
0.054
0.064
-0.977
0.067
0.064
-0.975
0.067
0.064
0.064
0.067
-0.254
-0.254
-0.254
0.050
0.060
-1.107
0.052
0.052
0.052
0.060
0.061
-1.112
-1.122
0.052
-1.119
0.052
-1.107
-1.112
0.060
0.052
0.060
-1.107
0.052
-1.107
-1.121
0.061
-1.107
0.060
0.052
0.060
0.060
0.052
0.060
0.061
0.061
-1.112
0.060
0.060
0.052
-0.254
-0.254
-0.254
0.060
0.060
0.052
-1.125
0.060
0.052
-1.119
0.052
0.060
-1.116
0.052
-1.652
0.052
0.061
-1.251
-1.119
-1.116
-1.932
0.060
0.052
-1.930
0.052
0.061
0.060
0.060
0.060
-1.107
-1.107
-1.119
-1.125
0.060
0.052
-1.122
-1.122
-1.122
-1.107
0.060
0.060
0.060
-1.116
0.052
0.061
0.052
-1.125
-1.245
-1.122
0.061
0.061
0.060
0.052
0.061
0.061
0.052
-1.107
0.060
0.061
-1.125
0.060
0.060
0.061
0.052
0.060
-1.644
-2.053
-0.918
-0.918
-0.918
-0.918
-0.918
0.060
0.052
0.067
0.067
0.067
0.067
0.067
0.067
0.067
0.067
0.067
0.067
0.067
0.067
0.067
0.067
0.067
0.054
0.067
0.067
0.067
0.067
0.067
0.067
0.058
0.067
0.067
0.067
0.067
0.067
0.067
0.067
0.067
0.067
0.067
0.060
0.067
0.067
0.065
0.067
0.067
0.067
0.067
0.067
0.067
0.067
0.067
0.067
0.067
0.067
0.067
0.067
0.067
0.067
0.067
0.067
0.059
0.067
0.067
0.067
0.067
0.067
0.067
0.067
0.067
0.067
0.067
0.067
0.067
0.067
0.067
0.067
0.067
0.067
0.067
0.064
0.060
0.067
0.067
0.067
0.067
0.067
0.067
0.067
0.067
0.067
0.067
0.067
0.067
0.067
0.065
0.067
0.067
0.067
0.067
0.067
0.067
0.067
0.067
0.067
0.067
0.067
0.067
0.067
0.067
0.067
0.067
0.067
0.067
0.067
0.067
0.067
0.067
0.064
0.067
0.067
0.067
0.058
0.067
0.067
0.067
0.067
0.067
0.065
0.067
0.067
0.065
0.058
-2.363
0.067
0.067
0.067
0.067
0.067
0.067
0.067
0.065
0.067
0.067
0.067
0.067
0.067
0.067
0.067
0.067
0.067
0.067
0.067
0.067
0.067
0.067
0.067
0.067
0.067
0.067
0.064
0.067
0.067
0.067
0.067
0.067
0.066
0.067
0.067
0.067
0.067
0.067
0.067
0.067
0.067
0.068
0.068
0.068
0.068
0.068
0.068
0.068
0.068
0.059
0.068
0.068
0.068
0.068
0.068
0.068
0.068
0.068
0.068
0.066
0.068
0.068
0.063
0.068
0.068
0.066
0.068
0.068
0.068
0.059
0.068
0.068
0.068
0.059
0.068
0.068
0.068
0.068
0.068
0.068
0.068
0.068
0.068
0.066
0.068
0.068
-0.907
0.068
0.068
0.062
0.068
0.068
0.068
0.068
0.068
0.068
0.068
0.068
0.068
0.068
0.068
0.068
0.068
0.068
0.066
0.068
0.068
0.068
0.068
0.068
0.068
0.068
0.068
0.068
0.068
0.068
0.068
0.068
0.068
0.068
0.068
0.068
0.067
0.068
0.068
0.068
0.068
-2.250
0.065
0.068
0.068
0.068
0.068
0.068
0.064
0.068
0.068
0.068
0.068
0.068
0.068
0.068
0.068
-0.921
0.068
0.068
0.063
0.068
0.068
0.068
0.068
0.068
0.068
0.068
0.068
0.068
0.068
0.063
0.068
0.068
0.068
0.068
0.068
0.068
0.068
0.068
0.068
0.068
0.068
0.068
0.068
0.068
0.068
0.068
0.068
0.068
0.068
0.068
0.068
0.059
0.068
0.068
0.064
0.068
0.068
0.063
0.068
0.068
0.068
0.068
0.068
0.068
0.068
0.068
0.068
0.068
0.068
0.067
0.068
0.068
0.068
0.068
0.068
0.068
0.068
0.068
0.065
0.068
0.068
0.068
0.068
0.068
0.068
0.068
0.068
0.060
0.066
0.068
0.068
0.068
0.068
0.068
0.068
0.068
0.068
0.068
0.068
0.068
0.068
0.068
0.056
0.068
0.068
0.068
0.068
0.068
0.061
0.068
0.068
0.068
0.068
0.068
0.068
0.068
0.068
0.068
0.068
0.068
0.068
0.068
0.068
0.060
0.068
0.068
0.068
0.068
0.068
0.068
0.068
0.068
0.068
0.068
0.068
0.068
0.068
0.068
0.068
0.068
0.068
0.067
0.068
0.068
0.068
0.068
0.068
0.068
0.068
0.068
0.068
0.068
0.068
0.063
0.068
0.068
0.068
0.068
0.068
0.068
0.068
0.068
0.068
0.068
0.068
0.068
0.068
0.068
0.068
0.068
0.068
0.068
0.065
0.068
0.068
0.068
0.068
0.068
0.068
0.068
0.063
0.068
0.068
0.068
0.068
0.068
0.068
0.068
0.068
0.068
0.068
0.068
0.068
0.068
0.068
0.068
0.067
-2.258
0.068
0.068
0.068
0.068
0.068
0.068
0.065
0.068
0.068
0.068
0.068
0.068
0.068
0.068
0.068
0.068
0.068
0.065
0.065
0.068
0.068
0.063
0.068
0.068
0.068
0.068
0.068
0.068
0.068
-1.674
0.068
0.066
0.068
0.068
0.068
0.068
0.068
0.068
0.068
0.068
0.068
0.068
0.068
0.068
0.068
0.068
0.068
0.068
0.068
0.068
0.068
0.068
0.068
0.067
0.068
0.068
0.068
0.068
0.068
0.068
0.067
0.067
0.068
0.068
0.068
0.068
0.068
0.068
0.068
0.068
0.068
0.068
0.066
0.068
0.068
0.068
0.068
0.068
0.068
0.068
0.068
0.068
0.068
0.068
0.068
0.068
0.068
0.066
0.068
0.068
0.068
0.068
0.068
0.068
0.068
0.068
0.068
0.062
0.062
0.062
0.062
0.062
0.062
0.062
0.062
0.062
0.062
0.062
0.062
0.062
0.062
0.062
0.062
0.062
0.062
0.062
0.062
0.062
0.062
0.062
0.062
0.062
0.062
0.062
0.062
0.062
0.059
0.059
0.062
0.062
0.062
0.062
0.062
0.068
0.068
0.065
0.064
0.068
-1.685
0.068
0.068
0.068
0.066
0.060
0.062
0.068
0.068
0.068
0.068
0.068
0.068
0.068
0.068
0.063
0.053
0.068
0.063
0.063
0.068
0.068
0.068
0.068
0.068
0.068
0.068
0.068
0.068
0.068
0.068
0.068
0.068
0.057
0.068
0.068
0.068
0.068
0.068
0.068
0.068
0.068
0.068
0.068
0.068
0.068
0.068
0.068
0.056
0.068
0.068
0.068
0.068
0.068
0.053
0.068
0.068
0.068
0.068
0.068
0.068
0.068
0.067
0.059
0.065
0.068
0.063
0.068
0.068
0.068
0.068
0.068
0.068
0.068
0.068
0.068
0.068
0.068
0.068
0.068
0.068
0.061
0.068
0.068
0.063
0.068
0.068
0.065
0.068
0.068
0.060
0.068
0.068
0.068
0.068
0.068
0.068
0.068
0.068
0.056
0.068
0.068
0.063
0.067
0.068
0.067
