fixedStep chrom=ENSGT00730000111214 start=1 step=1
-1.489
-1.483
-1.491
0.068
0.060
-0.906
0.068
0.068
0.066
0.068
0.068
0.068
0.068
0.068
0.068
0.068
0.068
0.066
0.066
0.068
0.068
0.068
0.068
0.068
0.068
0.068
0.068
0.068
0.068
0.067
0.068
0.068
0.068
0.068
0.068
0.068
0.068
0.068
0.068
0.068
0.068
0.068
0.068
0.068
0.068
0.068
0.068
0.068
0.068
0.068
0.068
0.068
0.068
0.065
0.068
0.068
0.068
0.068
0.068
0.066
0.068
0.068
0.068
0.068
0.068
0.068
0.068
0.068
0.062
0.068
0.068
0.067
0.068
0.068
-0.913
0.068
0.068
0.068
0.066
0.068
0.068
0.066
0.068
0.068
0.068
0.068
-1.245
0.068
0.068
0.068
-2.226
0.068
0.068
0.068
0.068
0.068
0.068
0.068
0.068
0.068
0.068
0.068
0.068
0.068
0.068
0.068
0.068
0.068
0.068
0.068
0.061
0.068
0.068
0.068
0.066
0.068
0.066
0.068
0.068
0.068
0.068
0.068
0.068
0.068
0.068
0.068
0.068
0.068
0.068
0.068
0.068
0.068
0.068
0.068
0.058
0.068
0.068
0.068
-2.316
-1.842
-2.378
-2.792
-2.316
-1.840
-1.840
-1.828
-1.828
0.068
0.068
0.067
0.068
0.068
0.062
0.068
0.068
0.068
0.068
0.068
0.066
0.068
0.068
0.062
0.068
0.068
0.062
0.068
0.068
0.068
0.068
0.068
0.061
0.068
0.066
0.062
0.068
0.066
0.061
0.068
0.068
0.068
0.068
0.068
0.068
0.055
0.068
0.062
0.068
0.068
0.065
0.068
0.068
0.068
0.068
0.068
0.068
0.068
0.068
0.068
0.068
0.068
0.068
0.062
0.068
0.067
0.068
0.068
0.066
0.068
0.068
0.068
0.068
0.068
0.057
0.068
0.068
0.068
