fixedStep chrom=ENSGT00390000018547 start=1 step=1
0.000
0.000
0.000
0.000
0.000
0.000
0.000
0.000
0.000
0.000
0.000
0.000
0.000
0.000
0.000
0.000
0.000
0.000
0.000
0.000
0.000
0.000
0.000
0.000
0.000
0.000
0.000
0.049
0.049
0.049
0.049
0.049
0.049
0.049
0.049
0.048
0.049
0.049
0.049
0.049
0.049
0.049
0.049
0.049
0.048
0.049
0.049
0.049
0.049
0.049
0.049
0.049
0.049
0.049
0.049
0.049
0.049
0.049
0.049
0.049
0.049
0.049
0.049
0.049
0.049
0.049
0.049
0.049
0.048
0.049
0.049
0.049
0.049
0.049
0.049
0.049
0.049
0.049
0.049
0.049
0.049
0.049
0.049
0.049
0.049
0.049
0.049
0.049
0.049
0.049
0.049
0.049
0.049
0.049
0.049
0.049
0.049
0.049
0.049
0.049
0.049
0.037
0.049
0.049
0.047
0.049
0.049
0.049
0.049
0.049
0.049
0.049
0.049
0.049
0.049
0.049
0.049
0.049
0.049
0.042
0.049
0.049
0.045
0.049
0.049
0.049
0.049
0.049
0.049
0.049
0.049
0.047
0.049
0.049
0.047
0.047
0.049
0.049
0.048
0.049
0.049
0.049
0.049
0.049
0.049
0.049
0.049
0.049
0.049
0.037
0.048
0.049
0.042
0.049
0.049
0.049
0.049
0.049
0.049
0.049
0.049
0.049
0.049
0.049
0.049
0.048
0.049
0.049
0.049
0.049
0.048
0.049
0.049
0.049
0.043
0.049
0.049
0.049
0.049
0.049
0.049
0.049
0.049
0.049
0.049
0.049
0.049
0.037
0.047
0.049
0.049
0.049
0.049
0.049
0.049
0.049
0.045
0.049
0.049
0.049
0.049
0.049
0.049
0.049
0.049
0.049
0.047
0.049
0.049
0.047
0.049
0.049
0.049
0.049
0.049
0.046
0.049
0.049
0.047
0.047
0.047
0.047
0.047
0.047
0.047
0.047
0.047
0.047
0.047
0.047
0.044
0.040
0.047
0.047
0.047
0.047
0.044
0.047
0.047
0.047
0.047
0.047
0.047
0.047
0.046
0.045
0.047
0.047
0.047
0.047
0.047
0.047
0.047
0.047
0.044
0.047
0.047
0.047
0.047
0.047
0.047
0.047
0.047
0.047
0.047
0.047
0.047
0.047
0.047
0.034
0.047
0.047
0.047
0.047
0.047
0.047
0.047
0.047
0.040
0.047
0.047
0.036
0.047
0.047
0.047
0.047
0.047
0.047
0.047
0.047
0.046
0.047
0.047
0.047
0.047
0.047
0.046
0.047
0.047
0.047
0.047
0.047
0.047
0.047
0.047
0.047
0.047
0.047
0.047
0.047
0.047
0.047
0.047
0.047
0.047
0.047
0.047
0.046
0.047
0.047
0.047
0.047
0.047
0.046
0.044
0.047
0.036
0.047
0.047
0.047
0.047
0.047
0.047
0.047
0.046
0.045
0.047
0.047
0.045
0.047
0.047
0.047
0.047
0.047
0.044
0.047
0.044
0.044
0.047
0.047
0.047
0.047
0.044
0.047
0.044
0.047
0.047
0.047
0.047
0.047
0.047
0.047
0.047
0.047
0.047
0.047
0.040
0.047
0.045
0.047
0.047
0.047
0.047
0.047
0.047
0.047
0.047
0.040
0.047
0.047
0.047
0.047
0.047
0.047
0.046
0.047
0.047
0.047
0.047
0.044
0.047
0.047
0.047
0.047
0.047
0.047
0.047
0.047
0.047
0.046
0.047
0.044
0.047
0.047
0.044
0.047
0.047
0.047
0.047
0.047
0.047
0.047
0.047
0.047
0.047
0.047
0.047
0.047
0.047
0.045
0.047
0.047
0.047
0.047
0.047
0.047
0.047
0.047
0.047
0.040
0.047
-2.455
0.046
0.047
0.047
0.047
0.049
0.049
0.049
0.049
0.048
0.049
0.049
0.049
0.049
0.049
0.049
0.049
0.049
0.049
0.049
0.049
0.047
0.049
0.049
0.047
0.049
0.049
0.049
0.046
0.049
0.049
0.047
0.049
0.048
0.048
0.049
0.049
0.049
0.049
0.049
0.049
0.049
0.049
0.049
0.049
0.049
0.049
0.049
0.049
0.049
0.049
0.049
0.049
0.047
0.045
0.049
0.049
0.049
0.049
0.045
0.049
0.049
0.049
0.049
0.049
0.049
0.047
-2.325
-1.811
-1.810
0.049
0.049
0.049
0.049
0.049
0.049
0.049
0.049
0.049
0.049
0.049
0.049
0.049
0.049
0.048
0.049
0.049
0.049
0.049
0.049
0.047
0.037
0.037
0.049
0.049
0.049
0.049
0.046
0.049
0.045
0.048
0.049
0.047
0.049
0.049
0.049
0.049
0.049
0.049
0.049
0.049
0.049
0.049
0.049
0.043
0.045
0.049
0.049
0.049
0.049
0.049
0.049
0.049
0.049
0.049
0.049
0.049
0.049
0.049
0.049
0.049
0.049
0.048
0.049
0.049
0.049
0.049
0.049
0.049
0.049
0.049
0.049
0.049
0.049
0.049
0.049
0.049
0.049
0.049
0.049
0.049
0.049
0.047
0.047
0.049
0.049
0.041
0.049
0.049
0.049
0.049
0.049
0.048
0.049
0.049
0.049
0.049
0.049
0.049
0.049
0.049
0.049
0.049
0.049
0.049
0.049
0.049
0.049
0.049
0.046
0.049
0.049
0.049
0.049
0.049
0.049
0.048
0.048
0.049
0.047
0.049
0.049
0.049
0.049
0.049
0.049
0.049
0.049
0.049
0.049
0.049
0.049
0.049
0.049
0.048
0.049
0.049
0.049
0.049
0.049
0.049
0.049
0.049
0.049
0.049
0.049
0.048
0.049
0.049
0.049
0.049
0.049
0.049
0.049
0.049
0.047
0.049
0.049
0.049
0.049
0.049
0.049
0.049
0.049
0.045
0.049
0.049
-3.199
0.049
0.049
0.049
0.049
0.049
0.049
0.049
0.049
0.049
0.049
0.049
0.049
0.049
0.049
0.049
0.049
0.049
0.049
0.049
0.049
0.049
0.049
0.049
0.046
0.049
0.049
0.049
0.049
0.049
0.049
0.049
0.049
0.047
0.046
0.049
0.049
0.049
0.049
0.037
0.049
0.049
0.049
0.049
0.049
0.049
0.049
0.047
0.049
0.049
0.049
0.049
0.049
0.049
0.046
0.049
0.049
0.040
0.049
0.049
0.049
0.049
0.049
0.049
0.049
0.049
0.049
0.049
0.049
0.049
0.049
0.049
0.049
0.049
0.049
0.049
0.049
0.049
-2.077
0.049
0.049
0.049
0.049
0.049
0.046
0.049
0.049
0.049
0.042
0.049
0.049
0.049
0.049
0.049
0.049
0.049
0.049
0.049
0.049
0.049
0.049
0.049
0.049
0.049
0.049
0.049
0.049
0.049
0.049
0.049
0.049
0.046
0.049
0.049
0.049
0.049
0.049
0.049
0.049
0.049
0.040
0.049
0.049
0.049
0.049
0.049
0.049
0.049
0.049
0.049
0.049
0.049
0.049
0.049
0.049
0.049
0.049
0.045
0.049
0.049
0.049
0.049
0.049
0.049
0.049
0.049
0.049
0.048
0.049
0.049
0.049
0.049
0.049
0.049
0.049
0.049
0.047
0.049
0.049
0.049
0.049
0.049
0.049
0.049
0.049
0.047
0.049
0.049
0.049
0.049
0.049
0.049
0.049
0.049
0.049
0.049
0.049
0.049
0.049
0.049
0.048
0.049
0.049
0.049
0.049
0.049
0.049
0.049
0.049
0.049
0.049
0.049
0.049
0.049
0.049
0.049
0.049
0.049
0.048
0.049
0.049
0.049
0.049
0.049
0.049
0.049
0.049
0.049
0.049
0.049
0.047
0.049
0.049
0.049
0.049
0.049
0.049
0.049
0.049
0.049
0.049
0.049
0.049
0.049
0.049
0.049
0.049
0.049
0.049
0.049
0.049
0.049
0.049
0.049
0.049
