fixedStep chrom=ENSGT00390000007797 start=1 step=1
0.071
0.071
0.071
0.071
0.071
0.071
0.071
0.071
0.066
0.071
0.067
0.071
0.071
0.071
0.071
0.071
0.071
0.071
0.071
0.071
0.067
0.071
0.071
0.067
0.071
0.071
0.071
0.071
0.071
0.071
0.071
0.071
0.071
0.071
0.071
0.071
0.071
0.071
0.071
0.071
0.071
0.071
0.071
0.071
0.071
0.071
0.071
0.071
0.071
0.071
0.071
0.071
0.071
0.071
0.071
0.071
0.071
0.071
0.071
0.071
0.071
0.071
0.071
0.071
0.071
0.068
0.071
0.071
0.071
0.071
0.071
0.071
0.071
-0.905
0.071
0.071
0.071
0.071
0.071
0.071
0.064
0.071
0.071
0.065
0.071
0.071
0.071
0.062
0.071
0.071
0.071
0.071
0.071
0.071
0.071
0.071
0.071
0.071
0.071
0.071
0.071
0.065
0.071
0.071
0.067
0.071
0.071
0.071
0.071
0.071
0.071
-0.903
0.071
0.071
0.071
0.070
0.068
0.071
-0.900
0.065
0.071
0.070
0.071
0.065
0.071
0.071
-1.950
-1.670
0.071
0.071
0.071
0.071
0.071
0.071
0.071
0.071
0.071
0.070
0.071
0.071
0.071
0.071
0.071
0.067
0.071
0.071
0.071
0.071
0.071
0.071
0.071
0.071
0.067
0.071
0.071
0.071
0.000
0.000
0.000
0.000
0.000
0.000
0.000
0.000
0.000
0.000
0.000
0.000
0.000
0.000
0.000
0.000
0.000
0.000
0.000
0.000
0.000
0.000
0.000
0.000
0.000
0.000
0.000
0.000
0.000
0.000
0.000
0.000
0.000
0.000
0.000
0.000
0.000
0.000
0.000
0.067
0.071
0.071
0.071
0.071
0.071
0.071
0.070
0.071
0.071
-0.881
0.071
0.067
0.071
0.071
0.071
0.064
0.071
0.071
0.071
-1.666
0.062
0.071
0.052
0.066
0.071
0.071
0.066
0.071
-0.881
0.068
0.071
0.068
-0.980
0.066
0.071
0.071
-0.900
0.071
0.071
0.052
0.055
0.071
0.071
0.071
0.071
0.071
0.071
0.071
0.071
0.071
0.071
0.071
0.071
0.000
0.000
0.000
0.000
0.000
0.000
0.000
0.000
0.000
0.000
0.000
0.000
0.000
0.000
0.000
0.000
0.000
0.000
0.000
0.000
0.000
0.000
0.000
0.000
0.000
0.000
0.000
0.000
0.000
0.000
0.000
0.000
0.000
0.000
0.000
0.000
0.000
0.000
0.000
0.000
0.000
0.000
0.000
0.000
0.000
0.000
0.000
0.000
0.000
0.000
0.000
0.000
0.000
0.000
0.000
0.000
0.000
0.071
0.071
0.071
0.071
0.071
0.071
0.071
0.071
0.071
0.071
0.071
0.069
0.071
0.071
0.071
0.071
0.071
0.067
0.071
0.071
0.071
0.066
0.071
0.066
0.071
0.064
0.068
0.068
0.060
0.066
0.066
0.071
0.070
0.070
0.067
0.066
0.061
0.070
0.071
0.065
0.071
0.071
0.071
0.068
0.071
0.070
0.071
0.071
0.070
0.071
0.071
0.066
0.068
0.066
0.071
0.071
0.071
0.071
0.068
0.052
0.071
0.071
0.060
0.071
-1.670
0.064
0.071
0.071
0.071
0.071
0.052
0.071
0.071
0.071
0.071
0.071
0.071
0.071
0.071
0.071
0.068
0.052
0.071
0.071
0.071
0.052
0.071
0.071
0.071
0.070
0.071
0.071
0.071
0.051
0.071
0.067
0.071
0.071
0.071
0.071
0.071
0.071
0.052
0.071
0.071
0.071
0.071
0.071
0.071
0.071
-0.900
0.071
0.071
-0.881
-0.906
0.071
0.071
0.068
0.071
0.071
0.066
0.071
0.061
0.071
0.071
0.060
0.071
0.071
0.052
0.071
0.071
0.071
0.071
0.071
0.071
0.071
0.071
-1.326
0.071
0.069
0.068
0.071
0.071
0.064
0.068
0.071
0.071
0.066
0.071
0.071
0.071
0.071
0.071
0.071
0.071
0.071
0.071
0.071
-0.903
0.071
0.071
0.065
0.070
0.071
0.071
0.071
0.071
0.071
0.071
0.071
0.071
0.071
0.071
0.071
0.071
0.071
0.071
0.071
0.071
0.067
0.071
0.071
0.071
0.071
0.071
0.068
0.071
0.071
0.067
0.063
0.071
0.067
0.071
0.071
0.071
0.071
0.071
0.071
0.061
0.068
0.068
-0.900
0.071
0.071
0.071
0.071
0.065
0.071
0.071
0.071
0.071
0.071
0.071
0.071
0.071
0.071
0.071
0.071
0.071
0.071
0.071
0.068
0.071
0.071
0.071
0.071
0.071
0.071
0.071
0.071
0.070
0.071
0.067
0.065
0.071
0.071
0.071
0.071
0.066
0.071
0.071
0.071
0.071
0.071
0.071
0.071
0.066
0.066
0.065
0.071
0.071
0.071
0.071
0.071
0.067
0.071
0.067
0.071
0.071
0.071
0.066
0.071
0.071
0.071
0.071
0.071
0.064
-0.900
0.071
0.071
0.071
0.071
0.071
-1.048
-1.048
-1.048
0.071
0.071
0.070
0.071
0.052
0.064
0.071
0.071
0.071
0.071
0.071
0.056
0.065
0.068
0.071
0.067
0.067
0.071
0.071
0.071
0.071
0.071
0.071
0.067
0.071
0.071
0.066
0.071
0.071
0.071
0.071
0.071
-0.881
0.071
0.071
0.071
0.071
0.071
0.067
0.071
0.071
0.071
0.071
0.071
0.066
0.071
0.071
0.071
