fixedStep chrom=ENSGT00730000111287 start=1 step=1
-4.728
-3.633
-5.989
-4.087
-3.646
-4.103
-4.728
-4.728
-4.736
-4.351
-4.374
-2.662
-3.608
-2.662
-3.732
0.081
0.081
0.066
0.081
0.081
0.081
0.081
0.081
0.081
0.081
0.081
0.081
0.064
0.078
0.081
0.081
0.081
0.081
0.081
0.081
0.081
0.081
0.081
0.081
0.081
0.081
0.081
0.081
0.081
0.067
0.081
0.081
0.074
0.081
0.081
0.081
0.081
0.081
0.081
0.081
0.081
0.081
0.081
0.081
0.081
0.081
0.081
0.077
0.081
0.081
0.081
0.081
0.078
0.081
0.081
0.067
0.081
0.081
0.081
0.081
0.081
0.078
0.077
0.081
0.081
0.081
0.078
0.081
0.081
0.081
0.081
0.081
0.081
0.081
0.077
0.081
0.081
0.081
0.081
0.081
0.077
0.081
0.081
0.081
0.081
0.078
0.081
0.080
0.066
0.078
0.064
0.081
-1.960
0.081
0.081
0.078
0.081
0.081
0.081
0.078
0.081
0.077
0.081
0.081
0.081
0.081
0.081
0.076
0.081
0.081
0.081
0.081
0.081
0.081
0.066
0.081
0.081
0.081
0.081
0.081
0.081
0.078
0.081
0.081
0.081
0.081
0.081
0.081
0.081
0.081
0.081
0.081
0.081
0.081
0.081
0.081
0.081
0.081
0.081
0.081
0.078
0.081
0.078
0.081
0.077
0.081
0.081
0.081
0.081
0.081
0.061
0.081
0.074
0.081
0.075
0.081
0.066
0.081
0.074
0.081
0.062
0.067
0.081
0.081
0.081
0.081
0.081
0.078
0.081
0.081
0.081
0.081
0.081
0.081
0.081
0.081
0.081
0.081
0.081
0.081
0.081
0.081
0.074
0.081
0.081
0.078
0.081
0.066
0.081
0.081
0.081
0.081
0.081
0.081
0.081
0.081
0.081
0.081
0.081
0.081
0.081
0.081
0.081
0.081
0.081
0.081
0.081
0.081
0.081
0.081
0.081
0.081
0.081
0.081
0.081
0.081
0.081
0.081
0.081
0.081
0.081
0.081
0.081
0.081
0.081
0.081
0.081
0.081
0.081
0.081
0.078
0.081
0.081
0.078
0.081
0.078
0.081
0.081
0.081
0.081
0.081
0.078
0.081
0.081
0.081
0.081
0.077
0.077
0.062
0.081
0.081
0.062
0.081
0.062
0.062
0.062
0.081
0.078
0.062
0.077
0.062
0.081
0.081
0.062
0.077
0.077
0.062
0.081
0.062
0.081
0.081
0.066
0.073
0.078
0.062
0.061
0.062
0.062
0.081
0.077
0.062
0.062
0.000
0.000
0.000
0.000
0.000
0.000
0.000
0.000
0.000
0.000
0.000
0.000
0.000
0.000
0.000
0.000
0.000
0.000
0.000
0.000
0.000
0.000
0.000
0.000
0.000
0.000
0.000
0.000
0.000
0.000
0.000
0.000
0.000
0.000
0.000
0.000
0.000
0.000
0.000
0.000
0.000
0.000
0.000
0.000
0.000
0.000
0.000
0.000
0.000
0.000
0.000
0.000
0.000
0.000
0.000
0.000
0.000
0.000
0.000
0.000
0.000
0.000
0.000
0.000
0.000
0.000
0.000
0.000
0.000
0.000
0.000
0.000
0.000
0.000
0.000
0.000
0.000
0.000
0.000
0.000
0.000
0.000
0.000
0.000
0.000
0.000
0.000
0.000
0.000
0.000
0.000
0.000
0.000
