fixedStep chrom=ENSGT00410000028530 start=1 step=1
0.075
0.076
0.075
0.075
0.066
0.075
0.075
-1.691
0.075
0.075
0.066
0.066
0.075
0.066
0.066
0.075
0.075
0.075
-0.950
0.075
0.066
0.076
0.075
0.075
0.066
0.075
0.075
0.075
-0.947
0.075
0.075
0.075
0.075
0.075
0.075
0.066
0.066
0.075
0.075
0.075
0.076
0.075
-0.761
-0.762
-0.762
0.075
0.075
0.073
0.075
0.075
0.075
0.075
0.066
0.075
-0.948
0.075
0.075
0.075
0.075
0.075
0.066
0.075
0.075
-0.950
0.075
0.075
0.075
0.075
0.066
0.075
0.075
0.076
0.075
0.075
0.075
-0.950
0.075
0.075
0.075
0.075
0.075
0.066
0.075
0.076
0.076
0.075
0.075
0.075
0.075
0.066
0.075
0.075
0.075
0.076
0.066
0.075
0.075
0.075
0.075
0.075
0.075
0.075
0.076
0.076
0.075
-0.949
0.075
0.075
0.075
0.075
0.075
0.075
0.075
0.075
0.075
0.075
0.075
0.075
0.075
0.075
-0.941
0.075
0.076
0.076
0.075
0.075
0.073
0.075
0.075
0.075
0.075
0.075
-0.762
-0.762
-1.922
0.066
-0.949
0.076
0.075
0.075
0.076
0.066
0.075
0.076
0.075
0.075
0.075
0.076
-0.949
0.073
0.076
0.076
0.075
0.075
0.075
0.075
0.075
0.075
0.075
0.066
0.068
0.075
0.075
-0.949
-0.941
0.075
-2.055
0.075
0.075
0.075
0.075
0.076
0.076
0.072
-2.109
0.075
0.075
0.075
0.075
0.066
0.076
0.075
0.075
0.075
0.066
0.075
-0.762
-0.762
-0.762
0.075
0.076
0.075
0.076
0.076
0.075
0.075
0.066
0.075
0.075
0.075
0.075
0.076
0.075
0.066
-0.761
-0.762
-0.762
0.075
0.075
0.075
0.075
-0.950
0.075
0.066
0.075
0.075
0.075
0.075
0.075
0.075
0.066
0.075
0.075
0.076
0.066
0.076
0.076
0.072
0.075
0.076
0.075
0.076
0.076
0.075
0.075
0.075
0.075
0.075
0.075
0.075
0.075
0.072
0.075
0.075
-0.950
-0.941
0.075
0.075
0.075
-0.762
-0.762
-0.761
-0.762
-0.762
-0.762
-0.762
-0.762
-0.761
0.075
0.075
0.066
-0.949
0.066
0.075
-0.947
0.075
0.076
0.076
0.075
0.075
0.066
0.066
0.076
0.075
0.075
0.075
0.066
0.076
0.075
0.066
0.075
0.075
-0.949
0.076
0.075
-0.950
0.075
0.075
0.066
0.075
0.075
0.075
0.075
0.076
-0.762
-0.762
-0.761
-0.762
-1.826
-0.762
-0.761
-0.761
-0.762
-0.762
-0.762
-0.762
-0.762
-0.762
-0.762
-0.762
-0.762
-0.761
-0.762
-0.762
-0.762
-0.761
-0.762
-0.761
-0.762
-1.248
-0.762
-1.801
-0.950
0.075
0.066
0.076
0.075
0.066
0.075
-0.949
0.066
-0.950
-0.950
0.066
0.073
0.075
0.075
0.073
0.075
0.076
0.075
0.075
-0.762
-0.762
-0.762
0.075
0.076
0.075
0.075
0.066
-1.444
0.066
0.075
0.075
0.075
0.076
0.075
0.075
0.066
0.075
-0.762
-0.762
-0.761
0.075
0.076
0.075
0.075
0.075
0.076
0.075
0.066
0.066
0.075
0.075
0.075
0.076
0.075
0.075
0.075
0.075
-0.950
0.066
0.075
0.076
0.075
0.075
0.073
0.066
0.066
0.075
0.075
-0.949
0.074
0.073
0.075
0.075
0.075
0.073
0.075
0.075
0.076
0.075
0.075
0.075
0.076
0.075
0.076
0.075
0.075
0.075
0.075
0.066
0.066
0.075
0.075
0.075
0.075
-0.947
-0.947
0.075
0.075
0.075
0.075
0.075
0.075
0.075
0.075
0.075
0.075
-0.948
0.068
0.066
-0.762
-0.762
-0.761
0.075
0.071
0.075
0.075
0.075
0.075
0.075
0.075
0.066
0.075
0.075
-1.692
0.075
0.075
0.066
0.071
0.075
0.074
0.000
0.000
0.000
