fixedStep chrom=ENSGT00730000111909 start=1 step=1
-1.025
-1.023
-1.026
-1.025
-1.179
-1.026
-1.026
-1.023
-1.025
-1.156
-1.023
-1.026
-1.023
-1.025
-1.229
-1.025
-1.023
-1.236
-1.025
-1.023
-1.747
-1.229
-1.023
-1.025
-1.023
-1.025
-1.110
0.079
0.079
0.057
0.079
0.079
0.079
0.079
0.079
0.074
-1.471
0.079
0.074
0.079
0.058
0.074
0.057
0.079
0.057
0.057
0.079
0.057
0.074
0.079
0.074
0.079
0.079
0.058
0.074
0.074
0.079
0.079
0.079
0.079
0.079
0.079
0.079
0.079
0.079
0.079
0.079
0.079
0.079
0.079
0.078
0.079
0.079
0.079
0.074
0.079
0.072
-2.973
0.078
0.079
0.079
0.079
0.079
0.072
0.079
0.079
0.079
0.079
-0.799
0.079
0.079
0.079
0.079
-0.799
0.079
-0.781
0.079
0.078
0.079
0.079
0.079
0.079
0.079
0.079
0.074
0.079
0.079
0.079
0.079
0.079
0.079
0.079
0.079
0.079
0.079
0.079
0.079
0.079
0.079
0.072
0.079
-2.003
-0.799
0.079
0.079
0.079
0.079
0.079
0.079
0.079
0.079
0.079
0.077
0.072
0.079
0.079
0.072
0.072
0.079
-0.797
0.079
0.079
0.079
0.079
0.079
0.079
-2.029
0.072
0.079
0.078
0.079
0.079
0.079
0.077
0.077
0.079
0.079
0.079
0.079
0.079
0.079
0.079
0.069
0.079
0.079
0.078
0.079
0.079
0.069
-2.043
0.079
0.079
0.072
0.079
0.079
0.079
0.072
0.079
0.079
0.079
0.079
0.079
0.072
0.076
0.078
0.072
0.079
0.079
0.079
-0.799
-0.799
0.079
