fixedStep chrom=ENSGT00510000047444 start=1 step=1
0.057
0.057
0.057
0.057
0.057
0.057
0.056
0.057
0.049
-1.738
-1.738
-1.730
0.057
0.057
0.055
0.055
-2.011
0.057
0.057
0.057
0.054
0.057
0.057
0.057
0.057
0.057
0.057
0.057
0.057
0.052
0.057
0.057
0.057
0.057
0.057
0.056
0.057
0.057
0.043
0.057
0.057
0.057
0.057
0.057
0.057
0.057
0.055
0.057
0.057
0.057
0.057
0.057
0.057
0.057
0.043
0.052
0.057
0.057
0.057
0.057
0.057
0.057
0.057
0.057
0.057
0.057
0.057
0.057
0.047
0.057
0.057
0.052
0.057
0.057
0.055
0.057
0.057
0.057
0.057
0.057
0.057
0.057
0.057
0.057
0.057
0.051
0.057
0.057
0.052
0.057
0.057
0.057
0.057
0.057
0.052
0.057
0.057
0.057
0.057
0.057
0.057
0.049
0.057
0.057
0.055
0.057
0.057
0.057
-0.620
-0.620
-0.620
0.057
0.057
0.056
0.057
0.057
0.057
0.052
0.057
-2.037
0.054
0.057
0.057
0.054
0.057
0.052
0.056
0.057
0.057
0.057
0.057
0.052
-2.022
0.057
0.057
-1.613
-1.618
-1.617
0.057
0.057
0.057
0.052
-1.095
0.057
0.057
0.057
0.052
0.057
0.057
0.057
0.054
0.057
0.057
0.057
0.057
0.057
0.057
0.057
0.057
0.057
0.057
0.052
0.057
0.057
0.057
0.057
0.057
0.057
0.057
0.057
0.055
0.057
0.057
0.057
0.055
0.057
0.057
0.057
0.057
0.057
0.057
0.057
0.052
0.057
0.057
0.052
0.057
0.057
0.057
0.057
0.057
0.053
0.052
0.057
0.054
0.057
0.057
0.057
0.057
0.057
0.057
0.057
0.051
0.057
0.057
0.057
0.052
0.057
0.057
0.057
0.057
0.057
0.057
-2.082
0.057
-1.100
0.057
0.057
0.054
0.057
0.057
0.057
0.057
0.057
0.057
0.057
0.057
0.057
0.057
0.057
0.057
0.057
0.057
0.057
0.057
0.057
0.057
0.057
0.057
0.057
0.057
0.057
0.057
0.057
0.057
0.057
0.057
0.057
0.057
0.057
0.057
0.052
0.057
0.057
0.050
0.057
0.057
0.057
0.057
0.057
0.057
0.057
0.057
0.057
0.057
0.057
0.057
0.057
0.057
0.057
0.057
0.057
0.057
0.057
0.057
0.057
0.057
0.057
0.052
0.057
0.057
0.057
0.057
0.057
0.053
0.057
0.057
0.057
0.057
0.057
0.057
0.057
0.052
0.056
0.057
0.057
0.057
0.057
0.057
0.057
0.057
0.057
0.057
0.056
0.057
0.056
0.057
0.057
0.057
0.057
0.057
0.057
0.057
0.057
0.057
0.057
0.057
0.057
0.057
0.057
0.057
0.057
0.057
0.057
0.057
0.057
0.057
0.057
0.057
0.056
0.057
0.057
0.057
0.057
0.057
0.056
0.057
0.057
0.057
0.057
0.057
0.057
0.057
0.057
0.057
0.049
0.057
0.057
0.057
0.057
0.057
0.057
0.057
0.056
0.057
0.057
0.057
0.057
0.057
0.057
0.057
0.057
0.054
0.057
0.057
0.057
0.057
0.057
0.043
0.057
0.057
0.057
0.057
0.057
0.057
0.057
0.057
0.057
0.057
0.057
0.057
0.057
0.057
0.056
0.057
0.057
0.049
0.057
0.057
0.057
0.057
0.057
0.057
0.057
0.057
0.052
0.057
0.057
0.055
0.057
0.057
0.057
0.057
0.057
0.055
0.057
0.057
0.057
0.057
0.057
0.057
0.057
0.057
0.057
0.050
0.052
0.057
0.057
0.056
0.057
0.057
0.054
0.054
0.057
0.057
0.048
0.057
0.057
0.057
0.057
0.057
0.055
0.057
0.054
0.057
0.057
0.057
0.057
0.049
0.057
0.057
0.057
0.057
0.057
0.057
0.056
0.049
0.057
0.057
0.056
-1.618
-2.057
-3.486
-1.617
-2.061
-2.050
-2.069
-3.770
-1.612
0.056
0.054
0.057
0.057
0.057
-1.076
0.055
0.057
0.057
0.057
0.057
0.057
0.057
0.057
0.057
0.057
0.057
0.057
0.057
0.057
0.057
0.057
0.057
0.057
0.057
0.057
0.057
0.057
0.057
0.057
0.057
0.057
0.057
0.057
0.057
0.052
0.057
0.057
0.055
0.057
0.057
0.055
0.057
0.057
0.057
0.057
0.057
0.057
0.057
0.057
0.054
0.057
0.057
0.057
0.057
0.057
0.057
0.057
0.057
0.057
0.057
0.057
0.057
0.055
0.057
-1.100
0.057
0.057
0.057
0.057
0.057
0.057
0.057
0.057
0.057
0.057
0.057
0.057
0.057
0.057
0.057
0.057
0.057
0.057
0.054
0.057
0.047
0.057
0.057
0.057
0.057
0.057
0.057
0.057
0.057
0.055
0.057
0.057
-1.083
0.057
0.057
0.057
0.057
0.057
0.055
0.057
0.057
0.057
0.057
0.057
0.056
0.057
0.057
0.057
0.057
0.057
0.057
0.057
0.057
0.057
0.057
0.057
0.057
0.057
0.057
0.057
0.057
0.057
0.057
0.057
0.057
0.056
0.057
0.057
0.057
0.057
0.057
0.054
0.057
0.057
0.057
0.057
0.052
0.057
0.057
0.057
0.057
0.057
0.057
0.053
0.057
0.057
0.057
0.057
0.057
0.057
0.057
0.057
0.057
0.057
-1.075
0.057
0.056
0.057
0.057
0.057
0.057
0.057
0.055
0.057
0.052
0.057
0.057
0.057
0.057
0.057
0.043
0.057
0.057
-2.167
0.057
0.057
0.057
0.057
0.057
0.054
0.057
0.057
0.057
0.057
0.057
0.057
0.057
0.057
0.055
0.057
0.057
0.057
0.057
0.057
0.057
0.057
0.057
0.057
0.057
0.057
0.052
0.057
0.057
0.052
0.057
0.057
0.057
0.057
0.057
-1.100
0.057
0.057
0.057
0.057
0.057
0.057
0.057
0.057
0.057
0.057
0.057
0.057
0.057
0.057
0.057
0.057
0.057
0.052
0.057
0.057
0.052
0.057
0.057
0.049
0.057
0.057
0.057
0.056
0.057
0.057
0.057
0.057
0.052
0.057
0.057
0.057
0.057
0.057
0.055
0.057
0.057
0.057
0.057
0.057
0.057
0.057
0.057
0.055
0.054
0.057
0.052
0.057
0.057
0.057
0.057
0.057
0.057
0.057
0.057
0.057
0.057
0.057
0.057
0.057
0.056
0.054
0.057
0.055
0.057
0.057
0.057
0.053
0.055
0.057
0.043
0.057
0.057
0.052
0.057
0.057
0.057
0.057
0.055
0.054
0.052
0.052
0.057
0.057
0.057
0.054
0.057
0.056
0.052
0.057
0.057
0.057
0.057
0.057
0.057
0.057
0.057
0.057
0.057
0.050
0.057
0.057
0.057
0.057
0.057
0.057
0.051
0.057
0.057
0.057
0.057
0.057
0.057
0.057
0.057
0.057
0.057
0.057
0.056
0.057
0.057
0.057
0.057
0.057
0.057
0.057
0.057
0.057
0.057
0.052
0.057
0.057
0.057
0.057
0.057
0.057
0.057
0.057
0.057
0.054
0.057
0.057
0.057
0.057
0.057
0.057
0.057
0.057
0.052
0.057
0.057
0.057
0.057
0.057
0.057
0.057
0.057
0.057
0.057
0.057
0.049
0.057
0.057
0.054
0.057
0.057
0.057
0.057
0.057
0.057
0.057
0.057
0.057
0.054
0.057
0.057
0.057
0.057
0.057
0.057
0.057
0.057
0.057
0.057
0.057
0.057
0.057
0.057
0.057
0.057
0.057
0.057
0.057
0.057
0.057
0.057
0.052
0.057
0.057
0.057
0.057
0.057
0.057
0.057
0.057
0.054
0.057
0.057
0.057
0.057
0.057
0.057
0.054
0.057
0.057
0.057
0.057
0.057
0.057
0.057
0.057
0.057
0.057
0.055
0.054
0.057
0.057
0.057
0.057
-1.100
0.057
0.057
0.054
0.057
0.057
0.057
0.043
0.057
0.057
0.057
0.057
0.057
0.057
0.057
0.057
0.057
0.057
0.052
0.057
0.057
0.056
0.057
0.057
0.055
0.057
0.057
0.057
0.057
0.057
0.057
0.057
0.057
0.057
0.057
0.057
0.057
0.057
0.057
0.057
0.057
0.057
0.057
0.052
0.057
0.057
0.057
0.057
0.057
0.057
0.043
0.052
0.057
0.057
0.057
0.057
0.057
0.056
0.057
0.057
0.050
0.057
0.057
0.054
0.057
0.057
0.057
0.057
0.057
0.057
0.057
0.057
0.057
0.057
0.057
0.057
0.057
0.057
0.057
0.057
0.057
0.057
0.057
0.057
0.057
0.055
0.057
0.055
0.055
0.057
0.056
0.057
0.057
0.057
0.057
0.057
0.051
0.057
0.057
0.057
0.057
0.057
0.057
0.057
0.052
0.054
0.057
0.057
0.054
0.057
0.055
0.057
0.057
0.057
0.057
0.056
0.057
0.057
0.057
0.057
0.057
0.057
0.057
0.057
0.054
0.057
0.056
0.057
0.057
0.057
0.057
0.057
0.055
0.057
0.057
0.052
0.057
0.057
0.057
0.057
0.057
0.056
0.057
0.057
0.052
0.057
0.057
0.057
0.057
0.057
0.057
0.057
0.057
0.057
0.057
0.057
0.052
0.057
0.057
0.057
0.057
0.057
0.057
0.057
0.057
0.057
0.057
0.057
0.057
0.057
0.057
0.057
0.052
0.057
0.057
0.056
0.057
0.054
0.057
0.057
0.057
0.057
0.057
0.057
0.057
0.057
0.057
0.057
0.057
0.057
0.057
0.057
0.057
0.057
0.057
-1.079
0.057
0.057
0.057
0.057
0.057
0.055
0.056
0.057
-1.075
0.057
0.057
0.057
0.048
0.057
0.057
0.052
0.057
0.054
0.057
0.057
0.052
0.057
0.057
0.057
0.057
0.057
0.057
0.055
0.047
0.052
0.057
0.057
0.052
0.057
0.057
0.057
0.054
0.057
0.054
0.057
0.057
0.057
0.057
0.057
0.057
0.056
0.057
0.043
0.057
0.057
0.057
0.057
-1.986
0.057
0.057
0.057
0.057
0.057
0.057
0.057
0.056
0.057
0.057
0.057
0.057
0.054
0.057
0.057
0.054
-1.094
0.057
0.057
0.056
0.057
0.057
0.057
0.057
0.057
0.052
0.057
-1.103
0.057
0.057
0.052
0.057
0.057
0.057
0.057
0.057
0.057
0.057
0.057
0.057
0.057
0.057
0.057
0.057
0.057
0.051
0.057
0.057
0.057
0.057
0.057
0.052
0.057
0.057
0.057
0.057
0.057
0.057
0.057
0.057
0.054
0.057
0.057
0.055
0.057
0.057
0.057
0.057
0.057
0.057
0.057
0.057
0.057
0.057
0.057
0.057
0.057
0.057
0.057
0.057
0.057
0.057
0.057
0.057
0.055
0.057
0.057
0.057
0.056
0.057
0.055
0.057
0.057
0.057
0.057
0.057
0.057
0.057
0.057
0.057
0.057
0.057
0.055
0.057
0.057
0.057
0.057
0.057
0.057
0.053
0.057
0.057
0.057
0.057
0.057
0.057
0.057
0.052
0.057
0.057
0.057
0.057
0.057
0.056
0.057
0.057
0.057
0.057
0.057
0.057
0.057
0.057
0.057
0.057
0.057
0.057
0.057
0.054
0.057
0.057
0.057
0.052
0.057
0.057
0.057
0.057
0.057
0.046
0.057
0.057
0.057
0.057
0.057
0.057
0.057
0.056
0.057
0.057
0.057
-1.094
0.057
0.050
0.057
0.057
0.057
0.057
0.052
0.057
0.057
0.057
0.057
0.057
0.057
0.057
0.057
0.057
0.057
0.057
0.043
0.057
0.057
0.054
0.052
0.057
0.057
0.054
0.057
0.057
0.057
0.057
0.057
0.054
0.057
0.057
0.057
0.057
0.057
0.057
-1.095
0.043
-1.098
0.057
0.057
0.054
0.057
0.057
0.057
0.054
0.057
0.056
0.057
0.052
0.052
0.052
0.057
0.057
0.057
0.057
0.057
0.057
0.057
0.057
0.057
0.057
0.057
0.057
0.056
0.057
0.057
0.057
0.049
-1.083
0.052
0.057
0.057
0.043
0.054
0.057
0.057
0.043
0.057
0.057
0.057
0.057
-1.079
0.057
0.056
0.057
0.057
0.052
0.057
0.057
0.057
0.057
0.057
0.057
0.057
0.057
0.057
0.057
0.057
0.047
0.057
0.057
0.055
0.050
0.057
0.057
0.057
0.057
0.057
0.057
0.050
-1.083
0.057
0.057
0.057
0.056
0.057
0.057
0.057
-1.083
0.054
0.057
0.057
0.057
0.000
0.000
0.000
