fixedStep chrom=ENSGT00390000008599 start=1 step=1
0.096
0.097
0.096
0.096
0.084
0.096
0.097
0.097
0.096
0.096
0.096
0.096
0.096
0.096
0.097
0.096
0.097
0.096
0.096
0.097
0.096
0.097
0.097
-0.687
0.084
0.097
0.096
0.096
0.096
0.096
0.096
0.096
-0.676
0.078
0.097
0.095
0.096
0.096
0.091
0.096
0.096
0.084
0.092
0.096
0.084
0.096
0.097
0.096
0.096
0.097
0.096
0.097
0.084
0.097
0.096
0.096
0.084
0.096
0.096
0.096
0.096
0.096
0.097
0.096
0.096
-0.687
0.084
0.096
0.096
0.097
0.096
0.097
0.096
0.094
0.096
0.084
-0.687
-0.689
0.096
0.096
-2.013
0.096
0.096
-1.303
0.096
0.092
0.097
0.096
-0.686
0.097
0.096
0.096
0.084
0.084
0.081
0.096
0.096
0.096
0.096
0.096
0.096
-0.686
0.096
-0.687
0.097
0.096
-1.320
0.096
0.096
0.096
0.096
0.084
0.096
0.097
0.096
-0.686
0.084
0.084
0.096
0.097
0.089
0.096
0.097
0.096
0.084
-1.311
0.084
0.096
0.096
-0.518
-0.819
-0.831
-0.518
-0.518
-0.518
-0.518
-0.811
-0.518
-0.687
-0.687
-0.686
0.080
0.096
0.096
0.080
-2.000
-0.686
0.095
0.096
-1.919
0.096
0.096
0.097
-0.676
0.096
0.084
0.096
0.096
0.096
0.096
0.079
0.096
0.096
0.096
0.096
0.096
0.096
0.096
0.096
0.096
0.096
0.096
0.096
-0.686
-1.314
0.096
0.096
0.096
0.096
-0.687
-0.687
-0.686
0.096
-0.689
-0.686
-0.689
-0.518
-0.518
-1.524
-0.518
-0.518
-0.518
0.084
0.084
0.084
0.096
0.096
0.096
0.096
0.096
0.084
-0.689
0.084
0.097
0.096
0.096
0.096
0.084
0.084
0.096
0.096
0.096
0.096
0.096
0.096
0.096
-0.686
0.096
0.096
0.096
0.084
0.095
-0.686
0.084
0.096
0.084
0.096
0.096
0.084
0.092
-0.687
-0.686
0.096
0.080
0.096
0.096
0.096
0.096
0.092
0.096
0.096
0.097
0.096
-0.686
-0.686
0.096
0.096
0.080
0.096
-0.687
0.097
0.092
0.096
0.096
0.084
-0.676
0.096
0.096
-1.649
0.097
0.084
-0.689
0.097
-0.689
0.096
0.096
0.096
0.096
0.096
0.096
0.096
0.096
0.097
0.079
0.097
0.096
-0.676
0.084
0.096
0.096
0.097
0.096
0.084
0.096
0.096
0.096
0.096
0.096
0.096
0.096
0.096
0.084
0.096
0.096
0.097
0.097
0.097
0.079
0.079
0.096
0.084
0.096
0.096
0.096
0.096
0.096
0.096
0.084
0.096
0.096
0.096
0.096
0.096
0.084
0.096
-1.334
0.097
0.096
0.096
-2.054
0.096
0.096
0.096
0.096
0.084
0.084
-0.687
-3.142
0.097
0.084
-1.952
0.079
0.096
0.092
-1.460
0.097
0.096
0.096
0.096
0.096
0.096
0.096
-0.687
0.096
0.096
0.084
0.097
0.084
-1.462
0.097
0.084
0.096
0.084
-0.686
0.084
0.092
0.097
0.092
0.096
0.096
0.096
0.095
0.097
0.096
0.096
-0.686
0.080
0.093
0.097
0.096
0.084
0.096
0.093
0.096
0.096
-0.686
0.096
0.096
0.084
0.097
0.089
-0.687
0.097
0.096
0.096
0.096
0.096
0.096
0.092
0.096
0.097
-0.676
-1.308
-1.334
0.084
0.084
0.096
0.084
0.095
0.075
0.084
0.096
0.096
0.096
0.096
-0.687
0.090
0.094
0.097
0.096
0.096
-1.320
-1.465
0.079
