fixedStep chrom=ENSGT00390000003596 start=1 step=1
0.102
0.103
0.102
0.095
0.103
0.102
0.097
0.079
0.102
0.102
0.102
0.102
0.102
-0.592
0.100
0.102
0.103
0.094
0.095
0.099
0.073
0.094
0.094
0.074
0.102
0.102
0.102
0.069
0.069
0.069
-0.884
-0.884
-0.884
0.073
0.102
-1.195
0.102
0.102
-0.592
-1.777
0.098
-2.306
-0.592
0.098
-1.769
0.083
0.098
0.091
-0.592
0.102
-1.751
-1.133
-0.618
-1.128
-0.713
-3.816
-0.712
-1.157
-0.714
-3.292
0.074
-3.673
-3.925
0.102
0.102
0.102
-1.196
0.102
0.086
0.102
0.089
0.102
0.098
0.094
0.102
0.101
0.103
0.102
0.103
0.102
0.102
0.102
0.102
0.102
0.098
0.075
0.100
0.102
-1.240
0.102
0.079
0.102
0.102
0.094
0.102
0.102
0.088
0.097
0.102
0.102
0.102
0.098
0.102
0.103
0.097
0.102
0.102
0.097
0.097
0.102
0.102
0.102
0.102
0.095
0.095
-0.592
0.079
0.102
0.102
-0.588
-1.222
0.079
0.103
0.102
0.103
0.103
0.102
-1.127
0.084
-0.586
0.102
0.102
0.102
0.102
0.102
0.102
0.102
0.103
0.102
0.102
0.102
0.086
0.102
0.095
-0.592
0.100
0.091
-1.128
0.098
0.097
0.102
0.102
0.102
0.098
0.086
-0.564
0.083
0.102
0.103
0.102
0.102
0.082
0.098
0.098
0.102
0.102
0.102
0.097
0.099
0.102
-1.127
0.103
0.103
0.095
0.079
0.102
0.102
0.092
0.094
0.102
0.102
0.102
0.102
0.096
0.097
0.097
0.093
0.098
0.098
0.097
0.102
0.102
-1.196
0.103
0.102
0.102
0.102
0.102
-0.564
0.102
0.102
0.102
0.102
0.097
0.097
-0.588
-1.241
0.097
0.102
0.095
0.095
0.098
-1.728
0.095
0.097
0.097
0.100
0.102
-0.588
0.095
-0.588
0.098
-1.142
0.097
-0.592
-1.190
0.079
0.076
-0.588
-0.588
-1.146
-0.586
-0.586
-0.592
-0.592
0.086
-3.205
-1.697
-0.588
-1.988
0.000
0.000
0.000
0.000
0.000
0.000
0.000
0.000
0.000
0.000
0.000
0.000
0.000
0.000
0.000
0.000
0.000
0.000
0.000
0.000
0.000
0.000
0.000
0.000
0.000
0.000
0.000
0.000
0.000
0.000
0.000
0.000
0.000
0.000
0.000
0.000
0.102
0.103
0.102
0.102
0.102
0.102
0.083
0.102
0.084
0.102
0.098
0.097
0.102
0.103
0.098
0.102
0.102
0.102
0.102
0.102
0.079
0.102
0.102
-1.247
0.102
0.102
0.102
0.102
0.102
0.102
0.103
0.102
0.098
0.103
0.102
0.102
0.102
0.103
0.102
0.102
0.102
0.103
0.102
0.102
-1.085
0.103
0.102
0.102
0.102
0.102
0.102
0.102
0.102
0.102
0.103
0.102
0.100
0.102
0.103
0.102
0.103
0.102
0.102
0.102
0.103
0.102
0.102
0.102
0.098
0.103
0.102
0.093
0.102
0.102
-2.396
0.095
0.102
0.086
0.098
0.086
0.095
0.102
0.103
0.094
0.102
0.103
0.102
0.102
0.097
0.102
0.102
0.102
0.102
0.103
-0.564
0.102
0.102
0.102
0.102
0.102
0.102
0.100
0.102
0.102
0.097
0.102
0.102
0.087
0.102
0.102
0.102
0.102
0.102
0.102
0.102
0.102
0.102
0.102
0.103
0.102
0.102
0.102
0.098
-0.592
0.102
0.102
0.083
0.103
0.102
0.102
0.102
0.102
0.079
0.102
0.098
0.102
0.102
0.097
0.102
0.103
0.095
0.102
0.102
0.098
0.102
0.102
0.095
0.102
0.102
0.102
0.102
0.102
0.102
0.102
0.103
0.102
0.102
0.102
0.102
0.102
0.102
0.102
0.103
0.103
0.102
0.079
0.103
0.102
0.102
0.098
0.102
0.102
0.103
0.102
0.102
0.102
0.102
0.102
0.103
0.095
0.083
0.096
0.096
0.102
0.103
0.100
0.098
0.099
0.086
0.098
0.102
0.084
0.083
0.092
0.095
0.098
0.076
0.082
0.102
0.095
0.079
0.102
0.098
0.083
