fixedStep chrom=ENSGT00490000044274 start=1 step=1
0.057
0.057
0.057
0.057
0.057
0.057
0.054
0.057
0.051
0.051
0.057
0.057
0.057
0.057
0.057
0.057
0.057
0.057
0.057
0.057
0.057
0.057
0.057
0.057
0.044
0.057
0.057
0.057
0.057
0.057
0.057
0.057
0.051
0.057
0.057
0.057
-1.156
0.057
0.057
0.054
-1.161
0.051
0.057
0.057
0.057
0.057
0.057
0.057
0.054
0.057
0.057
0.057
0.057
0.057
0.057
0.051
0.057
0.057
0.057
-2.475
0.057
0.057
0.057
0.057
0.057
0.057
0.057
0.044
0.057
0.057
0.057
0.046
0.051
0.051
-1.146
0.057
0.054
0.057
0.057
-1.162
0.057
0.057
0.057
0.057
0.057
-1.162
0.057
0.057
0.057
0.054
0.057
0.057
0.057
0.057
0.057
0.057
0.051
0.057
0.057
0.057
0.057
0.057
0.057
0.057
0.051
0.057
0.057
0.053
0.057
0.057
0.057
0.057
0.057
0.057
0.057
0.057
0.057
0.057
0.057
0.057
0.057
0.057
0.057
0.057
0.057
0.050
0.054
-1.145
0.054
0.057
0.057
0.057
0.051
0.057
-1.162
0.057
0.057
0.051
0.057
0.057
0.057
0.057
0.057
0.057
0.057
0.054
0.057
0.057
0.057
0.056
0.057
0.057
0.057
0.051
0.057
0.057
0.057
0.057
0.057
-1.162
0.057
0.057
0.057
0.057
0.054
0.057
0.051
0.057
0.057
0.057
0.057
0.057
0.057
0.057
0.057
0.051
0.057
0.057
0.057
0.057
0.057
0.057
0.057
0.051
0.057
0.057
-1.162
0.057
0.057
0.057
0.057
0.057
0.057
0.057
0.056
0.057
0.057
0.057
0.057
0.054
0.057
0.057
0.057
0.057
0.057
0.057
0.057
0.057
0.040
0.040
0.040
0.040
0.040
0.040
0.040
0.040
0.040
0.040
0.040
0.040
0.040
0.040
0.040
0.040
0.040
0.039
0.040
0.040
0.040
0.040
0.040
0.040
0.040
0.040
0.040
0.040
0.040
0.040
0.040
0.040
0.040
0.040
0.040
0.040
0.040
0.040
0.040
0.040
0.040
0.040
0.040
0.040
0.036
-1.463
0.040
0.040
0.040
0.040
0.040
0.040
0.040
0.040
0.040
0.040
0.057
0.057
0.057
0.057
0.057
0.057
0.057
0.057
0.057
0.057
0.057
0.057
0.057
0.057
0.057
0.057
0.057
0.057
0.056
0.057
0.057
-0.674
-0.674
-0.001
0.057
0.057
0.057
0.047
0.057
0.057
0.057
0.057
0.054
-1.145
-1.161
-1.145
