fixedStep chrom=ENSGT00390000015231 start=1 step=1
-2.245
-2.244
-2.245
-0.004
-0.004
-0.004
-2.245
-2.245
-2.245
-2.245
-2.543
-2.366
-2.245
-2.245
-2.366
-2.536
-2.543
-2.543
-2.541
-2.381
-2.245
-2.366
-2.366
-2.362
-0.599
-1.138
0.102
-0.585
0.088
-0.585
0.102
0.102
0.090
0.097
0.102
0.102
0.102
0.102
-0.596
-0.585
0.102
0.102
-0.599
0.086
0.102
0.102
-0.596
-0.599
0.098
0.090
0.090
0.090
0.090
0.099
-0.585
0.090
0.090
-0.598
0.102
-0.585
0.090
-0.599
0.090
-0.599
0.102
-1.144
-0.599
-0.598
0.102
0.102
0.102
0.102
0.090
-0.585
0.086
0.087
0.102
-0.596
-0.596
-0.596
-0.598
-0.596
0.090
0.090
0.102
0.090
-1.745
0.097
0.102
-0.596
0.090
-0.585
-0.599
-0.598
0.090
0.101
-0.596
-0.599
0.102
-0.936
0.102
0.101
0.102
0.102
0.090
-0.596
-1.176
-0.596
-0.523
-0.524
-0.523
-0.523
-1.275
-0.523
0.102
0.102
-0.585
-0.598
0.097
0.102
-0.827
-0.598
-0.598
-0.585
-0.598
0.099
0.098
-0.936
0.072
0.090
0.102
-0.585
-1.114
0.090
0.102
0.102
0.102
-0.599
-0.596
0.102
0.102
-0.585
-0.598
0.100
-0.585
-0.598
0.102
-0.596
0.102
0.102
0.090
-1.030
-0.599
-1.178
-0.596
-0.585
0.098
0.090
-0.599
-0.523
-0.523
-0.523
-0.523
-0.523
-0.524
-1.291
-0.533
-0.523
-0.529
-0.640
-0.523
-1.259
-0.523
-0.524
-0.527
-0.523
-0.523
-0.523
-1.288
-0.523
-0.524
-0.527
-0.523
-0.523
-0.523
-1.287
0.102
0.102
0.102
0.102
-0.585
0.096
-0.585
-0.585
0.090
0.102
0.102
0.102
0.090
0.102
0.102
0.092
0.094
0.094
0.094
0.081
0.093
0.094
0.093
0.093
0.094
0.094
0.094
-0.703
0.094
0.093
-2.222
0.093
0.094
0.093
0.094
0.094
0.094
0.093
0.094
0.094
0.094
0.093
0.094
0.094
0.089
-0.004
-0.004
-0.004
0.094
0.094
0.094
0.094
0.093
0.089
0.094
0.094
0.094
0.077
0.094
0.083
0.094
0.094
0.093
0.094
0.094
0.093
0.102
0.102
0.102
0.099
0.102
0.102
0.086
0.086
0.098
0.102
0.102
0.102
0.102
0.091
0.102
0.086
0.098
0.102
0.102
0.102
0.098
0.102
0.102
0.086
0.099
0.099
0.098
0.102
0.102
0.102
0.102
0.102
0.102
0.102
0.102
0.102
0.102
0.102
0.088
0.086
0.102
0.091
0.097
0.102
0.102
0.102
0.091
0.102
0.102
0.102
0.102
0.101
0.090
0.102
0.102
0.099
0.102
0.102
0.102
0.102
0.102
0.099
0.081
0.102
0.102
0.102
0.088
0.102
0.102
0.102
0.102
0.102
0.102
0.089
0.102
0.102
0.102
0.102
0.102
0.102
0.102
0.099
0.101
0.102
0.102
0.102
0.102
0.102
0.098
0.102
0.101
0.098
0.102
0.102
0.102
0.102
-1.393
-1.425
-1.387
0.088
0.087
0.102
0.099
0.098
0.089
0.102
0.102
0.102
0.102
0.098
0.095
0.095
0.095
0.082
0.095
0.095
0.095
0.095
0.090
0.095
-1.440
0.091
0.095
0.095
0.095
0.094
0.095
0.095
0.095
-0.969
-0.969
-1.725
-0.969
-0.969
-0.964
0.090
0.095
0.090
0.090
0.095
0.095
0.095
0.091
0.095
0.095
0.095
0.095
0.094
0.094
0.095
0.094
0.095
0.095
0.095
0.095
0.095
0.076
0.095
0.095
0.095
0.076
0.095
0.094
0.102
0.096
0.102
0.102
0.099
0.098
0.102
0.102
0.102
0.102
0.102
0.134
0.134
0.134
0.102
0.102
0.102
0.102
0.102
0.102
0.102
0.102
0.102
0.102
0.102
0.102
0.102
0.102
0.099
0.102
0.102
0.102
0.102
0.102
0.102
0.101
0.102
0.102
0.102
0.102
0.102
0.102
0.102
0.102
0.099
0.102
0.102
0.102
0.099
0.102
0.102
0.102
0.102
0.102
0.102
0.098
0.102
0.102
0.102
0.093
0.102
0.098
0.102
0.102
0.098
0.091
0.102
0.101
0.102
0.102
0.072
0.101
0.090
0.102
0.102
0.102
0.102
0.102
0.102
0.102
0.102
0.090
0.102
0.102
0.102
0.096
-2.404
0.102
0.096
0.102
0.080
0.102
0.102
0.091
0.098
0.102
0.090
0.098
0.102
0.076
0.102
0.102
0.102
0.102
0.102
0.102
0.102
0.102
0.099
0.102
0.087
0.102
-1.758
-0.523
-0.660
-0.523
-0.523
-0.523
-0.524
0.102
0.102
0.102
-0.598
0.088
-0.596
0.099
-0.585
-1.178
0.102
0.097
-0.598
-0.596
0.099
0.090
0.090
-2.534
-1.030
-0.596
-2.072
-0.599
0.090
0.086
0.090
-1.614
-1.614
-2.032
