fixedStep chrom=ENSGT00390000010512 start=1 step=1
0.062
0.062
0.062
0.062
0.062
0.049
0.062
0.062
0.062
0.062
0.062
0.062
0.062
0.062
0.061
0.062
0.062
0.061
0.062
0.062
0.062
0.062
0.062
0.062
0.062
0.062
0.062
0.062
0.062
0.061
0.056
0.062
0.062
-1.031
0.062
0.062
0.062
0.062
0.062
0.062
0.062
0.062
0.062
0.062
0.062
0.062
0.062
0.056
0.062
0.062
0.061
0.062
0.062
0.062
0.062
0.062
0.062
0.062
0.062
0.060
0.062
0.062
0.062
0.062
0.062
0.062
0.062
0.062
0.062
0.062
0.062
0.062
0.062
0.062
0.062
-1.013
0.062
0.062
0.062
0.062
0.056
0.062
0.062
0.060
-1.031
0.062
0.061
0.062
0.062
0.062
0.062
0.062
0.062
0.062
0.062
0.060
0.062
0.062
0.062
0.062
0.062
0.060
0.062
0.062
0.062
0.062
0.062
0.062
0.062
0.062
0.058
0.062
0.062
0.060
0.062
0.062
0.062
0.062
0.062
0.062
0.062
0.062
0.061
0.062
0.056
0.062
0.062
0.062
0.062
0.062
-1.024
0.060
0.062
0.062
0.062
0.062
0.056
0.062
0.062
0.062
0.062
0.062
-1.029
0.062
0.060
0.056
0.062
0.061
0.056
0.062
0.062
0.062
0.062
0.056
-1.031
0.062
0.062
0.062
0.062
0.062
0.062
0.061
0.062
0.062
0.062
0.062
0.062
0.062
0.062
0.062
0.062
0.062
0.062
0.062
0.062
0.062
0.062
0.062
0.062
0.062
0.062
0.062
0.062
0.062
0.062
0.054
0.062
0.062
0.061
0.062
0.062
0.061
0.062
0.056
0.062
0.062
0.060
0.062
0.062
0.062
0.062
0.062
-1.027
0.061
0.062
0.062
0.062
0.062
0.062
0.061
0.062
0.062
0.062
0.062
0.062
0.062
0.062
0.062
0.056
0.062
0.062
0.062
0.062
-1.027
0.062
0.062
0.056
0.061
0.062
0.056
0.062
0.062
0.062
0.062
0.062
0.062
0.062
0.062
0.062
0.062
0.062
0.062
-2.411
0.062
0.062
0.062
0.062
0.062
0.062
0.062
0.062
0.062
0.062
-1.029
0.062
0.062
0.062
0.062
0.062
0.062
0.062
0.062
0.062
0.062
0.055
0.062
0.062
0.062
0.056
0.060
0.062
0.062
0.062
0.062
0.056
0.062
0.062
0.062
0.062
0.062
0.062
0.062
0.062
0.056
0.062
0.062
0.062
0.059
0.056
0.062
0.060
0.062
0.062
0.060
0.056
0.060
0.062
0.062
0.062
0.062
0.062
0.062
0.062
0.062
0.062
0.062
0.062
0.062
0.062
0.062
0.062
0.062
-1.024
0.062
0.061
0.062
0.062
0.060
0.062
0.062
0.062
0.062
0.062
0.062
0.062
0.062
0.062
0.062
0.062
0.062
0.062
0.062
0.056
0.062
0.062
0.062
0.062
0.062
0.056
0.062
0.062
0.060
0.062
0.062
0.062
0.062
0.062
0.062
0.062
-1.031
0.062
0.062
0.062
0.062
0.062
0.056
0.062
0.062
0.062
0.060
0.056
0.062
0.062
0.062
0.062
0.062
0.062
0.062
0.062
0.062
0.062
0.056
0.062
0.060
0.062
0.061
0.062
0.062
0.062
0.061
0.054
0.062
0.062
0.062
-1.031
0.062
0.062
