fixedStep chrom=ENSGT00390000006255 start=1 step=1
0.115
0.115
0.114
0.115
0.115
0.115
0.114
0.115
0.115
0.115
0.115
0.114
0.115
0.115
0.112
0.112
0.115
0.094
0.115
0.115
0.114
0.115
0.115
0.114
0.115
0.115
0.114
0.115
0.114
0.114
0.114
0.114
0.107
0.113
0.115
0.114
0.115
0.115
0.113
0.114
0.114
0.115
0.115
0.115
0.106
0.114
0.115
0.115
0.115
0.114
0.114
0.115
0.114
0.112
0.115
0.115
0.112
0.115
0.115
0.112
0.114
0.115
0.114
0.115
0.113
0.114
0.113
0.114
0.115
0.114
0.115
0.115
0.109
0.113
0.114
0.111
0.115
0.115
0.115
0.115
0.115
0.115
0.115
0.114
0.110
0.101
0.114
0.115
0.115
0.103
0.115
0.115
0.114
0.100
0.111
0.114
0.103
0.114
0.114
0.097
0.115
0.114
0.115
0.115
0.115
0.114
0.114
0.114
0.112
0.112
0.109
0.103
0.115
0.114
0.114
0.102
0.100
-2.717
-1.433
0.086
0.114
-0.901
-0.477
0.101
-0.464
0.102
0.114
0.114
0.102
-0.477
0.115
0.112
0.102
-0.477
0.115
0.115
0.112
0.115
-0.464
0.114
-0.477
-1.442
-0.464
-2.901
0.102
0.115
-0.883
-2.199
-2.749
0.111
-0.853
-0.464
0.102
0.112
-0.464
0.115
0.115
-0.464
-0.478
0.115
-0.477
0.087
0.100
-0.477
0.099
-0.478
-0.478
0.102
0.115
0.114
0.114
0.098
-0.464
-0.477
-0.477
0.102
-0.478
-0.464
-0.477
0.102
-1.333
0.115
-0.477
-0.901
0.115
0.114
0.114
0.115
0.114
0.000
0.000
0.000
0.000
0.000
0.000
0.000
0.000
0.000
0.000
0.000
0.000
0.000
0.000
0.000
0.000
0.000
0.000
0.000
0.000
0.000
0.000
0.000
0.000
0.000
0.000
0.000
0.000
0.000
0.000
0.000
0.000
0.000
0.000
0.000
0.000
0.000
0.000
0.000
0.000
0.000
0.000
0.000
0.000
0.000
0.000
0.000
0.000
-0.877
0.102
0.114
0.115
0.115
0.115
0.115
0.113
0.114
0.000
0.000
0.000
0.000
0.000
0.000
0.000
0.000
0.000
0.000
0.000
0.000
0.000
0.000
0.000
0.000
0.000
0.000
0.000
0.000
0.000
0.000
0.000
0.000
0.000
0.000
0.000
0.000
0.000
0.000
0.000
0.000
0.000
0.000
0.000
0.000
0.000
0.000
0.000
0.000
0.000
0.000
0.000
0.000
0.000
0.000
0.000
0.000
0.000
0.000
0.000
0.000
0.000
0.000
0.000
0.000
0.000
0.000
0.000
0.000
0.000
0.000
0.000
0.000
0.000
0.000
0.000
0.000
0.000
0.000
0.000
0.000
0.000
0.000
0.000
0.000
0.000
0.000
0.000
0.000
0.000
0.000
0.000
0.000
0.000
0.000
0.000
0.000
0.000
0.000
0.000
0.000
0.000
0.000
0.000
0.000
0.000
0.000
0.000
0.000
0.000
0.000
0.000
0.000
0.000
0.000
0.000
0.000
0.000
0.000
0.000
0.000
0.000
0.000
0.000
0.000
0.000
0.000
0.000
0.000
0.000
0.000
0.000
0.000
0.000
0.000
0.000
0.000
0.000
0.000
0.000
0.000
0.000
0.000
0.000
0.000
0.000
0.000
0.000
0.000
0.000
0.000
0.000
0.000
0.000
0.000
0.000
0.000
0.000
0.000
0.000
0.000
0.000
0.000
0.000
0.000
0.000
0.000
0.000
0.000
0.000
0.000
0.000
0.000
0.000
0.000
0.000
0.000
0.000
0.000
0.000
0.000
0.000
0.000
0.000
0.000
0.000
0.000
0.000
0.000
0.000
0.000
0.000
0.000
0.000
0.000
0.000
0.000
0.000
0.000
0.000
0.000
0.000
0.000
0.000
0.000
0.000
0.000
0.000
0.000
0.000
0.000
0.000
0.000
0.000
0.000
0.000
0.000
0.000
0.000
0.000
0.000
0.000
0.000
0.000
0.000
0.000
0.000
0.000
0.000
0.000
0.000
0.000
0.000
0.000
0.000
0.000
0.000
0.000
0.000
0.000
0.000
0.000
0.000
0.000
0.000
0.000
-0.664
-0.608
-0.549
-0.664
-0.934
-0.551
-0.664
-0.645
-0.664
