fixedStep chrom=ENSGT00390000007739 start=1 step=1
0.000
-3.173
-2.642
-3.230
-2.135
-4.431
-3.131
-4.111
-3.230
-4.661
-4.077
-3.943
-3.230
-3.173
-3.228
-4.016
-3.174
-2.137
0.104
0.103
0.094
0.103
0.103
0.099
0.103
0.104
0.103
0.104
0.103
0.099
0.103
0.103
0.103
0.099
0.104
0.103
0.103
0.103
0.104
0.103
0.103
0.103
0.103
0.103
0.103
0.103
0.103
0.097
0.103
0.104
0.101
0.103
0.103
0.100
0.103
0.104
0.103
0.104
0.104
0.100
0.103
0.103
0.103
0.103
0.103
0.103
0.103
0.103
0.103
0.104
0.104
0.103
0.104
0.104
0.103
0.103
0.104
0.099
0.103
0.103
0.103
0.103
0.104
0.103
0.103
0.104
0.103
0.103
0.103
0.099
0.103
0.103
0.091
0.103
0.103
0.101
0.101
0.101
0.103
0.102
0.103
0.103
0.103
0.103
0.102
0.103
0.103
0.102
0.103
0.103
0.103
0.103
0.103
0.103
0.103
0.103
0.098
0.103
0.104
0.103
0.103
0.103
0.103
0.104
0.104
0.103
0.103
0.103
0.103
0.103
0.104
0.099
0.103
0.103
0.103
0.103
0.104
0.103
0.103
0.103
0.099
0.103
0.104
0.103
0.103
0.103
0.084
0.103
0.103
0.103
0.103
0.104
0.102
0.103
0.103
0.103
0.103
0.104
0.103
0.103
0.103
0.103
0.103
0.103
0.104
0.104
0.103
0.099
0.103
0.104
0.101
0.103
0.103
0.099
0.084
0.103
0.084
0.103
0.104
0.099
0.104
0.103
0.101
0.103
0.103
0.098
0.103
0.104
0.103
0.103
0.103
0.098
0.103
0.104
0.103
0.103
0.103
0.104
0.103
0.103
0.096
0.103
0.104
0.103
0.103
0.103
0.103
0.103
0.103
0.081
0.103
0.103
0.084
0.103
0.104
0.099
0.103
0.103
0.103
0.102
0.103
0.101
0.103
0.103
0.103
0.104
0.103
0.101
0.084
0.103
0.103
0.103
0.098
0.102
0.103
0.100
0.102
0.103
0.103
0.099
0.103
0.103
0.101
0.103
0.103
0.103
0.103
0.103
0.103
0.103
0.103
0.099
0.103
0.104
0.079
0.103
0.103
0.099
0.100
0.104
0.095
0.103
0.103
0.103
0.103
0.103
0.103
0.103
0.094
0.099
0.103
0.103
0.099
0.104
0.103
0.103
0.103
0.103
0.103
0.103
0.104
0.103
0.103
0.103
0.103
0.104
0.103
0.103
0.103
0.104
0.103
0.103
0.103
0.103
0.103
0.104
0.103
0.000
0.000
0.000
0.000
0.000
0.000
0.000
0.000
0.000
0.000
0.000
0.000
0.000
0.000
0.000
0.000
0.000
0.000
0.000
0.000
0.000
0.000
0.000
0.000
0.000
0.000
0.000
0.000
0.000
0.000
0.103
-0.563
0.103
0.103
0.103
-2.519
0.103
0.103
-0.562
-0.563
0.094
-0.566
0.103
0.103
0.103
0.094
0.104
0.103
-0.562
-0.563
-1.256
0.104
0.104
0.099
0.094
-0.563
0.090
-0.606
-0.605
-0.678
-0.688
-0.604
-0.606
-0.604
-0.604
-0.604
-0.606
-0.606
-1.156
0.000
0.000
0.000
0.000
0.000
0.000
0.000
0.000
0.000
0.000
0.000
0.000
0.000
0.000
0.000
0.000
0.000
0.000
0.000
0.000
0.000
0.000
0.000
0.000
0.000
0.000
0.000
0.000
0.000
0.000
0.000
0.000
0.000
0.000
0.000
0.000
0.000
0.000
0.000
0.000
0.000
0.000
0.000
0.000
0.000
0.000
0.000
0.000
0.000
0.000
0.000
0.000
0.000
0.000
0.000
0.000
0.000
0.000
0.000
0.000
0.000
0.000
0.000
0.103
-0.562
0.103
0.094
0.094
-0.562
0.103
0.094
0.090
0.100
0.073
-0.566
0.084
0.103
0.084
0.100
0.099
0.078
0.094
0.094
0.094
0.094
0.094
-0.563
0.079
-0.566
0.090
0.082
-0.563
-0.547
-0.566
0.099
0.103
0.103
0.094
-1.071
0.103
0.093
0.075
0.084
0.089
-0.563
-1.057
-1.026
0.094
0.102
0.097
0.103
0.102
-1.048
0.090
-1.071
0.104
0.103
0.083
-2.852
-0.566
-0.566
0.084
0.103
0.100
0.103
-1.945
0.084
0.081
0.094
-1.727
0.093
-0.566
0.000
0.000
0.000
0.000
0.000
0.000
0.000
0.000
0.000
-0.563
0.100
0.103
0.103
0.094
-1.075
0.103
-0.562
-0.566
0.099
0.103
-0.563
-0.562
-0.566
0.103
0.094
0.094
-0.563
-0.563
0.094
0.081
0.103
-1.075
-0.566
-0.563
0.103
0.084
0.094
0.103
-1.070
0.103
0.094
-0.563
-1.592
-0.547
-0.563
0.103
0.103
-2.430
0.000
0.000
0.000
0.000
0.000
0.000
0.000
0.000
0.000
0.000
0.000
0.000
0.000
0.000
0.000
0.000
0.000
0.000
0.000
0.000
0.000
0.100
0.099
-0.563
0.104
0.103
0.103
-0.547
-0.547
0.099
0.099
-0.566
-1.684
0.103
0.104
0.103
0.000
0.000
0.000
