fixedStep chrom=ENSGT00390000017134 start=1 step=1
0.065
0.065
0.065
0.065
0.065
0.058
0.065
0.058
-1.654
0.058
0.058
0.065
0.065
0.065
0.058
0.065
0.065
0.065
0.065
0.065
0.065
0.065
0.065
0.064
-1.039
0.065
0.065
0.065
0.065
0.065
-1.036
0.065
0.065
0.048
0.064
0.065
0.065
0.065
0.065
0.058
0.065
0.065
0.065
0.065
0.064
0.058
0.065
0.065
0.065
0.065
0.065
-1.040
0.058
0.065
0.058
0.065
0.065
0.065
0.065
0.065
0.058
0.065
0.061
0.063
0.058
-1.027
0.058
0.065
-2.563
-0.971
-0.971
-0.971
0.062
0.065
0.065
0.065
0.057
0.065
0.065
0.065
0.065
0.065
0.065
0.064
0.063
0.065
0.065
0.057
0.065
0.065
-1.036
0.065
0.065
-1.040
0.065
0.063
0.063
0.065
-1.802
0.065
0.065
0.065
0.065
0.065
0.065
0.065
0.065
0.065
0.065
0.065
-1.785
0.063
0.065
0.065
0.065
0.065
0.062
0.065
0.065
0.065
0.065
0.065
0.058
0.065
0.065
0.065
0.065
0.065
0.065
0.065
0.065
0.063
0.065
0.065
0.065
0.065
0.065
0.065
0.065
0.065
0.058
0.065
0.065
0.065
0.065
0.065
0.065
0.065
0.065
0.065
0.065
0.065
0.065
0.065
0.065
0.065
0.065
0.065
0.065
0.065
0.065
0.063
0.065
0.061
0.058
0.065
0.065
0.065
0.058
0.065
0.058
0.063
0.065
0.065
0.065
0.065
0.065
0.065
0.065
0.058
0.065
0.065
0.065
0.065
0.065
0.065
0.065
0.065
0.065
0.065
0.065
0.065
0.065
0.065
0.058
0.065
0.065
-1.040
-2.167
0.065
0.065
0.065
0.065
0.058
0.065
0.065
0.065
0.065
0.065
0.065
0.065
0.065
0.065
0.065
0.064
0.058
0.059
0.048
0.065
0.065
0.065
0.065
0.065
-1.040
0.058
0.065
0.065
0.065
0.065
0.065
-1.784
0.065
0.065
0.065
0.065
0.065
0.065
0.065
0.065
0.062
0.065
0.065
0.065
0.065
0.065
0.065
0.065
0.065
0.065
0.065
0.065
0.065
0.065
0.065
0.058
0.065
0.065
0.065
0.065
0.065
0.063
0.065
0.065
0.065
0.065
0.065
0.065
0.065
0.065
0.065
0.065
0.065
0.065
0.065
0.064
0.065
0.065
0.065
0.065
0.065
0.065
0.065
0.065
0.065
-1.040
0.065
0.065
0.065
0.065
0.065
-1.040
0.065
0.065
0.065
0.065
0.065
0.058
0.065
0.065
0.065
0.065
0.065
0.065
0.065
0.065
0.065
0.065
0.065
0.065
0.065
0.065
0.065
0.065
0.065
0.065
0.065
0.065
0.058
0.065
0.065
0.065
0.065
0.065
0.065
0.065
0.065
0.065
0.065
0.065
0.065
0.065
0.065
0.065
0.064
0.065
0.065
0.065
0.065
0.065
0.065
0.065
0.065
0.065
0.065
0.064
-1.040
0.065
0.065
0.065
0.065
0.065
0.065
0.065
0.058
0.065
0.065
-1.040
0.065
0.065
0.065
0.065
0.058
0.065
0.065
0.065
0.063
0.065
0.065
0.065
0.065
0.065
0.058
0.065
0.065
0.058
0.065
0.065
0.065
0.065
0.065
0.065
0.065
0.065
0.058
0.065
0.065
0.058
0.065
0.065
0.063
0.065
0.065
0.065
0.065
0.065
0.065
0.065
0.065
0.065
0.065
0.065
0.058
0.065
0.065
0.065
0.065
0.065
0.065
0.065
0.065
0.058
0.065
0.065
0.065
0.065
0.065
0.065
0.065
0.065
0.065
0.065
0.065
0.065
0.065
0.065
0.065
0.060
0.065
0.065
0.065
0.065
0.065
0.065
0.065
0.065
0.065
0.065
0.058
0.065
0.065
0.065
0.065
0.064
0.065
0.058
0.065
-1.039
0.065
0.065
0.065
0.065
0.065
0.065
0.065
0.065
0.063
0.065
0.065
0.065
0.065
0.065
-1.039
0.065
0.065
0.065
0.065
0.065
0.058
0.065
0.065
0.058
0.065
0.065
0.057
0.063
0.065
0.058
0.058
0.065
-1.039
0.063
0.065
0.065
0.065
0.065
0.056
0.065
0.065
0.065
0.065
0.065
0.053
0.065
0.065
0.065
0.065
0.065
0.065
0.065
0.065
0.058
0.065
0.065
0.058
0.065
0.065
0.065
0.065
0.058
0.065
0.065
0.065
0.065
0.065
0.065
0.065
0.065
0.065
0.065
0.065
0.065
0.058
0.065
0.065
0.065
0.065
0.065
0.059
0.058
0.065
0.065
0.065
0.065
0.058
0.065
0.065
0.065
0.065
0.065
0.063
0.065
0.065
0.065
0.065
0.065
0.065
0.065
0.065
0.065
0.065
0.065
0.065
0.065
0.065
0.058
0.065
0.065
0.052
0.058
0.065
0.065
0.065
0.065
0.065
0.065
0.065
0.058
0.058
0.065
-1.036
0.065
0.058
0.058
0.065
0.065
0.065
0.058
0.065
0.057
0.065
0.065
0.065
0.065
0.065
0.047
0.065
0.065
0.065
0.065
0.065
0.065
0.065
0.065
0.065
0.058
0.065
0.065
-0.971
-0.971
-0.971
-0.971
-0.971
-0.971
-0.971
-0.971
-0.971
-2.023
-0.971
-0.971
-0.971
-1.376
-1.103
-0.971
-0.971
-2.097
-0.971
-0.971
-0.971
-0.971
-0.971
-0.971
-0.971
-0.971
-0.971
0.065
-1.038
0.065
0.058
0.065
0.065
0.065
0.065
0.065
0.065
0.065
0.065
0.065
0.065
0.065
0.065
0.058
-1.040
0.065
-1.040
0.065
0.065
0.065
0.065
0.065
0.065
0.065
0.065
0.065
0.065
0.065
0.058
0.065
0.065
0.065
0.065
-0.441
-0.441
-0.441
0.065
-1.040
0.065
0.058
0.058
0.065
0.065
0.065
0.065
0.065
0.065
0.065
0.065
0.065
0.065
0.065
0.065
0.065
-1.040
0.065
0.065
0.058
-1.795
0.058
0.065
0.058
0.065
0.065
0.065
0.065
0.065
0.058
0.065
0.058
-1.036
0.058
0.065
0.065
0.065
0.065
0.065
0.058
0.065
0.065
0.063
0.065
0.065
0.063
0.065
0.065
0.058
0.065
0.065
0.065
0.065
0.065
0.063
-1.039
0.062
0.065
0.065
0.065
0.065
-1.535
-1.898
-1.535
-1.535
-1.534
-1.526
-2.036
-2.360
-1.535
0.065
0.058
0.058
0.065
0.065
0.058
0.062
0.065
0.065
0.065
0.065
0.065
0.065
0.065
0.063
0.065
0.065
0.065
0.064
0.065
0.065
0.065
-1.038
0.065
0.065
0.058
0.065
0.065
0.065
0.058
0.065
0.065
0.065
0.065
0.058
0.065
0.065
0.065
0.065
0.065
0.058
0.058
-1.028
0.065
0.065
0.065
0.065
0.065
0.065
0.065
-1.040
0.065
0.065
0.065
0.065
0.065
0.065
0.065
0.065
0.065
0.059
0.065
0.065
0.065
0.065
0.065
0.065
0.054
0.061
0.065
-3.343
0.065
0.052
0.065
0.065
0.065
0.065
0.065
0.058
0.065
0.065
0.065
0.065
0.063
0.065
0.065
0.063
0.065
0.065
0.065
0.065
0.065
0.065
0.065
0.065
0.057
0.058
0.065
0.065
0.065
0.065
0.058
0.063
0.065
0.065
0.065
-1.036
0.065
0.065
0.065
0.062
0.064
-1.040
0.065
0.065
0.065
0.065
