fixedStep chrom=ENSGT00390000014556 start=1 step=1
0.123
0.124
0.123
0.092
0.123
0.123
0.123
0.123
0.123
0.123
0.123
0.123
0.123
0.110
0.099
0.122
0.092
0.123
0.119
0.123
0.111
-0.435
0.124
0.111
-0.434
0.123
0.123
0.109
0.123
0.116
0.124
0.124
0.115
0.123
0.124
0.123
0.123
0.123
0.123
0.122
0.123
0.123
0.119
0.123
0.123
0.123
0.112
0.123
0.123
0.123
0.114
0.124
0.118
0.115
0.122
0.111
0.123
0.124
0.123
0.123
0.122
0.114
0.111
0.123
0.123
-0.839
0.123
0.110
-1.399
0.123
0.123
0.119
0.123
0.123
0.122
0.123
0.123
0.111
0.123
0.120
-1.515
0.112
0.124
0.123
0.124
0.123
-0.417
0.123
0.123
0.123
0.123
0.124
0.091
0.123
0.123
0.120
0.122
0.123
0.116
0.123
0.124
0.123
0.123
0.124
0.115
0.123
0.123
0.123
0.124
0.123
0.123
0.123
0.124
0.111
0.123
0.123
0.123
-1.282
0.123
0.123
0.123
0.123
0.122
0.094
0.123
0.123
0.123
0.123
0.123
0.123
0.123
0.123
0.123
0.123
0.123
0.123
0.123
0.115
0.123
0.123
0.115
0.120
0.115
0.092
-1.340
0.115
0.122
0.094
0.123
0.114
0.091
0.111
0.111
-0.435
0.111
-0.853
-0.434
0.123
-0.438
-1.043
-1.043
0.123
-0.434
-0.434
0.114
0.123
0.124
-0.438
-0.856
0.114
0.109
0.123
-1.423
-0.434
0.111
0.099
0.123
0.119
0.114
-1.459
0.111
-0.853
0.090
-3.728
0.094
0.123
0.123
0.115
-0.417
0.000
0.000
0.000
0.000
0.000
0.000
0.000
0.000
0.000
0.000
-3.458
-4.065
-0.448
-0.448
-0.448
-0.448
-0.448
-0.448
0.122
-0.434
0.123
0.111
0.123
0.111
-1.470
0.111
-0.438
0.111
-0.434
0.111
0.111
-1.040
-0.435
0.123
0.123
-0.434
0.123
0.123
0.115
0.116
0.124
0.123
0.091
0.112
0.111
0.123
0.115
-0.559
0.115
0.091
-0.434
-0.896
0.099
0.089
0.123
-0.438
-0.434
-0.474
-0.448
-0.448
-0.448
-0.448
-0.448
0.119
0.110
0.111
-0.434
-1.435
0.114
-0.438
-1.867
0.111
0.120
-2.820
-0.944
0.000
0.000
0.000
0.000
0.000
0.000
0.000
0.000
0.000
-0.438
0.111
-1.040
0.099
0.111
-0.839
-0.839
-0.435
0.111
0.091
0.114
0.123
-0.435
-1.418
0.111
-0.438
0.111
-1.515
0.121
-0.839
-0.853
0.096
-0.438
0.115
-1.062
-0.686
-1.031
-0.910
-0.912
-1.067
0.119
0.110
-1.426
-0.434
0.114
-1.698
0.106
-1.411
0.106
0.110
0.110
-2.286
-1.122
-1.122
0.111
-0.438
-0.434
0.123
-2.081
-0.435
-2.042
0.113
-0.763
-0.435
0.094
-0.852
-0.435
-0.417
0.123
-0.435
-0.435
0.122
0.123
-0.434
0.114
0.122
-1.043
0.124
0.123
0.112
0.111
0.116
0.123
0.123
0.123
0.090
0.124
0.123
-0.438
0.123
0.123
0.123
0.123
0.111
0.123
0.123
0.123
0.119
0.090
0.110
0.123
-0.434
-0.434
0.123
0.122
0.120
0.111
0.092
0.123
0.123
0.123
0.123
-0.434
0.124
0.114
0.114
0.124
0.123
0.115
0.123
-0.839
-0.438
-0.438
0.123
0.111
-0.856
0.123
0.124
0.123
0.123
-2.880
0.114
0.123
0.123
0.114
0.111
0.123
0.123
0.124
0.114
0.090
0.122
0.123
-0.435
0.123
0.120
0.119
0.123
0.123
0.123
0.123
0.124
0.123
0.124
0.123
0.107
0.112
0.000
0.000
0.000
0.000
0.000
0.000
0.000
0.000
0.000
0.000
0.000
0.000
0.000
0.000
0.000
0.000
0.000
0.000
0.000
0.000
0.000
0.000
0.000
0.000
0.000
0.000
0.000
0.000
0.000
0.000
0.000
0.000
0.000
0.000
0.000
0.000
0.097
0.121
0.123
0.120
0.123
0.122
0.123
0.124
0.123
0.123
0.123
0.113
0.123
0.123
0.116
0.123
0.115
0.115
0.121
0.124
0.111
0.123
0.116
0.123
0.115
0.115
0.123
0.123
0.123
0.123
0.124
0.123
0.122
0.091
0.100
-0.923
0.174
0.174
0.174
0.123
0.123
0.123
0.111
0.123
0.119
0.123
0.123
0.123
0.111
0.094
0.123
0.115
0.123
0.111
0.112
-0.417
0.123
0.112
0.123
0.124
0.123
0.123
0.115
0.123
0.112
0.123
0.123
0.123
0.123
0.113
-0.417
0.092
0.123
-0.839
0.123
0.092
0.124
0.123
0.123
0.123
0.124
0.123
0.123
0.123
0.111
-0.923
0.090
-0.417
0.124
0.123
0.123
0.123
0.123
0.123
0.123
-2.742
0.120
0.111
0.116
0.091
0.115
0.123
0.113
0.092
0.124
0.114
0.122
0.123
-0.448
-0.948
-0.448
0.123
0.123
0.123
0.123
0.123
0.123
-1.547
0.115
0.114
0.091
0.120
0.115
0.124
0.124
0.123
-2.735
0.116
0.110
0.123
0.123
0.123
0.123
0.123
-1.043
0.124
0.123
0.123
-0.417
0.123
0.123
0.123
0.099
0.120
0.123
0.123
0.123
0.123
0.114
0.114
-0.852
-0.435
0.116
0.123
0.123
0.120
-1.666
0.121
0.094
-0.944
-0.852
0.124
0.124
0.112
0.111
0.123
0.123
0.123
0.123
0.123
0.123
0.123
0.123
0.123
0.123
0.124
-0.941
0.123
0.123
0.123
0.123
0.099
0.115
0.123
0.124
0.119
0.091
0.124
0.123
0.123
0.123
0.123
0.123
0.123
0.123
0.119
0.123
0.123
0.123
0.111
-1.493
0.123
0.123
0.122
0.123
0.123
0.120
0.123
0.123
0.123
0.111
0.124
0.090
0.123
0.123
0.114
0.123
0.123
-0.852
0.114
0.114
0.113
0.123
0.120
0.114
0.123
0.124
0.123
0.115
0.113
-0.438
0.123
0.123
0.123
0.123
0.123
0.115
0.123
0.123
0.123
0.123
0.123
0.123
0.123
0.124
0.123
0.123
0.124
0.123
0.123
0.123
0.112
0.124
0.123
0.123
0.123
0.123
0.123
0.124
0.123
0.122
0.123
0.124
-0.438
0.123
0.123
0.123
0.112
0.124
0.122
0.124
0.123
0.123
0.123
0.123
0.123
0.114
0.123
-1.040
0.123
0.123
0.123
0.123
0.124
0.114
0.123
0.123
0.090
0.123
0.123
0.123
0.114
0.124
0.123
0.123
0.124
-0.435
0.123
0.123
0.123
0.122
0.124
0.123
0.124
0.123
0.123
0.123
0.114
0.123
0.123
0.123
0.112
0.123
0.123
0.123
0.123
0.123
0.114
0.123
0.124
0.123
0.111
-0.434
0.120
0.123
0.124
0.123
0.123
0.123
0.120
0.123
0.124
0.123
0.123
0.123
0.123
0.123
0.123
0.123
0.123
0.123
0.123
0.123
0.124
0.123
0.111
0.124
0.100
0.123
0.123
0.115
-0.944
-1.650
0.112
0.123
0.123
0.096
0.123
0.124
-0.434
0.123
0.123
0.123
-1.330
0.123
0.112
0.123
0.111
0.111
0.123
0.123
0.123
0.123
0.124
0.123
0.124
0.124
0.123
0.111
0.093
0.110
0.089
0.111
-0.434
-0.434
0.124
-2.128
0.122
0.088
0.123
0.123
0.111
0.116
0.122
0.124
0.123
0.123
0.123
0.119
0.123
0.124
0.123
