fixedStep chrom=ENSGT00390000004706 start=1 step=1
0.000
0.000
0.000
0.000
0.000
0.000
0.000
0.000
0.000
0.000
0.000
0.000
0.000
0.000
0.000
0.000
0.000
0.000
0.000
0.000
0.000
0.000
0.000
0.000
0.000
0.000
0.000
0.000
0.000
0.000
0.000
0.000
0.000
0.000
0.000
0.000
0.000
0.000
0.000
0.000
0.000
0.000
0.000
0.000
0.000
0.000
0.000
0.000
0.000
0.000
0.000
0.000
0.000
0.000
0.000
0.000
0.000
0.000
0.000
0.000
0.000
0.000
0.000
0.000
0.000
0.000
0.000
0.000
0.000
0.000
0.000
0.000
0.000
0.000
0.000
0.000
0.000
0.000
0.000
0.000
0.000
0.000
0.000
0.000
0.000
0.000
0.000
0.000
0.000
0.000
0.000
0.000
0.000
0.000
0.000
0.000
0.100
0.100
0.100
0.098
0.100
0.097
0.100
0.096
0.091
0.097
0.100
0.100
0.097
0.100
0.098
0.096
0.096
0.100
0.100
0.100
0.098
0.097
0.096
0.100
0.092
0.084
0.100
0.100
0.096
0.085
-1.622
0.097
0.100
0.100
0.100
0.098
0.098
0.100
0.100
0.100
0.100
0.100
0.083
0.100
0.100
0.100
0.100
0.100
0.100
0.100
0.100
0.100
0.100
0.079
0.085
0.097
0.100
0.100
0.091
0.098
0.100
0.100
0.096
0.092
0.083
0.100
0.096
0.097
0.096
0.098
0.100
0.086
0.091
0.100
0.089
0.096
0.100
-3.114
0.095
0.100
0.086
0.098
0.100
0.100
0.100
0.083
0.096
0.100
0.100
0.100
0.084
0.100
0.100
0.100
0.100
0.100
0.100
0.100
0.100
0.092
0.100
0.096
0.096
0.100
0.098
0.100
0.079
0.083
0.100
0.100
0.096
0.094
0.100
0.100
0.087
0.100
0.100
0.100
0.100
0.100
0.100
0.100
0.100
0.100
0.100
0.098
0.097
0.099
0.100
0.096
0.100
0.100
0.100
0.100
0.096
0.096
0.097
0.092
0.100
0.100
0.091
0.100
0.100
0.099
0.100
0.100
0.100
0.100
0.100
0.096
0.098
0.100
0.096
0.096
0.100
0.100
0.100
0.100
0.100
0.100
0.100
0.100
0.100
0.100
0.098
0.100
0.100
0.097
0.091
0.100
0.091
0.100
0.092
0.099
0.100
0.098
0.100
0.100
0.100
0.100
0.100
0.100
0.100
0.096
0.095
0.099
0.100
0.100
0.100
0.100
0.085
0.100
0.100
0.100
0.100
0.100
0.100
0.092
0.089
0.100
0.100
0.100
0.100
0.098
0.100
0.100
0.096
0.100
0.100
0.098
0.093
-1.610
0.100
0.100
0.096
0.084
0.084
0.096
0.100
0.100
0.083
0.100
0.100
0.097
0.100
0.100
0.100
0.094
0.083
0.096
0.094
0.084
0.092
0.097
0.095
0.096
0.097
0.100
0.100
0.100
0.099
0.085
0.098
0.100
0.095
0.097
0.100
0.098
0.083
0.100
0.096
0.083
0.083
0.100
0.100
0.100
0.082
-0.000
0.100
0.097
0.081
0.100
0.100
-1.660
0.100
0.091
0.095
0.091
0.097
0.100
0.100
0.100
0.100
0.098
0.100
0.096
0.100
0.100
0.094
0.093
0.100
0.084
0.100
0.100
0.100
0.077
0.096
0.096
0.087
0.083
0.096
0.093
0.093
0.100
0.089
0.087
0.098
0.100
0.100
0.100
0.100
0.100
0.100
0.100
0.100
0.100
0.100
0.100
0.096
0.085
0.095
0.100
0.100
0.100
0.096
0.100
0.100
0.100
0.096
0.093
0.096
0.100
0.100
0.100
0.100
0.092
-2.113
0.091
0.091
0.098
0.100
0.100
0.091
0.100
0.096
0.085
-2.203
-1.019
-1.574
0.100
0.100
0.100
0.099
0.093
0.100
0.100
0.100
0.100
0.100
0.100
0.100
0.100
0.100
0.094
0.100
0.100
0.100
0.097
0.100
0.100
0.100
0.093
0.095
0.100
0.100
0.096
0.092
0.100
0.100
0.100
0.100
0.100
0.100
0.100
0.100
0.100
0.100
0.094
0.100
0.100
0.100
0.095
0.099
0.100
0.100
0.096
0.096
0.100
0.100
0.100
0.100
0.100
0.090
0.096
0.100
0.100
0.100
0.100
0.100
0.100
0.100
0.093
0.100
0.099
0.097
0.100
0.100
0.100
0.100
0.100
0.098
0.100
0.100
0.100
0.098
0.100
0.098
0.100
0.096
0.100
0.100
0.100
0.083
0.082
0.100
0.093
0.087
0.100
0.091
0.100
0.098
0.097
0.100
0.100
0.085
0.100
0.100
0.096
0.098
0.096
0.099
