fixedStep chrom=ENSGT00390000004190 start=1 step=1
0.000
0.000
0.000
0.000
0.000
0.000
0.000
0.000
0.000
0.000
0.000
0.000
0.000
0.000
0.000
0.000
0.000
0.000
0.000
0.000
0.000
0.000
0.000
0.000
0.000
0.000
0.000
0.000
0.000
0.000
0.000
0.000
0.000
0.000
0.000
0.000
0.000
0.000
0.000
0.000
0.000
0.000
0.000
0.000
0.000
0.000
0.000
0.000
0.000
0.000
0.000
0.000
0.000
0.000
0.000
0.000
0.000
0.000
0.000
0.000
0.000
0.000
0.000
0.000
0.000
0.000
0.000
0.000
0.000
0.000
0.000
0.000
0.000
0.000
0.000
0.000
0.000
0.000
0.000
0.000
0.000
0.000
0.000
0.000
0.000
0.000
0.000
0.000
0.000
0.000
0.000
0.000
0.000
0.000
0.000
0.000
0.000
0.000
0.000
0.000
0.000
0.000
0.000
0.000
0.000
0.000
0.000
0.000
0.000
0.000
0.000
0.000
0.000
0.000
0.000
0.000
0.000
0.000
0.000
0.000
0.000
0.000
0.000
0.000
0.000
0.000
0.000
0.000
0.000
0.000
0.000
0.000
0.000
0.000
0.000
0.000
0.000
0.000
0.000
0.000
0.000
0.000
0.000
0.000
0.000
0.000
0.000
0.000
0.000
0.000
0.000
0.000
0.000
0.000
0.000
0.000
0.000
0.000
0.000
0.000
0.000
0.000
0.000
0.000
0.000
0.000
0.000
0.000
0.000
0.000
0.000
0.000
0.000
0.000
0.000
0.000
0.000
0.000
0.000
0.000
0.000
0.000
0.000
0.000
0.000
0.000
0.000
0.000
0.000
0.000
0.000
0.000
0.000
0.000
0.000
0.000
0.000
0.000
0.000
0.000
0.000
0.000
0.000
0.000
0.000
0.000
0.000
0.000
0.000
0.000
0.000
0.000
0.000
0.000
0.000
0.000
0.000
0.000
0.000
0.074
-4.839
0.100
0.108
-4.231
0.101
-5.141
0.088
0.091
-3.783
-2.345
-2.820
0.106
-4.562
-4.993
0.073
-4.959
-2.790
0.080
-2.773
-3.163
0.099
0.100
-2.780
0.105
0.108
0.093
-3.687
-5.474
-3.319
-4.576
-5.239
-1.210
-2.472
-3.068
-3.857
-3.105
-4.471
-1.848
-4.709
0.085
0.095
-0.985
-0.982
-0.982
0.097
0.089
0.097
0.108
0.108
-3.695
-2.356
-4.093
-4.093
-3.106
-2.373
0.000
0.000
0.000
0.000
0.000
0.000
0.000
0.000
0.000
0.000
0.000
0.000
0.000
0.106
0.097
0.108
0.077
0.093
0.105
0.088
0.106
0.089
0.108
0.108
0.108
0.108
0.108
0.108
0.108
0.108
0.108
0.108
0.108
0.108
0.108
0.108
0.108
0.108
0.108
0.108
0.108
0.108
0.108
0.108
0.108
0.096
0.108
0.108
0.108
0.108
0.108
0.108
0.108
0.108
0.108
0.108
0.108
0.106
0.108
0.108
0.108
0.108
0.108
0.108
0.108
0.108
0.108
0.108
0.108
0.108
0.108
0.108
0.105
0.108
0.108
0.108
0.108
0.108
0.108
0.108
0.108
0.108
0.108
0.108
0.108
0.108
0.108
0.106
0.108
0.108
0.108
0.108
0.108
0.100
0.108
0.108
0.108
0.108
0.108
0.108
0.108
0.108
0.108
0.108
0.108
0.105
0.108
0.108
0.108
0.108
0.108
0.108
0.108
0.108
0.108
0.108
0.108
0.108
0.108
0.108
0.096
0.108
0.108
0.108
0.108
0.108
0.108
0.108
0.108
0.108
0.108
0.108
0.108
0.108
0.108
0.108
0.108
0.108
0.086
0.108
0.108
0.106
0.102
0.108
0.100
0.100
0.108
0.108
0.108
0.106
0.106
0.108
0.108
0.106
0.108
0.096
0.108
-1.636
0.108
0.106
0.106
0.108
0.087
0.108
0.108
0.082
0.108
0.108
0.108
0.108
0.108
0.108
0.108
0.108
0.108
-0.534
-0.524
-0.534
-0.920
-1.284
-0.524
0.108
0.096
-2.192
-1.553
0.108
0.096
-1.555
0.093
-1.639
0.108
0.108
0.104
-1.555
0.093
0.075
0.075
0.101
0.075
-1.262
-1.263
-1.377
-1.262
-1.264
-1.277
-0.698
-0.698
-0.698
-0.698
-0.696
-0.698
-0.696
-0.698
-0.698
0.108
0.075
0.108
0.108
0.108
-1.506
0.075
0.075
0.075
0.108
0.075
0.106
0.075
0.075
0.075
0.108
0.108
0.108
0.108
0.075
-0.964
0.108
0.108
-0.939
0.075
0.108
0.101
0.075
0.075
0.075
0.075
0.075
0.075
0.108
0.108
0.101
0.075
0.101
0.075
0.075
0.108
0.075
0.108
0.108
0.106
0.075
0.101
0.075
0.075
0.075
0.101
0.108
0.108
0.074
0.101
0.108
0.108
0.075
0.075
0.108
0.075
0.101
0.105
0.108
0.108
0.108
0.101
0.108
0.101
0.075
0.075
0.105
0.108
0.108
0.108
0.075
0.075
0.108
0.108
0.101
0.075
0.108
0.101
0.098
0.101
0.101
0.075
0.105
0.108
0.075
-0.698
-0.698
-0.698
0.108
0.101
0.075
0.075
0.108
0.075
0.075
0.075
0.108
0.108
0.108
0.092
0.075
0.108
0.099
0.075
0.108
-0.912
0.108
0.075
0.108
0.101
0.075
0.101
0.101
0.101
0.098
0.101
0.108
0.099
-1.040
0.075
-2.227
0.108
0.075
-2.328
0.105
0.098
-1.604
0.075
0.075
-1.548
0.075
0.108
0.108
0.075
0.108
-0.899
0.101
0.075
0.108
0.075
0.101
0.106
0.075
0.108
-0.994
0.075
-0.937
0.075
0.101
0.075
0.075
0.075
0.075
-0.937
0.108
0.101
0.099
0.108
0.108
0.108
0.108
0.108
0.108
0.108
0.108
0.105
0.108
0.108
0.103
0.108
0.108
0.103
0.108
0.108
0.094
0.108
0.108
0.075
0.108
0.108
0.108
0.108
0.108
0.105
0.108
0.108
0.108
0.108
0.108
0.108
0.108
0.108
0.108
0.108
0.108
0.108
0.108
0.108
0.108
0.108
0.108
0.099
0.108
0.108
0.108
0.108
0.108
0.101
0.108
0.108
0.108
0.108
0.108
0.099
0.108
0.105
0.108
0.108
0.108
0.108
0.108
0.108
0.108
0.108
0.108
0.108
0.108
0.108
0.108
0.108
0.108
0.108
0.108
0.108
0.108
0.108
0.108
0.108
0.108
0.108
0.108
0.108
0.108
0.108
0.108
0.108
0.103
0.108
0.108
0.108
0.108
0.108
0.108
0.108
0.108
0.108
0.108
0.108
0.108
0.108
0.108
0.108
0.108
0.108
0.108
0.108
0.108
0.108
0.108
0.108
0.106
0.108
0.108
0.108
0.108
0.108
0.108
0.108
0.108
0.107
0.108
0.108
0.107
0.108
0.108
0.101
0.108
0.108
0.108
0.108
0.108
0.108
0.108
0.108
0.108
0.108
0.108
0.108
0.108
0.108
0.099
0.108
0.108
0.101
0.108
0.108
0.108
0.108
0.108
0.105
0.108
0.108
0.108
0.108
0.108
0.108
0.108
0.108
0.107
0.108
0.108
0.106
0.108
0.108
0.108
0.108
0.108
0.106
0.108
0.108
0.108
0.108
0.108
0.108
0.108
0.105
0.108
0.108
0.108
0.105
0.108
0.108
0.106
0.108
0.108
0.098
0.108
0.108
0.108
0.108
0.108
0.108
0.108
0.108
0.106
0.108
0.108
0.108
0.108
0.108
0.108
0.108
0.108
0.108
0.108
0.108
0.108
0.108
0.108
0.108
0.108
0.108
0.099
0.108
0.108
0.108
0.108
0.108
0.103
0.108
0.108
0.098
0.108
0.108
0.108
0.108
0.108
0.108
0.108
0.108
0.108
0.108
0.108
0.097
0.108
0.108
0.108
0.108
0.108
0.108
0.108
0.108
0.105
0.108
0.108
0.108
0.108
0.108
0.101
0.107
0.101
0.108
0.108
0.075
-0.944
0.075
0.075
0.075
0.108
0.075
0.101
0.075
0.075
0.075
0.101
0.075
0.081
0.108
0.101
0.075
0.075
0.075
0.075
0.075
0.075
0.108
0.075
0.108
-0.952
0.101
0.075
0.075
0.108
0.108
0.101
0.101
0.075
0.075
0.101
0.101
0.075
0.075
0.075
-0.952
0.108
0.108
0.108
0.108
0.106
0.108
0.075
0.075
0.075
-0.705
-0.703
-0.706
-0.706
-0.705
-0.706
-0.703
-0.703
-0.737
-0.706
-0.703
-0.786
0.108
0.075
0.101
0.075
0.075
0.108
0.075
0.075
0.075
0.101
0.075
-1.675
0.108
0.108
-2.402
0.108
0.101
0.101
0.108
0.108
0.108
0.075
0.075
0.075
-0.706
-0.706
-1.173
0.108
0.075
-0.944
0.108
0.108
0.097
0.075
0.101
0.075
0.075
0.108
0.075
0.075
0.075
-1.555
0.108
0.108
0.075
0.101
0.075
-0.947
0.075
0.075
0.096
0.108
0.101
0.075
0.075
0.108
0.108
0.108
0.075
0.101
0.108
0.108
0.098
0.101
0.075
0.108
0.075
0.075
0.074
0.075
0.075
0.108
0.108
0.108
0.108
0.101
0.108
0.075
0.108
0.075
0.075
0.075
0.108
0.098
0.075
0.075
-1.037
0.101
0.101
0.108
0.075
0.101
0.108
0.108
0.108
0.108
0.075
0.075
0.075
0.075
0.108
0.075
0.075
0.101
0.081
0.108
0.101
0.075
0.075
0.108
0.075
0.075
0.101
0.101
0.101
0.075
0.106
0.075
0.075
0.073
0.075
-1.559
0.108
0.108
0.108
0.108
0.108
0.108
0.108
0.108
0.108
0.108
0.108
0.108
0.105
0.108
0.108
0.108
0.108
0.108
0.089
0.108
0.108
0.105
0.108
0.108
0.105
0.108
0.108
0.108
0.108
0.108
0.106
0.108
0.108
0.100
0.108
0.108
0.108
0.108
0.108
0.108
0.108
0.108
0.108
0.108
0.108
0.105
0.108
0.108
0.095
0.105
0.108
0.108
0.108
0.108
0.108
0.108
0.108
0.108
0.108
0.108
0.108
0.108
0.108
0.103
0.108
0.108
0.108
0.108
0.108
0.096
0.108
0.108
0.108
0.108
0.108
0.108
0.108
0.108
0.108
0.108
0.108
0.096
0.108
0.108
0.099
0.108
0.108
0.108
0.108
0.108
0.108
0.108
0.108
0.108
0.108
0.108
0.105
0.108
0.108
0.101
0.108
0.108
0.108
0.108
0.108
0.108
0.108
0.108
0.108
0.108
0.108
0.108
0.108
0.108
-1.555
0.108
0.108
0.106
0.108
0.108
0.105
0.108
0.108
0.108
0.108
0.108
0.096
0.108
0.108
0.108
0.108
0.108
0.105
0.108
0.108
0.108
0.108
0.108
0.103
0.108
0.108
0.108
0.108
0.108
0.108
0.108
0.108
0.106
0.108
0.108
0.108
0.108
0.108
0.108
0.108
0.108
0.105
0.108
0.108
0.101
0.108
0.108
0.108
0.108
0.108
0.096
0.108
0.108
0.108
0.108
0.108
0.108
0.108
0.108
0.108
0.108
0.108
0.106
0.108
0.108
0.096
-1.140
-1.141
-1.141
0.108
0.108
0.108
0.108
0.108
0.108
0.108
0.108
0.096
0.108
0.108
0.106
0.108
0.108
0.108
0.108
0.108
0.108
0.108
0.108
0.108
0.108
0.108
0.101
0.108
0.108
0.108
0.108
0.108
0.085
0.108
0.108
0.108
0.101
0.108
0.108
0.108
0.108
0.079
0.108
0.108
0.108
0.108
0.108
0.088
0.108
0.108
0.108
0.108
0.108
0.108
0.108
0.108
0.108
0.108
0.108
0.108
0.108
0.108
0.108
0.107
0.108
0.099
0.108
0.108
0.108
0.108
0.108
0.108
0.108
0.108
0.105
0.108
0.108
0.106
0.108
0.108
-0.937
0.108
0.108
0.105
0.108
0.108
0.108
0.108
0.108
0.108
0.108
0.108
0.108
0.108
0.108
0.108
0.108
0.108
0.108
0.108
0.108
0.108
0.108
0.108
0.108
0.108
0.108
0.108
0.108
0.108
0.105
0.108
0.108
0.108
0.108
0.108
0.107
0.108
0.108
0.108
0.108
0.108
0.105
0.108
0.108
0.108
0.108
0.108
0.108
0.108
0.108
0.108
0.108
0.108
0.108
0.106
0.108
0.105
0.108
0.108
0.108
0.108
0.108
0.108
0.108
0.108
0.108
0.108
0.108
0.108
0.108
0.108
0.108
0.108
0.108
0.090
0.108
0.108
0.108
0.108
0.108
0.108
0.108
0.108
0.108
0.108
0.108
0.108
0.108
0.108
0.108
0.108
0.108
0.108
0.108
0.108
0.108
0.108
0.108
0.108
