fixedStep chrom=ENSGT00390000010483 start=1 step=1
0.000
0.000
0.000
0.000
0.000
0.000
0.000
0.000
0.000
-0.051
-0.050
-0.051
-0.050
-0.050
-0.050
-0.051
-0.051
-0.050
-0.051
-0.050
-0.051
-0.051
-0.051
-0.051
-0.051
-0.051
-0.051
-0.051
-0.051
-0.051
-0.051
-0.050
-0.079
0.129
0.130
0.129
0.107
0.129
0.123
0.123
0.107
0.129
0.129
0.130
0.127
0.129
0.117
0.110
0.126
-1.234
0.095
0.126
0.129
0.126
0.117
0.130
0.117
0.129
0.130
0.129
0.121
0.126
0.108
0.129
0.129
0.129
0.109
0.126
0.123
0.117
0.130
0.112
0.117
0.130
0.129
0.129
0.130
0.113
-1.930
0.117
0.129
0.099
0.117
0.124
0.123
0.130
0.128
0.129
0.130
0.104
0.127
0.130
0.129
0.105
0.129
0.130
0.129
0.130
0.130
0.130
0.100
0.129
-1.360
0.130
0.129
0.129
0.129
0.129
0.120
0.130
0.129
0.091
0.109
0.127
0.129
0.129
-2.326
0.129
0.129
0.123
0.129
0.130
0.127
0.129
0.129
0.124
0.096
-1.227
0.124
0.104
0.104
0.093
0.129
0.118
0.123
0.129
0.129
-1.807
0.121
0.104
0.104
-1.524
-1.520
-2.700
-1.513
-1.187
-1.277
-1.049
-1.774
-1.174
-1.843
-2.020
-1.501
-1.049
-1.798
-1.046
-1.520
-1.520
-1.520
0.124
0.124
0.130
-1.211
0.129
0.093
0.129
0.129
0.122
0.097
0.117
0.129
0.129
0.104
0.129
0.129
0.121
0.126
0.104
0.123
0.129
0.130
0.094
-1.330
0.130
0.116
-2.331
0.116
0.124
0.129
0.129
0.125
0.129
0.129
0.129
0.124
-0.739
-1.067
-0.675
-1.064
-0.739
-0.675
-0.675
-0.675
-0.675
-0.881
-0.674
-0.739
-0.940
-0.675
-0.675
-0.674
-1.506
-0.719
0.120
0.129
0.119
0.123
0.100
-1.216
0.104
0.104
0.104
0.124
0.129
0.124
0.130
0.117
0.128
0.129
0.129
-1.909
-1.976
0.124
0.100
0.129
0.130
-2.793
0.129
0.129
0.129
0.130
0.129
0.129
0.122
0.129
0.123
0.123
0.100
-1.208
0.129
0.096
0.122
0.130
0.128
0.124
0.100
0.129
0.129
0.124
0.130
0.129
0.120
0.128
0.129
-0.646
-0.645
-1.013
0.124
0.124
0.130
0.130
0.105
0.117
0.129
0.129
0.117
0.093
0.129
0.129
0.129
0.130
0.129
0.129
0.129
0.129
0.129
0.129
0.100
0.130
0.129
0.129
0.130
0.123
0.117
0.130
0.129
0.128
0.129
0.129
0.123
0.115
0.130
0.129
0.104
0.129
0.130
0.129
0.129
0.128
0.129
0.129
-1.790
0.129
0.130
0.129
