fixedStep chrom=ENSGT00390000001559 start=1 step=1
0.045
0.045
0.045
0.045
0.045
0.045
0.045
0.045
0.045
0.045
0.045
0.045
0.045
0.045
0.045
0.045
0.045
0.045
0.045
0.045
0.045
0.045
0.045
0.045
0.045
0.045
0.044
0.045
0.045
0.045
0.045
0.045
0.045
0.045
0.045
0.045
0.045
0.045
0.045
0.045
0.045
0.045
0.045
0.045
-1.330
0.045
0.045
0.045
0.045
0.045
0.044
0.045
0.045
0.045
0.045
0.045
0.045
0.045
0.045
0.045
0.045
0.045
0.045
0.045
0.045
0.045
0.045
0.045
0.045
0.045
0.045
0.045
0.045
0.045
0.041
0.045
0.045
0.045
0.045
0.045
0.045
0.045
0.045
0.045
0.045
0.045
0.045
0.045
0.045
0.045
0.045
0.045
0.045
0.045
0.045
0.045
0.045
0.045
0.045
0.045
0.045
0.045
0.045
0.045
0.045
0.045
0.045
0.045
0.045
0.045
0.045
0.045
0.045
0.045
0.045
0.045
0.045
0.045
0.045
0.045
0.045
0.045
0.045
0.045
0.045
0.045
0.045
0.045
0.045
0.045
0.045
0.045
0.045
0.045
0.045
0.045
0.045
0.045
0.045
0.045
0.045
0.045
0.045
0.045
0.045
0.045
0.045
0.045
0.045
0.045
0.045
0.045
0.040
0.045
0.045
0.044
0.045
0.045
0.045
0.045
0.045
0.045
0.045
0.045
0.045
0.041
0.045
0.045
0.045
0.045
0.045
0.045
0.045
0.045
0.045
0.045
0.045
0.045
0.045
-2.225
0.041
0.045
-1.305
0.045
0.045
0.045
0.045
0.045
0.045
0.045
0.045
0.041
0.045
0.045
0.045
0.045
0.045
0.045
0.045
0.045
0.038
0.045
0.045
0.044
0.045
0.045
0.041
0.045
0.045
0.041
0.045
0.045
0.045
0.045
0.045
0.045
0.045
0.045
0.041
0.045
0.045
0.045
0.045
0.045
0.045
-1.280
-2.340
-1.280
0.045
0.045
0.045
0.045
0.045
0.040
0.045
0.045
0.045
0.045
0.045
0.045
0.045
0.045
0.045
0.045
0.045
0.044
0.045
0.045
0.041
0.045
0.045
0.044
0.045
0.045
0.045
0.041
0.044
0.041
0.045
0.045
0.045
0.045
0.045
0.042
0.045
0.045
0.045
0.045
0.045
0.041
-1.280
-1.280
-1.280
-1.280
-1.280
-1.280
0.045
0.045
0.045
0.044
0.045
0.045
-1.280
-1.280
-1.280
-1.280
-1.280
-1.280
0.045
0.045
0.045
0.045
0.045
0.045
0.045
0.045
0.045
0.045
0.045
0.045
0.045
0.045
-1.326
0.045
0.045
0.041
0.045
0.045
0.041
0.045
0.045
0.045
0.045
0.045
0.045
0.045
0.045
0.041
0.045
0.045
0.045
0.045
0.045
0.045
0.041
0.045
0.041
-1.017
-1.017
-1.017
-1.018
-1.017
-1.018
-0.540
-0.540
-0.540
-0.540
-0.540
-0.540
0.045
0.045
0.044
-2.490
0.045
0.044
0.045
0.045
0.045
0.045
0.045
0.044
0.045
0.045
0.045
0.045
0.045
0.041
0.045
0.045
0.045
0.045
0.045
0.045
0.045
0.045
0.045
0.045
0.045
0.045
0.045
0.045
0.041
0.045
0.045
0.045
0.045
0.045
0.044
-0.711
-0.711
-0.711
0.045
0.045
0.045
0.045
0.045
0.045
0.045
0.045
-1.305
0.044
0.045
0.045
0.045
0.045
0.045
0.045
0.045
-1.322
0.045
0.045
0.045
0.045
0.045
0.045
0.045
0.045
0.044
0.045
0.045
0.044
0.045
0.045
0.045
0.045
0.045
0.045
0.045
0.045
0.045
0.045
0.045
0.045
0.045
0.045
0.045
0.045
0.045
0.041
0.045
0.045
0.045
0.045
0.045
0.045
0.045
0.045
0.045
0.045
0.045
0.045
0.045
0.045
0.045
0.045
0.045
0.045
0.045
0.045
0.045
0.045
0.045
0.045
0.045
0.045
0.040
0.045
0.045
0.045
0.045
0.045
0.041
0.045
0.045
0.045
0.045
0.045
0.041
0.045
0.045
0.045
0.045
0.045
0.044
0.045
0.045
0.045
0.045
0.045
0.045
0.045
0.045
0.045
0.045
0.045
0.045
0.045
0.045
0.042
0.045
0.045
0.045
0.045
0.045
0.045
0.045
0.045
0.045
0.045
0.045
0.045
0.045
0.045
0.045
0.045
0.045
0.045
0.045
0.045
0.045
0.045
0.045
0.045
0.045
0.045
0.045
0.045
0.045
0.045
0.045
0.045
0.045
0.045
0.045
0.045
0.045
0.045
0.045
0.045
0.045
0.045
0.045
0.045
0.045
0.045
0.045
0.045
0.045
0.045
0.045
0.045
0.045
0.045
0.045
0.045
0.045
0.045
0.045
0.045
0.045
0.045
0.045
0.045
0.045
0.045
0.045
0.045
-1.305
0.045
0.045
0.041
0.041
0.045
0.045
0.045
0.045
0.045
0.045
0.045
0.045
0.045
0.045
0.045
0.045
0.045
0.041
0.045
0.045
0.045
0.045
0.045
0.045
0.045
0.045
0.044
0.045
0.045
0.045
0.045
0.045
0.045
0.045
0.045
0.045
0.045
0.045
0.041
0.045
0.045
0.045
0.045
0.045
-1.292
0.045
0.045
0.044
0.045
0.045
0.045
0.045
0.045
0.045
0.045
0.045
0.045
0.045
0.045
0.045
0.045
0.045
0.041
0.045
0.045
0.045
0.045
0.045
0.041
0.045
0.045
0.045
0.045
0.045
0.045
0.045
0.045
0.045
0.045
0.045
0.045
0.045
-2.296
0.045
0.045
0.045
0.041
0.045
0.045
0.045
0.045
0.045
0.045
0.045
0.045
0.045
0.045
0.045
0.041
0.045
0.045
0.045
0.045
0.045
0.044
0.045
0.045
0.045
0.045
0.045
0.045
0.045
0.045
0.045
0.045
0.045
-1.330
0.045
0.045
0.038
0.045
0.045
0.045
0.045
0.045
0.045
0.045
0.045
0.045
0.045
0.045
-1.313
0.045
0.045
0.045
0.045
0.045
0.045
0.045
0.045
0.041
0.045
0.045
0.044
0.045
0.045
0.045
0.045
0.045
0.045
0.045
0.045
0.045
0.045
0.045
-2.219
0.045
0.045
0.045
0.045
0.045
0.045
0.045
0.045
0.045
0.045
0.045
0.045
0.045
0.045
0.045
0.045
0.045
0.045
0.045
0.045
0.045
0.045
0.045
0.045
0.045
0.045
0.045
0.045
0.045
0.045
0.045
0.045
0.045
0.045
0.045
0.045
0.045
0.045
0.041
0.045
0.045
0.045
0.045
0.045
0.045
0.045
0.045
0.041
0.045
0.045
0.045
0.045
0.045
0.041
0.045
0.045
0.045
0.045
0.045
0.045
0.045
0.045
0.045
0.045
0.045
0.045
0.045
0.045
0.041
0.045
0.045
0.045
0.045
0.045
0.044
0.045
0.045
0.045
0.045
0.045
0.045
0.045
0.045
0.045
0.045
0.045
0.045
0.045
0.045
0.045
0.045
0.045
0.041
0.045
0.045
0.045
0.045
0.045
0.045
0.045
0.045
0.045
0.045
0.045
0.045
0.045
0.045
0.045
0.045
0.045
0.045
0.045
0.045
0.045
0.045
0.045
0.045
