fixedStep chrom=ENSGT00390000005744 start=1 step=1
0.055
0.055
0.055
0.055
0.055
0.055
0.055
0.055
0.052
0.043
0.055
0.055
0.055
0.055
0.055
0.055
0.055
0.055
0.055
0.055
0.055
0.055
0.055
0.055
0.055
0.055
0.051
0.055
0.055
0.055
0.055
0.055
0.055
0.055
0.055
0.055
0.055
0.055
-1.143
0.055
0.055
0.055
0.055
0.051
0.055
0.051
0.055
0.055
0.055
0.055
0.055
0.055
0.055
0.055
0.055
0.055
0.055
0.055
0.055
0.055
-1.214
0.055
0.055
0.055
0.055
-2.211
0.051
0.055
0.055
0.055
0.055
0.055
0.055
0.055
0.055
0.055
0.055
-1.196
0.055
0.051
0.055
0.055
0.055
0.055
0.055
0.050
0.055
-1.228
0.055
0.055
0.055
0.055
0.055
0.055
0.055
0.055
0.055
0.055
0.055
0.055
0.055
0.055
0.055
0.055
0.055
0.055
0.055
0.055
0.055
0.055
0.055
0.055
0.055
0.055
0.055
0.055
0.055
0.050
0.055
0.055
0.055
0.055
0.055
0.055
0.055
0.055
0.055
0.055
0.055
0.055
0.055
0.052
0.050
0.055
0.055
0.055
0.055
0.043
-1.214
0.055
0.055
0.055
0.055
0.051
0.055
0.055
-1.217
0.055
0.055
0.055
0.055
0.055
0.055
0.050
0.055
0.055
0.055
0.055
0.055
0.055
0.055
0.055
0.055
0.055
0.055
0.052
0.055
0.055
0.050
0.055
0.055
0.055
0.055
0.055
0.055
0.055
0.055
0.055
0.055
0.055
0.055
0.055
0.055
0.055
0.055
0.055
0.055
0.055
0.055
-1.214
0.050
0.055
0.055
0.055
0.051
0.055
0.052
0.051
0.051
0.055
0.055
0.055
0.055
0.055
0.055
0.052
0.055
0.055
0.055
0.055
0.055
0.055
0.055
0.055
0.055
0.055
0.051
0.055
0.055
0.051
0.055
0.051
0.055
0.055
0.051
0.050
0.055
0.055
0.055
-2.211
0.055
0.055
0.055
0.055
0.055
0.055
0.055
0.055
0.055
0.055
0.055
0.055
0.055
0.055
0.055
0.051
0.052
0.055
0.055
0.055
0.051
0.055
0.055
0.055
0.055
0.055
0.055
0.055
0.055
0.055
0.052
0.055
0.055
0.055
0.051
0.055
0.055
0.055
0.055
0.055
0.055
0.055
0.055
0.055
0.052
0.055
0.051
0.055
0.055
0.055
0.055
0.055
0.055
0.055
0.055
0.055
0.055
0.055
-1.190
0.055
0.055
0.055
0.055
0.055
0.055
0.042
0.055
0.055
0.055
-2.176
0.051
0.055
0.050
0.055
0.055
0.055
0.055
0.052
0.042
0.051
0.051
0.055
-2.316
0.051
0.055
0.055
0.055
0.055
0.055
0.055
0.055
0.055
0.051
0.055
0.055
-2.176
0.055
0.055
0.055
0.042
0.055
0.055
0.055
0.055
-1.217
0.055
0.055
0.055
0.055
0.055
0.055
0.055
0.050
0.052
-1.225
0.055
0.051
0.055
0.055
0.050
0.055
0.055
0.055
0.055
0.055
0.055
0.055
0.055
0.055
0.055
0.055
0.055
0.055
0.055
0.055
0.055
0.055
0.055
0.055
0.055
0.055
0.055
0.055
0.055
0.055
0.055
0.055
0.055
0.055
0.050
0.055
0.055
0.055
0.055
0.055
0.055
0.055
0.055
0.055
0.055
0.052
0.055
0.055
0.055
0.051
0.055
0.055
0.055
0.055
0.055
0.055
0.050
0.055
0.055
0.055
0.055
0.055
0.055
0.043
0.055
0.055
0.055
0.055
0.055
0.050
0.055
0.055
0.055
0.055
0.055
0.055
0.055
0.055
0.055
0.050
0.055
0.055
0.055
0.050
0.055
0.055
0.050
0.055
0.055
0.055
0.055
0.055
0.055
0.055
0.055
0.055
0.055
0.055
0.051
0.050
0.055
0.055
0.055
0.055
0.051
0.055
0.052
0.055
0.055
0.055
0.055
0.055
-1.217
0.055
0.055
0.055
0.055
0.042
0.055
0.055
0.055
0.055
0.055
0.055
0.055
0.055
0.055
0.055
0.055
0.055
0.055
0.055
0.055
-1.208
0.055
0.055
0.055
0.055
0.055
0.050
0.055
0.055
0.051
0.055
0.055
0.051
0.055
0.055
0.051
0.055
0.055
0.055
0.054
0.055
0.055
0.052
0.055
0.055
0.051
0.055
0.055
0.055
0.055
0.055
0.055
0.055
0.055
0.055
0.055
0.055
0.055
0.055
0.055
0.055
0.050
0.055
0.055
0.055
-1.217
0.050
0.055
0.055
0.055
0.055
0.055
0.055
0.055
0.055
0.055
0.055
0.050
0.050
0.055
0.055
0.055
0.055
0.055
0.051
0.055
0.055
-1.190
0.055
0.055
0.055
0.051
0.055
0.055
0.051
0.051
0.055
0.055
0.055
0.055
0.055
0.055
0.055
0.055
0.050
0.055
0.051
0.054
0.055
0.055
0.055
0.050
0.055
0.055
0.055
0.051
0.055
0.055
0.055
0.055
0.055
0.055
0.055
0.055
0.055
0.055
0.055
0.055
0.055
0.055
0.055
0.055
0.051
0.055
0.055
0.055
0.055
0.055
0.055
0.055
0.051
0.050
0.055
0.055
0.055
0.055
0.055
0.055
-1.223
0.055
0.055
0.055
0.055
0.055
0.055
0.055
0.051
0.055
0.055
0.055
0.055
0.055
-1.214
0.055
0.055
0.055
0.055
0.050
0.055
0.055
0.055
0.055
0.055
0.055
0.055
0.055
0.055
0.050
0.055
0.055
0.055
0.055
0.055
0.055
0.055
0.055
-2.248
0.050
0.055
0.055
0.055
0.055
0.055
0.055
0.055
0.055
0.051
0.055
0.055
0.042
0.052
0.054
0.055
0.055
-2.243
0.055
-1.214
0.051
0.055
0.055
0.055
0.055
0.055
0.052
0.042
0.055
0.055
0.055
0.055
0.055
0.055
0.050
0.055
0.055
0.055
0.055
0.055
0.055
0.055
0.051
0.055
0.051
0.055
0.055
0.052
0.055
0.055
0.055
0.055
0.055
0.055
0.055
-1.196
0.055
0.055
0.051
0.055
0.051
0.055
0.055
0.055
0.055
0.055
0.055
0.051
0.055
0.055
0.055
0.050
-1.190
-1.175
0.055
0.052
0.055
0.055
0.055
0.055
0.055
0.055
0.055
0.055
0.055
0.055
0.055
0.055
0.055
0.055
0.055
0.055
0.055
0.055
0.055
0.055
0.051
0.055
0.055
0.055
0.055
0.055
0.055
0.055
0.055
0.055
0.055
-1.214
0.055
0.055
0.055
0.055
0.055
-1.190
0.055
0.051
0.055
-1.216
0.055
0.055
0.055
0.055
0.055
0.055
0.055
0.055
0.055
0.055
0.055
-1.230
0.050
0.055
0.051
0.055
0.055
-1.216
0.055
0.055
0.055
0.055
0.055
0.055
0.055
0.055
0.055
0.055
0.055
0.051
0.055
0.055
0.055
0.052
0.055
0.055
0.055
-1.175
0.055
0.055
0.055
0.050
0.055
0.055
0.050
0.055
0.051
0.051
0.055
0.050
0.055
-1.196
0.055
0.055
0.055
0.055
0.055
0.055
0.055
0.055
0.055
0.051
0.051
0.055
0.055
0.055
0.055
0.050
0.055
0.051
-1.230
0.055
0.055
0.055
0.055
0.055
-2.360
0.055
0.055
0.055
0.055
0.055
0.052
0.055
0.055
0.055
0.055
0.055
0.055
0.055
0.055
0.055
0.055
0.055
0.055
0.055
0.055
0.055
0.055
0.055
0.055
0.055
0.055
0.055
0.055
0.055
0.055
0.055
0.055
0.055
0.055
0.050
0.055
0.055
0.055
0.055
0.055
0.055
0.055
0.055
0.055
0.055
0.055
0.055
0.050
0.055
0.055
0.055
0.055
0.055
0.055
0.055
0.055
0.055
0.055
0.055
0.055
0.055
0.055
0.055
0.055
0.055
0.055
0.051
0.055
0.055
0.055
0.055
0.055
0.055
0.055
0.055
0.055
0.055
0.055
0.055
0.050
0.055
0.055
0.055
0.051
0.055
0.055
0.055
0.055
0.052
0.055
0.055
0.055
0.055
0.051
0.055
0.055
0.055
0.055
0.055
-1.230
0.055
0.055
0.055
-1.216
0.055
0.042
0.055
-1.199
0.050
0.050
0.055
0.055
0.055
0.055
0.055
0.043
0.051
-1.229
0.055
0.055
0.055
0.055
0.055
0.055
0.055
0.055
0.055
0.055
0.055
0.055
0.055
0.055
0.055
0.055
0.055
0.055
0.055
0.055
0.055
0.050
0.055
-1.214
0.055
0.055
0.055
0.055
0.050
0.055
0.055
0.052
-2.352
0.055
0.055
0.055
0.055
0.054
-2.796
-2.925
-2.954
0.050
0.055
0.055
-2.207
0.055
0.055
-1.199
0.055
0.055
0.055
0.055
0.055
0.055
0.051
0.055
0.055
0.055
0.055
0.055
0.055
0.055
0.055
0.055
0.055
0.055
0.050
0.055
0.050
0.055
0.055
0.055
0.055
0.055
0.055
0.055
0.055
0.052
0.055
0.055
0.055
0.055
0.055
0.055
0.055
0.055
0.055
0.055
0.055
0.055
0.055
0.051
0.051
0.055
0.051
0.055
0.055
0.055
0.050
0.055
0.055
0.055
0.055
0.051
0.055
0.055
0.055
0.055
0.055
0.055
0.055
0.055
0.055
0.055
0.055
0.055
0.055
0.055
0.055
0.055
0.055
0.055
0.055
0.055
0.055
0.055
0.055
0.055
0.055
0.055
0.055
0.050
0.055
0.055
0.055
0.055
0.055
0.051
0.055
0.055
0.055
0.055
0.051
0.055
0.050
0.055
0.055
0.055
0.055
0.055
0.055
0.055
0.055
0.050
0.055
0.055
0.055
0.055
-1.230
0.055
0.055
0.055
0.055
0.055
0.052
0.055
0.055
0.055
0.055
0.055
0.055
0.055
0.055
0.055
0.055
0.055
0.052
0.055
-1.190
0.055
0.055
0.055
0.055
0.055
0.055
0.050
-1.217
0.055
0.055
0.055
0.055
0.055
0.055
0.055
0.052
0.055
-1.214
0.051
0.055
0.055
0.055
-1.223
-1.200
0.055
0.055
-1.175
0.055
0.050
0.055
0.055
0.055
0.055
0.055
0.055
0.051
0.051
0.055
0.055
0.055
0.055
0.055
0.055
0.055
0.051
0.055
0.052
0.055
0.055
0.055
0.055
0.055
0.055
0.055
0.055
0.055
0.055
0.055
-1.228
0.055
0.050
0.055
-2.203
0.052
0.055
0.055
0.055
0.055
0.055
0.055
0.055
0.055
0.055
-1.217
0.052
0.055
0.055
0.055
0.055
0.055
0.055
0.055
0.055
-1.229
0.055
0.055
0.055
0.052
0.055
0.055
0.055
0.055
0.055
-1.463
-1.462
-1.463
-1.459
-1.463
-1.459
-1.463
-1.463
-1.462
0.055
0.055
0.055
0.055
0.055
0.055
0.055
0.055
0.055
0.055
0.055
0.050
0.055
0.055
0.055
0.055
0.055
0.055
0.055
0.055
0.055
0.055
0.055
0.052
0.055
0.055
0.055
0.050
0.055
0.052
0.055
0.055
0.055
0.055
0.055
0.042
0.051
0.050
0.055
0.052
0.055
0.050
0.055
0.055
0.052
0.055
0.051
0.055
0.055
0.055
0.055
0.055
0.055
-2.176
0.055
0.054
0.051
0.055
0.055
0.052
0.055
0.055
-1.217
-2.204
0.055
0.055
0.055
0.051
0.055
0.055
0.055
0.055
0.055
0.055
0.055
-1.217
-2.362
0.050
0.055
0.055
0.055
0.055
-1.214
0.055
0.050
-1.196
0.055
0.055
0.055
0.055
0.055
0.055
0.055
0.051
0.055
0.055
0.055
0.055
0.055
0.055
0.052
-1.229
0.055
0.055
0.055
-2.205
0.050
0.055
0.055
0.051
0.055
0.055
0.055
0.055
0.055
0.055
0.055
0.055
-2.362
0.055
0.055
0.055
0.055
0.050
0.055
0.055
0.050
0.055
0.051
0.055
0.055
0.055
0.055
0.055
0.055
0.055
0.055
0.055
0.055
0.050
0.055
0.055
0.055
0.050
0.055
0.055
0.055
0.055
0.051
0.055
0.055
0.055
0.055
0.055
0.055
0.055
0.055
0.055
0.055
0.055
0.055
-1.214
0.051
0.055
0.055
0.055
0.055
0.051
0.051
0.055
0.055
0.055
0.050
0.055
0.054
0.055
0.055
0.055
0.055
0.055
0.055
0.055
0.055
0.055
0.055
0.055
0.055
0.055
0.055
0.055
0.055
0.055
0.055
0.055
0.055
0.055
0.055
0.055
0.050
0.055
0.055
0.055
0.050
0.051
0.055
0.055
0.051
0.055
0.055
0.055
-1.223
0.055
0.051
0.055
0.055
0.055
0.055
0.055
0.055
0.055
0.055
0.050
0.055
0.055
0.055
0.055
0.055
0.055
0.055
0.055
0.055
0.055
0.055
0.055
0.055
0.055
0.055
0.055
0.050
-1.196
0.055
0.055
0.055
0.055
0.055
0.055
0.042
0.050
0.055
0.052
0.055
0.055
0.055
0.055
0.055
0.055
0.055
0.055
0.055
0.055
0.055
0.055
0.055
0.055
0.055
0.055
0.055
0.055
0.055
0.055
0.055
0.050
0.050
0.055
0.055
0.055
0.055
0.052
0.055
0.055
0.055
0.055
0.055
0.055
0.055
0.055
0.055
0.055
0.055
0.055
0.055
0.055
0.055
0.055
0.055
0.055
0.055
0.055
0.055
0.050
0.055
0.055
0.055
0.055
0.055
0.055
0.055
0.055
0.055
0.055
0.055
0.055
0.055
0.051
0.055
0.055
0.055
0.055
0.055
0.055
0.055
0.055
0.055
0.055
0.055
0.055
-1.199
0.055
0.055
0.055
0.055
0.055
0.055
0.051
0.055
0.051
0.055
0.055
0.055
0.055
0.055
-1.230
0.055
0.055
0.055
0.050
0.055
0.055
0.055
0.055
0.052
0.055
0.055
0.055
0.051
0.055
0.055
0.055
0.055
0.052
0.055
0.055
0.055
0.055
0.055
0.055
0.055
0.055
-1.230
0.055
0.055
0.055
0.055
0.055
0.055
0.055
0.055
0.055
0.055
0.055
0.055
0.055
0.050
0.055
0.055
0.050
0.055
0.055
0.055
0.055
0.055
0.055
0.055
0.055
0.055
0.055
0.055
0.055
-1.200
0.055
0.055
0.055
-1.216
0.050
0.052
0.055
0.055
0.055
0.055
0.055
0.051
0.055
0.055
-1.190
0.055
0.055
0.055
0.055
0.055
0.055
0.055
0.055
0.055
0.055
0.042
0.055
0.055
0.055
0.055
0.055
0.055
-1.199
-1.217
0.055
0.050
0.055
-1.230
0.055
-1.229
0.050
0.050
0.055
-1.229
0.050
0.050
0.050
0.050
0.043
0.055
0.055
0.055
0.055
0.055
0.055
0.055
0.051
-1.175
0.055
0.055
0.052
0.055
0.055
0.055
0.055
0.055
0.055
0.055
0.055
0.055
0.055
0.055
0.055
0.055
-2.206
0.055
0.055
0.055
0.055
0.055
0.055
0.055
0.055
0.055
0.055
0.055
0.050
0.050
0.055
0.055
0.055
0.055
0.055
0.055
0.055
0.055
0.052
0.055
0.055
0.055
0.055
0.054
0.055
0.055
0.055
0.055
0.055
0.055
0.055
0.055
0.055
0.055
0.055
-1.199
0.055
0.055
0.055
0.055
0.055
0.055
0.055
0.055
0.055
0.055
0.055
0.055
0.055
0.055
0.055
0.055
0.055
0.055
0.055
0.055
0.055
0.055
0.055
0.055
0.055
0.055
0.051
0.055
0.055
0.055
0.055
0.055
0.055
0.055
0.055
0.055
0.055
0.052
0.055
0.055
0.055
0.055
0.055
0.055
0.055
0.055
0.055
0.051
0.055
0.055
0.055
0.055
0.055
0.055
0.055
0.055
0.055
0.055
0.055
0.055
0.055
0.055
0.055
0.055
0.055
0.055
0.055
0.055
0.055
0.055
0.055
0.055
0.055
0.055
0.055
0.055
0.055
-1.214
0.055
0.055
0.055
0.055
0.055
0.051
0.055
0.055
0.055
0.055
0.055
0.051
0.055
0.055
0.055
0.055
0.055
0.055
0.055
0.055
0.055
0.055
0.055
0.055
