fixedStep chrom=ENSGT00390000017041 start=1 step=1
-0.905
-0.892
0.072
0.072
0.072
0.072
0.072
0.072
0.072
0.072
0.072
0.069
0.072
0.072
-1.771
0.069
0.072
-0.907
0.065
0.072
0.072
0.072
0.072
0.072
0.072
0.072
0.066
0.072
0.072
0.069
0.072
0.066
0.066
0.072
0.072
0.072
0.072
0.072
0.072
0.072
0.072
0.072
0.071
0.072
0.060
0.072
0.072
0.072
0.072
0.072
0.072
0.072
0.072
0.072
0.066
0.072
0.072
0.072
0.072
0.072
0.072
0.072
0.062
0.072
0.072
0.072
0.072
0.072
0.066
0.069
0.060
0.069
-1.311
-1.507
-1.323
0.072
0.072
0.072
0.072
0.072
0.072
0.072
0.072
0.072
0.072
0.072
0.072
0.072
0.072
0.072
0.072
0.072
0.072
0.072
0.072
0.072
0.072
0.072
0.066
0.066
0.072
0.072
0.072
0.072
-0.907
0.068
0.072
0.072
0.072
0.072
0.069
0.072
0.072
0.072
0.066
0.072
0.072
0.072
0.072
0.072
0.072
0.072
0.072
0.072
0.072
0.072
0.072
0.072
-0.907
0.058
0.072
0.072
0.072
0.072
0.072
0.072
0.072
0.072
0.072
0.070
0.072
0.072
0.072
-1.590
0.072
0.072
0.072
0.072
0.072
0.072
0.072
0.072
0.072
0.072
0.072
0.072
0.072
0.072
0.072
0.072
0.072
0.072
0.072
0.072
0.072
0.072
0.072
0.066
0.072
0.072
0.072
0.072
0.072
0.072
0.072
0.072
0.066
0.072
0.072
0.072
0.072
0.072
0.070
0.072
0.072
0.072
0.072
0.072
0.072
0.072
0.072
0.069
0.072
0.072
0.066
0.072
0.072
0.071
0.072
0.072
0.070
0.072
0.072
0.072
0.072
0.072
0.072
0.072
0.072
0.072
0.072
0.072
0.066
0.072
0.072
0.070
0.071
0.072
0.072
0.066
0.072
0.072
0.072
0.072
0.072
0.072
0.072
0.072
0.072
0.072
0.072
0.072
0.071
-1.063
0.066
0.069
-0.909
0.072
0.072
0.072
0.071
0.072
0.072
0.072
0.072
0.072
0.072
0.072
0.072
0.072
0.072
0.066
0.072
0.072
0.072
0.072
0.072
0.072
0.072
0.072
0.067
0.072
0.072
0.072
0.072
0.072
0.072
0.072
0.072
0.072
0.072
0.072
-0.909
0.072
0.066
0.072
0.072
0.072
0.072
0.072
0.072
0.072
0.066
0.072
-0.892
0.072
0.072
0.072
0.072
0.072
0.072
0.072
0.072
0.072
0.066
0.072
-0.907
0.071
0.072
0.072
-1.311
-1.310
-2.108
-1.506
-1.310
-1.306
0.072
0.072
0.071
0.072
0.066
-0.892
0.072
0.072
0.072
0.072
-0.909
0.063
0.072
0.072
0.072
0.072
0.072
0.072
0.072
0.072
0.072
0.072
0.072
0.069
0.072
0.072
0.069
0.072
0.072
0.069
0.066
0.066
0.066
0.072
0.072
0.072
-0.892
0.072
0.066
0.072
0.072
0.072
-3.199
0.069
0.072
0.066
0.072
0.069
-2.415
0.072
0.066
0.072
0.072
0.072
0.072
0.072
0.066
0.072
0.072
0.072
0.072
0.072
0.072
0.072
0.072
0.072
0.072
0.072
0.072
0.072
0.072
-0.907
0.072
0.072
-1.018
-0.909
0.066
0.066
0.072
0.072
0.072
0.072
0.072
0.072
-1.673
0.072
0.072
0.072
0.072
0.072
0.072
-2.910
0.069
0.072
0.072
0.072
0.072
0.072
0.072
0.072
0.072
0.072
0.072
0.065
0.065
0.070
0.072
0.072
0.066
0.072
0.072
0.072
0.072
0.069
0.072
0.072
0.072
0.072
0.072
0.072
0.072
0.072
0.072
0.066
0.072
-1.661
0.072
0.071
0.072
0.072
0.070
0.071
0.069
0.072
0.072
0.072
0.072
0.072
0.072
0.072
0.072
0.072
0.072
-0.979
-0.905
-0.909
-0.905
0.072
0.072
0.072
0.072
0.072
0.072
0.072
0.072
0.069
0.069
0.066
0.069
0.072
0.072
0.072
0.072
-0.909
0.064
0.072
0.066
0.072
-0.907
0.072
0.072
0.072
-0.892
0.066
0.072
0.072
0.071
0.070
0.072
0.072
0.072
0.072
0.072
0.072
0.072
0.072
0.072
0.072
0.069
0.072
-0.907
0.069
0.072
0.072
0.065
0.066
0.072
0.072
-0.909
0.072
0.072
0.072
0.072
0.072
0.072
0.072
0.072
0.072
0.072
0.072
0.072
0.072
0.072
0.072
0.072
0.072
0.072
0.072
0.072
0.072
0.072
-0.909
0.069
0.072
0.072
0.072
0.072
0.072
0.072
0.072
0.072
0.072
0.072
0.072
0.072
0.072
0.066
0.072
0.072
0.072
0.072
0.072
0.072
-0.909
0.072
0.072
0.072
0.072
0.072
0.072
0.072
0.066
0.072
0.072
0.071
0.072
0.072
0.072
0.072
0.072
0.072
0.072
0.072
0.069
0.072
0.072
0.072
0.072
0.072
0.068
0.066
0.072
0.069
0.066
0.072
0.072
0.072
0.072
0.072
0.072
0.072
-0.892
0.072
0.072
0.071
0.072
0.060
0.072
0.072
0.072
0.072
0.066
0.072
0.072
0.072
0.072
0.072
0.072
0.072
0.072
0.072
0.072
0.072
0.072
0.072
0.060
0.072
0.072
0.072
0.072
0.072
0.065
