fixedStep chrom=ENSGT00390000008206 start=1 step=1
0.067
0.067
0.067
0.067
0.067
0.067
0.058
0.064
0.067
0.058
0.067
0.067
0.067
0.064
0.067
0.067
-1.574
-1.747
0.067
0.067
0.060
0.067
0.067
0.064
0.067
0.067
0.067
0.067
0.067
-0.978
0.060
0.067
0.056
0.060
0.067
0.067
0.067
0.067
0.067
0.067
0.067
0.067
-1.902
0.067
-0.960
-0.961
0.067
0.067
0.067
0.067
0.063
0.055
0.067
0.058
0.067
0.067
0.067
0.067
0.067
0.064
0.067
0.067
0.064
0.058
0.067
0.067
0.067
0.060
0.067
0.067
0.067
0.067
-0.978
0.064
0.064
0.067
0.067
0.067
0.067
0.067
0.067
0.067
0.060
0.066
0.067
0.067
0.067
0.058
0.067
0.067
0.067
0.067
0.060
-0.961
0.060
0.057
0.067
0.067
0.067
0.067
0.067
0.060
0.060
0.064
0.067
0.065
0.064
0.067
0.067
0.064
0.067
0.067
0.061
0.053
0.067
0.067
0.067
0.055
0.057
-0.978
0.067
0.067
0.067
0.067
0.067
0.067
-1.437
-1.437
-1.734
0.067
0.067
0.060
0.067
0.067
0.067
0.066
0.067
0.067
0.067
0.067
-0.974
0.061
0.067
0.064
0.064
0.067
0.067
0.067
0.067
0.054
0.066
0.067
-1.665
0.067
0.064
0.060
-1.438
-1.615
-1.609
0.065
0.067
0.067
0.061
0.067
0.067
0.067
0.067
0.066
0.067
0.067
0.067
0.067
0.067
0.064
0.067
0.067
0.064
0.067
0.067
0.067
-1.433
-1.438
-1.438
0.063
0.067
0.058
0.067
0.067
-0.979
0.067
0.067
0.067
0.067
0.067
0.067
0.058
0.067
0.060
0.067
0.067
0.067
0.067
0.067
0.062
0.062
0.062
0.062
0.062
-1.080
0.062
0.062
0.062
0.062
0.062
0.062
0.054
0.062
0.062
0.062
0.062
0.062
0.062
0.062
0.062
0.062
0.062
0.062
0.058
0.062
0.062
0.062
0.062
0.062
0.054
0.062
0.062
0.062
0.062
0.062
0.062
0.060
0.062
0.062
0.062
0.062
0.062
0.062
0.062
0.062
0.062
0.062
0.062
0.062
0.062
0.062
0.062
0.062
0.054
0.062
0.062
0.054
0.054
0.059
0.053
0.062
0.062
0.054
0.062
0.062
0.054
0.062
0.062
0.062
0.062
0.062
0.062
0.062
0.062
0.062
0.062
0.062
0.054
0.062
0.062
0.062
0.062
0.062
0.062
0.062
0.062
0.054
0.062
0.062
0.062
0.062
0.062
0.062
0.062
0.062
0.062
0.062
0.062
0.062
0.062
0.062
0.054
0.062
0.062
0.062
0.062
0.062
0.062
0.062
0.062
0.062
0.062
0.062
0.062
0.062
0.062
0.062
0.062
0.062
0.062
0.062
0.062
0.062
0.062
0.062
0.054
0.062
0.062
0.062
0.067
0.064
0.067
0.067
0.067
0.067
0.067
0.067
0.065
0.060
0.067
0.057
0.067
0.067
0.067
0.067
0.067
0.065
0.067
0.067
0.067
0.067
0.067
0.067
0.067
0.067
0.067
0.067
0.067
0.065
0.067
0.067
0.067
0.067
0.067
0.067
0.067
0.067
0.067
0.067
0.067
0.065
0.067
0.067
0.066
0.067
0.067
0.064
0.067
0.067
0.067
0.067
0.067
0.067
0.067
0.067
0.058
0.067
0.067
0.054
0.067
0.067
0.063
0.067
0.067
0.066
0.067
0.067
0.062
0.067
0.067
0.067
0.067
0.067
0.067
-0.975
0.067
0.064
0.067
0.067
0.067
0.067
0.067
0.067
0.067
0.067
0.067
0.067
0.067
0.067
0.067
0.067
0.067
0.067
0.067
0.065
0.067
0.067
-0.978
0.067
0.064
0.067
0.067
0.067
0.067
-2.531
0.067
0.067
0.058
0.067
0.067
0.067
0.067
0.067
0.065
0.067
0.067
0.067
0.067
0.067
0.064
0.067
0.064
0.067
0.067
0.067
0.067
0.067
0.067
-0.960
0.067
0.067
0.067
0.067
0.067
0.067
0.067
0.067
0.067
0.067
0.067
0.058
0.067
0.067
0.067
0.067
0.060
0.067
0.067
0.066
0.067
0.067
0.067
0.067
0.067
0.067
0.067
0.067
0.067
0.067
0.067
0.067
0.067
0.067
0.067
0.067
0.067
0.067
0.067
0.067
0.067
0.067
0.067
0.067
0.067
0.067
0.067
0.067
0.067
0.067
0.067
0.067
0.059
0.067
0.067
0.067
0.067
0.067
0.067
0.067
0.067
0.066
0.058
0.067
0.067
0.067
0.060
0.065
0.067
0.067
0.067
0.067
0.067
0.067
0.067
0.067
0.067
0.060
0.067
0.067
0.067
0.067
0.060
0.067
0.067
0.067
0.067
0.067
0.067
0.067
0.067
0.067
0.067
0.067
0.067
-0.975
0.067
0.067
0.067
0.067
0.064
0.067
0.066
0.067
0.067
-0.978
-2.363
0.067
0.067
0.060
-0.978
-0.975
-0.979
-0.974
-0.975
0.067
0.067
-0.974
0.060
0.065
0.067
0.060
-0.974
0.067
0.067
-0.979
-0.974
0.067
0.067
0.060
-1.745
-1.509
0.067
0.060
-0.974
-0.979
-0.978
-0.974
-0.979
0.057
-0.979
0.060
-0.961
0.067
0.067
0.067
0.060
-0.974
-0.974
0.060
-0.975
0.067
0.067
0.066
0.067
0.067
0.067
0.067
0.067
0.067
0.067
0.067
0.067
0.067
0.067
0.064
0.067
0.067
0.067
0.067
0.067
0.067
0.064
0.067
0.067
0.067
0.067
0.067
0.067
0.067
0.067
0.064
0.067
0.067
0.067
0.067
0.067
0.067
0.067
0.067
0.067
0.067
0.067
0.065
0.067
0.067
0.067
0.067
0.067
0.067
0.067
0.067
0.067
0.067
0.067
0.067
0.064
0.067
0.067
0.067
0.067
0.067
0.067
0.067
0.067
0.067
0.067
0.067
0.067
0.067
0.067
0.067
0.067
0.067
0.067
0.067
0.067
0.067
0.067
0.067
0.067
0.067
0.067
0.067
0.067
0.067
0.067
0.067
0.058
0.067
0.060
0.066
