fixedStep chrom=ENSGT00390000008212 start=1 step=1
0.000
0.000
0.000
0.000
0.000
0.000
0.000
0.000
0.000
0.000
0.000
0.000
0.000
0.000
0.000
0.000
0.000
0.000
0.000
0.000
0.000
0.000
0.000
0.000
0.000
0.000
0.000
0.000
0.000
0.000
0.000
0.000
0.000
0.000
0.000
0.000
0.000
0.000
0.000
0.064
0.064
0.064
0.064
0.062
-2.003
0.044
0.063
0.064
0.058
0.048
0.064
0.059
0.064
0.064
0.047
0.055
0.055
0.047
0.064
0.064
0.064
0.062
0.060
0.064
0.056
0.064
0.060
-2.318
0.060
0.058
0.064
0.051
0.064
0.064
0.063
0.064
0.056
0.047
0.056
0.059
0.064
0.062
0.064
0.064
0.053
0.064
0.064
0.064
0.064
0.051
-2.266
0.064
0.064
0.064
0.064
0.064
0.060
0.062
0.062
0.055
0.064
0.060
0.064
0.064
0.064
0.056
0.064
0.064
0.060
0.063
0.064
0.064
0.060
0.062
0.064
0.064
0.062
0.064
0.064
-1.978
0.064
0.064
0.064
0.064
0.064
0.044
0.064
0.064
0.056
0.047
0.047
0.062
0.064
0.064
0.063
0.060
0.064
0.064
0.060
0.064
0.064
0.064
0.064
0.064
0.060
0.064
0.064
0.062
0.064
0.060
0.064
0.064
0.062
0.064
0.064
-2.426
0.064
0.047
0.064
0.055
0.047
0.057
0.057
0.064
0.053
0.064
0.064
0.064
0.064
0.064
0.064
0.064
0.064
0.064
0.064
0.063
0.064
0.064
0.064
0.064
0.064
0.064
0.060
0.064
-1.875
0.060
0.064
0.044
0.057
0.064
0.064
0.060
0.064
0.064
0.064
0.062
0.060
0.064
0.064
0.064
0.062
0.064
0.064
0.064
0.064
0.064
0.064
0.064
0.064
0.064
0.064
0.064
0.064
0.064
0.064
0.064
0.064
0.064
0.062
0.064
0.060
0.064
0.064
0.064
0.064
0.064
0.064
0.047
0.064
0.064
0.062
0.064
0.064
0.064
0.064
0.064
0.047
0.064
0.064
0.064
0.064
0.064
0.064
0.064
0.064
0.064
0.064
0.064
0.064
0.064
0.064
0.060
0.064
0.064
0.055
0.064
0.064
0.064
0.064
0.064
0.064
0.064
0.064
0.064
0.064
0.064
0.064
0.064
0.064
0.047
0.064
0.064
0.056
0.062
0.064
0.064
0.064
0.064
0.064
0.064
0.062
0.064
0.064
0.064
0.064
0.064
0.064
0.064
0.064
0.064
0.064
0.057
0.064
0.064
0.060
0.064
0.062
0.064
0.064
0.064
0.064
0.064
0.060
0.064
0.064
0.044
0.064
0.064
0.064
0.064
0.064
0.064
0.064
0.064
0.064
0.064
0.064
0.064
0.064
0.064
0.064
0.064
0.064
0.064
0.064
0.064
0.060
0.064
0.064
0.064
0.064
0.064
0.064
0.064
0.064
0.064
0.064
0.064
0.064
0.064
0.064
0.064
0.064
0.064
0.064
0.064
0.064
0.064
0.064
0.064
0.055
0.064
0.064
0.064
0.064
0.064
0.048
0.064
0.064
0.064
0.064
0.064
0.064
0.064
0.064
0.064
0.064
0.064
0.064
0.064
0.064
0.064
0.064
0.064
0.064
0.064
0.064
0.064
0.064
0.064
0.064
0.064
0.062
0.062
0.064
0.044
0.064
0.064
0.064
0.064
0.064
0.064
0.064
0.062
0.064
0.064
0.062
0.064
0.064
0.064
0.064
0.064
0.064
0.048
0.064
0.064
0.060
0.047
0.064
0.064
0.064
0.064
0.064
0.064
0.064
0.064
0.048
0.064
0.064
0.062
0.064
0.064
0.044
0.064
0.064
0.064
0.064
0.047
0.060
0.064
0.060
0.062
0.060
0.064
0.064
0.064
0.064
0.060
0.062
0.064
0.064
0.064
0.060
0.064
0.064
0.064
0.055
0.064
0.064
0.064
0.064
0.064
0.064
0.064
0.064
0.064
0.064
0.064
0.047
0.064
-1.851
0.064
0.064
0.064
0.061
0.064
0.064
0.057
0.060
0.064
0.064
0.060
0.060
0.060
0.064
0.064
0.064
0.064
0.064
0.064
0.064
0.064
0.062
0.064
0.064
0.064
0.064
0.064
0.064
0.064
0.064
0.064
0.064
0.062
0.064
0.064
0.064
0.064
0.064
0.064
0.064
0.064
0.064
0.064
0.064
0.060
0.064
0.064
0.064
0.064
0.064
0.064
0.064
0.064
0.062
0.064
0.064
0.064
0.051
0.064
0.064
0.064
0.064
0.064
0.064
0.064
0.062
0.064
0.064
0.064
0.047
0.064
0.064
0.062
0.064
0.064
0.064
0.063
0.064
0.064
0.064
0.064
0.064
0.064
0.064
0.064
0.064
0.064
0.064
0.064
0.064
0.064
0.064
0.064
0.064
0.064
0.064
0.064
0.064
0.064
0.060
0.064
0.064
0.044
0.064
0.060
0.060
0.064
0.064
0.060
0.064
0.064
0.062
0.064
0.064
0.064
0.064
0.064
0.058
0.064
0.064
0.064
0.064
0.064
0.060
0.064
0.064
0.064
0.064
0.064
-2.437
0.064
0.062
0.064
0.064
0.047
0.064
0.064
0.064
0.064
0.064
0.064
0.064
0.064
0.064
0.064
0.064
0.064
0.064
0.056
0.047
0.053
0.044
0.046
0.047
0.064
0.058
0.060
0.000
0.000
0.000
