fixedStep chrom=ENSGT00390000002349 start=1 step=1
0.073
0.073
0.073
0.073
0.071
0.073
0.073
0.073
0.073
0.073
0.073
0.071
0.073
0.073
0.073
0.073
0.073
0.073
0.073
0.073
0.070
0.073
0.073
0.072
0.073
0.073
0.070
0.073
0.073
0.073
0.072
0.073
0.063
0.073
0.073
0.073
0.073
0.073
0.073
0.073
0.071
0.071
0.073
0.073
0.073
0.073
0.073
0.071
0.073
0.073
0.073
0.072
0.073
0.073
0.073
0.073
0.073
0.073
0.073
0.073
0.073
0.069
0.071
0.073
0.071
0.073
0.073
0.073
0.071
0.073
0.073
0.070
0.073
0.073
0.073
0.073
0.073
0.073
0.073
0.073
0.073
0.073
0.052
0.073
0.073
0.073
0.073
0.073
0.073
0.072
0.073
0.070
0.071
0.071
0.073
0.072
0.073
0.073
0.073
0.073
0.073
0.073
0.073
0.073
0.071
0.073
0.073
0.073
0.073
0.062
0.073
0.063
0.073
0.073
0.073
0.073
0.073
0.073
0.073
0.062
0.073
0.073
0.073
0.073
0.073
0.073
0.073
0.073
0.073
0.073
0.073
0.065
0.062
0.070
0.058
0.073
0.073
0.073
0.073
0.073
0.072
0.073
0.073
0.056
0.073
0.073
0.073
0.073
0.073
0.073
0.073
0.073
0.071
-1.210
-1.226
-1.226
0.069
0.068
0.054
0.066
0.069
0.054
0.069
0.066
0.054
0.066
0.069
0.069
0.066
0.054
-2.288
0.069
0.069
0.069
0.066
0.054
0.066
0.054
0.054
0.068
0.054
0.066
0.054
0.054
0.069
0.054
0.069
0.069
0.066
0.054
0.066
0.066
-1.227
-1.224
-1.227
-1.226
-1.224
-1.227
0.069
0.069
0.054
0.069
0.069
0.069
0.069
0.069
0.069
0.069
0.069
0.066
0.054
0.069
0.066
0.054
0.063
0.054
0.054
0.054
0.054
0.069
0.069
0.066
0.069
0.069
0.066
0.069
0.069
0.065
0.066
0.054
0.069
0.054
0.050
0.050
0.066
0.069
0.069
0.054
0.069
0.066
0.054
0.069
0.069
0.069
0.069
0.069
0.069
0.069
0.052
0.066
0.069
0.054
0.069
0.054
0.069
0.066
0.069
0.066
0.066
0.054
0.054
0.054
0.066
0.054
0.069
0.069
0.063
0.054
0.066
0.068
0.069
0.069
0.049
0.069
0.054
0.063
0.069
0.069
0.069
0.069
0.069
0.063
0.069
0.069
0.054
0.069
0.054
0.069
0.054
0.054
0.051
0.069
0.069
0.066
0.066
0.054
0.066
0.000
0.000
0.000
0.000
0.000
0.000
0.000
0.000
0.000
0.000
0.000
0.000
-1.476
-1.949
-1.940
0.073
0.073
0.073
0.073
0.073
0.073
0.073
0.073
0.073
0.073
0.073
0.073
0.073
0.070
0.073
0.073
0.073
0.073
0.073
0.073
0.073
0.073
0.071
0.073
0.073
0.073
0.073
0.073
0.073
0.073
0.073
0.073
0.071
0.073
0.073
0.073
0.073
0.073
0.072
0.073
0.073
0.073
0.073
0.073
0.073
0.073
0.073
0.069
0.069
0.066
0.069
0.069
0.069
0.069
0.066
0.069
0.068
0.069
0.069
0.069
0.069
0.069
0.069
0.069
0.069
0.069
0.069
0.069
0.069
0.069
0.069
0.069
0.061
0.069
0.069
0.069
0.069
0.069
0.069
0.069
0.069
0.069
0.069
0.069
0.069
0.069
0.067
0.069
0.069
0.069
0.069
0.069
0.069
0.069
0.069
0.069
0.069
0.069
0.069
0.069
0.069
0.069
0.069
0.069
0.069
0.069
0.069
0.069
0.066
0.069
0.069
0.069
0.069
0.066
0.069
0.069
0.069
0.069
0.069
0.066
0.069
0.069
0.069
0.069
0.069
0.069
0.069
0.069
0.069
0.069
0.069
0.066
0.069
0.069
0.066
0.069
0.069
0.069
0.069
0.069
0.069
0.069
0.069
0.069
0.069
0.069
0.063
0.069
0.067
0.064
0.067
0.067
0.064
0.067
0.067
0.065
0.067
0.067
0.059
0.067
0.067
0.067
0.067
0.067
0.065
0.067
0.067
0.065
0.067
0.067
0.067
0.067
0.067
0.067
0.065
0.067
0.067
0.067
0.067
0.067
0.067
0.067
0.056
0.067
0.067
0.067
0.067
0.067
0.067
0.067
0.067
0.050
0.067
0.067
0.067
0.067
0.067
0.067
0.067
0.067
0.065
0.065
0.067
0.061
0.067
0.067
0.067
0.065
0.067
0.067
0.067
0.067
0.067
0.067
0.067
0.067
0.065
0.067
0.067
0.067
0.067
0.067
0.067
0.067
0.065
0.067
0.065
0.065
0.067
0.067
0.065
0.065
0.067
0.059
0.067
0.067
0.064
0.067
0.067
0.065
0.067
0.067
0.057
0.073
0.073
0.073
0.073
0.073
0.073
0.073
0.073
0.060
0.073
0.063
0.073
0.073
0.071
0.071
0.073
0.069
0.071
0.073
0.073
0.073
-0.123
-0.123
-0.123
-0.123
-0.123
-0.123
0.073
0.073
0.073
0.073
0.073
0.073
0.073
0.065
0.073
0.073
0.073
0.073
0.073
0.073
0.060
0.073
0.073
0.073
0.073
0.073
0.063
0.073
0.073
0.071
0.073
0.073
0.073
0.073
0.073
0.073
0.073
0.073
0.073
0.073
0.073
0.073
0.073
0.073
0.073
0.073
0.073
0.073
0.065
0.073
0.069
0.073
0.073
0.073
0.073
0.073
0.073
0.073
0.073
0.073
0.073
0.073
0.073
0.070
0.073
0.071
0.073
0.073
0.073
0.073
0.073
0.073
0.073
0.073
0.073
0.073
0.073
0.071
0.073
0.073
0.073
0.073
0.073
0.070
0.073
0.073
0.069
0.073
0.073
0.073
0.073
0.073
0.073
0.073
0.073
0.073
0.073
0.073
0.073
0.073
0.073
0.073
0.073
0.073
0.073
0.073
0.073
0.073
0.073
0.073
0.072
0.073
0.073
0.065
0.073
0.073
0.073
0.073
0.073
0.073
0.073
0.073
0.073
0.073
0.073
0.073
0.073
0.073
0.073
0.073
0.073
0.073
0.073
0.073
0.073
0.073
0.073
0.073
0.073
0.073
0.073
0.073
0.073
0.071
0.073
0.073
0.073
0.073
0.073
0.073
0.073
0.073
0.073
0.073
0.073
0.073
0.073
0.073
0.073
0.073
0.073
0.066
0.073
0.073
0.071
0.072
0.073
0.073
0.073
0.073
0.072
0.072
0.073
0.069
0.073
0.073
0.065
0.073
0.073
0.073
0.073
0.073
0.073
0.073
0.073
0.073
0.073
0.073
0.073
0.073
0.073
0.073
0.073
0.073
0.069
0.065
0.072
0.073
0.071
0.073
0.073
0.073
0.073
0.073
0.059
0.073
0.073
0.073
0.073
0.071
0.073
0.073
0.073
0.073
0.073
0.070
0.073
0.073
0.073
0.073
0.073
0.073
0.073
0.073
0.062
0.071
0.073
0.071
0.055
0.055
0.055
0.066
0.066
0.064
0.069
0.055
0.055
0.055
0.069
0.051
0.055
0.055
0.069
0.069
0.069
0.069
0.055
0.055
0.055
0.055
0.069
0.066
0.069
0.055
0.069
0.066
0.066
0.055
0.066
0.055
0.055
0.055
0.055
0.069
0.055
0.069
0.066
0.069
0.055
0.055
0.055
0.060
0.060
0.057
0.073
0.073
0.073
0.060
0.068
0.073
0.073
0.070
0.070
0.063
0.073
0.060
0.070
0.060
0.070
0.073
0.073
0.070
0.070
0.068
0.060
0.073
0.070
0.070
0.070
0.060
0.073
0.070
0.070
0.060
0.073
0.060
0.060
0.060
0.070
0.060
0.060
0.060
0.060
0.073
0.073
0.073
0.060
0.060
0.070
0.070
0.073
0.070
0.073
0.060
0.070
0.070
-2.095
0.070
0.060
0.060
0.060
0.073
0.057
0.073
0.073
0.073
0.073
0.073
0.060
-1.229
-1.229
-1.230
0.073
0.073
0.073
0.073
0.073
0.073
0.073
0.073
0.071
0.073
0.073
0.072
0.073
0.072
0.069
0.070
0.073
0.069
0.073
0.073
0.073
0.073
0.073
0.073
0.073
0.073
0.071
0.073
0.073
0.073
0.071
0.073
0.073
0.073
0.073
0.073
0.066
0.073
-2.597
0.073
0.073
0.073
0.061
0.073
0.073
0.072
0.073
0.073
0.073
0.073
0.073
0.073
0.073
0.073
0.073
0.072
0.070
0.073
0.071
0.073
0.073
0.073
0.073
0.073
0.073
0.073
0.073
0.073
0.068
0.073
0.073
0.073
0.073
0.073
0.071
0.073
0.073
0.073
0.073
0.073
0.073
0.073
0.073
0.073
0.073
0.073
0.073
0.073
0.073
0.071
0.073
0.073
0.073
0.073
0.073
0.073
0.073
0.073
0.071
0.073
0.073
0.073
0.073
0.073
0.073
0.073
0.061
0.073
0.073
0.073
0.073
0.073
0.073
0.071
0.073
0.073
0.070
0.070
0.073
0.062
0.072
0.073
0.073
0.073
0.073
0.071
0.073
0.071
0.066
0.073
0.073
0.073
0.073
0.073
0.073
0.071
0.073
0.071
0.073
0.073
0.073
0.073
0.073
0.071
0.073
0.070
0.073
0.073
0.073
0.063
0.073
0.073
0.073
0.073
0.073
0.059
0.073
0.073
0.071
0.073
0.073
0.073
0.071
0.073
0.069
0.073
0.073
0.071
0.073
0.073
0.062
0.073
0.073
0.073
0.073
0.073
0.073
0.073
0.073
0.073
0.073
0.073
0.056
0.073
0.073
0.073
0.073
0.073
0.073
0.073
0.073
0.073
0.073
0.073
0.073
0.073
0.073
0.072
0.073
0.059
0.073
0.071
0.073
0.073
0.073
0.073
0.071
0.073
0.073
0.073
0.073
0.073
0.055
-2.390
-2.389
-2.389
0.073
0.073
0.073
0.073
0.073
0.060
0.073
0.073
0.071
0.073
0.071
0.066
0.071
0.073
0.056
0.071
0.073
0.072
0.073
0.073
0.073
0.073
0.073
0.073
0.073
0.073
0.073
0.073
0.069
0.073
0.073
0.065
0.073
0.073
0.073
0.060
0.073
0.073
0.072
0.000
0.000
0.000
0.000
0.000
0.000
0.000
0.000
0.000
0.073
0.065
0.062
0.063
0.072
0.069
0.073
0.073
0.071
0.073
0.073
0.073
0.073
0.073
0.073
0.073
0.073
0.073
0.073
0.073
0.071
0.073
0.073
0.073
0.073
0.073
0.073
0.073
0.073
0.072
0.071
0.073
0.072
0.071
0.073
0.073
0.073
0.063
0.071
0.073
0.073
0.073
0.073
0.073
0.073
0.063
0.073
0.073
0.073
0.073
0.063
0.073
0.073
0.073
0.071
0.073
0.073
0.073
0.073
0.073
0.072
0.073
0.072
0.071
0.062
0.070
0.073
0.068
0.073
0.071
0.071
0.058
0.073
0.073
0.073
0.073
0.073
0.073
-1.402
-1.402
-1.403
-1.402
-2.527
-1.925
-1.663
-1.688
-1.658
-0.780
-0.779
-2.020
-1.332
-1.332
-1.333
-1.332
-1.332
-1.332
-1.333
-1.556
-1.332
0.073
0.073
0.073
0.073
0.073
0.071
0.073
0.073
0.073
-1.403
-1.402
-1.403
-0.142
-0.142
-0.142
0.073
0.073
0.073
0.073
0.073
0.071
0.073
0.073
0.072
0.073
0.073
0.073
0.073
0.073
0.073
0.065
0.065
0.073
0.073
0.073
0.071
0.065
0.072
0.072
0.073
0.071
0.073
0.073
0.073
0.068
0.073
0.073
0.073
0.073
0.072
0.070
0.073
0.073
0.073
0.073
0.073
0.070
0.073
0.073
0.072
0.073
0.073
0.073
0.069
0.073
0.071
0.073
0.073
0.073
0.073
0.069
0.068
0.073
0.073
0.073
0.073
0.073
0.073
0.073
0.073
0.057
0.073
0.073
0.071
0.073
0.073
0.073
0.073
0.073
0.073
0.073
0.073
0.073
0.073
0.073
0.073
0.073
0.073
0.072
0.073
0.073
0.073
0.073
0.073
0.073
0.066
0.073
0.068
-2.082
0.073
0.073
0.073
0.073
0.073
0.071
0.073
0.073
0.073
0.073
0.073
0.073
0.073
0.073
0.073
0.073
0.073
0.073
0.073
0.071
0.073
0.073
0.073
0.073
0.073
0.073
0.062
0.073
0.073
0.073
0.073
0.067
0.073
0.073
0.073
0.073
0.073
0.073
0.073
0.073
-2.115
0.073
0.073
0.073
0.073
0.073
0.073
0.073
0.073
0.073
0.073
0.073
0.073
0.073
0.073
0.073
0.073
0.073
0.059
0.073
0.073
0.059
0.073
0.065
0.073
0.073
0.073
0.069
0.073
0.073
0.072
0.073
0.073
0.073
0.073
0.073
0.073
0.073
0.073
0.072
0.073
0.073
0.071
0.073
0.073
0.073
0.073
0.073
0.058
0.073
0.073
0.073
0.073
0.073
0.063
0.073
0.073
0.073
0.073
0.073
0.073
0.073
0.073
0.073
0.073
0.073
0.073
0.073
0.073
0.073
0.073
0.073
0.073
0.073
0.073
0.073
0.073
0.073
0.073
0.073
0.073
0.073
0.073
0.073
0.073
0.073
0.073
0.073
0.073
0.072
0.071
0.073
0.073
0.073
0.073
0.073
0.073
0.073
0.073
0.073
0.073
0.073
0.063
0.073
0.073
0.071
0.073
0.073
0.073
0.073
0.073
0.073
0.073
0.073
0.073
0.073
0.073
0.073
0.073
0.073
0.073
0.073
0.073
0.073
0.073
0.073
0.073
0.073
0.073
0.073
0.073
0.073
0.073
0.073
0.073
0.071
0.073
0.073
0.071
0.073
0.073
0.073
0.073
0.073
0.072
0.073
0.073
0.073
0.073
0.073
0.073
0.073
0.073
0.070
0.073
0.073
0.073
0.073
0.073
0.071
0.073
0.073
0.071
0.073
0.073
0.073
0.073
0.073
0.073
0.073
0.073
0.073
0.073
0.073
0.073
0.073
0.073
0.070
0.073
0.062
0.073
0.073
0.073
0.073
0.073
0.073
0.073
0.073
0.073
0.073
0.073
0.073
0.073
0.073
0.073
0.073
0.073
0.073
0.073
0.073
0.073
0.073
0.073
0.065
0.073
0.073
0.073
0.073
0.073
0.073
0.073
0.073
0.073
0.071
0.071
0.073
0.058
0.073
0.073
0.071
0.073
0.073
0.073
0.073
0.073
0.072
