fixedStep chrom=ENSGT00390000017014 start=1 step=1
0.089
0.090
0.089
0.081
0.081
0.081
0.089
0.089
0.081
0.081
0.089
0.089
0.090
0.089
0.089
0.088
0.090
0.090
0.089
0.090
0.089
0.089
0.090
0.089
0.090
0.090
-0.719
0.089
0.089
0.090
-0.731
0.090
0.089
-0.733
-0.734
-0.734
-0.158
-0.158
-0.158
0.090
0.090
0.081
0.074
0.090
0.081
0.090
0.090
-0.732
0.090
0.074
0.081
-0.732
0.089
0.074
0.089
0.090
0.089
0.081
-0.731
0.086
0.090
0.089
0.089
0.089
0.089
0.089
0.089
-1.302
0.086
0.081
-1.446
0.089
-0.719
0.081
0.090
0.089
0.090
0.081
0.089
0.089
-0.729
-0.732
0.081
0.089
0.089
0.081
0.090
0.089
0.089
0.089
0.089
0.089
-0.731
0.089
0.089
0.089
0.090
0.089
0.090
0.089
0.089
0.080
-0.731
0.081
0.090
0.090
0.089
0.089
0.089
0.089
0.084
0.090
0.089
0.086
0.089
0.090
0.089
0.089
0.084
0.085
0.084
0.089
0.090
0.089
0.089
0.089
0.089
0.089
0.081
-0.731
-0.729
-0.729
0.090
0.089
0.090
0.089
-0.719
0.074
0.090
0.089
0.081
0.090
0.089
0.083
-0.732
0.089
-0.731
0.090
0.089
0.089
0.089
0.089
0.073
0.088
0.090
0.089
0.090
0.086
0.086
0.089
-0.731
-0.731
0.089
0.082
0.089
0.086
0.089
0.090
-0.731
0.089
0.089
0.089
0.089
0.089
0.089
0.089
0.089
0.090
0.089
0.090
0.090
0.089
0.081
0.068
0.083
0.080
0.089
0.089
0.089
0.089
0.089
0.089
0.089
0.089
0.089
0.089
0.089
0.089
0.090
0.089
0.089
0.090
0.089
0.089
-0.734
-0.734
-0.734
