fixedStep chrom=ENSGT00390000017237 start=1 step=1
0.071
0.071
0.071
0.071
0.071
0.071
0.071
0.071
0.071
0.071
0.071
0.071
0.071
0.071
0.071
0.071
0.071
0.071
0.071
0.071
0.071
0.068
0.071
0.071
0.071
0.071
0.071
0.071
0.071
0.065
0.071
0.071
0.071
0.071
0.071
0.071
0.071
0.071
0.071
0.071
0.071
0.071
0.071
0.071
0.059
0.071
0.071
0.069
0.071
0.071
-1.608
0.071
0.071
0.071
0.071
0.071
0.071
0.071
0.071
0.071
0.071
0.071
0.071
0.071
0.071
0.069
0.071
0.071
0.063
0.071
0.071
0.068
0.071
0.071
0.071
0.071
0.071
0.069
0.071
0.071
0.071
0.071
0.071
0.069
0.071
0.071
0.071
0.071
0.071
0.070
0.071
0.071
0.071
0.067
0.064
0.068
0.071
0.071
0.063
0.071
0.071
0.071
0.071
0.071
0.071
0.071
0.071
0.068
0.070
0.071
0.071
0.071
0.071
0.071
0.071
0.071
0.071
0.071
0.071
0.064
0.071
0.071
0.069
0.071
0.071
0.071
0.071
0.071
0.071
0.071
0.071
0.071
0.071
0.071
0.071
0.071
0.071
0.071
0.071
0.071
0.069
0.071
0.071
0.071
0.071
0.071
0.071
0.071
0.071
0.071
0.071
0.071
0.071
0.071
0.071
0.071
0.071
0.071
0.071
0.071
0.071
0.071
0.071
0.071
0.071
0.071
0.071
0.059
0.071
0.071
0.069
0.071
0.071
0.069
0.071
0.071
0.071
0.071
0.071
0.071
0.071
0.071
0.071
0.071
0.071
0.071
0.071
0.071
0.071
0.071
0.071
0.071
0.071
0.071
0.071
0.071
0.071
0.071
0.071
0.071
0.071
0.071
0.071
0.071
0.071
0.071
0.070
0.071
0.071
0.071
0.071
0.071
0.071
0.071
0.071
0.066
0.069
0.071
0.071
0.071
0.071
0.071
0.071
0.071
-1.619
0.059
0.071
0.065
0.071
0.071
0.071
0.071
0.071
0.071
0.071
0.071
0.068
0.071
0.071
0.070
0.071
0.071
0.071
0.071
0.071
0.069
0.071
0.071
0.070
0.071
0.071
0.071
0.071
0.071
0.058
0.071
0.071
0.071
0.071
0.071
0.071
0.071
0.071
0.070
0.071
0.071
0.071
0.071
0.071
0.071
0.071
0.071
0.071
0.071
0.071
0.068
0.071
0.071
0.069
0.071
0.071
0.071
0.071
0.071
0.059
0.071
0.071
0.071
0.071
0.071
0.071
0.071
0.071
0.071
0.071
0.071
0.071
0.071
0.071
0.069
0.071
0.071
0.068
0.071
0.071
0.071
0.071
0.071
0.071
0.063
0.071
0.071
0.071
0.071
0.071
0.071
0.071
0.071
0.071
0.071
0.071
0.071
0.071
0.071
0.071
0.071
0.071
0.071
0.071
0.070
0.071
0.071
0.071
0.071
0.071
0.071
0.071
0.071
0.071
0.071
0.071
0.070
0.071
0.071
0.070
0.071
0.071
0.071
0.071
0.071
0.071
0.071
0.071
0.071
0.071
0.071
0.071
0.071
0.071
0.063
0.071
0.071
0.071
0.071
0.071
0.069
0.071
0.071
0.065
0.071
0.071
0.071
0.071
0.071
0.071
0.071
0.071
0.071
0.071
0.071
0.071
0.071
0.071
0.064
0.071
0.071
0.071
0.071
0.071
0.069
0.071
0.071
0.071
0.071
0.071
0.067
0.071
0.071
0.067
0.071
0.071
0.070
0.071
0.071
0.071
0.070
0.071
0.065
0.071
0.071
0.071
0.067
0.071
0.071
0.071
0.071
0.071
0.071
0.071
0.067
0.063
0.071
0.063
0.071
0.071
0.071
0.071
0.071
0.071
0.071
0.071
0.071
0.071
0.071
0.071
0.071
0.071
0.071
0.071
0.071
0.071
0.071
0.071
0.071
0.068
0.071
0.058
0.069
0.071
0.071
0.071
0.071
0.071
0.071
0.071
0.071
0.071
0.071
0.066
0.071
0.071
0.071
0.071
0.071
0.071
0.071
0.071
0.071
0.071
0.071
0.069
0.071
0.071
0.071
0.071
0.071
0.063
0.071
0.071
0.071
0.071
0.071
0.069
0.071
0.071
0.071
0.071
0.071
0.071
0.071
0.071
0.071
0.071
0.071
0.071
0.071
0.071
0.071
0.071
0.071
0.065
0.071
0.071
0.071
0.069
0.069
0.071
0.071
0.071
0.071
0.071
0.071
0.071
0.071
0.071
0.071
0.071
0.071
0.071
0.071
0.071
0.068
0.071
0.071
0.071
0.071
0.071
0.071
0.071
0.071
0.071
0.071
0.071
0.071
0.071
-0.874
-1.650
-0.874
0.071
-0.873
0.071
-0.855
0.065
-0.855
-0.855
0.065
-0.870
0.071
0.071
0.071
0.071
-0.873
-0.870
-0.855
0.071
0.071
0.071
0.061
0.071
-0.871
0.071
-0.870
0.065
-0.873
-1.584
-0.855
0.065
0.071
0.065
0.070
0.053
0.065
-1.613
-1.584
-0.855
0.071
0.071
0.071
0.065
0.065
0.065
-0.874
-0.874
0.071
0.070
-0.873
-0.855
0.065
0.071
0.071
0.071
0.071
-0.870
-0.874
0.071
0.071
0.071
0.065
0.065
-1.613
0.071
0.071
-0.873
-0.855
0.065
0.071
-0.871
0.065
-0.871
-0.873
0.065
-0.873
0.065
0.071
-2.381
-0.875
-0.855
-2.246
-0.873
0.071
0.071
0.065
-0.873
-3.255
0.071
0.071
-1.606
-1.045
-1.045
-1.264
-1.045
-1.045
-1.895
-0.874
0.071
-2.501
-0.875
0.065
0.071
-0.871
0.071
0.065
-0.874
-0.870
0.065
0.071
0.071
0.071
0.071
0.071
0.069
0.071
0.071
0.069
0.071
0.071
0.070
0.071
0.071
0.067
0.071
0.071
0.071
0.071
0.071
0.071
0.071
0.071
0.063
0.071
0.071
0.070
0.071
0.071
0.070
0.071
0.071
0.065
0.071
0.071
0.071
0.071
0.071
0.071
0.071
0.071
0.071
0.071
0.071
0.071
0.071
0.071
0.071
0.071
0.059
0.071
0.071
0.071
0.071
0.071
0.071
0.066
0.071
0.071
0.071
0.065
0.071
0.071
0.071
0.071
0.071
0.071
0.071
0.071
0.071
0.071
0.062
0.071
0.071
0.069
0.071
0.071
0.071
0.071
0.071
0.071
0.071
0.071
0.056
0.071
0.071
0.071
0.071
0.071
0.062
0.071
0.071
0.070
0.071
0.071
0.068
0.071
0.071
0.069
0.071
0.071
0.059
0.070
0.071
0.071
0.071
0.071
0.070
0.071
0.071
0.071
0.071
0.071
0.071
0.071
0.071
0.071
0.071
0.071
0.071
0.071
0.071
0.071
0.071
0.071
0.071
0.071
0.069
0.070
0.071
0.071
0.068
0.071
0.071
0.066
0.071
0.071
0.071
0.071
0.071
0.069
0.071
0.071
0.070
0.059
0.071
0.071
0.071
0.071
0.069
0.071
0.071
0.059
0.071
0.071
0.071
0.071
0.071
0.070
0.071
0.071
0.071
0.071
0.071
0.065
0.069
0.059
0.070
0.071
0.071
0.071
0.071
0.071
0.070
0.071
0.071
0.071
0.071
0.071
0.071
0.071
0.071
0.071
0.071
0.071
0.071
0.071
0.071
0.070
0.071
0.071
0.064
0.071
0.071
0.071
0.071
0.071
0.071
0.071
0.071
0.069
0.071
0.071
0.071
0.071
0.071
0.071
0.071
0.071
0.071
0.071
0.071
0.069
0.071
0.071
0.071
0.071
0.071
0.068
0.071
0.071
0.071
0.071
0.071
0.071
0.071
0.071
0.063
0.071
0.071
0.063
0.071
0.071
0.071
0.071
0.071
0.063
0.069
0.071
0.071
0.071
0.071
0.071
0.071
0.071
0.071
0.071
0.071
0.071
0.071
0.071
0.068
0.071
0.071
0.067
0.065
0.071
0.069
0.071
0.071
0.071
0.071
0.071
0.071
0.071
0.071
0.071
0.071
0.071
0.071
0.071
0.071
0.071
0.071
0.071
0.071
0.071
0.071
0.068
0.071
0.071
0.069
0.068
0.071
0.071
0.071
0.071
0.069
0.071
0.071
0.071
0.071
0.071
0.071
0.071
0.071
0.071
0.071
0.071
0.071
0.071
0.071
0.069
0.071
0.071
0.068
0.071
0.071
0.071
0.071
0.071
0.071
0.071
0.071
0.071
0.071
0.071
0.069
0.071
0.071
0.071
0.071
0.071
0.071
0.071
0.071
0.071
0.071
0.071
0.064
0.071
0.071
0.059
0.071
0.071
0.064
0.071
0.071
0.070
0.071
0.071
0.069
0.071
0.071
0.067
0.071
0.071
0.071
0.071
0.071
0.071
0.071
0.071
0.071
0.071
0.071
0.068
0.071
0.071
0.071
0.069
0.071
0.070
0.071
0.071
0.071
0.071
0.071
0.062
0.071
0.071
0.068
0.071
0.071
0.063
0.071
0.071
0.071
0.071
0.064
0.071
0.071
0.071
0.071
0.071
0.071
0.071
0.071
0.071
0.069
0.059
0.071
0.071
0.071
0.063
0.071
0.071
0.069
0.071
0.071
0.071
0.071
0.071
0.064
0.071
0.071
0.071
0.068
0.071
0.071
0.071
0.071
0.071
-0.874
0.069
0.071
0.065
0.071
0.071
0.071
0.071
0.071
0.071
0.071
0.071
0.069
0.068
0.071
0.071
0.071
0.071
0.069
0.071
0.071
0.071
0.071
0.071
0.071
0.071
0.071
0.071
0.071
0.067
0.071
0.071
0.071
0.068
0.071
0.071
0.069
0.071
0.071
0.068
0.071
0.071
0.071
0.071
0.071
0.068
0.071
0.071
0.071
0.070
0.071
0.071
0.071
0.065
0.071
