fixedStep chrom=ENSGT00410000028767 start=1 step=1
0.000
0.000
0.000
0.000
0.000
0.000
0.000
0.000
0.000
0.000
0.000
0.000
0.000
0.000
0.000
0.000
0.000
0.000
0.000
0.000
0.000
0.000
0.000
0.000
0.000
0.000
0.000
0.000
0.000
0.000
0.000
0.000
0.000
0.068
0.069
0.062
0.068
0.068
0.068
0.069
0.068
0.069
0.068
0.068
0.069
0.069
0.069
0.068
-0.946
-1.025
-0.946
-0.946
-0.946
-0.946
-0.946
-0.946
-0.946
-0.946
-0.946
-0.946
0.068
0.068
0.062
0.068
0.068
0.067
0.057
0.058
0.068
0.068
0.068
0.068
0.068
0.068
0.057
0.068
0.068
0.068
0.068
0.069
-0.972
0.068
0.068
0.069
0.059
0.062
0.066
0.068
0.062
0.069
0.068
0.065
0.068
0.068
0.062
0.068
0.068
-1.924
0.068
0.062
0.062
0.066
-1.376
-1.375
-1.375
0.068
-0.968
0.069
0.068
0.067
0.069
0.068
0.067
0.069
0.068
0.062
0.066
0.068
0.062
0.069
0.066
0.066
-0.972
0.068
0.069
0.068
0.068
0.068
0.068
0.069
0.068
0.069
0.068
0.068
0.068
0.068
0.062
0.068
0.068
0.068
0.068
0.068
0.068
0.068
0.068
-0.971
0.068
0.068
0.068
0.068
-0.955
0.068
0.068
0.068
0.069
0.068
0.068
0.068
0.068
0.068
0.068
0.062
0.068
0.068
0.068
0.068
0.069
0.068
-0.347
-0.347
-0.347
0.068
0.069
0.067
0.068
0.068
0.068
0.068
0.068
0.069
0.068
0.068
0.059
0.068
-0.972
0.057
0.068
0.069
0.068
0.069
0.066
0.069
0.068
0.066
0.068
0.068
0.068
0.068
0.068
0.068
0.068
0.068
0.062
-0.972
-1.582
0.068
0.069
0.068
0.069
0.068
0.069
0.069
0.069
0.068
0.069
0.068
0.068
0.068
-0.968
-0.968
0.062
0.066
0.069
0.068
0.066
0.068
0.068
0.064
0.068
0.068
0.068
0.068
0.069
-0.955
0.066
0.057
0.069
0.068
0.068
0.066
-0.955
0.068
0.068
0.069
0.069
0.068
0.069
0.068
0.069
0.068
0.069
0.069
0.068
0.068
0.068
0.068
0.062
0.069
0.068
0.069
0.069
-0.955
0.068
0.069
0.068
0.068
0.067
0.068
0.069
0.068
0.068
-0.971
0.068
0.068
0.062
0.068
-1.587
-1.375
-1.375
-1.376
-1.370
-1.376
0.068
0.069
0.068
0.069
0.069
0.068
0.068
0.069
0.067
0.068
0.068
0.069
0.068
0.068
0.068
0.068
0.068
0.062
0.069
0.069
0.068
0.062
0.068
0.068
0.068
-0.969
0.068
0.068
0.069
0.066
0.062
0.068
0.069
0.069
0.069
-2.118
0.066
0.068
0.069
0.068
0.068
0.068
0.068
0.068
0.069
0.068
0.062
0.068
0.068
0.068
0.064
0.069
0.068
0.069
0.069
0.069
0.069
0.068
0.068
0.068
0.068
0.062
0.068
0.068
0.068
0.068
0.068
0.068
0.062
0.069
-0.971
0.062
0.062
0.069
-0.971
-0.946
-0.946
-0.946
-0.946
-0.946
-0.946
-1.934
-0.946
-0.946
0.068
0.066
0.068
0.068
0.068
0.068
0.068
0.068
0.069
