fixedStep chrom=ENSGT00390000006979 start=1 step=1
0.000
0.000
0.000
0.000
0.000
0.000
0.000
0.000
0.000
0.000
0.000
0.000
0.000
0.000
0.000
0.000
0.000
0.000
0.000
0.000
0.000
0.000
0.000
0.000
0.000
0.000
0.000
0.000
0.000
0.000
0.000
0.000
0.000
0.000
0.000
0.000
0.000
0.000
0.000
0.000
0.000
0.000
0.000
0.000
0.000
0.000
0.000
0.000
0.000
0.000
0.000
0.000
0.000
0.000
0.000
0.000
0.000
0.000
0.000
0.000
0.000
0.000
0.000
0.000
0.000
0.000
0.000
0.000
0.000
0.000
0.000
0.000
0.000
0.000
0.000
0.000
0.000
0.000
0.000
0.000
0.000
0.000
0.000
0.000
0.000
0.000
0.000
0.000
0.000
0.000
0.000
0.000
0.000
0.000
0.000
0.000
0.000
0.000
0.000
0.000
0.000
0.000
0.000
0.000
0.000
0.000
0.000
0.000
0.000
0.000
0.000
0.000
0.000
0.000
0.000
0.000
0.000
0.000
0.000
0.000
0.000
0.000
0.000
0.000
0.000
0.000
0.000
0.000
0.000
0.000
0.000
0.000
0.000
0.000
0.000
0.000
0.000
0.000
0.000
0.000
0.000
0.000
0.000
0.000
0.000
0.000
0.000
0.000
0.000
0.000
0.000
0.000
0.000
0.000
0.000
0.000
0.000
0.000
0.000
0.000
0.000
0.000
0.000
0.000
0.000
0.000
0.000
0.000
0.000
0.000
0.000
0.000
0.000
0.000
0.000
0.000
0.000
0.000
0.000
0.000
0.000
0.000
0.000
0.000
0.000
0.000
0.000
0.000
0.000
0.000
0.000
0.000
0.000
0.000
0.000
0.000
0.000
0.000
0.000
0.000
0.000
0.000
0.000
0.000
0.000
0.000
0.000
0.000
0.000
0.000
0.000
0.000
0.000
0.000
0.000
0.000
0.000
0.000
0.000
0.000
0.000
0.000
0.000
0.000
-0.377
-0.394
-0.394
-0.379
-0.449
-0.394
-0.394
-4.189
-4.478
-3.183
0.156
-0.434
0.188
0.156
-0.684
-1.120
0.179
0.184
0.183
0.083
0.083
0.097
0.095
0.083
0.083
0.653
0.653
0.653
0.653
0.653
0.653
-0.435
-0.732
0.130
0.156
0.159
0.142
0.142
0.146
0.145
0.159
0.157
0.156
0.194
0.185
0.142
-0.496
0.179
0.183
-0.548
-0.488
0.132
0.194
0.185
-0.657
-0.782
0.159
0.143
0.180
-0.548
0.152
-0.779
0.143
-1.134
-0.496
0.188
0.131
0.180
-0.761
0.142
-0.729
0.179
0.194
0.170
0.194
-1.110
0.143
0.156
0.159
0.132
0.157
0.197
0.000
0.000
0.000
0.000
0.000
0.000
0.000
0.000
0.000
0.000
0.000
0.000
0.000
0.000
0.000
0.000
0.000
0.000
0.000
0.000
0.000
0.000
0.000
0.000
-0.459
-0.470
-0.565
0.151
0.143
0.194
0.171
0.144
0.132
0.143
0.191
0.160
0.153
0.153
0.190
0.195
0.167
0.143
-0.782
0.140
0.194
0.171
0.150
0.140
0.185
0.176
0.172
-1.978
0.150
0.150
-0.492
-0.470
-0.585
-0.468
-0.452
-0.490
-2.219
-1.336
-1.763
-1.257
-1.630
-1.763
-1.763
-1.772
-1.099
-1.404
-2.212
-1.298
-0.777
0.144
0.127
-0.957
-0.707
-2.322
0.180
0.153
0.152
0.173
0.143
-2.209
0.151
0.153
0.151
0.181
0.183
0.183
0.181
0.157
0.153
-0.649
-0.967
0.125
0.194
0.172
0.189
0.194
0.172
0.186
1.264
1.264
1.264
1.264
1.264
1.264
0.153
0.153
0.189
0.174
0.194
0.180
0.153
0.191
0.187
0.156
0.143
0.180
0.141
0.194
0.192
0.170
0.172
0.146
0.155
0.156
0.126
0.163
0.172
-0.478
0.156
0.125
0.142
0.150
0.189
0.195
0.178
0.188
0.155
0.143
0.153
0.170
0.000
0.000
0.000
0.000
0.000
0.000
0.000
0.000
0.000
0.000
0.000
0.000
0.000
0.000
0.000
0.000
0.000
0.000
0.000
0.000
0.000
0.172
0.172
0.172
-0.971
0.189
-1.533
0.171
0.197
0.194
0.173
0.176
0.170
0.172
0.140
-0.333
-0.561
0.156
-0.935
1.264
1.264
1.264
0.155
0.170
0.195
0.156
0.159
0.146
0.170
0.143
-0.949
-0.955
0.187
-1.170
0.187
-0.648
0.128
-0.435
0.183
0.193
0.196
0.196
0.194
0.193
0.193
0.181
0.193
0.000
0.000
0.000
0.000
0.000
0.000
0.000
0.000
0.000
0.000
0.000
0.000
0.193
0.193
0.193
0.130
0.193
0.130
0.130
0.180
0.181
0.193
0.127
0.193
0.193
0.194
0.194
0.196
0.128
0.130
0.196
0.193
0.131
0.194
0.182
0.130
0.130
0.130
0.193
0.193
0.194
0.196
0.196
0.182
0.181
0.130
0.131
0.193
0.193
0.186
0.183
0.131
0.194
0.193
0.130
0.181
0.130
0.196
0.183
0.159
0.181
0.181
0.181
0.193
0.182
0.196
0.196
0.194
0.182
0.130
0.177
0.193
0.194
0.183
0.183
0.195
0.132
0.197
0.197
0.192
0.132
0.133
0.132
0.183
0.183
0.195
0.132
0.197
0.194
0.183
0.197
0.123
0.194
0.194
0.191
0.195
0.132
0.184
0.194
0.197
0.177
0.194
0.194
0.194
0.194
0.194
0.194
0.132
0.194
0.132
0.182
0.132
0.195
0.197
0.195
0.139
0.194
0.197
0.133
0.132
0.195
0.193
0.183
0.183
0.195
0.195
0.197
0.194
0.195
0.197
0.194
0.183
0.132
0.132
0.133
0.183
0.132
0.197
0.197
0.195
0.194
0.194
0.182
0.194
0.194
0.195
0.195
0.194
0.194
0.194
0.194
0.195
0.194
0.195
0.195
0.197
0.195
0.144
0.194
0.194
0.195
0.184
0.186
0.162
0.132
0.197
0.161
0.194
0.197
0.194
0.132
0.133
0.131
0.197
0.132
0.195
0.183
0.197
0.194
0.195
0.194
0.132
0.195
0.197
0.192
0.195
0.197
0.192
0.194
0.195
0.124
0.197
0.195
0.184
0.194
0.132
0.195
0.197
0.132
0.193
0.132
0.197
0.132
0.132
0.189
0.194
0.132
0.183
0.157
0.132
0.183
0.183
0.183
0.132
0.130
0.183
0.194
0.130
0.197
0.197
0.193
0.197
0.197
0.195
0.132
0.183
0.194
0.195
0.194
0.192
0.197
0.197
0.195
0.194
0.197
0.183
0.194
0.194
0.131
0.194
0.183
0.131
0.194
0.183
0.184
0.132
0.132
0.194
0.183
0.132
0.184
0.183
0.197
0.195
0.194
0.194
0.183
0.194
0.194
0.132
0.197
0.197
0.195
0.197
0.194
0.195
0.132
0.131
0.183
0.653
0.653
0.653
0.099
0.099
0.099
0.194
0.194
0.183
0.194
0.197
0.194
0.194
0.194
0.194
0.195
0.195
0.195
0.194
0.197
0.194
0.133
0.132
0.195
0.194
0.130
0.194
0.194
0.194
0.193
0.132
0.194
0.183
0.194
0.194
0.194
0.195
0.194
0.195
0.194
0.197
0.195
0.195
0.194
0.132
0.194
0.197
0.194
0.194
0.184
-2.735
0.194
0.195
0.144
0.195
0.197
0.194
0.132
0.195
0.189
0.195
0.194
0.194
0.194
0.195
0.163
0.195
0.197
0.132
0.194
0.186
0.181
0.183
0.197
0.132
0.133
0.195
0.195
0.132
0.197
0.132
0.195
0.194
0.194
0.194
0.183
0.194
0.194
0.180
0.193
0.194
0.180
0.181
0.179
0.197
0.194
0.194
0.180
0.180
-0.545
0.183
0.130
0.168
0.132
-0.464
0.194
0.180
0.127
0.168
0.132
0.193
0.099
0.089
0.089
0.168
0.195
0.194
-0.785
0.180
-0.802
0.180
0.180
0.193
-0.681
-0.932
-1.010
-0.681
-0.684
-0.709
0.162
0.183
0.132
0.197
0.183
0.195
0.195
0.195
0.162
0.180
0.180
0.180
0.194
0.128
0.195
0.133
0.181
0.190
0.168
-0.545
-0.550
1.328
1.328
1.328
0.192
0.181
0.183
-0.541
0.128
-2.794
0.180
0.194
0.183
0.194
0.180
0.195
0.195
0.197
0.128
0.195
0.194
0.180
0.183
0.191
0.180
-0.544
0.183
0.183
0.128
0.195
0.128
-0.547
-0.550
-0.545
0.192
0.191
0.195
0.197
0.180
0.192
0.168
0.180
0.168
0.180
0.194
0.192
0.181
0.197
0.183
0.194
0.194
0.195
0.167
-0.545
0.180
0.653
0.653
0.653
0.653
0.653
0.653
0.653
0.652
0.653
0.653
0.653
0.000
