fixedStep chrom=ENSGT00730000110979 start=1 step=1
0.000
0.000
0.000
0.000
0.000
0.000
0.000
0.000
0.000
0.000
0.000
0.000
0.000
0.000
0.000
0.000
0.000
0.000
0.000
0.000
0.000
0.000
0.000
0.000
0.000
0.000
0.000
0.000
0.000
0.000
0.000
0.000
0.000
0.000
0.000
0.000
0.000
0.000
0.000
0.000
0.000
0.000
0.000
0.000
0.000
0.000
0.000
0.000
0.000
-4.774
-4.871
-4.361
-4.912
-5.321
-4.888
-4.855
-4.021
-7.139
-4.841
-6.827
-4.055
-5.407
-5.814
-4.359
-4.021
-4.818
-0.629
0.166
0.171
0.172
-1.152
0.157
-2.538
0.172
0.173
-0.865
0.163
-0.229
0.149
0.175
0.165
0.121
0.121
0.121
0.128
0.177
0.120
0.177
0.178
0.175
-0.776
0.178
-2.448
0.169
0.177
-1.764
0.168
0.178
0.177
0.178
0.175
0.177
0.166
-0.086
0.177
0.177
0.178
0.175
0.172
0.136
-0.092
0.158
0.177
0.174
-0.264
-0.091
0.176
0.000
0.000
0.000
0.000
0.000
0.000
0.000
0.000
0.000
0.000
0.000
0.000
0.000
0.000
0.000
0.000
0.000
0.000
0.000
0.000
0.000
-0.644
-0.796
-0.796
-0.610
-0.609
-1.090
-1.337
-0.656
-0.672
0.162
0.175
-2.328
-0.348
-1.280
0.177
0.164
0.137
0.149
-0.091
-1.227
-0.650
-0.218
-0.213
-0.216
-0.215
-0.216
-0.215
0.139
-0.612
0.163
0.174
0.162
-0.090
-0.091
-0.262
-0.091
0.150
-0.086
0.171
-0.776
0.166
-0.544
0.175
0.175
0.172
-0.090
-0.089
-0.089
0.177
-0.157
0.166
-1.164
0.150
0.165
-1.131
-0.091
-0.091
-1.143
0.178
0.165
-0.086
-0.091
0.175
-0.772
0.177
0.177
0.169
0.165
0.162
0.175
0.176
0.177
0.168
0.168
0.163
-1.147
0.165
0.165
0.175
0.178
-0.092
0.177
-0.089
-0.092
0.163
0.176
0.165
0.175
0.166
0.161
0.169
0.174
-0.288
-0.091
0.165
0.163
-0.465
-0.285
-0.101
0.165
-0.091
0.170
0.175
0.178
-0.090
0.175
-0.091
-0.119
0.171
0.160
-0.344
0.178
-0.089
0.177
0.176
0.176
0.177
0.176
-0.734
-0.121
-0.090
0.169
0.177
0.176
-0.092
-1.490
0.176
0.176
0.175
0.165
0.165
0.171
-2.092
0.178
-0.210
0.178
-0.089
0.177
0.176
-0.089
-0.144
0.178
0.178
0.174
-0.091
0.165
-0.978
0.172
0.176
-0.091
-0.089
0.171
-0.092
0.151
0.172
0.151
0.176
0.178
0.172
0.171
0.120
-0.607
0.176
0.137
0.173
0.175
0.177
-0.238
0.164
-0.089
0.172
-3.531
-1.742
-3.542
0.177
0.176
0.175
-0.264
0.178
0.165
0.175
0.178
0.175
0.165
-0.091
-0.329
0.175
0.175
0.177
-0.091
0.178
-0.091
0.150
0.176
0.163
0.178
0.176
0.177
-0.086
0.165
-0.091
0.177
0.178
-2.398
0.165
-0.091
0.149
0.173
0.178
0.170
0.149
0.150
0.150
0.176
0.178
-0.233
0.173
0.172
-0.092
0.176
0.175
-0.091
0.176
0.177
-1.213
0.142
0.164
0.177
0.178
0.175
0.177
-0.723
0.162
-1.152
0.176
0.176
0.163
0.176
0.165
0.177
0.163
0.126
0.165
-0.267
-0.757
0.144
-0.367
0.177
0.157
0.000
0.000
0.000
0.000
0.000
0.000
0.000
0.000
0.000
0.000
0.000
0.000
0.000
0.000
0.000
0.151
0.178
-0.286
0.161
-0.091
0.176
0.172
-0.091
0.177
0.178
0.175
0.168
-0.091
-0.091
0.177
0.163
0.178
-1.599
-0.650
-0.091
-2.350
0.165
0.166
-0.264
0.165
0.161
-1.171
-0.267
-0.772
-1.057
-0.091
-0.091
-1.772
0.166
-0.089
0.175
0.165
0.176
0.175
-0.091
0.157
0.175
0.283
0.283
0.283
0.171
0.178
0.175
-0.091
0.175
0.177
0.178
0.175
0.166
-0.090
0.176
0.177
0.178
0.166
0.178
0.175
0.150
0.165
0.165
0.178
0.177
0.166
-0.086
0.132
0.172
0.178
-0.267
0.166
0.178
-1.174
0.177
0.177
0.177
0.178
0.175
0.175
0.151
-0.089
0.163
-0.697
0.176
-0.237
-1.643
-0.229
-2.140
0.165
0.161
0.163
-1.721
0.176
0.175
-0.091
0.178
-1.219
0.171
0.166
-0.732
0.165
-0.089
-0.090
0.171
-0.734
0.171
-0.099
0.165
0.168
0.178
0.175
0.178
0.000
0.000
0.000
0.000
0.000
0.000
0.000
0.000
0.000
