fixedStep chrom=ENSGT00390000012589 start=1 step=1
0.000
0.000
0.000
0.000
0.000
0.000
0.000
0.000
0.000
0.000
0.000
0.000
0.000
0.000
0.000
0.000
0.000
0.000
0.078
0.078
0.078
0.078
0.078
0.078
0.078
0.073
0.055
0.061
0.070
0.062
0.060
0.078
0.078
0.063
0.061
-2.249
0.078
0.058
0.062
0.073
0.078
0.073
0.077
-1.564
0.073
-2.214
0.073
0.073
0.078
0.058
0.074
0.078
0.078
0.078
0.061
0.074
0.074
0.077
0.074
0.058
0.078
0.070
-1.563
0.071
0.078
0.078
0.078
0.073
0.077
0.060
0.078
0.055
0.078
0.078
0.078
0.078
-1.332
0.078
0.073
0.078
0.075
0.073
0.078
0.078
0.078
0.078
0.078
0.000
0.000
0.000
0.000
0.000
0.000
0.000
0.000
0.000
0.000
0.000
0.000
0.000
0.000
0.000
0.000
0.000
0.000
0.000
0.000
0.000
0.000
0.000
0.000
0.000
0.000
0.000
0.000
0.000
0.000
0.000
0.000
0.000
0.000
0.000
0.000
0.074
0.071
0.073
0.074
0.078
0.078
0.074
0.078
0.063
0.078
0.056
0.078
0.073
0.078
0.058
0.073
0.078
-2.175
0.074
0.074
0.078
0.078
-1.583
0.078
0.078
0.070
0.078
0.078
0.078
0.074
0.078
0.078
0.078
0.071
0.078
0.078
0.078
0.078
0.063
0.078
0.078
0.074
0.074
0.078
0.078
0.078
0.078
0.074
0.078
0.078
-2.190
0.078
0.078
0.077
0.078
0.078
0.078
0.078
0.078
0.078
0.074
0.062
0.078
0.078
0.078
0.078
0.074
0.078
0.061
-1.572
0.078
0.078
0.078
0.078
0.074
0.078
0.078
0.078
0.078
0.078
0.064
0.078
0.078
0.074
0.078
0.078
0.078
0.078
0.078
0.057
0.074
0.078
0.078
-1.153
-1.153
-1.154
0.078
0.078
0.058
0.078
0.078
0.078
0.078
0.078
0.078
0.078
0.078
0.078
0.078
0.078
0.077
0.078
0.078
0.078
0.075
0.078
0.078
0.078
0.078
0.074
0.078
0.078
0.073
-1.154
-1.255
-1.153
0.070
0.078
-1.610
0.064
0.078
0.073
0.078
0.078
0.078
0.078
0.077
0.073
0.061
0.074
0.078
0.078
0.074
0.060
0.078
0.078
0.077
0.074
0.074
0.064
0.078
0.078
0.078
0.074
0.078
0.078
0.073
0.058
0.078
0.078
-2.153
0.078
-1.154
-1.153
-1.265
0.078
0.060
0.078
0.078
0.078
0.078
0.078
0.074
0.058
0.078
0.078
0.074
0.074
0.074
0.073
-1.610
-1.547
0.078
0.078
0.078
0.078
0.078
-2.196
0.077
-1.102
-1.102
-1.105
0.078
0.078
0.078
0.078
0.078
0.078
0.078
0.078
0.078
-1.150
-1.153
-1.153
0.078
0.074
0.078
0.058
0.078
0.074
0.078
0.078
0.078
0.078
0.078
0.078
0.078
0.078
0.077
0.078
0.078
0.063
0.078
0.078
0.078
-1.154
-1.153
-2.170
0.078
0.078
0.078
0.077
0.078
0.073
0.078
0.078
0.073
0.078
0.078
0.078
0.074
0.078
0.073
0.078
0.078
0.078
0.078
0.078
0.078
0.078
0.078
0.078
0.071
0.078
-2.333
0.078
0.078
0.058
0.061
0.078
0.071
0.078
0.078
0.078
0.078
0.078
-1.557
0.074
0.078
0.078
0.078
0.078
0.078
0.058
0.078
0.078
0.078
0.078
0.078
0.078
0.078
0.074
0.078
0.078
0.074
0.078
0.078
0.061
0.078
0.078
0.078
0.078
0.078
0.078
0.078
0.078
0.078
0.078
0.078
0.074
0.078
0.078
0.078
0.074
0.078
0.078
0.078
0.078
0.074
0.078
0.078
0.078
0.078
0.078
0.078
0.078
0.078
0.078
0.078
0.078
0.074
0.078
0.078
0.074
0.078
0.078
0.073
0.078
0.078
0.078
0.078
0.078
0.078
0.078
0.078
0.078
0.078
0.078
0.078
0.078
0.078
0.078
0.078
0.078
0.078
0.078
0.078
0.077
0.078
0.078
0.073
0.078
0.078
0.078
0.078
0.078
0.078
0.078
0.078
0.078
0.075
0.078
0.078
0.078
0.078
0.078
0.060
0.078
0.078
0.078
0.078
0.078
0.078
0.078
0.064
0.078
0.078
0.078
0.078
0.078
0.074
0.078
0.078
0.078
0.078
0.078
-2.175
0.078
0.078
0.078
0.078
0.078
0.073
0.078
0.078
-1.587
0.078
0.078
0.078
0.078
0.078
0.078
0.078
0.078
0.055
0.078
0.078
0.078
0.078
0.078
0.077
0.078
0.076
0.078
0.078
0.078
0.078
0.078
0.078
0.058
0.078
0.078
0.060
0.078
0.078
0.078
0.078
0.078
0.078
0.074
0.078
0.074
0.078
0.078
0.078
0.078
0.078
0.078
0.078
0.078
0.074
0.074
0.078
0.058
0.078
0.078
0.078
0.078
0.078
0.058
0.078
0.078
0.070
0.078
0.078
0.078
0.078
0.078
0.078
0.078
0.078
0.078
0.078
0.078
0.073
0.078
0.078
0.078
0.074
0.078
0.078
0.078
0.078
0.078
0.078
0.078
0.078
0.056
0.078
0.077
0.078
0.078
0.078
0.074
0.074
0.078
0.078
0.078
0.078
0.078
0.078
0.074
0.078
0.078
0.078
0.078
0.078
-2.214
0.078
0.078
0.074
0.078
0.078
0.078
0.078
0.078
0.078
0.078
0.078
0.078
0.078
0.078
0.078
0.078
0.078
0.073
0.078
0.078
0.078
0.078
0.078
0.078
0.078
0.078
0.078
0.078
0.078
0.078
0.060
0.078
0.058
0.078
0.078
0.078
0.074
0.078
0.078
