fixedStep chrom=ENSGT00390000001945 start=1 step=1
0.102
0.102
0.102
0.102
0.099
0.085
0.096
0.102
0.102
0.102
0.102
0.102
0.102
0.102
0.100
0.102
0.099
0.102
0.102
0.102
0.098
0.100
0.094
0.102
0.093
0.093
0.102
0.102
0.102
0.102
0.102
0.102
0.102
0.102
0.102
0.100
0.102
0.102
0.094
0.102
0.102
0.100
0.102
0.100
0.083
0.096
0.102
0.102
0.102
0.102
0.102
0.102
0.102
0.102
0.102
0.102
0.102
0.102
0.100
0.090
0.089
0.089
0.089
0.096
0.102
0.075
0.102
0.102
0.099
0.102
0.102
0.101
0.102
0.093
0.094
0.102
0.102
0.102
0.102
0.102
0.102
0.102
0.102
0.102
0.102
0.102
0.102
0.102
0.102
0.101
0.101
0.102
0.096
0.102
0.102
0.100
0.102
0.102
0.102
0.102
0.102
0.102
0.102
0.102
0.100
0.102
0.102
0.102
0.102
0.100
0.097
0.102
0.099
0.100
0.094
0.099
0.102
0.102
0.090
0.102
0.102
0.102
0.102
0.102
0.102
0.102
0.102
0.102
0.102
0.102
0.088
0.087
0.102
0.102
-1.547
0.102
0.102
0.102
0.102
0.102
0.100
0.102
0.102
0.083
0.098
0.098
0.092
0.098
0.095
0.098
0.095
0.098
0.098
0.098
0.098
0.098
0.098
0.085
0.098
0.098
0.098
0.098
0.098
0.098
0.089
0.092
0.098
0.097
0.098
0.098
0.098
0.098
0.098
0.089
0.083
0.098
0.098
0.069
0.098
0.098
0.098
0.102
0.102
0.102
0.102
0.102
0.102
0.096
0.102
0.102
0.102
0.093
0.102
0.096
0.102
0.102
0.102
0.099
0.102
0.102
0.075
0.102
0.102
0.102
0.094
0.102
0.102
0.102
0.100
0.099
0.102
0.102
0.102
0.102
0.102
0.102
0.102
0.102
0.098
-1.250
-1.451
-1.761
