fixedStep chrom=ENSGT00390000004910 start=1 step=1
-1.075
-1.613
-1.077
-3.165
-1.308
-1.308
-1.839
-1.839
-1.243
0.080
0.076
-1.397
0.067
0.084
0.079
0.084
0.067
0.082
0.084
0.084
0.084
0.084
0.084
0.075
0.075
0.075
0.075
0.075
-0.825
0.072
0.075
0.075
0.075
0.075
0.075
0.075
0.075
0.075
0.075
0.075
0.075
0.075
0.075
0.075
0.073
0.075
0.075
0.061
0.075
0.075
-2.168
0.074
0.075
0.075
0.075
0.075
0.072
0.075
0.075
0.075
0.075
0.075
0.071
0.072
0.075
0.075
-1.629
0.075
0.075
0.075
0.073
0.075
0.075
0.075
-2.297
0.075
0.075
0.075
0.075
0.075
0.075
0.075
0.075
0.075
0.075
0.075
0.069
0.075
0.075
0.075
0.075
0.075
0.069
0.075
0.075
0.075
0.075
0.073
0.074
0.075
0.075
0.075
0.075
0.075
0.075
0.075
0.075
0.071
0.075
0.075
0.072
0.075
0.074
0.075
0.075
0.074
0.075
0.075
0.075
0.075
0.075
0.075
0.075
0.075
0.075
0.075
0.075
0.075
0.069
0.075
0.075
0.071
0.058
0.075
0.075
0.075
0.075
0.071
0.071
0.068
0.074
0.075
0.075
0.075
0.074
0.075
0.075
0.075
0.075
0.075
-2.166
-2.166
-2.166
0.075
0.075
0.084
0.084
0.076
0.084
0.080
0.084
0.084
0.084
0.084
0.080
0.084
0.084
0.084
0.084
0.084
0.084
0.084
0.067
0.064
0.084
0.084
0.084
0.084
0.084
0.082
0.078
0.067
0.067
-0.062
-0.062
-0.062
0.084
0.084
0.084
0.084
0.084
0.084
0.084
0.084
0.078
0.084
0.084
0.084
0.084
0.084
0.080
0.084
0.084
0.084
-1.398
-1.396
-1.388
0.080
0.084
0.084
0.084
0.084
0.079
0.084
0.081
0.084
0.084
0.084
0.084
0.084
0.084
0.084
0.084
0.084
0.084
0.069
0.084
0.084
0.084
0.084
0.084
0.084
0.084
0.084
0.084
0.084
0.079
0.084
0.084
0.084
0.084
0.084
0.084
0.084
0.084
0.084
0.084
0.084
0.084
0.084
0.084
0.084
0.084
0.084
0.084
0.084
0.084
0.084
0.084
0.080
0.084
0.084
0.084
0.084
0.084
0.084
0.084
0.084
0.082
0.084
0.067
0.084
0.084
0.084
0.084
0.084
0.084
0.084
0.084
0.081
0.084
0.079
0.084
0.078
0.084
0.084
0.084
0.076
0.084
0.084
0.084
0.084
0.084
0.079
0.067
0.069
0.080
0.080
0.084
0.084
0.079
0.084
0.084
0.084
0.084
0.084
0.084
0.064
0.084
0.084
0.080
0.080
0.084
0.077
0.082
0.082
-2.193
0.082
0.084
0.084
0.084
0.084
0.064
0.084
0.084
0.084
0.084
0.084
0.080
0.084
0.084
0.076
0.077
0.084
0.084
0.078
0.084
0.084
0.084
0.064
0.084
0.074
0.084
0.084
0.082
0.084
0.084
0.084
0.084
0.084
0.084
0.084
0.081
0.083
0.077
0.064
0.084
0.084
0.084
0.079
0.084
0.084
0.084
0.084
0.084
0.084
0.084
0.079
0.067
0.084
0.084
0.084
0.084
0.084
0.084
0.084
0.084
0.084
0.084
0.080
0.078
0.084
0.084
0.084
0.084
0.084
0.082
0.084
0.084
0.069
0.078
0.069
0.082
0.084
0.064
0.081
0.063
0.084
0.080
0.079
0.084
0.084
0.080
0.084
0.084
0.084
0.084
0.084
0.084
0.078
0.084
0.084
0.082
0.084
0.074
0.064
0.083
0.081
-1.595
0.078
-2.897
-2.897
-3.402
0.083
0.082
0.079
0.079
0.084
0.084
0.084
0.084
0.079
0.077
0.082
0.083
0.084
0.084
0.083
0.084
0.080
0.084
0.083
0.080
0.080
0.080
0.079
0.064
0.084
0.084
0.084
0.080
0.084
0.081
0.081
0.084
0.080
0.080
0.084
0.082
0.084
0.081
0.080
0.084
0.084
0.067
0.080
0.084
0.079
0.079
0.079
0.080
0.064
0.084
0.080
0.084
0.084
-2.145
0.083
0.084
0.080
0.084
0.079
0.084
0.084
-2.759
0.082
0.084
0.084
0.084
0.080
0.064
0.076
0.082
0.084
0.084
0.084
0.084
0.080
0.084
0.084
0.078
0.084
0.084
0.079
0.084
0.084
0.069
0.084
0.084
0.084
0.084
0.084
0.084
0.084
0.084
0.084
0.084
0.084
0.084
0.082
0.084
0.082
0.084
0.084
0.084
0.084
0.084
0.084
0.084
0.084
0.084
0.084
0.084
0.063
0.084
0.084
0.084
0.084
0.084
0.081
0.084
0.081
0.084
0.084
0.084
0.084
0.084
0.084
0.062
0.084
0.081
0.084
0.084
0.084
0.084
0.084
0.084
0.084
0.064
0.078
0.084
-1.590
-1.395
0.084
