fixedStep chrom=ENSGT00390000008873 start=1 step=1
-1.686
-2.024
-1.690
0.083
0.081
0.076
0.083
0.083
0.067
0.079
0.083
0.079
0.083
0.083
0.079
0.083
0.083
0.083
0.083
0.083
0.083
0.083
0.083
0.083
0.083
0.083
0.083
0.083
0.083
0.083
0.083
0.083
0.079
0.083
0.083
0.083
0.067
0.083
0.082
0.083
0.083
0.083
0.083
0.083
0.078
0.083
-0.736
0.083
0.083
0.083
0.083
0.083
0.083
0.083
0.083
0.076
0.082
0.076
0.083
-1.983
0.077
-0.740
0.076
0.083
0.083
0.083
0.083
0.083
0.083
0.083
0.083
0.083
0.079
0.083
0.063
0.083
0.083
0.083
0.083
0.083
0.083
0.076
0.081
0.076
0.083
0.083
0.083
0.083
0.083
0.083
0.083
0.083
0.076
0.083
0.066
0.066
0.066
0.066
0.066
0.066
0.066
0.066
0.066
0.066
0.066
0.066
0.066
0.060
0.061
0.066
0.066
0.066
0.066
0.066
0.066
0.066
0.066
0.066
0.066
0.066
0.065
0.066
0.066
0.064
0.066
0.066
0.066
0.066
-3.556
0.066
0.066
0.066
0.061
0.066
0.057
0.057
0.066
0.064
0.061
0.066
0.066
0.066
0.066
0.065
0.066
0.066
0.066
0.066
0.066
0.066
0.066
0.066
0.064
0.066
0.066
0.066
0.066
0.066
-0.934
0.066
0.066
0.066
0.066
0.066
0.066
0.066
0.066
0.066
0.066
0.066
0.066
0.065
0.066
0.066
0.066
0.066
0.066
0.066
0.066
0.066
0.066
0.066
0.066
0.066
0.066
0.066
0.066
0.066
0.066
0.066
0.066
0.066
0.066
0.065
0.066
0.066
0.066
0.066
0.066
0.066
0.061
0.066
0.061
0.063
0.066
0.066
0.066
0.066
0.066
0.063
0.066
0.066
0.061
0.064
0.064
0.066
0.064
0.066
0.066
0.066
0.064
0.066
0.066
0.066
0.061
0.063
0.061
0.066
0.066
0.066
0.061
0.066
0.066
0.065
0.066
0.066
0.066
0.066
0.066
0.064
0.066
0.066
0.066
0.057
0.066
0.066
0.066
0.066
0.061
0.064
0.066
0.063
0.066
0.066
0.066
0.066
0.066
0.066
0.066
0.066
0.066
0.066
0.065
0.061
0.064
0.064
0.056
0.064
0.066
0.061
0.066
0.066
0.066
0.066
0.066
0.061
0.057
0.066
0.066
0.066
0.065
0.066
0.066
0.066
0.066
0.066
0.066
0.066
0.066
0.066
0.066
0.066
0.066
0.066
0.066
0.066
0.063
0.066
0.066
0.066
0.066
0.083
0.066
0.083
0.083
0.083
0.083
0.083
0.076
0.076
0.083
0.079
0.083
0.083
0.083
0.083
0.083
0.083
0.083
0.073
0.076
0.083
0.083
0.062
-0.740
0.083
0.081
0.083
0.083
0.083
0.083
0.083
0.083
0.083
0.083
0.081
0.083
0.083
0.067
0.083
0.083
0.079
0.083
0.083
0.083
0.083
0.083
0.083
0.083
-0.736
-0.740
0.083
0.083
0.083
0.083
0.083
-0.740
0.083
0.083
0.079
-0.849
-0.849
-0.849
0.083
0.083
0.083
0.083
0.083
0.081
0.083
-0.736
0.076
0.083
0.083
0.083
0.083
0.083
0.081
0.083
0.083
0.083
0.083
0.083
0.083
0.083
0.083
0.083
0.077
0.083
0.083
0.083
0.083
0.080
0.083
0.083
0.083
0.083
0.083
0.083
-0.849
-1.005
-0.849
0.083
0.083
0.083
0.083
0.083
0.075
0.083
0.083
0.083
0.083
0.083
0.079
0.083
0.083
0.083
0.083
0.083
0.074
0.083
0.083
0.077
0.083
0.083
0.075
0.083
0.083
0.083
0.083
-1.983
0.073
0.083
0.083
-0.740
0.083
0.083
0.081
0.083
0.083
0.083
0.083
0.083
0.083
0.083
0.083
0.083
0.083
0.083
-1.992
0.083
0.083
0.075
0.083
0.083
0.081
0.083
0.083
0.083
0.083
0.076
0.076
0.083
0.083
0.083
0.083
0.083
0.083
0.083
0.083
0.083
0.083
0.083
0.081
0.083
0.083
0.076
0.083
0.083
0.081
0.083
0.083
0.082
0.076
0.083
0.081
0.083
0.083
0.083
-0.849
-0.849
-0.849
0.083
0.083
0.083
0.083
0.083
0.081
0.082
0.083
0.083
0.083
0.083
0.083
0.083
0.083
0.083
0.083
0.083
-2.169
0.076
0.083
0.083
0.083
0.083
0.076
0.083
-0.736
0.081
0.079
0.083
0.073
0.083
0.083
0.081
0.083
0.083
0.079
0.083
0.083
0.079
0.083
0.083
0.083
0.083
0.080
0.083
0.083
0.083
0.076
0.083
0.083
0.075
0.083
0.083
0.083
0.083
0.083
0.083
0.083
0.083
0.079
0.083
0.083
0.073
0.083
0.083
-2.674
0.083
0.083
0.083
-0.849
-0.849
-0.857
0.083
0.083
0.083
0.083
0.083
0.079
0.083
0.083
0.082
0.083
0.083
-0.740
0.083
0.083
0.079
0.083
0.083
0.073
0.083
0.083
0.079
-0.736
0.083
0.083
-0.736
0.083
0.083
-0.736
0.083
0.079
-0.740
0.083
0.079
0.083
0.083
0.083
0.083
0.076
0.075
-0.740
0.083
0.083
0.083
0.083
-1.381
-0.849
-0.849
-1.015
0.082
0.083
0.083
0.083
0.083
0.081
0.083
0.083
0.083
-0.736
0.083
0.083
0.083
0.083
0.076
0.083
0.083
0.083
0.083
0.083
0.076
-0.736
0.083
0.083
0.083
0.083
0.083
0.083
0.083
0.071
0.083
0.083
0.083
0.083
0.083
0.079
0.083
-0.740
0.079
0.083
0.083
0.083
0.083
0.083
0.083
0.083
0.083
0.076
-0.740
0.074
-0.740
0.074
0.081
0.083
0.083
0.083
0.083
0.083
0.083
0.083
0.083
0.083
0.076
0.083
0.083
0.083
0.083
0.083
0.083
0.083
0.083
0.083
0.083
0.083
0.083
0.083
0.083
0.078
0.083
0.083
0.065
0.083
0.083
0.083
0.083
0.083
0.073
0.083
0.083
0.083
0.083
0.083
0.083
0.083
0.083
0.079
0.083
0.083
0.076
0.083
0.083
0.083
0.083
0.083
0.073
0.083
0.083
-1.983
0.083
0.083
0.072
0.083
0.083
0.083
0.083
0.083
0.079
0.083
0.083
0.083
0.083
0.083
0.083
0.083
0.083
0.083
0.083
0.083
0.083
0.083
0.083
0.083
0.083
0.083
0.076
0.083
0.083
0.083
0.083
0.083
0.073
0.083
0.083
0.075
0.083
0.083
0.083
0.083
0.083
0.062
0.083
0.083
0.083
0.083
0.083
-0.740
0.083
0.083
0.083
0.083
0.083
0.083
0.083
0.083
0.083
0.083
0.083
0.076
0.083
0.083
0.083
0.083
0.083
0.083
0.076
0.083
0.083
0.083
0.083
0.074
-0.736
0.083
0.082
0.083
0.083
0.083
0.081
0.083
0.083
0.083
0.083
0.079
-0.740
0.067
0.083
0.083
0.083
0.083
0.083
0.083
0.083
0.083
0.083
-0.740
0.083
0.083
0.083
0.076
0.083
0.083
0.083
-0.736
0.083
0.076
0.083
-2.577
0.083
0.083
0.075
0.083
0.083
0.076
-0.740
0.083
0.077
0.083
0.083
0.077
0.083
0.083
-0.738
0.083
0.083
0.073
0.083
0.083
0.067
0.083
0.083
0.066
0.083
0.083
0.083
-1.411
0.083
0.083
0.083
0.083
0.083
0.083
0.058
0.081
0.083
0.083
0.073
0.083
0.083
0.083
0.083
0.083
0.083
0.083
0.083
0.083
0.083
0.083
0.083
0.083
0.083
0.079
0.083
0.083
0.083
0.083
0.083
0.083
0.083
0.083
0.083
0.083
0.083
0.079
0.083
0.083
-0.738
0.083
0.083
0.073
0.083
0.083
0.083
0.076
-0.736
0.079
0.083
0.083
0.071
0.083
0.083
0.083
0.083
0.083
0.083
-0.740
0.083
0.079
0.083
0.083
0.079
0.083
0.083
0.083
0.083
0.083
0.081
0.083
0.083
0.083
0.083
0.083
0.080
0.083
0.083
0.081
-0.738
0.083
0.076
0.083
0.083
0.067
0.083
0.083
0.083
0.083
0.083
0.067
0.083
0.083
0.081
0.083
0.083
0.083
0.083
0.083
0.083
-1.411
0.083
0.083
0.083
0.083
0.083
0.083
0.083
0.083
0.083
0.083
0.081
0.083
0.083
-2.169
0.083
0.083
0.076
0.083
0.083
0.081
0.083
0.083
0.083
-0.740
0.076
-0.736
0.083
0.083
-1.424
0.083
0.083
-0.740
0.083
0.083
0.083
0.076
0.083
-0.740
0.083
0.083
0.083
0.083
0.083
0.082
0.083
0.083
-1.399
0.083
0.083
0.083
0.083
0.083
0.083
0.083
0.083
0.083
-0.736
0.083
0.083
0.083
0.083
0.071
0.083
0.083
0.083
0.083
0.083
0.078
0.083
0.083
0.083
0.083
0.083
0.083
0.076
0.083
0.083
0.083
0.066
0.066
0.066
0.066
0.066
0.066
0.066
0.060
0.066
0.066
-0.958
0.066
0.066
0.066
0.066
0.066
0.066
0.066
0.066
0.066
0.066
0.066
0.066
0.066
0.066
0.063
0.066
0.066
0.057
0.066
0.066
0.066
0.066
0.066
0.064
0.066
0.066
0.065
0.066
0.066
0.066
0.066
0.066
0.063
0.066
0.066
0.066
0.066
0.066
0.066
0.066
0.066
0.066
0.066
0.066
0.066
0.066
0.066
0.066
0.066
0.066
0.063
0.066
0.066
0.062
0.066
0.066
0.066
0.066
0.066
0.066
0.066
0.066
0.066
0.066
0.066
0.066
0.066
0.066
0.057
0.066
0.066
0.066
0.066
0.066
0.065
0.066
0.066
0.066
0.066
0.066
-0.946
0.066
0.066
0.066
0.066
0.066
0.066
0.066
0.066
0.057
0.066
0.066
0.066
0.063
0.066
0.057
0.066
0.066
0.066
0.066
0.066
0.066
0.066
0.066
0.050
0.066
0.066
0.066
0.066
0.066
0.066
0.066
0.066
0.066
0.066
0.066
0.064
0.066
0.066
0.066
0.066
0.066
0.066
0.066
0.066
0.066
0.066
0.066
0.066
0.066
0.066
0.066
0.066
0.066
0.066
0.066
0.066
0.066
0.057
0.066
0.064
0.066
0.066
0.060
0.066
0.066
0.060
0.066
0.066
0.066
0.066
0.066
0.066
0.066
0.066
0.059
0.066
0.066
0.066
0.063
0.066
-0.958
0.066
0.066
0.066
0.066
0.061
0.083
0.083
0.083
0.081
0.083
0.083
0.078
0.083
0.083
0.079
0.083
0.083
0.079
0.083
0.083
0.081
0.083
0.083
0.083
-1.975
0.083
0.083
0.083
0.083
0.081
0.083
0.083
0.083
0.083
0.083
0.083
0.083
0.083
0.083
0.083
0.083
0.083
0.083
0.083
0.081
0.083
0.083
0.083
0.083
0.083
0.083
0.083
0.083
0.075
0.083
0.083
0.083
0.083
0.083
0.083
0.083
0.083
0.078
0.083
0.083
0.083
0.083
0.083
0.083
0.083
0.083
0.079
0.083
0.083
0.083
0.083
0.083
0.083
0.083
0.083
0.083
0.083
0.083
0.082
0.083
0.083
0.083
0.083
0.083
0.078
0.083
0.083
-1.375
0.083
0.083
0.083
0.083
0.083
0.076
-1.375
0.083
0.075
0.083
0.083
0.083
0.083
0.083
0.058
0.083
0.083
0.083
0.083
0.083
0.083
0.083
0.083
0.083
0.083
0.083
0.081
0.077
0.083
0.081
0.083
0.083
0.076
0.083
0.083
0.083
0.083
0.083
0.073
0.083
0.083
0.083
0.083
0.083
0.083
0.083
0.083
0.083
0.083
0.083
0.083
0.083
0.083
0.076
0.083
0.083
0.083
0.083
0.083
0.083
0.083
0.083
0.081
0.083
0.083
0.083
0.083
0.083
0.076
0.083
0.083
0.083
0.000
0.000
0.000
0.000
0.000
0.000
