fixedStep chrom=ENSGT00390000005801 start=1 step=1
0.000
0.000
0.000
0.000
0.000
0.000
0.000
0.000
0.000
0.000
0.000
0.000
0.000
0.000
0.000
0.000
0.000
0.000
0.000
0.000
0.000
0.000
0.000
0.000
0.000
0.000
0.000
0.000
0.000
0.000
0.000
0.000
0.000
0.000
0.000
0.000
0.000
0.000
0.000
0.000
0.000
0.000
0.000
0.000
0.000
0.062
0.062
0.062
0.062
0.062
0.061
0.061
0.062
0.062
0.050
0.062
0.062
0.062
0.062
0.062
0.062
0.062
0.060
0.062
0.062
0.059
0.062
0.062
0.062
0.062
0.062
0.062
0.062
0.062
0.061
0.062
0.062
0.062
0.062
0.062
0.061
0.062
0.062
0.049
0.049
0.062
0.062
0.061
0.061
0.062
0.062
0.062
0.061
0.061
0.060
0.053
0.062
0.062
0.055
0.062
0.062
0.062
0.059
0.062
0.062
0.062
0.062
0.062
0.062
0.062
0.062
0.059
0.062
0.062
0.045
0.061
0.047
0.062
0.062
0.062
0.062
0.062
0.061
0.062
0.062
0.062
0.062
0.062
0.062
0.058
0.060
0.062
0.062
0.053
0.062
0.060
0.062
0.057
0.062
0.059
0.062
0.062
0.053
0.059
0.062
0.060
0.061
0.062
0.061
0.062
0.062
0.062
0.061
0.059
0.062
0.060
0.062
0.062
0.061
0.062
0.050
0.062
0.062
0.062
0.062
0.062
0.062
0.062
0.062
0.062
0.062
0.062
0.062
0.062
0.049
0.062
0.062
0.062
0.062
0.062
0.062
0.062
0.062
0.062
0.062
0.059
0.062
0.062
0.062
0.062
0.062
0.062
0.062
0.059
0.057
0.062
0.062
0.062
0.062
0.059
0.062
0.062
0.062
0.062
0.062
0.062
0.062
0.062
0.062
0.059
0.062
0.062
0.062
0.062
0.062
0.061
0.062
0.062
0.062
0.062
0.059
0.062
0.062
0.050
0.062
0.062
0.062
0.057
0.050
0.057
0.059
0.062
0.062
0.062
0.062
0.062
0.062
0.062
0.062
0.062
0.062
0.062
0.061
0.062
0.062
0.062
0.062
0.062
0.062
0.062
0.062
0.060
0.062
0.062
0.059
0.062
0.062
0.061
0.053
0.050
0.050
0.062
0.062
0.061
0.049
0.061
0.062
0.062
0.060
0.062
0.062
0.059
0.062
0.062
0.059
0.059
0.049
0.062
0.062
0.062
0.059
0.059
0.062
0.062
0.062
0.050
0.062
0.062
0.060
0.062
0.062
0.061
0.062
0.062
0.062
0.062
0.062
0.059
0.059
0.059
0.062
0.060
-2.354
0.062
0.062
0.061
0.062
0.062
0.062
0.062
0.062
0.062
0.062
0.062
0.056
0.059
0.062
0.062
0.062
0.057
0.062
0.062
0.062
0.059
0.062
0.062
0.058
0.062
0.062
0.062
0.056
0.062
0.062
0.062
0.062
0.062
0.059
0.062
0.062
0.062
0.062
0.062
0.062
0.062
0.060
0.062
0.062
0.062
0.059
0.062
0.062
0.062
0.061
0.062
0.056
0.062
0.062
0.062
0.062
0.062
0.062
0.062
0.062
0.062
0.062
0.058
0.056
0.062
0.062
0.062
0.061
0.062
0.061
0.062
0.059
0.062
0.062
0.062
0.062
0.061
0.059
0.062
0.062
0.062
0.062
0.062
0.062
0.062
0.062
0.052
0.062
0.062
0.062
0.062
0.062
0.062
0.062
0.062
0.046
0.062
0.062
0.061
0.062
0.062
0.050
0.062
0.062
0.060
-1.938
0.062
0.062
0.062
0.062
0.062
0.062
0.062
0.062
0.061
0.062
0.062
0.062
0.062
0.051
0.062
0.062
0.062
0.062
0.062
0.061
0.062
0.062
0.060
0.062
0.062
0.062
0.059
0.062
0.062
0.062
0.062
0.062
0.062
0.062
0.062
0.060
0.062
0.062
0.062
0.062
0.062
0.062
0.056
0.062
0.062
0.062
0.062
0.062
0.062
0.062
0.062
0.062
0.062
0.062
0.062
0.060
0.062
0.060
0.062
0.046
0.047
0.060
0.062
0.062
0.062
0.062
0.062
0.062
0.062
0.062
0.062
0.062
0.062
0.054
0.049
0.058
0.062
0.053
0.062
0.062
0.062
0.062
0.062
0.062
0.062
0.061
0.062
0.062
0.062
0.062
0.062
0.062
0.062
0.062
0.049
0.062
0.062
0.062
0.062
0.062
0.062
0.062
0.062
0.060
0.062
0.062
0.049
0.062
0.062
0.062
0.062
0.062
0.062
0.062
0.062
0.055
0.062
0.062
0.062
0.059
0.062
0.059
0.062
0.050
0.048
0.050
0.050
0.050
0.050
0.050
0.050
0.045
0.050
0.050
0.050
0.050
0.050
0.050
0.050
0.050
0.050
0.050
0.050
0.050
0.050
0.050
0.050
0.050
0.050
0.050
0.050
0.050
0.045
0.050
0.050
0.050
0.050
0.046
0.050
0.050
0.050
0.050
0.050
-1.241
0.050
0.050
0.050
0.050
0.050
0.050
0.050
0.050
0.050
0.050
0.050
0.045
0.050
0.057
0.057
0.056
0.057
0.057
0.057
0.057
0.057
0.057
0.057
0.057
0.057
0.057
0.057
-1.693
-2.313
-1.353
0.057
0.057
0.054
0.054
0.057
-0.976
0.057
0.057
0.057
0.057
0.057
0.056
0.057
0.057
0.057
0.057
0.057
0.057
0.054
0.057
-1.080
0.057
0.057
0.057
0.057
0.043
0.057
0.057
0.057
0.057
0.057
0.057
0.056
0.049
0.057
0.057
0.057
0.057
0.057
0.057
0.057
0.057
0.057
0.057
0.057
0.057
0.057
0.057
0.057
0.057
0.057
0.054
0.057
-1.099
0.057
0.057
0.057
0.057
0.057
0.057
0.055
0.057
0.057
0.057
0.057
0.057
0.057
0.057
0.054
0.057
0.057
0.049
0.057
0.057
0.057
0.057
0.057
0.057
0.052
0.057
0.057
0.057
0.057
0.049
0.054
0.057
0.057
0.057
0.057
0.057
0.057
0.057
0.057
0.057
0.057
0.057
0.057
0.057
0.057
0.057
0.057
0.057
0.057
0.057
0.057
0.054
0.057
0.057
0.051
0.057
0.049
0.057
0.057
0.057
0.057
0.053
0.057
0.057
0.057
0.062
0.062
0.062
0.059
0.062
0.062
0.062
0.062
0.062
0.062
0.059
0.062
0.061
0.062
0.057
0.055
0.062
0.062
0.062
0.062
0.062
0.062
0.062
0.062
0.062
0.062
0.062
0.062
0.062
0.062
0.062
0.062
0.062
0.060
0.062
0.062
0.062
0.062
0.062
0.062
0.060
0.062
0.062
0.062
0.062
0.062
0.062
0.062
0.062
0.062
0.062
0.062
0.062
0.062
0.062
0.062
0.062
0.062
0.062
0.062
0.057
0.062
0.062
0.057
0.062
0.062
0.062
0.062
0.062
0.062
0.062
0.062
0.062
0.062
0.062
0.062
0.062
0.062
0.061
0.062
0.062
0.060
0.062
0.062
0.062
0.062
0.062
0.061
0.062
0.062
0.060
0.062
0.062
0.062
0.062
0.062
0.062
0.062
0.062
0.062
0.062
0.062
0.062
0.062
0.062
0.062
0.062
0.062
0.062
0.062
0.062
0.062
0.062
0.062
0.062
0.062
0.062
0.062
0.062
0.062
0.062
0.062
0.062
0.062
0.062
0.062
0.062
0.062
0.062
0.062
0.056
0.062
0.062
0.062
0.062
0.062
0.062
0.062
0.060
0.062
0.062
0.062
0.062
0.062
0.061
0.062
0.062
0.062
0.062
0.062
0.051
0.053
0.062
0.062
0.062
0.062
0.060
0.053
0.062
0.050
0.062
0.062
0.050
0.059
0.062
0.062
0.062
0.062
0.062
0.062
0.062
0.053
0.062
0.062
0.062
0.062
0.062
0.062
0.062
0.062
0.061
0.062
0.062
0.056
0.062
0.062
0.062
0.062
0.062
0.062
0.062
0.062
0.062
0.062
0.062
0.062
0.062
0.062
0.057
0.060
0.062
0.059
0.062
0.062
0.062
0.062
0.062
0.061
0.062
0.062
0.062
0.062
0.062
0.062
0.062
0.062
0.062
0.062
0.062
0.062
0.062
0.062
0.062
0.062
0.062
0.061
0.062
0.061
0.060
0.062
0.062
0.062
0.062
0.062
0.062
0.062
0.062
0.062
0.062
0.062
0.059
0.062
0.062
0.062
0.062
0.062
0.062
0.062
0.062
0.062
0.062
0.062
0.060
0.062
0.062
0.062
0.062
0.062
0.062
0.062
0.062
0.061
0.062
0.062
0.062
0.062
0.062
0.062
0.059
0.062
0.062
0.062
0.062
0.062
0.062
0.061
0.062
0.062
0.062
0.062
0.062
0.062
0.061
0.062
0.062
0.061
0.062
0.062
0.059
0.062
0.062
0.062
0.062
0.062
0.062
0.062
0.062
0.062
0.062
0.062
0.062
0.062
0.062
0.062
0.062
0.060
0.062
0.062
0.062
0.062
0.062
0.062
0.049
0.062
0.062
0.048
0.062
0.062
0.062
0.062
0.057
-1.873
0.062
0.062
0.062
0.062
0.062
0.062
0.062
0.060
0.059
0.057
0.062
0.062
0.062
0.062
0.059
0.062
0.062
0.062
0.062
0.062
0.059
0.062
0.062
0.062
0.062
0.061
0.059
0.062
0.062
0.059
0.062
0.062
0.062
0.062
0.062
0.062
0.062
0.062
0.059
0.062
0.062
0.062
0.062
0.062
0.059
0.062
0.062
0.062
0.062
0.062
0.062
0.062
0.062
0.062
0.062
0.062
0.062
0.062
0.062
0.062
0.062
0.062
0.062
0.062
0.062
0.062
0.062
0.062
0.062
0.062
0.062
0.062
0.062
0.062
0.061
0.059
0.062
0.062
0.062
0.062
0.062
0.062
0.062
0.062
0.061
0.062
0.053
0.062
0.062
0.061
0.062
0.062
0.062
0.062
0.062
0.059
0.062
0.062
0.059
0.062
0.062
0.059
0.062
0.062
0.062
0.062
0.062
-1.818
0.062
0.062
0.062
0.062
0.062
0.059
0.062
0.062
0.062
0.053
0.062
0.062
0.062
0.062
0.062
0.062
0.062
0.058
0.062
0.062
0.062
0.062
0.062
0.062
0.062
0.062
0.062
0.062
0.062
0.062
0.062
0.050
0.062
0.062
0.062
0.059
0.062
0.062
0.062
0.062
0.062
0.062
0.062
0.062
0.062
0.062
0.062
0.062
0.053
0.062
0.062
0.062
0.062
0.062
0.062
0.062
0.062
0.062
0.061
0.062
0.062
0.062
0.058
0.062
0.062
0.062
0.062
0.062
0.062
0.062
0.062
0.062
0.062
0.062
0.062
0.062
0.062
0.060
0.062
0.062
0.062
0.062
0.062
0.062
0.062
0.062
0.062
0.062
0.062
0.062
0.062
0.062
0.062
0.062
0.062
0.062
0.050
0.062
0.062
0.062
0.062
0.062
0.062
0.062
0.050
0.062
0.062
0.049
0.062
0.062
0.062
0.062
0.062
0.062
0.062
0.062
0.060
0.062
0.062
0.062
0.062
0.062
0.062
0.062
0.062
0.058
0.062
0.062
0.062
0.062
0.062
0.062
0.062
0.062
0.062
0.062
0.062
0.062
0.062
0.062
0.051
0.062
0.062
0.060
