fixedStep chrom=ENSGT00390000002329 start=1 step=1
0.119
0.120
0.119
-0.459
0.119
0.119
0.117
-0.460
-0.448
0.103
0.120
0.119
0.119
0.111
0.102
0.119
0.084
-0.885
0.084
-0.459
-0.457
-0.370
-0.458
-0.370
-0.412
-0.412
-0.412
-2.406
-1.546
-1.822
0.119
0.119
-0.459
-0.459
-1.974
0.119
0.116
0.119
0.118
0.043
0.043
0.043
-0.370
-0.370
-0.370
-0.791
0.119
0.106
-0.370
-0.370
-0.370
-0.370
-0.370
-0.386
-0.457
0.106
0.106
0.119
0.119
0.119
0.119
0.119
0.119
0.118
0.120
0.118
0.119
-0.457
0.119
0.119
0.119
0.118
0.120
0.119
0.119
0.120
0.119
0.119
-1.341
-1.235
-1.263
0.120
0.119
0.118
-0.459
0.119
0.117
0.119
0.119
0.119
0.119
-0.459
0.119
-0.457
0.119
0.119
0.119
0.106
0.119
0.119
0.119
0.106
0.119
0.113
0.106
0.119
0.119
0.120
0.119
-0.817
0.119
0.106
0.113
0.109
0.000
0.000
0.000
0.000
0.000
0.000
0.000
0.000
0.000
0.000
0.000
0.000
0.000
0.000
0.000
0.000
0.000
0.000
0.000
0.000
0.000
0.000
0.000
0.000
0.000
0.000
0.000
0.000
0.000
0.000
0.000
0.000
0.000
0.000
0.000
0.000
0.000
0.000
0.000
0.000
0.000
0.000
0.000
0.000
0.000
0.000
0.000
0.000
0.000
0.000
0.000
0.000
0.000
0.000
0.000
0.000
0.000
0.000
0.000
0.000
0.000
0.000
0.000
0.000
0.000
0.000
0.000
0.000
0.000
0.000
0.000
0.000
0.000
0.000
0.000
0.000
0.000
0.000
0.000
0.000
0.000
0.000
0.000
0.000
0.000
0.000
0.000
0.000
0.000
0.000
0.000
0.000
0.000
0.000
0.000
0.000
0.000
0.000
0.000
0.000
0.000
0.000
0.000
0.000
0.000
0.106
0.119
0.119
0.119
0.120
-0.949
0.119
0.119
0.119
0.119
0.106
0.119
0.119
0.119
0.119
0.119
0.118
0.119
0.119
0.119
0.106
0.119
0.106
0.119
0.120
0.119
0.120
0.119
-0.460
0.110
0.043
0.043
0.043
0.119
0.119
0.118
0.117
0.120
-0.457
0.119
-0.448
0.120
0.119
0.119
0.119
-1.191
-1.187
-1.187
-1.187
-1.382
-1.187
-1.188
-1.188
-1.191
-1.191
-1.188
-1.415
-1.373
-1.191
-1.831
0.119
0.120
0.119
0.119
0.119
0.119
0.119
0.119
0.118
0.119
0.120
0.103
0.119
0.119
0.119
0.120
0.106
0.120
0.119
0.119
0.114
0.043
0.043
0.043
-0.457
-0.448
0.113
