fixedStep chrom=ENSGT00730000111098 start=1 step=1
0.070
0.070
0.070
0.070
0.070
0.070
0.070
0.070
0.066
0.070
0.070
0.070
0.070
0.070
0.068
0.070
0.054
0.070
-2.173
0.063
0.070
0.054
0.070
0.070
0.070
0.067
0.070
0.054
0.070
0.055
0.070
0.070
0.067
0.070
0.070
-1.650
0.070
0.070
0.070
0.070
0.070
0.054
0.070
0.070
0.070
0.065
0.070
0.066
0.067
0.070
0.070
0.070
0.068
0.067
0.070
0.057
0.070
0.070
0.054
0.070
0.070
0.067
0.070
0.067
0.070
0.068
0.070
0.063
0.065
0.070
0.070
0.067
0.070
0.070
0.070
0.070
0.062
0.059
0.062
0.062
0.062
0.062
0.062
0.058
0.062
0.059
0.062
0.062
0.062
0.062
0.062
0.062
0.062
0.062
0.062
0.059
0.062
0.062
0.062
0.062
0.062
-1.926
0.062
0.062
0.061
0.062
0.062
0.062
0.062
0.062
0.062
0.062
0.062
0.062
0.059
0.062
0.049
0.062
0.062
0.062
0.062
0.062
0.062
0.062
0.062
0.062
0.062
0.062
0.062
0.059
0.062
0.059
0.062
0.062
0.062
0.062
0.062
0.054
0.062
0.062
0.060
0.062
0.062
0.061
0.062
0.062
0.062
0.062
0.062
0.062
0.061
0.059
0.059
0.062
0.062
0.062
0.049
0.062
0.062
0.062
0.059
0.059
0.062
0.062
0.062
0.062
0.062
0.062
0.062
0.047
0.062
0.062
0.062
0.062
0.000
0.000
0.000
0.062
0.062
0.062
0.062
0.062
0.062
0.062
0.062
0.062
0.062
0.062
0.062
0.062
0.062
0.062
0.062
0.062
0.062
0.062
0.062
0.058
0.062
0.062
0.062
0.062
0.062
0.061
-0.386
-0.385
-0.381
-0.386
-0.385
-0.381
-1.193
-1.193
-1.863
0.062
0.062
0.062
0.062
0.062
0.062
0.062
0.047
0.062
0.062
0.062
0.062
0.062
0.062
0.047
0.062
0.062
0.062
0.062
0.062
0.062
0.062
0.051
0.047
0.062
0.062
0.049
0.062
0.062
0.062
0.062
0.062
0.062
0.062
0.062
0.062
0.062
0.059
0.059
0.062
0.062
0.062
0.062
0.062
0.062
0.062
0.062
0.062
0.062
0.062
0.062
0.062
0.062
0.059
0.062
0.062
0.059
0.062
0.062
0.059
0.062
0.062
0.062
0.062
0.062
0.062
0.062
0.062
0.062
0.062
0.062
0.062
0.062
0.062
0.061
0.062
0.061
0.060
0.062
0.062
0.062
0.047
0.062
0.059
0.062
0.062
0.059
0.062
0.062
0.059
0.062
0.062
0.062
0.062
0.062
0.057
0.062
0.062
0.054
0.062
0.062
0.062
0.062
0.062
0.058
0.062
0.062
0.062
0.068
0.070
0.067
0.070
0.070
0.070
0.070
0.070
0.070
0.070
0.070
0.066
0.067
0.070
0.070
0.070
0.070
0.070
0.070
0.070
0.070
0.070
0.070
0.069
0.070
0.070
0.070
0.070
0.070
0.070
0.070
0.070
0.066
0.070
0.070
0.070
0.070
0.070
0.070
0.069
0.070
0.070
0.070
0.070
0.065
0.057
0.070
0.070
0.068
0.070
0.070
0.070
0.070
0.057
0.054
0.070
0.070
0.070
0.070
0.067
0.070
0.070
0.067
0.070
0.070
0.070
0.070
0.070
0.070
0.070
0.070
0.067
0.070
0.070
0.070
0.070
0.070
0.067
0.070
0.070
0.070
0.070
0.070
0.067
0.070
0.070
0.054
0.070
0.070
0.068
0.070
0.070
0.067
0.069
0.070
0.070
0.070
0.070
0.070
0.070
0.070
0.070
0.070
0.070
0.068
0.070
0.070
0.070
0.070
0.070
0.070
0.070
0.070
0.070
0.070
0.070
0.070
0.067
0.070
0.070
0.070
0.070
0.070
0.070
0.070
0.070
0.070
0.070
0.070
0.070
0.070
0.070
0.070
0.070
0.070
0.070
0.070
0.070
0.070
0.070
0.070
0.070
0.070
0.070
0.070
0.070
0.059
0.070
0.070
0.070
0.070
0.070
0.067
0.070
0.070
0.070
0.070
0.070
0.070
0.070
0.070
0.070
0.070
0.070
0.070
0.070
0.070
0.070
0.070
0.070
0.070
0.070
0.070
0.064
0.067
0.070
0.070
0.070
0.070
0.070
0.070
0.070
0.070
0.070
0.070
0.068
0.070
0.070
0.068
0.070
0.070
0.066
0.070
0.070
0.070
0.070
0.070
0.068
0.067
0.067
0.059
0.070
0.070
0.070
0.070
0.070
0.067
0.070
0.070
0.070
0.070
0.070
0.070
0.070
0.070
0.067
0.070
0.070
0.070
0.070
0.070
0.070
0.070
0.070
0.070
0.070
0.070
0.070
0.070
0.070
0.070
0.070
0.070
0.070
0.070
0.070
0.070
0.070
0.070
0.068
0.070
0.070
0.070
0.070
0.070
0.070
0.070
0.070
0.068
0.070
0.070
0.067
0.070
0.070
0.070
0.070
0.070
0.068
0.070
0.070
0.070
0.070
0.070
0.070
0.070
0.070
0.068
0.070
0.070
0.065
0.070
0.070
0.070
0.070
0.070
0.067
0.070
0.070
0.070
0.070
0.070
0.070
0.070
0.070
0.070
0.070
0.070
0.070
0.070
0.070
0.070
0.070
0.070
0.070
0.070
0.070
0.057
0.070
0.070
0.070
0.070
0.070
0.070
0.070
0.070
0.070
0.070
0.070
0.070
0.070
0.070
0.068
0.070
0.070
0.070
0.070
0.070
0.070
0.070
0.070
0.067
0.070
0.070
0.070
0.070
0.070
-1.645
0.070
0.070
-2.489
0.070
0.070
0.053
0.070
0.070
-1.629
0.070
0.070
0.065
0.070
0.070
0.070
0.070
0.070
0.067
0.070
0.070
0.067
0.070
0.070
0.070
0.068
0.070
0.065
0.070
0.070
0.068
0.070
0.070
0.070
0.070
0.070
0.068
0.070
0.070
0.070
0.062
0.070
0.069
0.070
0.070
0.070
0.070
0.070
0.070
0.070
0.070
0.070
0.070
0.070
0.070
0.070
0.070
0.070
0.070
0.070
0.067
0.070
0.070
0.070
0.070
0.070
0.070
0.070
0.070
0.067
0.070
0.070
0.059
0.070
0.070
0.066
0.070
0.070
0.070
0.070
0.070
0.070
0.070
0.070
0.070
0.070
0.070
0.070
0.070
0.070
0.070
0.000
0.000
0.000
0.000
0.000
0.000
0.000
0.000
0.000
0.000
0.000
0.000
0.000
0.000
0.000
0.000
0.000
0.000
0.000
0.000
0.000
0.000
0.000
0.000
0.000
0.000
0.000
0.000
0.000
0.000
0.000
0.000
0.000
0.000
0.000
0.000
0.000
0.000
0.000
0.000
0.000
0.000
0.000
0.000
0.000
0.000
0.000
0.000
0.000
0.000
0.000
0.000
0.000
0.000
0.070
0.070
0.070
0.070
0.070
0.070
0.070
0.070
0.070
0.070
0.070
0.067
0.070
0.070
0.070
0.070
0.070
0.070
0.070
0.070
0.069
0.070
0.070
0.070
0.070
0.070
0.070
0.070
0.070
0.070
0.070
0.070
0.070
0.070
0.070
0.070
0.070
0.067
0.070
0.070
0.070
0.070
0.070
0.070
0.070
0.070
0.070
0.068
0.070
0.070
0.070
-0.172
-0.172
-0.172
0.070
0.070
0.070
0.070
0.070
0.070
0.070
0.070
0.070
0.067
0.070
0.070
0.070
0.070
-1.682
0.070
0.070
0.070
0.070
0.070
0.070
0.070
0.070
0.070
0.070
0.070
0.070
0.070
0.070
0.067
0.070
0.070
0.070
0.070
0.070
0.070
0.070
0.070
0.070
0.070
0.070
0.067
0.070
0.070
0.070
0.068
0.070
0.070
0.069
0.070
0.054
0.070
0.070
0.070
0.070
0.070
0.063
0.070
0.070
-2.574
0.070
0.070
0.070
0.067
0.070
0.070
0.070
0.070
0.070
0.070
0.070
0.070
0.070
0.070
0.070
0.070
0.070
0.068
0.070
0.070
0.067
0.070
0.070
0.070
0.070
0.070
0.068
0.059
0.070
0.070
0.070
0.070
0.070
0.065
0.070
0.070
0.070
0.070
0.070
0.070
0.070
0.070
0.070
0.070
0.067
0.070
0.070
0.067
0.070
0.070
0.070
0.067
0.070
0.070
0.070
0.070
0.070
0.070
0.070
0.070
0.070
0.070
0.067
0.067
0.070
0.070
0.067
0.070
0.070
0.070
0.070
0.069
0.070
0.070
0.070
0.070
0.070
0.067
0.070
0.070
0.067
0.070
0.070
0.057
0.070
0.070
0.070
0.070
0.070
0.070
0.068
0.070
0.067
0.070
0.070
0.070
0.070
0.070
0.067
0.070
0.070
0.070
0.070
0.070
0.070
0.070
0.070
0.070
0.070
0.070
0.069
0.070
0.070
0.070
0.070
0.070
0.070
0.070
0.070
0.070
0.070
0.070
0.070
0.070
0.070
0.070
0.070
0.070
0.057
0.070
0.070
0.064
0.070
0.070
0.070
0.070
0.070
0.067
0.070
0.070
0.070
0.070
0.070
0.070
0.067
0.070
0.070
0.070
0.070
0.070
0.068
0.070
0.070
0.070
0.070
0.070
0.070
0.070
0.067
0.070
0.070
0.070
0.070
0.070
0.069
0.070
0.070
0.070
0.070
0.070
0.070
0.070
0.070
0.066
0.070
0.070
0.070
0.070
0.070
0.070
0.070
0.070
0.070
0.070
0.070
0.070
0.070
0.070
0.067
0.070
0.070
0.070
0.070
0.070
0.067
0.070
0.070
0.067
0.070
0.070
0.070
0.070
0.070
0.067
0.070
0.070
0.070
0.070
0.070
0.070
0.070
0.070
0.070
0.070
0.070
0.070
0.070
0.070
0.070
0.070
0.070
0.067
0.070
0.070
0.069
0.057
0.070
0.067
0.070
0.070
0.066
0.070
0.070
0.070
0.070
0.070
0.070
0.070
0.070
0.050
0.070
0.070
0.070
0.070
0.070
0.070
0.070
0.070
0.070
0.070
0.070
0.068
0.070
0.070
0.065
0.070
0.070
0.070
0.070
0.070
0.065
0.070
0.070
0.070
0.070
0.070
0.070
0.070
0.070
-2.245
0.070
0.070
0.066
0.068
0.070
0.070
0.070
0.070
0.070
0.070
0.070
0.070
0.070
0.070
0.070
0.070
0.070
0.070
0.070
0.070
0.070
0.070
0.070
0.064
0.070
0.070
0.070
0.070
0.070
0.070
0.068
0.070
0.066
0.070
0.070
0.070
0.070
0.070
0.070
0.070
0.070
0.070
0.070
0.067
0.070
0.070
0.070
0.054
0.069
0.070
0.070
0.070
0.070
0.068
0.059
0.070
0.070
0.070
0.070
0.067
0.070
0.070
0.070
0.070
0.070
0.064
0.070
0.070
0.070
0.070
0.070
0.054
0.070
0.070
0.070
0.070
0.070
0.070
0.070
0.055
0.070
0.070
0.070
0.068
0.070
0.070
0.070
0.070
0.070
0.070
-0.185
-0.185
-0.185
-0.185
-0.185
-0.185
0.070
0.070
0.070
0.070
0.070
0.057
0.070
0.070
0.066
0.070
0.070
0.070
0.070
0.070
0.070
0.070
0.070
0.070
0.070
0.070
0.070
0.070
0.070
0.070
0.070
0.070
0.070
0.070
0.070
0.067
0.070
0.070
0.070
0.070
0.070
0.070
0.070
0.070
0.070
0.070
0.070
0.070
0.070
0.070
0.070
0.070
0.070
0.064
0.070
0.070
0.070
0.070
0.070
0.070
0.070
0.070
0.068
0.070
0.070
0.070
0.070
0.070
0.070
0.070
0.070
0.067
0.070
0.070
0.064
0.070
0.070
0.070
0.070
0.070
0.070
0.070
0.070
0.070
0.070
0.070
0.070
0.070
0.070
0.070
0.070
0.070
0.070
0.070
0.070
0.070
0.070
0.070
0.070
0.070
0.070
0.065
0.070
0.070
0.070
0.070
0.070
0.070
0.070
0.070
0.070
0.070
0.070
0.070
0.070
0.070
0.068
0.070
0.070
0.061
0.070
0.070
0.070
0.070
0.070
0.070
0.070
0.070
0.070
0.070
0.070
0.067
0.070
0.070
0.064
0.070
0.070
0.068
0.070
0.070
0.070
0.070
0.070
0.070
0.070
0.070
0.070
0.068
0.070
0.054
0.070
0.070
0.068
0.068
0.070
0.070
0.070
0.070
0.063
0.070
0.070
0.068
0.070
0.070
0.070
0.070
0.070
0.070
0.070
0.070
0.069
0.068
0.070
0.070
0.070
0.070
0.064
0.070
0.070
0.070
0.070
0.070
0.070
0.070
0.070
0.068
0.070
0.070
0.070
0.070
0.070
0.070
0.070
0.070
0.070
0.070
0.070
0.070
0.070
0.070
0.070
0.070
0.070
0.069
0.070
0.070
0.070
0.070
0.070
0.067
0.070
0.070
0.070
0.070
0.070
0.070
0.070
0.070
0.070
0.070
0.070
0.069
0.068
0.070
0.070
0.070
0.070
0.069
0.070
0.070
0.070
0.070
0.070
0.070
0.070
0.070
0.070
0.070
0.070
0.070
0.070
0.070
0.070
0.070
0.070
0.070
0.070
0.070
0.070
0.070
0.070
0.070
0.070
0.070
0.070
0.070
0.070
0.068
0.070
0.070
0.070
0.070
0.070
0.070
0.070
0.068
0.070
0.070
0.070
0.068
0.070
0.070
0.070
0.070
0.070
0.070
0.070
0.070
0.070
0.070
0.070
0.070
0.070
0.070
0.070
0.070
0.070
0.070
0.070
0.070
0.070
0.070
0.070
0.070
0.070
0.070
0.070
0.070
0.070
0.070
0.070
0.070
0.068
0.070
0.070
0.070
0.070
0.070
0.070
0.070
0.068
0.070
0.070
0.070
0.065
0.070
0.070
0.065
0.070
0.070
0.070
0.070
0.070
0.070
0.070
0.070
0.068
0.070
0.070
0.068
0.070
0.070
0.070
0.070
0.070
0.070
0.070
0.070
0.070
0.070
0.070
0.062
0.070
0.070
0.070
0.070
0.070
0.070
0.070
0.070
0.070
0.070
0.070
0.070
0.070
0.070
0.070
0.070
0.070
0.068
-1.629
-1.629
-1.629
-1.629
-1.630
-1.630
0.070
0.070
0.069
0.070
0.070
0.066
0.070
0.070
0.067
0.070
0.070
0.067
0.070
0.070
0.068
0.070
0.070
0.057
0.070
0.070
0.070
0.070
0.070
0.070
0.070
0.070
0.070
0.059
0.070
0.070
0.070
0.070
0.070
0.070
0.070
0.060
0.070
0.070
0.070
0.070
0.070
0.070
0.070
0.070
0.070
0.070
0.070
0.067
0.070
0.070
-2.335
0.070
0.070
0.070
0.070
0.070
0.070
0.070
0.070
0.054
0.070
0.070
0.070
0.070
0.070
0.070
0.070
0.070
0.070
0.070
0.070
0.050
0.070
0.070
0.067
0.070
0.070
0.066
0.070
0.070
0.070
0.070
0.070
0.066
0.070
0.070
0.067
0.070
0.070
0.070
0.070
0.070
0.069
0.070
0.070
0.070
0.070
0.070
0.070
0.070
0.070
0.070
0.070
0.070
0.070
0.070
0.070
0.067
0.070
0.070
0.067
0.070
0.070
0.070
0.070
0.063
0.063
0.054
0.063
0.063
0.063
0.063
0.063
0.063
0.063
0.063
0.063
0.063
0.061
0.063
0.063
0.063
0.063
0.063
0.063
0.059
0.063
0.063
0.063
0.063
0.063
0.063
0.063
0.063
0.063
0.063
0.063
0.063
0.063
0.063
0.063
0.063
0.063
0.063
0.063
0.063
0.059
0.063
0.060
0.063
0.063
0.062
0.059
0.063
0.059
0.063
0.063
0.059
0.063
0.063
0.063
0.063
0.063
0.061
0.063
0.063
0.063
0.063
0.063
0.063
0.063
0.063
0.059
0.063
0.063
0.063
-2.537
0.063
0.063
0.063
0.063
0.063
0.070
0.070
0.054
0.070
0.070
0.070
0.070
0.070
0.070
0.070
0.070
0.070
0.070
0.070
0.067
0.070
0.070
0.065
0.070
0.070
0.067
0.070
0.070
0.067
0.070
0.068
0.070
0.070
0.070
0.070
0.070
0.070
0.067
0.070
0.070
0.070
0.070
0.070
0.070
0.070
0.070
0.070
0.070
0.070
0.070
0.070
0.068
0.070
0.070
0.070
0.067
0.070
0.070
0.068
0.070
0.070
0.065
0.070
0.070
0.068
0.065
0.070
0.068
0.067
0.057
0.069
0.070
0.070
0.070
0.070
0.070
0.066
0.070
0.070
0.070
0.070
0.070
0.070
0.070
0.070
0.070
0.070
0.070
0.066
0.066
0.070
0.070
0.070
0.070
0.070
0.070
0.070
0.070
0.070
0.070
0.070
0.070
0.067
0.066
0.070
0.070
0.070
-2.173
0.070
0.070
0.070
0.070
0.070
0.070
0.070
0.070
0.055
0.070
0.070
0.070
0.070
0.063
0.070
0.070
0.070
0.070
0.068
0.070
0.054
0.067
0.070
0.070
0.070
0.067
0.070
0.070
0.067
0.070
0.070
0.070
0.070
0.070
0.051
0.070
0.070
0.070
-1.272
-1.271
-1.272
0.070
0.070
0.066
0.070
0.070
0.070
0.070
0.070
0.070
0.070
0.070
0.067
0.054
0.059
0.067
0.070
0.070
0.054
0.070
0.070
0.070
0.070
0.070
0.070
0.070
0.070
0.070
0.070
0.070
0.070
0.070
0.067
0.070
0.054
0.070
0.070
0.070
0.070
0.067
0.067
0.070
0.059
0.070
0.070
0.070
0.070
0.070
0.067
0.067
0.068
-3.394
0.070
0.070
0.070
0.070
0.070
0.070
0.070
0.070
0.059
0.059
0.062
0.062
0.062
0.062
0.062
0.051
0.059
0.051
0.051
0.062
0.058
0.062
0.062
0.062
-1.303
-1.302
-1.302
-1.302
-1.302
-1.922
-1.302
-1.528
-1.302
0.059
-1.908
0.061
0.057
0.059
0.057
0.062
0.062
0.062
0.054
0.060
0.059
0.062
0.051
0.057
0.057
0.059
0.062
0.062
0.062
0.062
0.062
0.062
0.059
0.062
0.062
0.062
0.062
0.059
0.062
0.062
0.059
0.062
0.059
0.059
0.058
0.062
0.058
-3.254
0.050
0.060
0.058
0.046
0.062
0.047
0.059
0.062
0.057
0.062
0.062
0.051
0.062
0.062
0.050
0.062
0.062
0.062
0.062
0.062
0.062
0.062
0.062
-1.906
0.062
0.062
0.062
0.062
0.062
0.062
0.062
0.062
0.062
0.062
0.062
0.049
0.062
0.062
0.062
0.062
0.058
0.059
0.062
0.062
0.059
-1.916
0.062
0.062
0.062
0.062
0.062
0.062
0.062
0.062
0.062
0.062
0.062
0.062
0.062
0.059
0.058
0.062
0.062
0.062
0.062
0.061
0.062
0.062
0.059
0.062
0.062
0.062
0.062
0.059
0.051
0.062
0.062
0.058
0.062
0.062
0.060
0.062
0.062
0.062
0.062
0.062
0.059
0.062
0.062
0.062
0.062
0.062
0.062
0.062
0.062
0.062
0.062
0.062
0.062
0.062
0.062
-1.910
0.062
0.062
0.047
0.062
0.062
0.062
0.062
0.062
0.062
0.062
0.062
0.062
0.062
0.062
0.062
0.062
0.062
0.062
0.062
0.062
0.062
0.062
0.062
0.057
0.062
0.062
0.062
0.062
0.062
0.062
0.051
0.059
0.059
0.062
0.062
0.062
0.062
0.062
-1.931
0.062
0.062
0.059
0.061
0.057
0.047
0.062
0.062
0.062
0.062
0.062
0.062
0.062
0.057
0.062
0.062
0.062
0.046
0.062
0.062
0.062
0.062
0.070
0.068
0.070
0.070
0.070
0.067
0.070
0.070
0.070
0.070
0.067
0.070
0.070
0.070
0.070
0.054
0.070
0.070
0.070
0.069
0.067
0.064
0.068
0.062
0.070
0.070
0.070
0.070
0.070
0.068
0.070
0.062
0.070
0.070
0.070
0.070
0.070
0.070
0.070
0.070
0.070
0.070
0.070
0.070
0.070
0.070
0.069
0.070
0.070
0.066
0.070
0.070
0.070
0.070
0.070
0.067
0.070
0.070
0.070
0.070
0.070
0.070
0.070
0.070
0.070
0.070
0.070
0.070
0.070
0.070
0.070
0.070
0.070
0.066
0.070
0.070
0.070
0.070
0.054
0.067
0.070
0.070
0.067
0.067
0.070
0.067
0.070
0.070
0.052
0.070
0.070
0.070
0.070
0.070
0.067
0.070
0.070
0.064
0.070
0.070
0.070
0.070
0.070
0.054
0.070
0.070
0.067
0.070
0.070
0.057
0.070
0.070
0.070
0.070
0.070
0.070
0.062
0.070
0.070
0.070
0.070
0.070
0.070
0.070
0.063
0.070
0.070
0.068
0.070
-1.687
0.070
0.070
0.070
0.070
0.070
0.070
0.068
0.070
0.070
0.054
0.070
0.070
0.070
0.070
0.070
-2.173
0.070
0.070
0.070
0.070
0.070
0.070
0.070
0.070
0.050
0.070
0.070
0.070
0.070
0.070
0.070
0.070
0.070
0.067
0.070
0.070
0.070
0.070
0.070
0.070
0.070
0.070
0.070
0.070
0.070
0.070
0.070
0.067
0.070
0.070
0.070
0.070
0.070
0.070
0.068
0.070
0.070
0.070
0.070
0.070
0.070
0.070
0.070
0.070
0.070
0.070
0.070
0.070
0.070
0.070
0.070
0.070
0.068
0.070
0.070
0.070
0.070
0.070
0.070
0.070
0.070
0.070
0.062
0.070
0.070
0.070
0.070
0.069
0.070
0.070
0.070
0.070
0.070
0.070
0.070
0.070
0.070
0.070
0.070
0.070
0.070
0.070
0.067
0.070
0.070
0.070
0.067
0.070
0.070
0.070
0.070
0.068
0.070
0.070
0.070
0.070
0.070
0.070
0.070
0.070
0.070
0.070
0.070
0.070
0.070
0.070
0.070
0.070
0.070
0.069
0.070
0.070
0.070
0.070
0.070
0.070
0.070
0.070
0.069
0.070
0.070
0.070
0.070
0.070
0.067
0.070
0.070
0.066
0.070
0.070
0.070
0.070
0.070
0.068
0.070
0.070
0.067
0.070
0.070
0.070
0.067
0.068
0.070
0.070
0.070
0.070
0.070
0.070
0.070
0.070
0.070
0.064
0.070
0.070
0.070
0.070
0.070
0.070
0.070
0.070
0.070
0.070
0.070
0.070
0.070
0.070
0.067
0.070
0.070
0.070
0.070
0.070
0.070
0.070
0.070
0.070
0.070
0.070
0.068
0.063
0.070
0.070
0.070
0.070
0.067
0.070
0.070
0.067
0.070
0.070
0.070
0.070
0.070
0.057
0.070
0.070
0.070
0.070
0.070
0.070
0.070
0.070
0.070
0.070
0.070
0.070
0.070
0.070
0.068
0.070
0.070
0.068
0.070
0.070
0.067
-1.190
-1.193
-1.433
0.070
0.070
0.064
0.070
0.070
0.070
0.070
0.070
0.064
0.070
0.070
0.070
0.070
0.070
0.070
0.070
0.070
0.070
0.070
0.070
0.064
0.070
0.070
0.070
0.070
0.070
0.067
0.070
0.070
0.051
0.059
0.070
0.070
0.070
0.070
0.070
0.070
0.070
0.070
0.070
0.070
0.068
0.070
0.070
0.070
0.070
0.070
0.070
0.070
0.070
0.070
0.070
0.070
0.070
0.070
0.070
0.070
0.070
0.070
0.070
0.070
0.070
0.065
0.070
0.070
0.070
0.070
0.070
0.068
0.070
0.070
0.068
0.070
0.070
0.070
0.070
0.070
-2.271
0.070
0.070
0.070
0.070
0.070
0.070
0.070
0.070
0.068
0.070
0.070
0.068
0.070
0.070
0.054
0.070
0.070
0.070
0.070
0.070
0.070
0.070
0.070
0.068
0.070
0.070
0.054
0.070
0.070
0.070
0.070
0.070
0.067
0.070
0.070
0.070
0.054
0.070
0.066
0.070
0.070
0.070
0.058
0.070
0.062
0.070
0.070
0.070
0.070
0.070
0.068
0.070
0.070
0.070
0.068
0.067
0.070
0.070
0.070
0.070
0.070
0.070
0.068
0.068
0.070
0.070
0.070
0.070
0.070
0.058
0.069
0.062
0.068
0.069
0.066
0.070
0.062
0.070
0.070
0.070
0.070
0.059
0.068
0.067
0.070
0.057
0.067
0.070
0.070
0.070
0.070
0.070
0.070
0.062
0.070
0.070
0.070
0.070
0.070
0.070
0.070
0.067
0.070
0.070
0.068
0.070
0.070
0.070
0.070
0.070
0.062
0.070
0.070
0.070
0.070
0.070
-2.192
0.063
0.070
0.070
0.070
0.070
0.069
0.070
0.070
0.070
0.070
0.070
0.070
0.070
0.070
0.064
0.070
0.070
0.068
0.070
0.070
0.070
0.070
0.070
0.070
0.070
0.070
0.070
0.070
0.070
0.068
0.069
0.070
0.067
0.070
0.070
0.068
0.068
0.070
0.065
-0.652
-0.652
-0.648
0.070
0.070
0.070
0.070
0.070
0.070
0.070
0.070
0.070
0.070
0.070
0.070
0.070
0.070
0.067
0.070
0.070
0.070
0.070
0.070
0.070
0.070
0.070
0.070
0.066
0.070
0.065
0.068
0.062
-1.629
0.070
0.067
0.060
0.070
0.070
0.070
0.070
0.070
0.068
0.068
0.070
0.070
0.069
0.070
0.054
0.068
0.070
0.067
0.049
0.057
0.065
0.067
0.070
0.070
0.070
0.070
0.059
0.070
0.070
0.070
0.070
0.067
0.067
0.070
0.070
0.070
0.070
0.070
0.070
0.070
0.070
0.070
0.070
0.070
0.070
0.070
0.070
0.067
0.070
0.070
0.068
0.070
0.070
0.070
0.070
0.070
0.070
0.070
0.070
0.068
0.070
0.070
0.070
0.068
0.070
0.070
0.068
0.070
0.052
0.054
0.070
0.070
0.070
0.070
0.067
0.070
0.070
0.070
