fixedStep chrom=ENSGT00390000018344 start=1 step=1
-1.517
-1.504
-1.828
0.088
0.087
0.089
0.089
0.090
0.088
0.083
0.090
0.089
0.088
0.087
0.083
0.090
0.087
0.089
0.089
0.090
0.090
0.090
0.090
0.089
-2.462
-3.025
0.086
-1.170
-1.674
-1.171
-1.171
-1.171
-1.170
0.079
0.087
0.090
0.078
0.088
0.090
0.090
0.090
0.078
0.090
0.090
0.089
0.090
0.090
0.090
0.087
0.090
0.089
0.089
0.090
0.089
0.090
0.090
0.078
0.090
0.079
-1.249
0.090
0.090
0.090
0.088
0.090
0.070
0.078
0.089
0.090
0.088
0.090
0.090
0.084
0.084
0.075
0.084
0.083
0.084
0.084
0.084
0.082
0.084
0.084
0.084
0.083
0.090
0.090
0.090
0.090
0.090
0.090
0.090
0.090
0.090
0.090
0.090
0.089
0.089
0.090
0.089
0.090
0.089
0.090
0.090
0.089
0.089
0.090
0.088
0.089
0.090
0.089
0.090
0.090
0.090
0.090
0.090
0.090
0.082
0.090
0.090
0.089
0.090
0.090
0.090
0.090
0.089
-1.851
0.088
0.070
0.090
0.090
0.090
0.089
0.090
0.090
0.089
0.090
0.090
0.090
0.089
0.090
0.090
0.090
0.090
0.090
0.090
0.089
0.090
0.090
0.090
0.090
0.090
0.090
0.090
0.090
-1.741
0.090
0.089
0.089
0.089
0.090
0.090
0.090
0.090
0.090
0.084
0.084
0.083
-1.154
-1.154
-1.149
0.084
0.084
0.081
0.084
0.083
0.084
0.079
0.082
0.083
0.084
0.084
0.083
0.084
0.084
0.084
0.083
0.084
0.080
0.083
0.084
0.084
0.076
0.084
0.083
0.084
0.084
0.083
-1.154
-1.154
-1.154
0.084
0.084
0.084
0.084
0.084
0.084
0.084
0.084
0.083
0.084
0.084
0.083
0.084
0.084
0.084
0.084
0.084
0.082
0.083
0.083
0.084
0.084
0.084
0.084
0.084
0.084
0.084
0.084
0.084
0.083
0.084
0.084
0.084
0.084
0.083
0.083
0.084
0.082
0.084
-0.001
-0.001
-0.001
0.083
0.070
0.079
0.081
0.084
0.083
0.075
0.084
0.082
0.083
0.084
0.082
0.083
0.084
0.076
0.084
0.084
0.083
0.084
0.080
0.084
0.084
0.084
0.084
0.084
0.084
0.084
0.084
0.084
0.083
0.083
0.083
0.081
0.084
0.072
0.084
0.084
0.084
0.083
0.083
0.084
0.084
0.084
0.084
0.083
0.084
0.084
0.082
0.084
0.083
0.084
0.084
0.084
0.084
0.084
0.084
0.072
0.084
0.084
0.084
-1.154
-1.149
-1.155
0.084
0.084
0.084
0.084
0.084
0.079
0.084
0.084
0.084
0.084
0.076
0.084
0.084
0.084
0.083
0.084
0.084
0.084
0.084
0.084
0.084
0.084
0.084
0.083
0.084
0.084
0.084
0.084
0.084
0.084
0.084
0.084
0.082
0.084
0.084
0.084
0.084
0.084
0.084
0.083
0.084
0.084
0.084
0.084
0.076
0.084
0.084
0.083
0.084
0.084
0.083
0.083
0.084
0.084
0.083
0.084
0.084
0.084
0.084
0.083
0.083
0.084
0.083
0.079
0.079
0.071
0.079
0.079
0.077
0.079
0.079
0.079
0.079
0.079
0.080
0.079
0.079
0.079
0.079
0.082
0.087
0.088
0.089
0.090
0.089
0.090
-2.748
0.089
0.090
0.081
0.090
0.090
0.088
0.090
0.090
0.090
0.089
0.090
0.089
0.090
0.090
0.089
0.090
0.090
0.090
0.090
0.090
0.090
0.090
0.090
0.088
0.089
0.090
0.090
0.090
0.090
0.090
0.090
0.089
0.088
0.090
0.088
0.090
0.089
0.090
0.088
0.090
0.090
0.090
0.090
0.090
0.090
0.089
0.090
0.089
0.090
0.090
0.089
0.089
0.090
0.090
0.090
0.090
0.088
0.090
0.089
0.090
0.090
0.088
0.090
0.089
0.089
-1.713
0.090
0.081
0.090
0.089
0.089
0.087
0.090
0.090
0.088
0.089
0.090
0.090
0.090
0.089
0.088
0.090
0.090
0.078
0.089
0.090
0.090
0.090
0.090
0.090
0.090
0.090
0.090
0.087
0.069
0.077
0.089
0.089
0.082
0.090
0.090
0.077
0.090
0.077
0.087
0.089
0.087
0.090
0.077
0.077
0.090
0.087
0.087
0.064
-2.580
0.090
0.085
0.087
0.090
0.090
0.090
0.090
0.073
0.089
0.090
0.089
0.090
0.090
0.086
0.090
0.089
0.089
-1.127
-1.127
-1.203
0.090
0.090
0.085
0.088
0.090
0.090
0.078
0.089
0.078
0.089
0.090
0.078
-1.127
-1.127
-1.202
0.090
0.090
0.087
0.077
0.077
0.077
0.077
0.077
0.077
0.090
0.090
0.090
0.090
0.090
0.090
0.090
0.090
0.090
0.089
0.090
0.085
0.090
0.090
0.090
0.090
0.090
0.081
0.090
0.090
0.085
0.089
0.090
0.087
-1.127
-1.132
-1.127
0.077
0.077
0.075
0.090
0.077
0.077
0.090
0.090
0.078
0.090
0.090
0.082
0.090
0.090
0.090
0.090
0.090
0.090
0.090
0.090
0.090
0.090
0.090
0.089
0.089
0.089
0.090
0.090
0.090
0.088
0.090
0.090
0.090
0.077
0.087
0.077
0.077
0.089
0.077
0.077
0.090
0.076
0.077
0.077
0.077
0.077
0.090
0.087
0.090
0.090
0.090
0.090
0.090
0.090
0.090
0.089
0.090
0.090
0.090
0.090
0.089
0.089
0.090
0.090
0.090
0.087
0.090
0.089
0.090
0.090
0.090
0.090
0.090
0.090
0.087
0.089
0.090
0.090
0.090
0.090
0.089
0.000
0.000
0.000
0.000
0.000
0.000
0.000
0.000
0.000
0.000
0.000
0.000
0.000
0.000
0.000
0.000
0.000
0.000
0.000
0.000
0.000
0.000
0.000
0.000
0.000
0.000
0.000
0.000
0.000
0.000
0.000
0.000
0.000
0.000
0.000
0.000
0.000
0.000
0.000
0.000
0.000
0.000
0.000
0.000
0.000
0.000
0.000
0.000
-0.715
-0.715
-0.715
-0.714
-0.715
-0.715
-0.714
-0.714
-0.715
-0.715
-1.493
-0.715
-0.715
-0.714
-0.715
-0.714
-0.715
-0.721
-0.715
-0.715
-0.715
-0.715
-0.715
-0.726
0.090
0.090
-0.679
0.090
0.086
0.080
0.090
0.090
0.090
0.090
0.090
0.081
0.090
0.081
-0.677
0.090
0.090
-0.679
-0.679
0.090
0.086
-0.679
-0.665
0.079
0.090
-0.679
0.090
0.081
0.081
0.090
0.081
0.090
0.079
-0.677
-1.861
0.080
0.089
-0.677
0.080
0.081
-0.679
0.087
0.090
-0.665
-0.665
0.081
-0.665
0.081
-0.677
-0.677
-1.245
0.081
-0.677
-1.881
-0.679
0.090
-1.155
0.089
0.090
-0.665
0.081
0.090
0.082
-0.715
-0.715
-0.843
-0.715
-0.715
-0.715
-0.715
-0.714
-1.421
0.081
0.090
0.081
-0.677
0.090
0.081
-0.677
0.089
-0.679
0.081
0.090
0.081
-0.677
-0.677
-0.679
0.090
0.081
0.089
0.078
-1.219
0.090
0.084
-0.665
-0.928
0.081
0.090
0.082
0.081
0.090
-1.840
0.000
0.000
0.000
0.000
0.000
0.000
0.000
0.000
0.000
0.000
0.000
0.000
0.000
0.000
0.000
0.000
0.000
0.000
0.000
0.000
0.000
0.000
0.000
0.000
-0.677
0.090
0.090
0.088
0.081
0.080
0.081
0.081
-0.677
0.081
0.082
-1.249
-0.679
-0.679
0.079
0.079
0.081
0.088
-0.679
0.090
0.089
0.090
0.090
0.081
-1.790
-1.231
0.080
0.000
0.000
0.000
0.000
0.000
0.000
0.000
0.000
0.000
0.000
0.000
0.000
-1.238
0.089
0.081
0.080
0.086
0.090
-0.679
0.081
0.088
-0.677
0.090
-0.677
-0.681
0.081
0.081
0.080
0.088
0.090
-0.665
-0.679
-0.677
0.089
0.089
0.078
-1.234
0.081
-1.241
-1.934
-1.733
-1.840
-1.733
-2.388
-1.732
-1.935
-1.733
-1.733
-0.077
-0.077
-0.203
-0.077
-0.077
-0.077
-0.077
-0.077
-0.077
-1.833
-1.863
-0.679
0.090
0.083
-0.665
-0.665
0.090
-0.665
-0.090
-0.090
-0.090
-0.090
-0.090
-0.090
-1.858
-1.170
-1.170
0.077
0.078
0.066
-1.284
-1.528
-1.292
0.081
0.081
0.081
0.081
0.076
0.081
0.088
-0.679
0.090
0.089
0.089
-0.677
0.090
0.090
-0.679
-0.679
-0.679
0.087
0.086
0.090
-0.679
0.090
-0.681
0.081
-0.677
-0.677
-1.246
0.000
0.000
0.000
0.000
0.000
0.000
0.000
0.000
0.000
0.000
0.000
0.000
0.000
0.000
0.000
0.000
0.000
0.000
0.000
0.000
0.000
