fixedStep chrom=ENSGT00390000002222 start=1 step=1
-1.474
-0.862
-1.479
-0.862
-1.313
-1.441
-3.906
-2.708
-3.702
-4.260
-4.810
-4.119
-2.929
-3.195
-4.134
-2.720
-3.745
-3.649
-2.934
-3.726
-3.659
0.000
0.000
0.000
0.000
0.000
0.000
0.000
0.000
0.000
-4.134
-4.134
-4.232
-4.206
-2.929
-3.657
-2.854
-2.854
-3.684
-2.931
-2.718
-2.924
0.070
0.070
0.070
0.067
0.070
0.070
0.070
0.069
0.067
0.070
0.070
0.070
0.070
0.070
0.070
0.070
0.070
0.070
0.070
0.070
0.058
0.070
0.065
0.070
0.070
0.070
0.067
0.070
0.070
0.065
0.070
0.070
0.070
0.070
0.070
0.065
0.070
0.070
0.070
0.070
0.070
0.070
0.070
0.070
0.065
0.070
0.070
0.065
0.070
0.070
0.070
0.070
0.070
0.070
0.070
0.070
0.070
0.070
0.070
0.069
0.070
0.070
0.068
0.070
0.073
0.054
0.073
0.073
0.073
0.073
0.073
0.073
0.073
0.073
0.073
0.071
0.073
0.073
0.073
0.073
0.073
0.073
0.073
0.071
0.073
0.073
0.054
0.073
0.073
0.073
0.073
0.072
0.071
0.073
0.073
-2.274
0.073
0.073
0.073
0.073
0.073
0.073
0.065
0.071
0.063
0.071
0.073
0.071
0.065
0.065
0.073
0.071
0.073
0.073
0.073
0.073
0.073
0.073
0.073
0.069
0.073
0.073
0.073
0.073
0.069
0.073
0.073
0.073
0.073
0.073
0.073
0.073
0.073
0.073
0.069
0.073
0.071
0.073
0.073
0.073
0.072
0.073
0.073
0.073
0.073
0.073
0.069
0.073
0.073
0.073
0.073
0.073
0.073
0.073
0.073
0.073
0.073
0.073
0.073
0.073
0.073
0.073
0.073
0.073
0.073
0.073
0.073
0.069
0.073
0.073
0.073
0.069
0.073
0.073
0.069
0.070
0.070
0.070
0.070
0.070
0.070
0.070
0.067
0.070
0.070
0.070
0.070
0.070
0.070
0.070
0.070
0.070
0.070
0.070
0.058
0.070
0.070
0.070
0.070
0.070
0.070
0.070
0.070
0.070
0.070
0.070
0.070
0.070
0.070
0.070
0.050
0.070
0.070
0.070
0.070
0.070
0.070
0.070
0.070
0.070
0.070
0.051
0.070
0.070
0.070
0.070
0.070
0.070
0.070
0.070
0.070
0.070
0.070
0.068
0.070
0.070
0.070
0.070
0.070
0.068
0.070
0.070
0.070
0.070
0.073
0.072
0.071
0.073
0.072
0.069
0.054
0.072
0.073
0.073
0.073
0.071
0.071
0.073
0.071
0.073
0.069
0.073
0.073
0.071
0.073
0.065
0.073
0.073
0.073
0.073
0.073
0.073
0.073
0.073
0.073
0.054
0.073
0.073
0.073
-1.807
-3.034
-2.292
0.073
0.073
0.073
0.073
0.073
0.060
0.071
0.073
0.073
0.073
0.073
0.073
0.073
0.073
0.071
0.071
0.073
0.073
0.073
0.073
0.073
0.073
0.073
0.071
0.073
0.072
0.071
0.073
0.071
0.072
0.073
0.068
0.054
0.073
0.073
0.073
0.073
0.073
0.073
0.067
0.073
0.069
0.073
0.073
0.061
0.073
0.073
0.072
0.073
0.073
0.073
0.073
0.066
0.066
0.073
0.073
0.073
0.073
0.073
0.073
0.073
0.073
0.073
0.073
0.073
0.073
0.073
0.068
0.073
0.071
0.071
0.070
0.073
0.073
0.073
0.073
0.073
0.064
0.073
0.073
0.071
0.073
0.073
0.071
0.073
0.073
0.073
0.073
0.073
0.072
0.073
0.073
0.073
0.073
0.073
0.054
0.073
0.073
0.069
0.073
0.073
0.073
0.073
0.073
0.073
0.073
0.073
0.071
0.071
0.073
0.073
0.073
0.073
0.073
0.073
0.073
0.073
0.073
0.073
0.052
0.073
0.073
0.073
0.073
0.073
0.073
0.073
0.073
0.073
0.073
0.073
0.073
0.071
0.073
0.069
0.073
0.073
-1.556
0.073
0.073
0.073
0.073
0.073
0.073
0.071
0.065
0.073
0.073
0.072
0.069
0.073
0.073
0.073
0.071
0.073
0.073
0.073
0.073
0.069
0.073
0.073
0.073
0.073
0.073
0.073
0.073
0.073
0.073
-1.919
-1.682
-1.672
-1.405
-1.405
-1.405
0.073
0.073
0.073
0.073
0.073
0.073
0.073
0.068
0.069
0.073
0.073
0.073
0.073
0.073
0.073
0.073
0.073
0.073
0.073
0.073
0.073
0.073
0.073
0.072
0.073
0.073
0.073
0.073
0.073
0.073
0.073
0.073
0.069
0.073
0.073
0.073
0.071
0.073
0.054
0.073
0.073
0.073
0.073
0.073
0.071
0.065
0.073
0.073
0.073
0.073
0.073
0.073
0.073
0.073
0.073
0.073
0.052
0.073
0.073
0.071
0.073
0.073
0.073
0.073
0.073
0.073
0.073
0.073
0.073
0.073
0.073
0.073
0.073
0.073
0.073
0.073
0.073
0.069
0.073
0.073
0.073
0.073
0.073
0.073
0.073
0.073
0.073
0.073
0.070
0.070
0.070
0.070
0.070
0.070
0.070
0.070
0.070
0.070
0.070
0.070
0.070
0.069
0.070
0.070
0.070
0.070
0.070
0.070
0.068
0.070
0.070
0.070
0.070
0.066
0.070
0.070
0.065
0.070
0.070
0.070
0.070
0.070
0.070
0.070
0.070
0.070
0.070
0.070
0.070
0.070
0.050
0.066
0.070
0.070
0.070
0.070
0.070
0.070
0.070
0.070
0.070
0.070
0.070
0.070
0.070
0.070
0.070
0.070
0.070
0.070
0.070
0.070
0.070
0.073
0.073
0.073
0.073
0.073
0.068
0.073
0.073
0.073
0.073
0.073
0.071
0.073
0.073
0.073
0.073
0.073
0.073
0.073
0.073
0.073
0.073
0.073
0.073
0.073
0.073
0.073
0.073
0.073
0.073
0.073
0.073
0.068
0.073
0.073
0.069
0.073
0.073
0.071
0.073
0.073
0.069
0.073
0.073
0.069
0.073
0.073
0.072
0.073
0.073
0.073
0.073
0.073
0.073
0.073
0.073
0.068
0.073
0.073
0.073
0.073
0.073
0.071
0.073
0.073
0.073
0.073
0.073
0.071
0.073
0.073
0.073
0.073
0.073
0.073
0.073
0.071
0.068
0.073
0.073
0.073
0.073
0.073
0.061
0.073
0.073
0.059
0.073
0.073
0.069
0.073
0.073
0.069
0.073
0.073
0.072
0.073
0.073
0.073
0.073
0.073
0.073
0.073
0.073
0.073
0.073
0.073
0.069
0.073
0.073
0.069
0.073
0.073
0.073
-0.123
-0.123
-0.123
-0.123
-0.123
-0.123
0.071
0.073
0.073
0.073
0.073
0.073
0.073
0.073
0.073
0.073
0.073
0.073
0.073
0.073
0.073
0.066
0.073
0.073
0.073
0.073
0.073
0.073
0.073
0.069
0.073
0.073
0.071
0.065
0.073
0.072
0.073
0.073
0.073
0.073
0.073
0.073
0.073
0.073
0.072
0.073
0.073
0.073
0.073
0.073
0.071
0.073
0.073
0.053
0.073
0.073
0.073
0.073
0.073
0.071
0.073
0.073
0.072
0.073
0.072
0.071
0.072
0.068
0.052
0.073
0.073
0.073
0.073
0.073
0.073
0.073
0.073
0.073
0.073
0.073
0.073
0.073
0.073
0.073
0.073
0.069
0.054
0.073
0.073
0.073
0.073
0.071
0.070
0.073
0.073
0.073
0.069
0.073
0.073
0.073
0.071
0.073
0.073
0.073
0.069
0.064
0.073
0.069
0.073
0.073
0.073
0.073
0.073
0.073
0.073
0.073
0.073
0.073
0.073
0.073
0.073
0.071
0.073
0.073
0.069
0.068
0.073
0.073
0.073
0.073
0.069
0.073
0.073
0.073
0.059
0.073
0.073
0.054
0.073
0.073
0.073
0.073
0.073
0.071
0.073
0.073
0.069
0.073
0.073
0.073
0.073
0.073
0.073
0.073
0.073
0.073
-1.405
-1.405
-2.218
0.073
0.073
0.073
0.073
0.073
0.073
0.073
0.073
0.073
0.073
0.073
0.061
0.073
0.073
0.073
0.073
0.072
0.073
0.073
0.073
0.073
0.071
0.073
0.069
0.073
0.073
0.073
0.073
0.073
0.073
0.073
0.073
0.071
0.073
0.073
0.073
0.073
0.073
0.073
0.073
0.073
0.056
0.073
0.073
0.071
0.073
0.073
0.066
0.073
0.073
0.071
0.071
0.069
0.064
0.069
0.073
0.061
0.066
0.073
0.073
0.072
0.073
0.073
0.073
0.073
0.071
0.073
0.067
0.071
0.065
0.073
0.073
0.073
0.073
0.073
0.073
0.073
0.073
0.073
0.071
0.054
0.073
0.073
0.073
0.073
0.072
0.071
0.073
0.073
-1.322
0.071
0.073
0.073
0.073
0.073
0.073
0.073
0.073
0.071
0.073
0.073
0.073
0.073
0.065
0.073
0.073
0.069
0.073
0.071
0.073
0.073
0.072
0.073
0.073
0.069
0.052
0.073
0.071
0.073
0.066
0.073
0.073
0.072
0.073
-2.076
0.073
0.073
0.073
0.073
0.073
0.069
0.071
0.073
0.073
0.073
0.073
0.073
0.066
0.071
0.066
0.068
0.073
0.073
0.071
0.071
0.073
0.073
0.071
0.073
0.070
0.067
0.073
0.073
0.072
0.073
0.067
0.067
0.072
0.073
0.072
0.073
0.064
0.000
0.000
0.000
0.000
0.000
0.000
0.000
0.000
0.000
0.000
0.000
0.000
0.069
0.073
0.073
0.073
0.073
0.067
0.073
0.073
0.073
0.054
0.073
0.068
0.073
0.073
0.066
0.068
0.073
0.073
0.073
0.073
0.073
0.073
0.073
0.068
0.073
0.073
0.073
-1.405
-3.241
-1.684
-1.405
-1.405
-1.405
-1.406
-1.406
-1.405
-1.405
-1.405
-1.405
-1.405
-1.405
-1.405
-1.399
-1.406
-1.406
-1.405
-1.405
-1.406
