fixedStep chrom=ENSGT00390000002210 start=1 step=1
0.084
0.085
0.084
0.085
0.084
0.084
0.084
0.085
0.077
0.084
0.084
0.084
0.084
0.085
0.077
0.061
0.085
0.084
0.084
0.085
0.081
0.077
0.084
0.068
0.085
0.084
0.084
0.084
0.085
0.084
0.084
0.085
0.084
0.084
0.084
0.084
0.085
0.085
0.085
0.084
0.077
0.084
0.084
0.085
0.084
0.085
0.084
0.084
0.085
0.084
0.084
0.085
0.085
0.084
0.084
0.085
0.084
0.085
0.084
0.084
0.084
0.077
0.084
0.084
0.084
0.084
0.084
0.084
0.077
0.084
0.084
0.076
0.084
0.084
0.084
0.084
0.084
0.085
0.085
0.085
0.084
0.084
0.084
0.084
0.084
0.085
0.085
0.084
0.084
0.084
0.084
0.084
0.085
0.084
0.084
0.084
0.085
0.084
0.084
0.085
0.084
0.084
0.084
0.084
0.081
0.084
0.084
0.082
0.084
0.084
-0.768
0.084
0.084
0.084
0.084
0.084
0.077
0.084
0.084
0.072
0.077
0.084
0.084
0.084
0.081
0.084
0.084
0.084
0.084
0.084
0.084
0.072
0.084
0.084
0.077
0.079
0.084
0.082
0.084
0.084
0.084
0.084
0.085
0.084
0.084
0.083
0.084
0.084
0.084
0.085
0.085
0.085
0.084
0.084
0.084
0.084
0.084
0.085
0.077
0.084
0.084
0.084
0.084
0.084
0.083
0.085
0.084
0.077
0.084
0.084
0.077
0.084
0.084
0.084
0.084
0.084
0.084
0.084
0.085
0.084
-0.768
0.084
0.077
0.077
0.084
0.084
-0.751
0.085
0.084
-0.768
0.077
0.084
0.084
0.084
0.084
0.084
0.084
0.077
0.077
0.085
-0.768
0.084
0.084
-0.751
0.084
0.079
0.084
0.077
-0.751
0.071
0.077
-0.770
0.085
0.085
0.085
-0.768
0.084
0.084
0.084
0.084
0.084
0.084
-0.786
-0.786
-0.785
-0.785
-0.785
-0.786
0.084
0.084
0.081
0.077
0.077
-0.768
-0.766
-0.770
0.077
-0.751
0.084
-0.768
-0.751
0.085
0.084
-0.768
0.084
-0.768
0.085
0.084
0.085
0.084
0.084
-0.768
0.085
0.085
-0.768
-0.766
-0.766
-0.768
-0.751
0.084
0.077
-0.766
-0.766
0.077
0.085
0.084
0.081
-0.768
0.085
-0.770
0.077
0.077
0.084
0.077
0.084
0.084
0.077
0.085
0.077
0.071
0.085
-0.768
0.077
-0.768
0.077
-0.751
-0.766
0.077
0.085
0.084
0.084
-3.453
0.071
-0.770
-0.766
-0.766
0.085
0.077
0.084
0.084
0.085
-0.751
0.084
-0.161
-0.161
-0.161
0.077
-0.766
0.077
0.085
0.084
0.084
-0.766
-0.766
-0.770
-0.766
-0.766
-0.770
0.084
0.084
0.077
0.084
0.085
0.077
0.077
-0.766
0.077
0.077
0.077
0.085
0.084
0.085
0.077
0.077
-0.766
0.077
0.084
0.077
0.084
0.085
0.084
0.084
-0.768
-0.768
-0.751
-0.768
0.084
0.071
0.085
0.085
0.084
-0.766
-0.766
-0.770
-0.766
-0.768
0.077
-0.766
-0.766
-0.770
-0.766
0.085
-0.751
0.077
-0.766
-0.766
-0.770
0.084
-0.755
-0.751
0.085
0.084
-0.755
-0.749
-0.751
-0.749
0.085
-0.751
-0.751
0.079
-0.751
0.085
0.058
0.079
0.079
0.079
0.079
0.079
0.084
0.083
0.079
0.058
0.084
-0.749
-0.749
-0.755
0.084
0.084
0.084
0.084
0.084
0.084
0.084
0.084
0.084
0.084
0.085
0.084
0.084
0.084
0.083
-0.770
0.084
-0.766
0.077
0.084
0.084
0.077
0.084
0.082
0.084
-0.768
0.084
0.084
0.084
0.084
0.084
0.084
0.084
0.084
0.084
0.084
0.085
0.085
0.084
0.084
0.085
0.084
0.084
0.085
0.084
0.084
0.085
0.079
0.084
0.084
0.077
0.084
0.084
0.077
0.085
0.084
0.084
0.084
0.084
0.075
0.084
0.084
0.084
0.085
0.084
0.085
0.085
0.085
0.084
0.085
0.084
0.083
0.084
0.084
0.084
0.085
0.085
0.077
0.085
0.084
0.085
0.084
0.084
0.084
0.084
0.085
0.081
0.084
0.085
0.084
0.084
0.084
0.084
0.077
0.085
0.084
0.084
0.085
0.084
0.084
0.084
0.085
0.084
0.084
0.084
0.084
0.084
0.083
0.084
0.084
0.084
0.084
0.084
0.084
0.084
0.084
0.083
0.084
0.084
0.083
0.084
0.085
0.084
0.084
0.084
0.077
0.084
0.084
0.085
0.084
0.084
0.084
0.084
0.084
0.084
0.083
0.085
0.085
0.085
0.085
0.085
0.084
0.084
0.084
0.084
0.085
0.084
0.084
0.085
0.084
0.085
0.084
0.084
0.084
0.084
0.085
0.085
0.084
0.084
0.084
0.085
0.077
0.084
0.084
0.085
0.084
0.084
0.084
0.085
0.084
0.081
0.077
0.084
0.084
0.085
0.085
0.078
0.085
0.084
0.083
0.084
0.084
0.084
0.081
0.084
0.084
0.085
0.084
-0.768
0.085
0.078
0.084
0.084
0.084
0.084
0.084
0.084
0.084
0.084
0.083
0.084
0.085
0.085
0.077
0.077
0.084
0.077
0.078
0.084
0.077
-0.755
0.085
0.084
0.084
0.084
0.077
0.084
0.084
0.077
0.084
0.084
0.084
0.084
0.084
0.084
0.084
0.085
0.084
0.085
0.085
0.084
0.085
0.084
0.077
0.084
0.084
0.084
0.084
0.085
0.083
0.084
0.085
0.084
0.084
0.085
0.084
0.084
0.084
0.083
0.084
0.085
0.084
0.084
0.084
0.084
0.085
0.085
0.084
0.084
0.084
0.084
0.084
0.084
0.084
0.085
0.085
0.084
0.085
0.084
0.077
0.084
0.085
0.077
0.084
0.084
0.084
0.084
0.084
-1.812
0.084
0.084
0.084
0.084
0.084
0.084
0.085
0.084
0.084
0.084
0.084
-0.770
0.081
0.084
0.084
0.084
0.085
0.084
0.084
0.085
0.084
0.085
0.084
0.084
0.084
0.084
0.084
0.084
0.084
0.077
0.084
0.085
0.084
0.084
0.084
0.084
0.084
0.084
0.084
-0.768
0.085
0.084
0.084
0.085
-1.456
0.084
0.084
0.084
0.084
0.084
-2.090
0.084
-1.460
0.084
-0.755
0.079
-0.755
-0.749
0.084
0.079
0.084
0.084
-0.751
-0.751
0.058
0.079
-0.751
0.079
-0.751
-1.418
0.058
0.084
0.084
0.079
0.079
0.079
0.085
0.084
0.071
0.078
0.079
0.085
0.058
-2.082
-0.755
0.058
-3.796
0.085
0.079
0.084
0.079
-0.755
-2.090
0.079
-0.749
-1.454
-1.288
0.058
0.084
0.079
0.077
-1.934
-0.749
0.071
-0.751
-0.751
0.079
-0.755
-0.749
-0.751
-2.947
-2.669
0.085
0.083
0.084
0.085
0.084
0.084
0.085
0.084
-0.755
-0.755
-0.749
-0.751
-2.902
-1.456
-0.751
-0.755
0.079
0.079
0.058
-1.454
0.084
0.084
-0.755
-1.458
0.084
-1.468
-1.447
0.058
0.079
0.075
0.079
0.085
0.084
0.084
-0.751
0.084
0.075
-0.751
-1.444
-0.751
0.081
-1.463
-0.749
-0.755
-0.749
0.079
0.083
0.084
-0.749
-1.427
0.081
0.085
0.077
0.079
0.084
0.084
-0.751
0.079
-0.755
-1.453
0.058
-0.755
0.058
0.079
-0.751
0.084
0.084
0.078
0.077
0.085
-0.751
-0.749
-0.749
-1.498
0.084
0.084
0.079
-0.749
0.079
-0.755
-0.770
0.058
0.076
0.084
0.085
0.084
0.079
-0.749
-0.751
-0.749
-0.755
0.084
-2.090
0.085
0.071
-0.077
-0.077
-0.077
-0.749
0.085
0.084
-0.749
-0.755
-0.755
-0.755
-0.749
-0.755
0.079
-0.755
-1.450
0.084
-0.755
0.084
0.058
0.079
0.084
-0.749
0.085
0.084
-0.751
0.079
0.071
-0.749
0.085
0.084
0.079
-0.749
-0.755
-1.438
-0.755
0.077
0.079
0.084
0.079
-0.749
-0.749
-0.755
0.084
-0.751
0.080
-0.755
-0.749
0.084
-0.749
0.079
-1.796
-0.755
0.085
0.080
0.084
0.084
0.084
0.085
0.076
0.085
0.084
0.084
0.085
0.084
0.085
0.084
0.084
0.083
0.085
0.084
0.084
0.084
0.085
0.084
0.085
0.084
0.084
0.081
0.084
0.085
0.084
0.084
0.084
-1.374
0.084
0.085
0.084
0.084
0.084
0.083
0.084
0.084
0.084
0.085
0.084
0.085
0.084
0.085
0.083
0.084
0.085
0.084
0.084
0.084
0.084
0.084
0.084
0.084
0.085
0.085
0.085
0.085
0.084
0.084
0.084
0.084
0.084
0.085
0.084
0.084
0.084
0.084
-0.768
0.084
0.084
0.085
-0.766
0.081
0.071
0.084
0.084
0.084
0.085
0.085
0.084
0.084
0.084
0.077
-0.751
0.084
0.084
0.084
0.085
0.084
0.084
0.084
0.084
0.084
0.084
0.085
0.084
0.084
0.084
0.084
0.084
0.084
0.084
0.085
0.084
0.084
0.084
0.077
0.084
0.084
0.084
0.084
0.084
0.083
0.085
-0.751
0.084
0.085
0.084
0.084
0.084
0.085
0.084
0.084
0.084
0.077
0.084
0.084
0.084
0.083
0.085
0.084
0.084
0.085
0.084
0.084
0.084
0.084
0.084
0.084
0.077
0.084
0.085
0.084
0.084
0.085
0.084
0.084
0.085
0.084
0.085
0.084
0.084
0.085
0.084
0.084
0.084
0.084
0.084
0.084
0.084
0.077
0.084
0.081
-1.064
0.084
0.084
0.084
0.084
0.085
0.083
0.084
0.085
0.084
0.085
0.084
0.084
0.085
0.084
0.084
0.084
0.084
0.084
0.084
0.084
0.084
0.085
-0.751
0.084
0.085
0.084
0.084
0.084
0.084
0.084
0.084
0.084
0.084
0.084
0.084
0.084
0.084
0.085
0.084
0.084
0.084
-1.949
0.084
0.084
0.084
0.084
0.084
0.084
0.085
-0.770
0.084
0.084
0.081
0.084
0.077
0.084
0.084
0.084
0.084
-0.770
0.084
0.084
0.084
0.084
0.084
0.085
0.084
0.084
0.084
0.084
0.084
-0.770
0.084
0.085
0.084
0.084
0.084
0.084
0.084
0.085
0.084
0.077
0.084
0.084
0.084
0.085
0.084
0.084
0.084
0.084
0.084
0.084
0.077
0.084
0.084
0.084
0.085
0.085
0.077
-0.751
0.084
0.085
0.084
0.084
0.084
0.085
0.085
0.084
0.084
0.084
0.085
0.085
0.082
0.085
0.084
0.084
0.084
0.081
0.085
0.084
-1.585
0.085
0.076
0.084
0.084
0.071
0.071
0.084
0.084
0.084
0.084
0.085
0.084
0.084
0.084
0.084
0.084
0.084
0.085
0.084
0.084
-0.770
0.085
0.083
0.084
0.077
0.084
0.083
0.085
0.084
0.084
0.084
0.084
0.085
0.084
0.084
0.084
0.084
0.084
0.084
0.084
0.077
0.084
0.085
0.084
0.077
0.085
0.084
0.085
0.084
0.084
0.085
0.084
0.085
0.085
0.084
0.081
0.085
-0.766
0.084
0.084
0.085
0.084
0.084
0.084
0.077
0.077
0.084
0.085
0.084
0.084
0.084
0.084
0.084
0.077
0.084
0.084
0.084
0.085
0.085
0.085
0.084
0.084
0.084
0.084
0.084
0.084
0.085
0.085
-1.916
0.084
0.084
0.084
0.084
0.084
0.083
0.084
0.084
0.084
0.084
0.084
0.078
0.084
0.085
0.084
0.084
0.085
0.076
0.084
0.084
0.084
0.084
0.084
0.081
0.084
0.084
0.084
0.084
0.085
0.084
0.084
0.084
-0.768
0.084
0.084
0.084
0.085
0.085
0.081
-0.768
0.085
0.084
0.085
0.084
-1.314
-0.755
0.077
0.084
-1.763
-1.738
-2.268
-1.767
-1.761
-1.767
-2.265
-2.191
-1.767
-1.763
-1.761
-2.553
