fixedStep chrom=ENSGT00390000017709 start=1 step=1
-2.180
-1.383
-1.393
-1.383
-1.392
-2.173
-1.660
-1.697
-1.706
0.080
0.080
0.067
0.080
0.080
0.080
0.080
0.080
0.075
0.080
0.056
0.080
0.079
0.074
0.070
0.059
0.074
0.080
0.080
0.080
0.079
0.056
0.080
0.080
0.056
0.080
0.056
0.080
0.074
0.074
0.080
0.056
0.075
0.075
0.080
0.080
0.080
0.079
0.075
0.059
0.080
0.075
0.080
0.080
0.075
0.059
0.080
0.080
0.076
0.075
0.074
0.080
0.075
0.079
0.080
0.075
0.075
0.080
0.080
0.080
0.080
0.056
0.073
0.080
0.080
0.075
0.080
0.080
0.080
0.080
0.080
0.074
0.080
0.080
0.080
0.080
0.080
0.075
0.080
0.080
0.075
0.080
0.080
0.079
0.078
0.080
0.080
0.080
0.080
0.080
0.080
0.080
0.079
0.080
0.080
0.070
0.080
0.080
0.059
0.080
0.080
0.080
0.080
0.080
0.080
0.080
0.080
0.074
0.080
0.080
0.080
0.080
0.080
0.080
0.080
0.080
0.075
0.080
0.080
0.076
0.080
0.080
0.080
0.080
0.080
0.080
0.080
0.080
0.080
0.080
0.080
0.080
0.080
0.080
0.070
0.080
0.080
0.075
0.080
0.079
0.080
0.080
0.080
0.075
0.056
0.080
0.080
0.080
0.080
0.080
0.080
0.080
0.080
0.080
0.080
0.080
0.080
0.080
0.080
0.080
0.080
0.080
0.080
0.080
0.080
0.080
0.080
0.079
0.080
0.080
0.080
0.080
0.080
0.067
0.080
0.080
0.080
0.080
0.080
0.080
0.080
0.080
0.076
0.080
0.080
0.075
0.080
0.080
0.080
0.080
0.080
0.075
0.080
0.080
0.080
0.080
0.080
0.080
0.080
0.080
0.080
0.080
0.080
0.080
0.080
0.080
0.073
0.080
0.080
0.080
0.080
0.080
0.074
0.059
0.080
0.077
0.078
0.080
0.080
-0.986
-1.139
-0.986
0.080
0.080
0.079
0.080
0.080
0.080
0.080
0.080
0.077
0.080
0.080
0.080
0.080
0.080
0.075
0.080
0.070
-2.169
0.080
0.080
0.080
0.077
0.080
0.075
0.079
0.080
0.080
0.080
0.077
0.075
0.080
0.080
0.075
0.080
0.080
0.080
0.075
0.074
0.074
0.080
0.080
0.075
0.080
0.080
0.080
0.059
0.080
0.080
0.056
0.080
0.080
0.080
0.080
0.075
0.080
0.080
0.080
0.080
0.080
0.080
0.080
0.080
0.079
0.080
0.080
0.080
0.075
0.080
0.079
0.068
0.080
0.080
0.080
0.080
0.080
-1.483
0.079
0.080
0.080
0.080
0.080
0.080
0.080
0.055
0.080
0.080
0.080
0.080
0.080
0.059
0.080
0.080
0.075
0.075
0.080
0.059
0.080
0.080
0.080
0.080
0.075
0.080
0.080
0.080
0.080
0.080
0.080
0.080
0.080
0.080
0.080
0.080
0.080
-2.415
0.080
0.076
0.080
0.080
0.080
0.080
0.080
0.080
0.080
0.080
0.080
0.075
0.056
0.080
0.080
0.080
0.080
0.080
0.080
0.080
0.080
0.080
0.080
0.075
0.075
0.075
0.075
0.080
0.078
0.080
0.056
0.080
0.074
0.056
0.075
0.076
0.080
0.075
0.080
0.080
0.080
0.079
0.080
0.080
0.080
0.080
0.075
0.080
0.080
0.080
0.077
0.080
0.080
0.075
0.071
0.080
0.059
0.078
0.080
0.077
0.077
0.080
0.080
0.080
0.080
0.074
0.059
0.080
0.080
0.080
-1.441
0.080
0.080
0.080
0.080
0.080
0.080
0.080
0.080
0.080
0.080
0.080
0.080
0.080
0.080
0.056
0.075
0.075
0.075
0.075
0.080
0.080
0.079
0.078
0.059
0.075
0.079
-1.720
0.080
0.080
-1.458
0.080
0.080
0.080
0.080
0.080
0.075
0.080
0.080
0.080
0.080
0.059
0.080
0.080
0.080
0.075
0.080
0.079
0.080
0.080
0.078
0.078
0.080
0.080
0.080
0.079
0.076
0.080
0.077
0.080
0.080
0.074
0.069
0.080
0.080
0.070
0.080
0.075
0.075
0.075
0.056
0.080
0.080
0.070
0.080
0.080
0.075
0.080
0.078
-1.765
0.075
0.055
0.075
0.080
0.080
-1.482
0.079
0.075
0.080
0.080
0.080
0.080
0.080
0.080
0.056
