fixedStep chrom=ENSGT00730000111304 start=1 step=1
0.000
0.000
0.000
0.000
0.000
0.000
0.000
0.000
0.000
0.000
0.000
0.000
0.000
0.000
0.000
0.000
0.000
0.000
0.000
0.000
0.000
0.000
0.000
0.000
0.000
0.000
0.000
0.000
0.000
0.000
0.000
0.000
0.000
0.000
0.000
0.000
0.000
0.000
0.000
0.000
0.000
0.000
0.000
0.000
0.000
0.000
0.000
0.000
0.000
0.000
0.000
0.000
0.000
0.000
0.000
0.000
0.000
0.000
0.000
0.000
0.000
0.000
0.000
0.000
0.000
0.000
0.000
0.000
0.000
0.000
0.000
0.000
0.000
0.000
0.000
0.000
0.000
0.000
0.000
0.000
0.000
0.000
0.000
0.000
0.000
0.000
0.000
0.000
0.000
0.000
0.000
0.000
0.000
0.000
0.000
0.000
0.000
0.000
0.000
-4.404
-4.469
-3.923
-3.923
-3.923
-4.469
0.053
0.053
0.053
0.053
0.053
0.053
0.053
0.053
0.053
0.053
0.051
0.053
0.053
0.053
0.053
0.053
0.053
0.053
0.052
0.053
0.053
0.053
0.053
0.053
0.053
0.050
0.051
0.050
0.053
0.053
0.053
0.053
0.053
0.053
0.053
0.053
0.053
0.053
0.053
0.052
0.053
0.053
0.053
0.053
0.052
0.053
0.053
0.053
0.053
0.053
0.053
0.053
0.053
0.053
0.053
0.053
0.053
0.053
0.053
0.053
0.053
0.053
0.053
0.053
0.053
0.053
0.053
0.053
0.053
0.053
0.053
0.053
0.053
0.053
0.053
0.053
0.053
0.053
0.053
0.053
0.053
0.053
0.053
0.053
0.053
0.053
0.049
0.053
0.053
0.052
0.053
0.053
0.053
0.053
0.053
0.053
0.053
0.053
0.053
0.053
0.053
0.053
0.053
0.053
0.052
0.053
0.053
0.051
0.053
0.053
0.053
0.053
0.053
0.053
0.053
0.053
0.053
0.053
0.053
0.051
0.053
0.053
0.053
0.053
0.053
0.053
0.053
0.053
0.050
0.053
0.053
0.053
0.053
0.053
0.052
0.053
0.053
0.053
0.053
0.053
0.048
0.053
0.053
0.053
0.053
0.053
0.053
0.053
0.053
0.053
0.053
0.053
0.053
0.053
0.053
0.053
0.052
0.053
0.053
0.053
0.053
0.053
0.053
0.053
0.053
0.053
0.053
0.053
0.053
0.053
0.053
0.053
0.053
0.053
0.053
0.053
0.053
0.053
0.053
0.052
0.053
0.053
0.053
0.053
0.053
0.050
0.053
0.053
0.052
0.053
0.053
0.053
0.053
0.053
0.053
0.053
0.053
0.053
0.053
0.053
0.051
0.053
0.053
0.053
0.053
0.053
0.053
0.053
0.053
0.053
0.053
0.053
0.053
0.053
0.053
0.053
0.053
0.053
0.051
0.053
0.053
0.053
0.053
0.053
0.052
0.053
0.053
0.053
0.053
0.053
0.053
0.053
0.053
0.053
0.053
0.053
0.050
0.053
0.053
-2.927
0.053
0.053
0.053
0.053
0.053
0.053
0.053
0.053
0.053
0.053
0.053
0.053
0.053
0.053
0.053
0.053
0.053
0.053
0.053
0.053
0.053
0.053
0.053
0.053
0.053
0.053
0.053
0.053
0.053
0.047
0.053
0.053
0.053
0.053
0.053
0.053
0.053
0.053
0.053
0.053
0.053
0.053
0.053
0.053
0.053
0.053
0.053
0.046
0.051
0.053
0.053
0.053
0.053
0.053
0.053
0.053
0.050
0.053
0.053
-2.004
0.053
0.053
0.053
0.053
0.053
0.048
0.053
0.053
0.053
0.053
0.053
0.053
0.053
0.053
0.053
0.053
0.053
0.053
0.053
0.053
0.053
0.053
0.053
0.053
0.053
0.053
0.050
0.053
0.053
0.053
0.050
0.053
0.053
0.053
0.053
0.053
0.053
0.053
0.053
0.053
0.053
0.053
0.053
0.053
0.053
0.050
0.053
0.050
0.053
0.053
0.053
0.053
0.053
0.052
0.053
0.053
0.053
0.053
0.053
0.053
0.053
0.053
0.053
0.053
0.053
0.053
0.053
0.053
0.053
0.053
0.053
0.053
0.053
0.053
0.053
0.053
0.053
0.053
0.053
0.053
0.052
0.053
0.053
0.053
0.053
0.053
0.053
0.053
0.053
0.053
0.053
0.053
0.053
0.053
0.053
0.053
0.053
0.053
0.048
0.053
0.053
0.053
0.053
0.053
0.050
0.053
0.053
0.053
0.053
0.053
0.053
0.053
0.053
0.053
0.053
0.053
0.053
0.053
0.053
0.053
0.050
0.053
-1.131
0.053
0.049
0.053
0.053
0.053
0.049
0.053
0.053
0.051
0.053
0.053
0.053
0.053
0.053
0.052
0.053
0.053
0.051
0.051
0.053
0.053
0.053
0.053
0.053
0.053
0.053
0.051
0.053
0.053
0.053
0.053
0.050
0.053
-1.332
-1.332
-1.596
-1.332
-1.332
-1.332
-1.332
-1.332
-1.404
-1.332
-1.332
-1.332
0.053
0.053
0.053
0.053
0.053
0.053
0.053
0.053
-1.913
0.053
0.053
0.053
0.053
0.053
0.053
0.053
-1.145
0.053
0.053
0.053
0.053
0.053
0.053
0.050
0.053
0.053
0.053
0.053
0.053
0.053
0.053
0.053
0.047
0.053
0.053
0.045
0.053
0.053
0.047
0.053
0.053
0.053
0.053
0.053
0.053
0.053
0.053
0.053
0.053
0.053
0.053
0.053
0.053
0.045
0.053
0.053
0.053
0.053
0.053
0.053
0.053
0.053
0.053
0.053
0.053
0.053
0.053
0.053
0.053
0.053
0.053
0.053
0.053
0.053
0.053
