fixedStep chrom=ENSGT00390000004886 start=1 step=1
0.000
0.000
0.000
0.047
0.047
0.056
0.056
0.047
0.055
0.056
0.047
0.042
0.056
0.047
0.056
-2.539
0.059
-1.988
0.056
0.059
0.054
0.046
0.059
-3.345
-1.838
0.056
0.047
0.059
0.059
0.059
0.059
0.059
0.059
0.059
0.059
0.059
0.059
0.059
0.059
0.059
0.059
0.059
0.059
0.059
0.059
0.059
0.059
0.056
0.059
0.059
0.059
0.059
0.059
0.059
0.059
0.059
0.059
0.056
0.058
0.059
0.059
0.059
0.059
0.059
0.059
0.056
0.059
0.059
0.059
0.059
0.059
0.044
0.059
0.059
0.059
0.057
0.059
0.056
0.059
0.045
0.059
0.059
0.059
0.059
0.059
0.059
0.045
0.058
0.059
0.059
0.059
0.059
0.056
0.059
0.059
0.059
0.059
0.059
0.059
0.059
0.059
0.055
0.059
0.059
0.059
0.059
0.059
0.059
0.045
0.059
0.059
0.059
0.059
0.059
0.059
0.059
0.059
0.054
0.056
0.059
0.059
0.059
0.058
0.059
0.059
0.059
0.059
0.059
0.054
0.059
0.059
0.059
0.059
0.059
0.059
0.059
0.059
0.047
0.059
0.059
0.043
-1.884
0.059
0.047
0.056
0.056
0.047
0.059
0.047
0.059
0.059
0.047
0.059
-1.236
-1.237
-1.236
-1.585
-1.556
-2.207
0.059
0.059
0.059
0.059
0.059
0.045
0.059
0.059
0.059
0.059
0.059
0.056
0.059
0.059
0.059
0.056
0.059
0.059
0.059
0.059
0.059
0.059
0.059
0.057
0.059
0.059
0.058
0.059
0.059
0.059
0.059
0.059
0.056
0.059
0.059
0.059
0.059
0.059
0.059
0.059
0.059
0.057
0.059
0.059
0.059
0.059
0.059
0.059
0.059
0.059
0.059
0.059
0.059
0.055
0.059
0.059
0.059
0.059
0.059
0.056
0.059
0.059
0.059
0.059
0.059
0.059
0.059
0.059
0.059
0.059
0.059
0.056
0.045
0.058
0.059
0.059
0.059
0.059
0.059
0.059
0.059
0.059
0.058
0.059
0.059
0.059
0.059
0.059
0.059
0.059
0.059
0.059
0.059
0.055
0.059
0.059
0.059
0.059
0.045
0.059
0.059
0.059
0.059
0.059
0.059
0.059
0.059
0.059
0.059
0.059
0.059
0.059
0.059
0.059
0.059
0.059
0.059
0.057
0.058
0.059
0.056
0.059
0.059
0.059
0.059
0.059
0.059
0.058
0.059
0.059
0.059
0.059
0.058
0.059
0.059
0.056
0.059
0.054
0.050
0.059
0.059
0.059
0.059
0.059
0.059
0.059
0.059
0.059
0.059
0.058
0.059
0.059
0.059
0.056
0.059
0.059
0.059
0.059
0.045
0.059
0.059
0.056
0.059
0.059
0.045
0.059
0.059
0.058
0.058
0.059
0.059
0.059
0.059
0.059
0.059
0.059
0.059
0.059
0.056
0.059
0.059
0.059
0.056
0.059
0.059
0.059
0.059
0.059
-1.996
0.059
0.059
0.059
0.059
0.059
0.059
0.059
0.059
0.059
0.059
0.059
0.059
0.059
0.059
0.059
0.059
0.059
0.056
0.059
0.059
0.059
0.059
0.059
0.059
0.059
0.059
0.059
0.059
0.059
0.057
0.057
0.059
0.059
0.056
0.055
0.059
0.059
0.059
0.058
0.059
0.059
0.059
0.059
0.059
0.058
0.058
0.059
0.057
0.059
0.059
0.059
0.059
0.058
0.055
0.055
0.059
0.057
0.059
0.057
0.059
0.059
0.059
0.058
0.059
0.046
0.046
0.046
0.046
0.046
0.046
0.046
0.046
0.046
0.046
0.046
0.046
0.046
0.043
0.046
0.046
0.046
0.046
0.046
0.046
0.046
0.046
0.045
0.046
0.046
0.046
0.046
0.046
0.046
0.046
0.046
0.046
0.046
0.046
-1.279
0.046
0.046
0.046
0.046
0.046
0.046
0.046
0.045
0.046
0.046
0.046
0.046
0.046
0.046
0.045
0.046
0.046
0.046
0.046
0.046
0.046
0.046
0.046
0.046
0.046
0.046
0.046
0.046
0.046
0.046
0.046
0.046
0.046
0.046
0.046
-1.260
0.046
0.046
0.046
0.046
0.046
0.042
0.046
0.046
0.046
0.046
0.046
0.046
0.046
0.046
0.040
0.046
0.046
0.046
0.046
0.046
0.046
0.046
0.046
0.042
0.046
0.046
0.046
0.046
0.046
0.046
0.046
0.046
0.042
0.046
0.046
0.046
0.046
0.046
0.046
0.046
0.046
0.046
0.046
0.046
0.046
0.046
0.046
0.046
0.046
0.046
0.046
0.046
0.046
0.046
0.046
0.046
0.046
0.046
0.046
0.046
0.046
0.046
0.042
0.046
0.046
0.045
0.045
0.046
0.045
0.046
0.046
0.046
0.046
0.046
0.046
0.046
0.046
0.042
0.046
0.046
0.045
0.046
0.046
0.046
0.046
0.046
-1.250
0.046
0.046
0.046
0.046
0.046
0.042
0.046
0.046
0.046
0.046
0.046
0.046
0.046
0.046
0.046
0.046
0.046
0.046
0.046
0.046
0.046
0.042
0.046
0.046
0.046
0.046
0.045
0.046
0.046
0.046
-0.307
-0.307
-0.307
0.046
0.059
0.058
0.059
0.059
0.058
0.059
0.059
0.059
0.059
0.059
0.059
0.059
0.059
0.059
0.059
0.059
0.059
0.059
0.059
0.059
0.059
0.059
0.059
0.059
0.059
0.059
0.059
0.059
0.056
0.059
0.059
0.059
0.059
0.059
0.059
0.059
0.059
0.058
0.059
0.059
0.056
0.059
0.050
0.057
0.059
0.059
0.056
0.059
0.059
0.058
0.058
0.059
0.059
0.059
0.059
0.059
0.059
0.059
0.059
0.059
0.059
0.059
0.059
0.059
0.059
0.047
0.059
0.059
0.059
0.059
0.059
0.059
0.059
0.059
0.059
0.059
0.056
0.059
0.059
0.059
0.059
0.059
0.059
0.059
0.059
0.058
0.059
0.059
0.059
0.059
0.059
0.059
0.059
0.059
0.058
0.059
0.059
0.054
0.059
0.059
0.059
0.059
0.059
0.050
0.059
0.059
0.056
0.059
0.059
0.059
0.059
0.059
0.059
0.059
0.059
0.059
0.059
0.059
0.050
0.059
0.057
0.059
0.051
0.051
0.051
0.051
0.051
0.051
0.051
0.051
0.050
0.051
0.051
0.051
0.051
0.051
0.051
0.051
0.051
0.051
0.051
0.051
0.051
0.051
0.051
0.049
0.051
0.051
0.051
0.051
0.051
0.051
0.051
0.051
0.051
0.051
0.051
0.050
0.051
0.051
0.051
0.051
0.051
0.050
0.051
0.051
0.051
0.051
0.051
0.048
0.051
0.051
0.051
0.038
0.051
0.051
0.051
0.051
0.051
0.051
0.051
0.047
0.051
0.051
0.050
0.051
0.051
0.050
0.051
0.051
0.051
0.050
0.051
0.051
0.051
0.051
0.051
0.000
0.000
0.000
0.051
0.051
0.051
0.051
0.041
0.051
0.051
0.051
0.049
0.051
0.041
0.056
-1.330
-1.330
-1.330
0.057
0.042
0.059
0.059
0.059
0.059
0.059
0.059
0.059
0.059
0.059
0.059
0.054
0.059
0.059
0.059
0.059
0.057
0.059
0.059
0.059
0.059
0.059
0.055
0.059
0.059
0.059
0.059
0.059
0.059
0.059
0.059
0.059
0.059
0.059
0.058
0.059
0.059
0.059
0.059
0.059
0.059
0.059
0.055
0.057
0.059
0.059
0.059
0.059
0.059
0.059
0.059
0.059
0.059
0.059
0.059
0.059
0.059
0.059
0.059
0.050
0.059
0.059
0.059
0.059
0.054
0.059
0.059
0.059
0.059
0.059
0.059
0.059
0.059
0.059
0.059
0.059
0.059
0.045
0.059
0.059
0.059
0.059
0.054
0.059
0.059
0.058
0.045
0.059
0.059
0.059
0.059
0.059
0.059
0.059
0.058
0.059
0.059
0.059
0.059
0.059
0.059
0.056
0.059
0.059
0.059
0.056
0.059
0.057
0.059
0.059
0.059
0.059
0.059
0.059
0.059
0.059
0.059
0.059
0.058
0.059
0.059
0.059
0.059
0.059
0.059
0.059
0.059
0.056
0.059
0.059
0.059
0.059
0.059
0.059
0.059
0.059
0.059
0.059
-3.233
0.059
0.059
0.059
0.059
0.059
0.059
0.058
0.059
0.059
0.059
0.059
0.059
0.059
0.059
0.059
0.059
0.059
0.059
0.059
0.059
0.059
0.056
0.059
0.059
0.056
-1.401
-1.400
-1.397
-1.401
-1.401
-2.181
-1.401
-1.400
-1.875
-1.400
-1.401
-1.400
-1.401
-1.400
-1.545
-1.401
-1.400
-1.397
-1.400
-1.401
-1.397
-1.401
-1.400
-1.397
-1.400
-1.400
-1.400
0.059
0.056
0.059
0.059
0.056
0.059
0.059
0.059
0.056
0.047
0.059
0.059
0.059
0.059
0.056
-1.400
-1.397
-1.400
