fixedStep chrom=ENSGT00390000017410 start=1 step=1
0.137
0.138
0.137
0.127
0.137
0.103
0.137
0.137
0.127
0.104
0.137
-0.335
-0.338
0.128
-1.582
0.137
0.137
0.124
0.104
0.138
0.137
0.130
0.137
0.127
0.125
0.138
-0.335
0.137
0.137
0.137
0.137
0.137
0.125
0.137
0.137
0.131
0.137
0.137
-1.201
0.138
0.137
0.128
0.137
0.137
0.138
0.130
0.138
0.128
0.137
0.138
0.137
0.137
0.137
0.130
0.137
0.137
0.135
0.135
0.138
0.127
-0.684
0.138
0.127
-0.335
-1.179
0.131
0.138
0.138
0.131
0.137
0.137
0.123
0.137
0.137
0.124
0.137
0.137
0.133
0.127
0.137
0.131
0.131
0.138
-0.688
0.137
0.138
0.137
0.130
0.131
0.136
0.127
0.138
0.109
0.138
0.131
0.133
0.137
0.138
0.127
0.137
0.138
0.127
0.103
0.137
0.137
0.138
0.127
0.136
0.125
0.138
0.130
0.137
0.138
0.103
0.131
0.138
-1.235
0.138
0.137
0.128
0.127
0.127
0.137
-0.336
0.138
-1.871
-0.671
0.127
0.137
0.131
0.131
0.137
0.137
0.127
0.137
0.137
0.138
-0.336
0.137
0.137
0.137
0.137
0.137
-0.335
0.137
0.137
0.135
0.137
0.138
0.125
0.137
0.137
0.134
-0.335
0.137
0.127
0.137
0.137
-1.203
0.137
0.133
0.136
0.137
0.127
-0.640
0.103
0.127
0.137
0.137
0.137
0.128
0.137
0.137
0.125
0.137
0.137
0.136
0.137
0.137
0.134
0.127
0.138
0.137
0.137
0.137
0.129
0.137
0.137
-0.855
0.125
0.138
-0.685
0.138
0.137
0.137
0.137
0.137
0.125
0.137
0.138
0.127
0.131
0.138
0.134
0.137
0.137
0.125
0.137
0.137
-1.363
0.137
0.138
0.128
0.137
0.138
0.137
0.128
0.138
-0.335
0.134
0.138
0.134
0.127
0.138
0.115
0.137
0.138
0.127
0.137
0.137
0.128
0.137
0.138
0.130
0.137
0.137
-0.335
0.138
0.137
0.128
0.137
0.138
0.136
0.137
0.137
-2.803
0.137
0.138
0.127
0.137
0.138
0.107
0.138
0.137
0.135
-1.606
0.138
0.135
0.137
0.127
0.137
0.137
0.137
0.128
0.137
0.137
0.127
0.127
0.138
0.137
0.137
0.137
0.129
0.127
0.137
0.135
0.137
0.137
-1.324
0.127
0.127
0.127
0.136
0.138
-0.695
0.137
0.137
0.124
0.127
0.138
0.136
0.137
0.137
0.137
-0.321
0.137
-0.335
0.137
0.138
-0.646
0.137
0.137
0.100
0.137
0.137
0.124
0.137
0.137
0.130
0.138
0.137
0.135
0.138
0.137
0.127
0.138
0.137
0.137
0.137
-0.336
0.127
0.138
0.137
0.127
0.137
0.137
0.132
0.138
0.137
0.127
0.137
0.137
-1.582
0.137
0.137
0.137
0.138
0.137
0.125
0.137
0.127
-1.727
0.130
0.127
-1.595
0.129
0.138
0.129
0.137
-0.321
0.131
0.138
0.138
0.125
0.127
0.137
0.137
0.138
0.137
0.134
0.138
0.137
0.125
0.137
0.138
0.134
-0.336
0.138
0.107
0.137
0.137
0.113
-0.336
0.137
0.137
-0.652
0.127
0.137
-0.321
-0.321
0.136
0.137
0.138
-0.335
0.127
0.137
0.109
0.137
0.137
-0.335
0.137
0.137
-2.309
0.137
0.137
-0.640
0.137
0.138
0.109
0.137
0.137
0.137
0.137
0.138
-0.336
0.137
0.138
-1.295
0.137
0.137
0.103
0.137
0.138
0.131
0.137
0.137
0.125
0.137
0.137
0.128
0.137
0.137
-0.688
0.137
0.138
0.136
0.137
0.138
0.117
0.137
0.138
-1.194
0.137
0.137
-0.645
0.125
0.138
-0.652
0.137
0.137
0.137
0.137
0.127
-0.855
0.137
0.137
0.131
0.124
0.138
-1.323
0.137
0.137
-0.652
0.137
0.138
0.137
-0.335
0.138
0.137
0.137
0.138
0.125
-0.335
0.137
0.137
0.138
0.137
-2.052
-0.336
0.137
0.137
0.137
0.137
0.124
0.137
0.138
0.136
0.126
0.138
-0.645
0.137
0.137
0.127
0.138
0.137
0.137
0.138
0.137
0.137
0.126
0.137
0.138
0.130
0.138
-2.527
0.137
0.137
0.137
-1.237
0.137
-0.335
0.127
0.138
0.137
0.137
0.137
-0.336
0.125
0.138
0.134
0.137
0.137
0.137
0.137
0.137
-0.684
0.137
0.137
0.125
0.137
0.137
0.104
0.130
0.138
-1.447
0.137
0.137
0.131
0.137
0.137
0.130
0.137
0.137
0.128
0.137
0.138
-0.644
0.137
0.137
0.131
0.137
0.137
0.137
0.137
0.137
0.137
0.130
0.131
0.098
0.127
0.138
0.137
0.137
0.137
-1.582
-0.338
0.137
-1.215
0.137
0.137
-0.684
0.137
0.137
0.137
0.137
0.137
0.135
0.137
0.137
-1.577
-0.338
0.138
-1.312
0.138
0.137
0.131
0.138
0.137
0.125
0.137
0.137
-1.346
0.137
0.137
0.125
0.138
0.137
0.127
0.138
0.137
0.128
0.137
0.137
0.137
0.137
0.138
0.127
0.138
0.137
0.138
0.137
0.137
0.109
-0.338
0.137
0.113
0.137
0.137
0.128
0.137
0.137
0.131
0.137
0.137
0.134
0.138
0.138
0.129
0.137
0.138
0.126
0.137
0.137
-1.205
0.137
0.138
0.129
0.137
0.138
0.129
0.109
0.131
0.137
0.137
0.137
0.128
0.136
0.138
0.137
0.127
0.138
-0.646
0.137
0.137
0.101
0.127
0.138
0.137
0.137
0.137
0.137
-0.335
-0.321
0.127
0.138
0.138
0.125
0.137
0.137
0.127
0.127
-0.321
-0.335
-0.338
0.137
0.132
0.127
0.137
-0.688
0.137
0.138
0.137
0.138
0.127
-1.215
0.135
0.127
-1.258
-0.685
0.127
-0.688
