fixedStep chrom=ENSGT00730000111511 start=1 step=1
0.053
0.053
0.053
0.053
0.053
0.053
0.053
0.053
0.053
0.053
0.053
0.047
0.053
0.053
0.053
0.053
0.053
0.053
0.053
0.053
0.053
0.053
0.053
-2.446
0.053
0.053
0.053
0.053
0.053
0.053
-1.242
-1.254
0.053
0.053
0.052
0.053
0.053
0.053
0.053
0.053
0.053
-1.253
0.053
0.053
0.047
0.053
0.053
0.053
0.053
0.053
0.053
0.053
-1.254
0.053
0.049
0.053
0.053
0.052
0.053
0.053
0.053
0.053
0.053
0.053
0.053
0.053
0.053
0.053
0.053
0.047
0.053
0.053
0.053
0.053
0.053
-0.665
-0.665
-0.665
0.053
0.053
0.053
0.046
0.053
0.047
0.053
0.051
0.053
0.053
0.053
0.053
0.053
0.053
0.053
0.047
0.053
0.053
0.053
0.053
0.053
0.053
0.046
0.047
0.053
0.053
0.053
0.053
0.053
0.053
0.053
0.053
0.053
0.053
0.053
0.053
0.053
0.053
0.053
0.053
0.053
0.053
0.053
0.053
0.053
0.053
0.046
0.047
0.053
0.053
0.053
0.053
0.053
0.053
0.053
-1.254
0.053
0.053
0.053
0.053
0.053
-1.254
0.053
0.053
0.053
0.053
0.053
0.053
0.053
0.053
0.046
0.047
0.053
0.053
0.053
0.053
0.053
0.053
-1.256
0.053
0.053
0.053
0.053
0.046
0.053
0.053
0.053
0.053
0.053
0.053
0.053
0.053
0.053
0.053
0.052
0.053
0.053
0.053
0.053
-1.249
0.053
0.053
0.053
0.053
0.052
0.053
0.053
0.053
0.053
0.053
0.046
0.053
0.053
0.052
0.053
0.053
0.053
0.053
0.053
0.053
0.053
0.053
0.053
0.053
0.053
0.053
0.053
0.053
0.046
0.046
0.052
0.053
-1.254
0.053
0.053
0.053
0.053
0.053
0.053
0.053
0.053
0.053
0.053
0.053
0.046
0.053
0.053
0.053
0.053
0.052
0.053
0.053
0.053
0.053
0.053
0.053
0.053
-1.254
0.053
0.053
0.053
0.053
0.053
0.053
0.053
-1.260
0.053
0.053
0.053
0.053
0.053
0.053
0.053
0.047
0.046
0.053
0.053
-1.165
-1.165
-1.165
0.053
0.053
0.053
0.053
0.053
0.047
0.053
0.053
-2.128
0.053
0.053
0.053
0.052
0.053
0.046
0.053
0.053
0.052
0.053
0.053
0.053
0.053
0.047
0.053
0.053
0.053
0.053
0.053
-1.256
0.053
-1.253
0.046
0.053
0.053
0.053
0.053
0.053
0.053
0.053
0.053
0.053
0.053
0.053
0.053
0.053
-0.665
-0.665
-0.665
0.053
0.053
0.047
0.053
0.053
0.053
-1.242
0.053
0.053
0.053
0.053
0.053
0.053
0.053
0.047
0.053
0.053
0.053
0.053
0.051
0.053
0.053
0.053
0.053
0.053
0.053
0.046
0.053
0.053
0.053
0.053
0.053
0.053
0.053
0.046
0.053
0.053
0.053
0.053
0.053
0.053
-1.957
0.053
0.053
0.053
0.053
0.046
0.049
0.053
0.053
0.047
0.053
0.053
0.053
0.053
0.053
0.053
0.053
0.053
0.053
0.051
0.053
0.053
0.053
0.053
0.053
0.053
0.053
0.053
0.053
0.053
0.053
0.053
0.053
0.053
0.046
0.053
-1.256
0.053
0.053
-1.256
0.053
0.053
0.049
0.053
0.053
0.053
0.053
0.046
0.053
0.053
0.053
0.047
0.053
0.046
0.053
0.053
0.053
0.053
0.053
0.053
0.053
0.053
0.053
0.053
0.053
0.053
0.053
0.053
0.052
0.052
0.053
0.053
0.053
0.053
0.053
0.053
0.047
0.053
0.047
0.046
0.046
0.053
0.053
-2.845
0.053
0.052
0.053
0.053
0.053
0.053
0.051
0.053
0.053
-1.254
0.053
0.053
0.053
-1.242
0.046
0.053
0.053
0.053
0.053
0.053
0.053
0.046
0.053
0.053
0.053
0.053
0.053
0.049
0.053
-1.260
0.047
0.053
0.052
0.053
0.053
0.053
0.046
0.051
0.053
0.053
0.053
0.053
0.046
0.053
0.046
0.053
0.053
0.053
0.053
0.053
0.053
0.053
0.053
0.053
0.053
0.053
-1.254
0.053
0.053
0.053
0.053
0.053
0.053
0.053
0.053
0.052
0.053
0.053
0.053
0.053
0.053
0.047
0.053
0.046
0.053
0.052
0.053
0.053
0.053
0.052
0.053
0.053
0.053
0.053
0.053
0.053
0.053
0.053
-1.254
0.053
0.053
0.053
0.053
0.047
0.053
0.053
0.053
0.053
-1.256
-1.242
0.053
0.053
0.053
0.053
0.053
0.047
0.053
0.053
0.053
0.053
0.053
0.053
0.053
0.053
0.053
0.053
0.053
0.053
0.053
0.053
-1.254
0.053
0.053
0.047
0.053
0.053
0.053
0.053
0.053
0.053
0.053
0.053
0.053
0.053
0.053
0.053
0.053
0.053
0.053
0.053
0.053
0.049
0.053
0.047
0.053
0.053
0.053
0.053
0.053
0.053
0.053
0.053
0.053
0.053
0.053
0.053
0.053
0.053
0.053
0.053
-1.165
-1.165
-1.165
-1.249
0.053
0.047
0.053
0.053
0.053
0.053
0.053
-1.256
0.053
0.053
0.053
-1.165
-1.602
-1.165
0.053
0.049
0.053
0.053
0.053
0.053
0.053
0.046
0.053
0.053
0.053
0.053
0.053
0.053
0.053
-1.165
-1.165
-1.165
-1.165
-1.165
-1.165
-1.165
-1.165
-1.165
-1.165
-1.165
-1.165
