fixedStep chrom=ENSGT00390000015172 start=1 step=1
0.081
0.081
0.081
0.081
0.081
0.081
0.081
0.081
0.081
0.081
0.081
0.081
0.071
0.081
0.077
-0.856
0.081
0.081
0.081
0.081
0.081
0.081
0.081
0.081
0.081
0.081
0.081
0.081
0.081
0.081
0.081
0.081
0.081
0.081
0.081
0.077
0.081
0.081
0.081
0.081
0.081
0.081
0.071
0.081
0.081
0.081
0.081
0.081
0.081
0.081
0.081
0.081
0.081
-0.856
0.075
0.081
0.081
0.081
0.081
0.081
0.081
0.081
-0.856
0.071
0.077
0.075
0.071
0.081
0.081
0.081
0.052
0.048
0.052
0.046
0.052
0.052
0.052
0.052
0.052
0.046
0.052
0.052
0.052
0.052
0.052
-1.363
0.052
0.052
0.052
0.052
-2.622
0.046
0.052
0.052
0.052
0.052
0.051
0.052
0.052
0.052
0.052
0.052
0.052
0.052
0.046
0.052
0.052
0.052
-1.330
0.052
0.052
0.052
0.052
0.052
0.052
0.052
0.052
0.052
0.052
0.052
0.052
0.052
0.052
0.052
0.052
0.052
0.052
0.052
0.052
0.052
0.052
0.052
0.052
0.046
0.052
0.052
0.052
-1.363
0.052
0.052
0.052
0.052
0.052
0.052
0.046
0.052
0.046
0.052
0.052
0.052
0.052
0.052
0.046
0.052
0.052
0.052
0.052
0.052
0.052
0.046
0.081
0.071
0.081
0.081
-1.710
0.081
0.071
0.081
0.081
0.081
0.081
0.081
0.081
0.081
0.071
-0.843
0.081
0.081
0.081
0.080
0.081
0.081
0.081
0.081
0.081
0.071
0.081
0.081
0.081
0.081
0.081
0.081
0.081
0.081
0.071
0.071
0.080
0.081
0.081
0.071
0.071
0.080
-0.855
0.071
-1.716
0.081
0.081
-0.856
0.075
-0.856
-1.111
0.080
0.081
0.081
0.081
0.081
0.081
0.081
0.081
0.081
0.081
0.081
0.081
0.081
0.071
0.081
0.081
0.081
-0.858
0.081
0.081
0.081
0.081
0.077
0.081
0.081
0.081
0.081
0.081
0.081
0.081
0.081
0.071
