fixedStep chrom=ENSGT00440000034488 start=1 step=1
0.078
0.079
0.078
0.078
0.078
0.078
0.078
0.078
-0.833
0.078
0.078
0.077
0.071
0.078
0.078
0.078
0.078
0.079
-0.830
-0.830
-0.830
-0.830
-0.870
-1.754
-1.036
-0.830
-0.830
-0.830
-0.830
-0.830
0.000
0.000
0.000
0.000
0.000
0.000
0.000
0.000
0.000
0.078
0.078
0.071
-0.845
0.078
-0.846
0.071
0.078
-0.845
0.078
0.071
-3.184
-2.737
-2.735
-3.624
0.000
0.000
0.000
0.000
0.000
0.000
0.000
0.000
0.000
-3.103
-2.735
-3.515
0.078
0.078
0.071
0.079
0.078
0.078
0.078
0.071
-0.833
0.078
0.078
0.076
0.078
0.079
0.078
0.069
0.078
0.078
0.078
0.078
0.078
0.078
0.079
0.078
0.077
0.079
0.078
0.078
0.072
0.069
0.078
0.079
0.078
0.078
0.079
0.076
0.078
0.078
0.078
0.078
0.078
0.078
0.078
0.078
0.078
0.078
0.070
-0.846
0.078
0.078
0.078
0.069
0.079
0.078
0.078
0.078
0.078
0.078
0.078
0.077
0.078
0.079
0.076
0.078
0.078
0.078
0.078
0.070
0.078
0.078
0.078
0.078
0.078
0.078
0.078
0.078
0.079
0.078
0.078
0.078
0.078
0.078
0.078
0.078
0.078
0.071
0.066
0.078
0.078
0.071
0.078
0.078
0.078
0.078
0.078
0.071
0.078
0.078
0.078
0.078
0.078
0.071
0.078
0.078
0.078
0.079
0.078
0.078
0.078
0.077
0.076
0.078
0.079
0.076
0.078
0.078
0.078
0.078
0.078
0.078
0.078
0.078
0.078
0.078
0.078
0.078
0.078
0.078
0.078
0.077
0.078
0.078
0.079
0.078
0.078
0.078
0.078
0.078
0.078
-0.845
0.078
0.078
0.078
0.078
0.078
0.078
0.072
0.077
0.079
0.078
0.078
0.078
0.071
0.078
0.078
0.078
0.079
0.078
0.078
-2.247
-1.575
-1.575
0.078
0.078
-1.508
0.071
-0.845
0.071
0.000
0.000
0.000
0.000
0.000
0.000
0.000
0.000
0.000
0.078
0.078
0.078
0.078
0.078
0.078
0.078
0.072
0.078
0.078
0.076
-0.846
0.078
-0.833
0.078
0.078
0.078
0.078
0.078
0.071
0.078
-0.093
-0.093
-0.093
-0.093
-0.093
-0.093
0.078
0.078
0.078
0.078
0.078
0.078
0.078
0.078
0.078
0.078
0.078
0.078
-1.368
0.078
-0.833
0.078
-0.846
-0.845
-0.833
0.071
-0.846
0.078
0.078
-0.833
-1.506
-0.843
-0.846
-0.846
0.078
-0.843
0.071
0.071
0.072
-0.843
-0.845
0.071
0.071
0.078
0.078
0.078
0.071
-0.833
-0.833
-0.845
-0.833
0.079
0.078
-0.843
-1.417
-1.428
-1.428
-2.020
-2.022
-2.031
-2.022
-2.020
-2.022
-2.019
-2.031
-2.019
-2.019
-2.019
-1.302
-2.077
-2.020
-2.020
