fixedStep chrom=ENSGT00390000012545 start=1 step=1
0.060
0.060
0.060
0.060
0.060
0.060
0.060
0.060
0.060
0.060
0.060
0.060
0.060
0.060
0.060
0.060
0.060
0.056
0.060
0.060
0.060
0.050
0.060
0.060
0.060
0.060
0.060
0.060
0.060
0.060
0.060
0.060
0.060
0.060
0.060
-1.038
0.060
0.060
0.060
0.060
0.060
0.060
0.060
0.060
0.060
0.060
0.060
0.060
0.056
0.060
0.060
0.060
0.060
0.060
0.060
0.060
0.060
0.060
0.060
0.060
0.060
0.060
0.060
0.060
0.060
0.059
0.060
0.060
0.060
0.060
0.060
0.045
0.060
0.060
0.057
0.060
0.060
0.060
0.060
0.060
0.058
0.060
0.060
0.060
0.058
0.060
0.060
0.060
0.060
0.060
0.060
0.060
0.045
0.060
0.060
0.060
0.060
0.060
0.056
0.059
0.060
0.058
0.060
0.060
-1.055
0.060
0.060
0.060
0.060
0.060
0.060
0.060
0.060
0.060
0.060
0.060
0.060
0.060
0.060
0.060
0.060
0.060
0.060
0.060
0.060
0.050
0.060
0.060
-1.038
0.060
0.060
0.060
0.060
0.060
0.056
0.060
0.060
0.058
0.050
0.060
0.060
0.060
0.060
0.060
0.060
0.060
0.060
0.060
0.060
0.058
0.060
0.060
0.060
0.060
0.060
0.060
0.060
0.060
0.060
0.060
0.060
0.060
0.060
0.060
0.060
0.060
0.060
0.060
0.056
0.060
0.060
0.060
0.060
0.060
0.060
0.060
0.060
0.060
0.060
0.060
0.060
0.060
0.060
0.060
0.060
0.060
0.060
0.060
0.060
0.060
0.060
0.060
0.060
0.060
-1.055
0.060
0.060
0.060
0.060
0.060
0.060
0.060
0.060
0.060
0.060
0.060
0.060
0.060
0.060
0.060
0.060
0.060
0.060
0.060
0.060
0.060
0.056
0.060
0.060
0.060
0.060
0.058
0.060
0.060
0.060
0.060
0.060
0.060
0.060
0.060
0.060
0.060
0.060
0.060
0.060
0.060
0.060
0.060
0.060
0.060
0.060
0.060
0.060
0.060
0.060
0.060
0.060
0.060
0.060
0.060
0.060
0.060
0.060
0.060
0.056
0.060
0.060
0.058
0.060
0.060
0.060
0.060
0.060
0.060
0.060
0.060
0.060
0.060
0.060
0.060
0.060
0.060
0.059
0.060
0.059
0.054
0.060
0.060
0.056
0.060
0.059
0.060
0.056
0.060
0.060
0.060
0.060
0.060
0.060
0.060
0.056
0.050
0.060
0.060
0.060
0.060
0.056
0.059
0.060
0.060
0.060
0.050
0.058
0.060
0.060
0.060
0.060
0.060
0.060
0.060
0.056
0.060
0.060
0.060
-1.895
0.060
0.060
0.060
0.060
0.060
0.060
0.060
0.060
0.056
0.060
0.058
0.058
0.055
0.060
0.056
0.000
0.000
0.000
0.000
0.000
0.000
0.000
0.000
0.000
0.000
0.000
0.000
0.060
0.060
-1.054
0.060
0.060
0.056
0.060
0.060
0.060
0.060
0.060
0.060
0.060
0.060
-1.037
0.060
0.060
0.060
0.060
0.060
-1.053
0.060
0.058
0.060
0.060
0.050
0.060
0.060
0.053
0.060
0.060
0.060
0.060
-1.053
0.060
0.060
0.060
0.060
0.059
0.058
0.060
0.060
0.060
0.058
0.060
0.060
0.060
0.056
0.060
0.060
0.056
0.060
0.060
0.060
0.059
0.060
0.050
0.060
0.060
0.060
0.060
0.060
0.060
0.060
0.060
0.060
0.060
0.060
0.060
0.060
0.060
0.060
-1.716
-1.707
-2.741
-1.717
-1.716
-1.716
-1.716
-1.715
-1.717
-1.717
-1.717
-2.741
-1.717
-1.716
-2.185
-1.717
-1.715
-2.178
-1.716
-1.717
-1.717
-1.717
-1.707
-1.716
