fixedStep chrom=ENSGT00390000004599 start=1 step=1
-1.281
-1.276
-1.282
-2.014
-1.282
-1.282
-1.281
-1.281
-1.282
-1.281
-1.276
-1.282
-1.282
-1.282
-1.465
-1.282
-1.282
-1.965
-1.282
-1.282
-1.290
-1.461
-1.276
-1.282
-1.282
-1.282
-1.282
0.080
0.080
0.067
0.080
0.078
0.078
0.080
0.080
0.080
0.080
0.080
0.075
0.076
0.080
0.080
0.080
0.080
0.062
0.074
0.080
0.072
0.080
0.080
0.080
0.080
0.080
0.069
0.080
0.080
0.079
0.080
0.080
0.078
0.080
0.080
0.078
0.080
0.080
0.080
0.080
0.080
0.078
0.080
0.080
0.080
0.080
0.080
0.078
0.080
0.080
0.080
0.080
0.080
0.076
0.080
0.080
0.080
0.080
0.080
0.080
0.080
0.080
0.080
0.071
0.080
0.077
0.080
0.080
0.078
0.080
0.080
0.076
0.076
0.079
0.080
0.080
0.080
0.074
0.080
0.080
0.080
0.080
0.080
0.077
0.080
0.080
0.078
0.080
0.080
0.078
0.079
0.080
0.078
0.080
0.079
0.069
0.080
0.080
0.079
0.080
0.080
0.080
0.080
0.080
0.080
0.080
0.080
0.080
0.080
0.080
0.079
0.080
0.080
0.080
0.078
0.080
0.079
0.080
0.071
0.080
0.080
0.080
0.075
0.079
0.069
0.078
0.080
0.080
0.076
0.080
0.079
0.066
0.080
0.080
0.080
0.069
0.077
0.080
0.080
0.080
0.080
0.078
0.080
0.080
0.067
0.077
0.078
0.080
0.080
0.080
0.080
0.080
0.078
0.080
0.080
0.080
0.077
0.077
0.074
0.076
0.065
0.065
0.077
0.067
0.077
0.065
0.065
0.065
0.065
0.065
0.074
0.077
0.065
0.071
0.065
0.075
0.074
-1.461
-1.229
-1.234
0.065
0.077
0.063
0.077
0.077
0.071
0.065
0.077
0.077
0.065
0.074
0.077
0.065
0.074
0.059
0.074
0.065
-3.230
0.073
0.065
0.065
0.065
0.077
0.074
0.076
0.059
0.077
0.065
0.065
0.065
0.077
0.065
0.077
0.077
0.077
0.057
0.065
0.074
0.077
0.074
0.065
0.065
0.065
0.074
0.065
0.075
0.077
0.077
0.065
0.065
0.074
0.065
0.074
0.074
0.077
0.077
0.077
0.077
0.062
0.077
0.077
0.077
0.077
0.074
0.077
0.062
0.077
0.077
0.077
0.077
0.077
0.063
0.063
0.074
0.077
0.077
0.065
0.061
0.077
0.074
0.065
-1.233
-1.233
-1.229
-1.234
-1.427
-3.883
0.059
0.059
0.059
0.059
0.059
0.080
0.080
0.080
0.076
0.080
0.080
0.076
0.076
0.080
0.059
0.080
0.080
0.059
0.080
0.080
0.080
0.059
0.080
0.076
0.080
0.080
0.059
0.059
0.059
-1.953
0.059
0.076
0.076
0.059
0.059
0.080
0.080
0.076
0.059
0.080
0.059
0.059
0.080
0.080
0.059
0.059
0.080
0.080
0.076
0.080
0.076
0.076
0.080
0.079
0.080
0.080
0.078
0.059
0.076
0.076
0.076
0.080
-2.127
0.080
0.076
0.076
0.059
-1.921
-1.953
0.059
0.059
0.080
0.076
0.059
0.059
0.080
0.078
0.076
0.080
0.080
0.080
0.076
0.076
0.059
0.080
0.059
0.059
0.074
0.080
-1.959
0.080
0.080
0.076
0.059
0.080
0.059
0.059
0.059
0.059
0.080
0.080
0.080
0.076
0.080
0.078
0.080
0.080
0.080
0.080
0.059
0.076
-1.818
0.059
0.056
0.078
0.079
0.080
0.080
0.080
0.076
0.080
0.080
0.080
0.080
0.059
0.059
0.059
0.080
0.076
0.073
0.059
0.056
0.059
0.080
0.076
0.080
0.059
0.080
0.059
0.059
0.076
0.059
0.076
0.079
0.059
0.080
0.059
0.059
0.059
0.076
0.080
0.080
0.056
0.064
0.059
0.080
0.080
0.080
0.080
0.080
0.080
0.076
0.077
0.069
0.077
0.077
0.077
0.077
0.077
0.077
0.065
0.077
0.077
0.077
0.077
0.074
0.073
0.077
0.077
0.075
0.072
0.077
0.072
0.065
0.077
0.074
0.077
0.077
0.074
0.077
0.077
0.077
0.077
0.077
0.077
0.077
0.077
0.077
0.077
0.077
0.059
0.077
0.077
0.077
0.077
0.077
0.077
0.077
0.077
0.074
0.077
0.077
0.077
0.077
0.077
0.077
0.077
0.077
0.077
0.077
0.077
0.069
0.074
0.077
0.074
0.077
0.077
0.077
0.077
0.077
0.077
0.077
0.077
0.077
0.077
0.077
0.077
0.077
0.077
0.077
0.077
0.077
0.077
0.077
0.077
0.077
0.077
0.077
0.077
0.077
0.077
0.077
0.080
0.080
0.080
0.080
0.080
0.079
0.080
0.080
0.080
0.080
0.080
0.080
0.080
0.080
0.080
0.080
0.080
0.080
0.080
0.080
0.077
0.080
0.080
0.080
0.080
0.080
0.080
0.080
0.080
0.080
0.080
0.080
0.080
0.080
0.080
0.080
0.080
0.080
0.080
0.080
0.080
0.080
0.080
0.079
0.080
0.080
0.080
0.080
0.080
0.080
0.080
0.080
0.080
0.080
0.080
0.080
0.080
0.080
0.080
0.080
0.080
0.080
0.080
0.080
0.080
0.079
0.080
0.080
0.078
0.080
0.080
0.080
0.080
0.080
0.078
0.080
0.080
0.076
0.080
0.080
0.080
0.077
0.080
0.079
0.080
0.079
0.080
0.080
0.080
0.080
0.080
0.078
0.069
0.080
0.080
0.073
0.080
0.080
0.078
0.080
0.080
0.079
0.080
0.080
0.075
0.080
0.080
0.080
0.080
0.080
0.059
0.080
0.080
0.080
0.080
0.080
0.080
0.080
0.080
0.080
0.080
0.080
0.078
0.079
0.080
0.078
0.080
0.080
0.080
0.080
0.080
0.080
0.080
0.080
0.067
0.080
0.080
0.080
0.080
0.080
0.078
0.080
0.080
0.080
0.080
0.080
0.079
0.080
0.080
0.080
0.080
0.080
0.080
0.080
0.079
0.080
0.080
0.080
0.080
0.080
0.080
0.077
0.080
0.080
0.080
0.080
0.080
0.079
0.080
0.080
0.080
0.080
0.080
0.080
0.080
0.080
0.080
0.080
0.080
0.080
0.079
0.080
0.076
0.080
0.080
0.080
0.080
0.080
0.080
0.080
0.080
0.080
0.080
0.080
0.080
0.080
0.080
0.080
0.080
0.080
0.080
0.080
0.080
0.080
0.080
0.080
0.080
0.080
0.080
0.069
0.080
0.080
0.080
0.080
0.080
0.080
0.080
0.080
0.080
0.080
0.080
0.059
0.080
0.080
0.077
0.080
0.080
0.080
0.080
0.080
0.080
0.075
0.080
0.078
0.080
0.080
0.078
0.080
0.080
0.071
0.080
0.080
0.079
0.080
0.080
0.080
0.080
0.080
0.080
0.080
0.080
0.079
0.080
0.080
0.069
0.080
0.080
0.080
0.080
0.080
0.080
0.080
0.080
0.080
0.080
0.080
0.080
0.080
0.080
0.080
0.080
0.080
0.078
0.080
0.080
0.080
0.080
0.080
0.080
0.080
0.080
0.080
0.079
0.080
0.079
0.080
0.080
0.080
0.080
0.080
0.079
0.080
0.080
0.080
0.080
0.080
0.080
0.080
0.080
0.080
0.080
0.080
0.080
0.080
0.080
0.072
0.080
0.080
0.080
0.080
0.080
0.080
0.080
0.080
0.079
0.080
0.080
0.073
0.080
0.080
0.080
0.080
0.080
0.080
0.080
0.080
0.075
0.080
0.080
0.080
0.080
0.080
0.080
0.080
0.080
0.080
0.080
0.080
0.078
0.080
0.080
0.079
0.080
0.080
0.066
0.080
0.080
0.080
0.080
0.080
0.079
0.066
0.080
0.080
0.080
0.080
0.080
0.080
0.080
0.080
0.080
0.077
0.080
0.080
0.080
0.080
0.080
0.080
0.078
0.080
0.080
0.080
0.079
0.079
0.079
0.080
0.080
0.080
0.080
0.080
0.074
0.080
0.080
0.073
0.080
0.080
0.078
0.080
0.080
0.073
0.080
0.080
0.080
0.080
0.080
0.077
0.080
0.080
0.080
0.080
0.080
0.078
0.080
0.080
0.080
0.079
0.080
0.080
0.077
0.080
0.080
0.080
0.080
0.080
0.080
0.078
0.080
0.080
0.080
0.078
0.080
0.080
0.080
0.077
0.080
0.079
0.080
0.080
0.080
0.080
0.080
0.080
0.080
0.080
0.080
0.080
0.080
0.080
0.080
0.080
0.080
0.080
0.080
0.080
0.069
0.080
0.080
0.080
0.080
0.080
0.080
0.080
0.080
0.080
0.080
0.080
0.080
0.080
0.079
0.080
0.080
0.077
0.080
0.080
0.080
0.080
0.080
0.080
0.080
0.080
0.080
0.080
0.080
0.080
0.080
0.080
0.073
0.080
0.080
0.076
0.078
0.080
0.079
0.080
0.080
0.080
0.080
0.080
0.080
0.080
0.080
0.073
0.080
0.080
0.080
0.080
0.080
0.080
0.080
0.078
0.078
0.080
0.078
0.078
0.080
0.080
0.080
0.079
0.080
0.079
0.080
0.080
0.080
0.080
0.080
0.080
0.075
0.080
0.079
0.080
0.080
0.080
0.078
0.080
0.079
0.076
0.079
0.065
0.080
0.080
0.080
0.080
0.080
0.065
0.080
0.078
0.080
0.080
0.080
0.080
0.079
0.071
0.080
0.080
0.080
0.078
0.078
0.080
0.080
0.080
0.077
0.079
0.071
0.080
0.071
-2.146
-1.400
-1.400
0.076
0.080
0.079
0.071
0.080
0.080
0.079
0.080
0.080
0.080
0.080
0.080
0.080
0.076
0.074
0.080
0.080
0.080
0.080
0.078
0.080
0.080
0.080
0.080
0.073
0.080
0.080
0.080
0.073
0.080
0.077
0.077
0.080
0.080
0.078
0.078
0.080
0.080
0.080
0.080
0.080
0.080
0.080
0.080
0.079
0.080
0.078
0.080
0.080
0.078
0.077
0.079
0.080
0.080
0.074
0.080
0.080
0.080
0.080
0.080
0.080
0.080
0.080
