fixedStep chrom=ENSGT00390000016901 start=1 step=1
0.059
0.059
0.059
0.059
0.059
0.059
0.059
0.059
0.059
0.056
0.059
0.059
0.059
0.059
0.059
0.059
0.059
-1.079
0.059
0.059
0.059
0.059
0.059
0.059
0.059
0.059
0.059
0.059
0.059
-1.069
0.059
-1.086
0.054
0.059
0.059
0.059
0.059
0.059
0.059
0.059
0.059
0.059
0.059
0.059
-1.086
0.059
0.059
0.059
0.059
0.059
0.059
0.059
0.059
0.059
0.059
0.059
0.059
0.059
0.059
0.054
0.059
0.059
0.059
0.059
0.059
0.059
0.059
0.059
0.059
0.059
0.059
0.059
0.059
0.059
0.054
0.059
0.059
0.059
0.059
0.059
0.059
0.059
0.059
0.059
0.056
0.059
0.052
0.052
0.052
0.051
0.052
0.052
0.052
0.052
0.052
0.052
0.052
0.052
0.052
0.052
0.052
0.052
0.052
0.050
0.052
0.052
0.052
0.052
0.052
0.052
0.052
0.052
0.052
0.050
0.052
0.052
-2.308
0.052
0.052
0.052
0.059
0.059
0.054
0.059
0.059
0.059
0.059
0.059
0.059
0.059
0.052
0.059
0.059
0.059
0.054
0.057
0.059
0.054
0.059
0.059
0.059
0.059
0.059
0.057
0.059
0.059
0.059
0.059
0.059
0.059
0.059
0.059
0.059
0.059
0.059
0.059
0.059
0.059
0.059
-1.079
0.059
0.059
0.059
0.059
0.059
0.059
0.058
-1.086
0.059
0.059
0.059
0.059
0.059
0.059
0.046
0.046
0.056
0.046
0.056
0.046
0.056
0.056
0.054
0.046
0.059
0.059
0.059
0.059
0.059
0.059
0.059
0.059
0.059
0.059
0.053
0.059
0.059
0.059
0.059
0.059
0.059
0.059
0.059
0.059
0.059
0.059
0.059
0.059
0.059
0.059
0.059
0.059
0.057
0.059
0.059
0.059
0.059
0.059
0.059
0.059
0.059
0.059
0.059
0.059
0.059
0.059
0.059
0.059
0.059
0.059
0.054
0.059
0.059
0.059
0.059
0.059
0.054
0.059
0.059
0.059
0.059
0.059
0.059
0.059
0.059
0.059
0.059
0.059
0.054
0.059
0.059
0.054
0.059
0.059
0.059
0.059
0.059
0.059
0.059
0.046
-2.585
0.046
0.059
0.057
0.059
0.059
0.059
0.059
0.059
-1.070
0.059
0.059
0.058
0.059
0.059
0.057
0.059
0.059
0.054
0.059
0.059
0.059
0.059
0.059
-1.953
0.059
0.059
0.054
0.059
0.059
0.059
0.059
0.059
0.059
-1.366
-1.364
-1.367
0.059
0.059
0.059
0.059
0.059
0.059
0.059
0.059
0.059
0.059
0.059
0.059
0.059
0.059
0.059
0.059
0.059
0.054
0.059
0.059
0.043
0.059
0.059
0.059
0.059
0.059
0.059
0.059
0.059
0.059
0.059
0.059
0.058
0.059
0.059
0.059
0.059
0.059
0.059
-1.086
0.059
0.059
0.059
0.059
-1.086
0.059
0.059
0.054
-1.086
0.059
0.059
0.059
0.059
0.059
0.059
0.059
0.059
0.059
0.059
0.057
0.059
0.059
0.059
0.059
0.059
0.054
0.059
0.059
0.054
0.059
0.059
0.059
0.059
0.059
-1.084
0.059
0.059
0.059
0.059
0.059
0.059
0.059
0.059
0.059
0.059
0.059
0.059
0.059
0.059
0.059
0.059
0.059
0.054
0.059
0.059
0.059
0.059
0.059
0.059
0.059
0.059
0.059
0.059
0.059
0.054
0.059
0.059
0.059
0.059
0.059
0.059
0.059
0.059
0.059
0.059
0.059
0.059
0.059
0.059
0.059
0.059
0.059
0.059
0.059
0.054
0.058
0.059
0.059
0.059
0.059
0.059
0.054
0.059
0.059
0.059
0.059
0.059
0.059
0.059
0.059
0.059
0.059
0.059
0.059
0.059
0.059
0.059
0.059
0.059
0.059
0.059
0.059
0.059
0.059
0.059
-1.084
0.059
0.059
0.054
0.059
0.059
0.059
0.059
0.059
0.059
0.059
0.059
0.059
0.059
0.059
0.059
0.059
-1.084
0.059
0.059
0.059
0.054
0.059
0.059
0.059
0.059
0.059
0.059
-2.123
-3.249
-2.711
-2.118
-2.861
-2.819
-2.116
-2.116
-2.123
-2.118
-2.088
-2.123
-2.088
-2.861
-2.088
-2.123
-2.836
-2.118
-2.948
-2.116
-3.652
-2.118
-2.118
-3.397
-2.118
-2.861
-2.123
0.059
0.059
0.059
0.059
0.059
0.056
0.059
0.059
0.057
0.059
0.059
0.059
0.059
0.059
0.059
-2.040
0.059
0.059
0.059
0.059
0.059
0.059
0.059
0.059
0.059
0.059
0.059
0.059
0.059
0.059
0.059
0.059
0.059
0.059
0.059
0.059
0.059
0.059
0.059
-1.367
-1.367
-1.366
0.059
0.059
0.059
0.059
0.059
0.059
0.056
0.059
0.054
0.059
0.046
0.059
0.059
0.059
0.059
0.059
0.059
0.057
0.046
0.059
0.059
0.056
0.059
0.046
0.059
0.059
0.043
0.059
0.059
0.059
0.059
0.059
0.059
0.058
0.059
0.059
0.056
0.059
-2.583
0.059
0.059
0.054
0.059
0.059
0.059
0.059
0.059
0.059
-1.343
0.054
0.059
0.059
0.046
0.059
0.059
-1.088
-1.086
0.056
0.059
0.054
0.059
0.059
0.059
0.059
0.059
0.059
0.059
0.057
0.057
0.059
0.059
0.059
0.059
0.059
0.059
0.059
-3.115
0.046
0.059
0.059
0.045
0.054
0.059
0.059
0.059
0.059
0.059
0.054
0.059
0.059
0.054
0.059
0.059
0.059
0.059
0.059
0.059
0.059
0.059
-0.445
-0.445
-0.445
-0.445
-0.445
-0.445
0.059
0.059
0.059
0.059
0.059
0.059
0.059
0.059
0.059
0.059
0.059
0.057
0.059
0.059
0.059
0.059
0.059
0.059
0.059
0.059
0.059
0.059
0.059
0.059
0.059
0.059
0.059
0.059
0.059
0.059
0.059
0.059
0.059
0.059
0.059
0.059
0.054
0.059
0.059
0.059
0.059
0.058
0.059
0.059
0.059
0.059
0.059
0.059
0.059
0.059
0.059
0.059
0.059
0.059
0.059
0.059
0.059
0.059
0.059
0.059
0.059
0.059
0.059
0.059
0.059
0.059
0.059
0.059
0.059
0.059
0.053
0.054
0.054
0.059
0.058
0.059
0.059
0.059
0.059
0.059
0.054
0.059
0.059
-1.079
0.059
0.059
0.052
0.059
0.059
0.059
0.059
0.059
0.053
0.059
0.059
0.059
0.059
0.059
0.059
0.059
0.059
0.059
0.059
0.059
0.059
0.059
0.059
0.059
0.059
0.059
0.059
0.059
0.059
0.058
0.059
-1.088
0.059
0.059
0.059
0.054
0.054
0.059
0.054
0.059
0.059
0.059
0.059
0.059
0.054
0.059
0.059
0.059
0.059
0.059
0.059
0.059
0.059
0.057
0.059
0.059
0.059
0.059
0.059
0.059
0.059
0.059
0.059
0.059
0.059
0.059
0.059
0.059
0.057
-0.340
-0.340
-0.340
-0.340
-0.340
-0.340
0.059
0.059
0.059
0.059
0.059
0.054
0.059
0.059
0.054
0.059
0.059
-1.084
0.059
0.059
0.054
0.059
0.059
0.059
0.059
0.059
0.059
0.059
0.059
0.059
0.059
0.059
0.059
0.059
0.059
0.059
0.058
0.059
0.059
0.059
0.059
0.059
0.054
0.059
0.054
0.059
0.059
0.059
0.059
0.059
-1.088
0.059
0.059
0.059
-1.069
0.059
0.057
0.059
0.059
0.059
0.059
0.059
0.054
-1.892
0.059
0.059
0.059
0.054
0.059
0.059
0.059
0.059
0.059
0.059
0.056
0.059
0.059
0.059
0.059
0.058
0.054
-1.899
0.059
0.059
0.059
0.059
0.054
0.059
0.059
0.059
0.059
0.059
0.059
0.059
0.059
0.059
-1.081
0.059
0.054
0.059
0.059
0.059
0.059
0.059
0.059
0.059
0.059
0.059
0.059
0.058
0.059
0.059
0.059
0.059
0.052
0.059
0.059
0.052
0.059
0.054
0.059
0.057
0.059
0.057
0.059
0.054
0.059
0.059
0.059
0.059
0.059
0.059
0.059
0.059
0.059
0.054
0.059
0.059
0.059
0.059
0.059
0.059
0.059
0.059
