fixedStep chrom=ENSGT00730000111306 start=1 step=1
0.078
0.078
0.078
0.078
0.078
0.074
0.078
0.078
0.077
0.078
0.078
0.078
0.078
0.078
0.077
0.078
0.078
0.078
-0.089
-0.089
-0.089
-0.089
-0.089
-0.089
0.078
0.078
0.078
0.078
0.078
0.078
0.078
0.078
0.075
0.078
0.078
0.078
0.078
0.078
0.071
0.078
0.078
0.078
0.078
0.078
0.078
-1.691
-1.714
-1.893
0.078
0.078
0.078
0.078
0.064
0.077
0.062
0.078
0.078
0.078
0.078
0.078
0.078
0.078
0.078
0.078
0.078
0.078
0.078
0.078
0.078
0.078
0.064
0.078
0.078
0.078
0.078
0.078
0.078
0.071
0.078
0.078
0.078
0.073
0.078
0.070
0.078
0.078
-3.340
0.078
0.078
0.078
0.078
0.078
0.078
0.069
0.078
0.078
0.078
0.078
0.077
0.078
0.078
0.078
0.078
0.078
0.078
0.078
0.078
0.077
0.078
0.078
0.077
0.078
0.078
0.076
0.078
0.078
0.078
0.078
0.075
0.078
0.078
0.078
0.078
0.078
0.078
0.070
0.078
0.078
0.078
0.078
0.078
0.078
0.078
0.078
0.060
0.078
0.078
0.078
0.077
0.078
0.076
0.078
0.078
0.078
0.078
0.078
0.078
0.074
0.078
0.064
0.078
0.072
0.077
0.078
0.078
0.078
0.078
0.078
0.073
0.078
0.078
0.074
0.078
0.078
0.074
0.078
0.078
0.078
0.078
0.078
0.078
0.063
0.075
0.078
0.077
0.078
0.074
0.078
0.078
0.078
0.077
0.074
0.076
0.078
0.078
0.078
0.078
0.075
0.078
0.078
0.078
0.078
0.075
0.078
0.078
0.078
0.076
-2.008
0.078
0.060
0.078
0.078
0.078
0.075
0.076
0.056
0.078
0.078
0.078
0.078
0.076
0.062
0.074
0.075
0.059
0.078
0.078
0.078
0.078
0.078
0.078
0.076
-2.204
0.060
0.064
0.078
0.075
0.076
0.072
0.077
0.068
0.059
0.078
0.078
0.078
0.078
0.078
0.069
0.078
0.078
0.077
0.078
0.078
0.078
0.078
0.063
0.078
0.078
0.078
0.078
0.078
0.078
0.071
0.078
0.078
0.078
0.078
0.078
0.078
0.059
0.075
0.078
0.078
0.074
0.078
0.078
0.078
0.078
0.078
0.078
0.078
0.078
0.078
0.078
0.078
0.078
0.078
0.078
0.076
0.078
0.078
0.078
0.074
0.078
0.078
0.076
0.078
0.078
0.078
0.078
0.066
0.078
0.078
0.078
0.078
0.078
0.059
0.078
0.078
0.078
0.078
0.078
0.059
0.078
0.078
0.074
0.078
0.078
0.076
0.074
0.078
0.078
0.078
0.078
0.078
0.078
0.078
0.078
0.078
0.078
0.078
0.075
0.078
0.078
0.078
0.078
0.074
0.078
0.078
0.074
0.078
0.078
0.078
0.059
0.078
0.078
0.074
0.078
0.074
0.078
0.078
0.078
0.078
0.078
0.078
0.078
0.078
0.064
0.078
0.078
0.078
0.078
0.078
0.078
0.078
0.078
0.078
0.078
0.078
0.078
0.078
0.078
0.078
0.078
0.078
0.075
0.078
0.078
0.078
0.078
0.078
0.078
0.078
0.078
0.059
0.078
0.078
0.059
0.078
0.059
0.077
0.078
0.078
0.078
0.075
0.078
0.078
0.069
0.078
0.078
0.076
0.078
0.076
0.078
0.078
0.078
0.078
0.078
0.078
0.069
0.076
0.078
0.078
0.078
0.078
0.078
0.078
0.078
0.078
0.078
0.078
0.078
0.078
0.078
0.059
0.078
0.078
0.078
0.078
0.078
0.059
0.074
0.074
0.078
0.078
0.078
0.078
0.078
0.073
0.078
0.078
0.078
0.078
0.078
0.078
0.078
0.075
0.075
0.075
0.060
0.078
0.078
0.078
0.071
0.078
0.078
0.077
0.078
0.078
0.078
0.078
0.078
0.071
0.059
0.078
0.076
0.078
0.078
0.076
0.076
0.078
0.078
0.064
0.078
0.078
0.076
0.075
0.074
0.078
0.075
0.074
0.078
0.078
0.078
0.068
0.068
0.068
0.075
0.075
0.078
0.078
0.078
0.076
0.078
0.078
0.078
0.069
0.078
0.077
0.078
0.078
0.074
0.076
0.078
0.078
0.078
0.078
0.078
0.078
0.075
0.078
0.074
0.059
0.074
0.078
0.078
0.078
0.078
0.078
0.064
0.064
0.078
0.078
0.078
0.078
0.071
0.078
0.078
0.078
0.078
0.078
0.078
0.064
0.078
0.064
0.078
0.078
0.078
0.078
0.078
0.078
0.078
0.076
0.078
0.078
0.078
0.077
0.076
0.078
0.078
0.078
0.078
0.078
0.078
0.078
0.074
0.078
0.078
0.078
0.078
0.078
0.078
0.078
0.078
0.078
0.078
0.078
0.078
0.078
0.078
0.078
0.059
0.078
0.078
0.078
0.078
0.076
0.078
0.078
0.077
0.078
0.078
0.078
0.078
0.078
0.064
0.078
0.078
0.078
0.078
0.078
0.078
0.078
0.078
0.078
0.076
0.078
0.078
0.078
0.078
0.078
0.078
0.074
0.078
0.078
0.078
0.074
0.078
0.078
0.078
0.078
0.078
0.078
0.074
0.078
0.077
0.078
0.078
0.076
0.078
0.078
0.078
0.078
0.076
0.074
0.078
0.078
0.078
0.075
0.078
0.074
0.078
0.078
0.078
0.078
0.074
0.078
0.078
0.072
0.078
0.078
0.078
0.078
0.078
0.074
0.078
0.060
0.078
0.078
0.074
0.078
0.078
0.078
0.078
0.074
0.074
0.078
0.078
0.078
0.074
0.078
0.078
0.078
0.077
0.078
0.078
0.078
0.078
0.075
0.078
0.076
0.078
0.078
0.078
0.078
0.078
0.075
0.078
0.078
0.074
0.078
0.077
0.064
0.078
0.064
0.078
0.078
-2.234
0.064
0.072
0.078
0.076
0.072
0.063
0.078
0.078
0.078
0.078
0.078
0.066
0.075
0.075
0.075
0.075
0.075
0.075
0.075
0.075
0.071
0.075
0.075
0.075
0.075
0.071
0.075
0.075
0.072
0.075
0.075
0.075
0.070
0.075
0.075
0.075
0.075
0.075
0.075
0.071
0.075
0.075
0.075
0.075
0.072
0.075
0.075
0.075
0.075
0.075
0.075
0.075
0.075
0.075
0.075
0.075
0.075
0.075
0.075
0.075
0.075
0.075
0.072
0.075
0.075
0.075
0.075
0.075
0.075
0.071
0.075
0.074
0.075
0.075
0.075
0.075
0.075
0.071
0.075
0.075
0.075
0.075
0.075
0.075
0.075
0.075
0.074
0.075
0.075
0.075
0.075
0.075
0.075
0.075
0.071
0.075
0.075
0.075
0.075
0.075
0.074
0.075
0.058
0.075
0.071
0.074
0.075
0.075
0.075
0.075
0.070
0.075
0.075
0.075
0.074
0.075
0.075
0.071
0.075
0.058
0.071
0.071
0.075
0.058
0.058
0.075
0.058
0.075
0.058
0.075
0.075
0.058
0.075
0.058
0.071
0.058
0.071
0.071
0.058
0.075
0.053
0.058
0.058
0.058
0.071
0.071
0.075
0.058
0.075
0.058
0.071
0.075
0.067
0.075
0.058
0.058
0.058
0.071
0.058
0.075
0.075
0.058
0.071
0.058
0.058
0.071
0.058
0.058
0.058
0.075
0.058
0.075
0.058
0.071
0.071
0.075
0.058
0.058
0.058
0.074
0.058
0.075
0.058
0.058
0.058
0.058
0.074
0.058
0.052
0.058
0.058
0.075
0.075
0.075
0.071
0.075
0.075
-2.183
0.058
0.071
0.058
0.078
0.078
0.078
0.078
0.078
0.078
0.078
0.078
0.074
0.078
0.078
0.078
0.078
0.078
0.078
0.078
0.074
0.059
0.072
0.078
0.078
0.078
0.078
0.077
0.078
0.078
0.077
0.078
0.078
0.078
0.074
0.067
-3.462
0.078
0.078
0.064
0.078
0.078
0.078
0.074
0.078
0.078
0.078
0.078
0.059
0.070
0.059
0.078
0.078
0.078
0.078
0.078
0.059
0.076
0.078
0.078
0.078
0.078
0.078
0.074
0.078
0.074
0.078
0.078
0.078
0.078
0.078
0.078
0.076
0.064
0.078
0.074
0.078
0.078
0.078
0.078
0.078
0.076
0.078
0.078
0.078
0.078
0.078
0.078
-0.110
-0.110
-0.110
0.078
0.078
0.078
0.078
0.078
0.077
0.078
0.078
0.078
0.078
0.077
0.077
0.077
0.075
0.077
-0.089
-0.089
-0.089
-1.412
-1.420
-2.231
0.078
0.078
0.063
0.078
0.078
0.075
0.077
0.078
-2.952
0.078
0.078
0.078
0.076
0.078
0.074
0.078
0.078
0.077
0.069
0.078
0.078
0.077
0.078
0.078
0.078
0.076
0.075
0.078
0.078
0.078
