fixedStep chrom=ENSGT00730000111659 start=1 step=1
0.000
0.000
0.000
0.000
0.000
0.000
0.000
0.000
0.000
0.000
0.000
0.000
0.000
0.000
0.000
0.000
0.000
0.000
0.000
0.000
0.000
0.000
0.000
0.000
0.000
0.000
0.000
0.000
0.000
0.000
0.000
0.000
0.000
0.000
0.000
0.000
0.000
0.000
0.000
0.000
0.000
0.000
0.000
0.000
0.000
0.000
0.000
0.000
0.073
0.073
0.073
0.073
0.073
0.069
0.073
0.072
0.073
0.073
0.073
-1.712
0.073
0.073
0.073
0.073
0.073
0.057
0.073
0.073
0.069
0.073
0.073
0.073
0.073
0.073
0.073
0.073
0.073
0.072
0.073
0.073
0.068
0.073
0.073
0.061
0.073
0.073
0.073
0.073
0.073
0.073
0.073
0.073
0.073
0.073
0.073
-2.208
0.073
0.073
0.073
0.073
0.073
0.073
0.073
0.073
0.071
0.073
0.073
0.073
0.069
0.054
0.058
0.073
0.073
0.073
0.073
0.073
0.073
0.069
0.073
0.073
0.069
0.073
0.068
0.073
0.073
0.073
0.073
0.073
0.073
0.073
0.073
0.069
0.073
0.073
0.073
0.073
0.073
0.073
0.073
0.073
0.073
0.073
0.073
0.069
0.073
0.073
0.073
0.073
0.073
0.073
0.073
0.073
0.073
0.073
0.073
0.072
0.073
0.073
0.073
0.073
0.073
0.073
0.073
0.073
0.073
0.073
0.073
0.073
0.073
0.058
0.073
0.073
0.054
0.073
0.073
0.073
0.073
0.073
0.073
0.073
0.073
0.073
0.073
0.073
0.073
0.069
0.073
0.073
0.073
0.073
0.073
0.069
0.073
0.073
0.073
0.073
0.073
0.073
0.072
0.073
0.073
0.073
0.073
0.073
0.072
0.069
0.073
0.073
0.073
0.057
0.073
0.072
0.073
0.073
0.073
0.071
0.073
0.073
0.073
0.073
0.073
0.072
0.073
0.073
0.073
0.068
0.073
0.067
0.073
0.073
0.069
0.073
0.073
0.073
0.072
0.073
0.073
0.073
0.073
0.054
0.073
0.069
0.069
0.073
0.073
0.054
0.073
0.073
0.073
0.073
0.069
0.068
0.073
0.072
0.072
0.073
0.073
0.056
0.073
0.073
0.073
0.073
0.054
0.069
0.073
0.073
0.073
0.073
0.073
0.073
0.073
0.073
0.073
0.073
0.073
0.054
0.068
0.073
0.073
0.073
0.071
0.073
0.073
0.073
0.073
0.072
0.073
0.073
0.073
0.056
0.073
0.073
0.073
0.071
0.073
0.073
0.068
-1.717
0.073
0.058
0.073
0.073
0.073
0.073
0.073
0.058
0.057
0.057
0.069
0.073
0.073
0.073
0.073
0.058
0.054
0.068
0.073
0.069
0.073
0.073
0.073
0.073
0.073
0.071
0.073
0.073
0.058
0.073
0.073
0.069
0.073
0.073
0.057
0.073
0.069
0.073
0.073
0.073
0.073
0.073
0.073
0.073
0.073
0.054
0.073
0.073
0.073
0.054
0.000
0.000
0.000
