fixedStep chrom=ENSGT00750000117639 start=1 step=1
0.000
0.000
0.000
0.000
0.000
0.000
0.000
0.000
0.000
0.000
0.000
0.000
0.000
0.000
0.000
0.000
0.000
0.000
0.000
0.000
0.000
0.000
0.000
0.000
0.000
0.000
0.000
0.000
0.000
0.000
0.000
0.000
0.000
0.000
0.000
0.000
0.000
0.000
0.000
0.000
0.000
0.000
0.000
0.000
0.000
0.000
0.000
0.000
0.000
0.000
0.000
0.000
0.000
0.000
0.000
0.000
0.000
0.000
0.000
0.000
0.000
0.000
0.000
0.000
0.000
0.000
0.000
-0.012
-0.012
-0.012
-0.012
-0.012
-0.012
-0.012
-0.014
-0.011
-0.011
-0.016
-0.012
-0.011
-0.013
-0.011
-0.011
-0.012
-0.012
-0.012
0.000
0.000
0.000
0.000
0.000
0.000
0.000
0.000
0.000
0.000
0.000
0.000
0.000
0.000
0.000
0.000
0.000
0.000
0.000
0.000
0.000
0.000
0.000
0.000
0.000
0.000
0.000
0.000
0.000
0.000
0.000
0.000
0.000
0.000
0.000
0.000
-0.056
-0.051
-0.051
-0.052
-0.052
-0.052
-0.060
-0.051
-0.052
-0.052
-0.053
-0.051
-0.053
-0.051
-0.059
-0.059
-0.053
-0.056
-0.059
-0.056
-0.051
-0.062
-0.052
-0.052
-0.052
-0.051
-0.057
-0.058
-0.019
-0.011
-0.011
-0.011
-0.011
-0.011
0.144
0.197
0.197
0.140
0.142
0.136
-0.051
-0.051
-0.054
0.138
0.198
0.189
0.000
0.000
0.000
0.000
0.000
0.000
0.000
0.000
0.000
0.000
0.000
0.000
0.000
0.000
0.000
0.000
0.000
0.000
0.000
0.000
0.000
0.000
0.000
0.000
0.000
0.000
0.000
0.000
0.000
0.000
0.000
0.000
0.000
-0.051
-0.051
-0.052
-0.053
-0.056
-0.053
0.197
0.141
0.185
0.184
-1.279
0.189
0.197
-0.255
0.197
0.184
0.139
0.130
0.184
0.137
-1.102
0.183
0.141
0.140
-1.665
-1.699
-4.941
0.137
0.187
0.141
0.197
-0.374
-0.263
0.142
0.186
-0.226
-0.012
-0.012
-0.012
0.130
0.190
-1.382
0.138
0.190
0.196
0.138
0.140
0.140
0.185
0.198
-1.022
0.917
0.916
0.909
0.178
0.180
-1.382
0.192
0.179
0.128
0.193
0.193
0.187
0.131
0.134
-2.644
0.085
0.091
0.000
0.000
0.000
0.000
0.000
0.000
0.000
0.000
0.000
0.000
0.000
0.000
-0.013
0.193
0.180
0.149
0.130
0.180
0.164
0.124
0.163
0.132
0.130
0.130
-1.075
0.193
0.193
-0.958
0.894
0.893
0.894
0.894
0.894
0.894
0.194
0.192
0.192
0.192
0.192
0.188
0.179
0.194
0.133
0.131
0.194
-0.893
0.180
0.194
0.181
0.194
0.192
0.180
0.178
0.181
0.131
0.194
0.193
0.173
0.192
0.192
-0.400
0.192
0.193
-0.846
0.132
0.194
0.130
0.179
0.194
0.131
0.134
0.193
0.163
0.134
0.192
0.168
0.192
0.192
0.179
0.192
0.192
0.194
0.192
0.193
0.127
0.133
0.194
0.127
0.192
0.194
0.191
0.192
0.194
0.130
0.133
0.180
0.164
0.131
0.194
0.193
0.192
0.194
0.192
0.133
0.180
0.133
-0.264
-0.306
0.193
0.192
0.134
0.177
0.193
0.193
-0.374
0.179
0.134
0.132
0.179
0.194
0.130
0.193
0.192
-0.266
0.178
0.193
-0.717
0.193
0.193
0.183
0.192
0.194
0.192
0.194
0.194
0.191
0.132
0.194
0.192
0.192
0.194
0.189
0.179
0.194
0.179
0.192
0.192
0.193
0.192
0.192
0.192
0.193
0.194
0.192
0.192
0.193
0.180
-0.274
0.180
-0.265
0.192
0.193
0.131
0.192
0.192
0.193
0.193
0.194
0.192
0.192
0.194
0.189
0.192
0.193
-1.473
0.197
0.197
0.198
-0.215
0.142
-0.359
0.197
0.197
0.179
0.198
0.200
0.137
0.185
0.200
0.198
0.141
0.200
0.141
0.141
0.198
0.186
0.200
0.200
0.187
0.197
0.186
0.137
0.140
0.186
0.186
0.138
-0.254
0.140
0.200
0.138
0.196
-3.722
0.140
0.135
-0.226
0.200
-0.384
0.138
-0.263
0.137
0.200
0.198
0.182
0.197
0.136
0.185
0.184
0.138
-0.375
0.184
0.187
0.141
0.198
0.184
0.135
0.198
0.200
0.197
0.138
0.200
0.136
0.137
0.185
0.178
0.185
0.200
-0.444
0.197
0.197
0.197
-0.216
0.200
0.138
0.142
0.200
-0.219
0.197
0.186
0.157
0.184
0.185
0.138
0.140
0.198
0.184
0.200
0.200
0.183
-0.225
0.198
0.185
0.197
0.198
0.196
0.140
0.138
-1.466
0.184
0.200
0.193
-0.224
0.197
0.198
0.198
0.197
0.185
0.186
0.200
0.184
0.198
0.200
0.197
0.197
0.198
0.190
0.198
0.200
0.188
0.198
0.198
0.142
0.197
0.200
0.135
0.197
0.198
0.198
0.198
0.197
0.195
0.200
0.198
0.197
0.198
0.200
-0.255
0.200
0.198
-1.220
0.198
0.200
0.135
0.200
0.198
0.185
0.141
0.198
0.185
0.197
0.198
-0.255
0.198
0.200
0.136
0.198
0.198
0.140
0.200
0.198
0.187
0.187
0.198
0.185
0.200
0.198
0.179
0.138
0.184
0.138
0.139
0.137
0.184
0.198
0.198
-0.928
0.138
0.200
0.141
0.134
0.185
0.184
-0.255
0.141
-1.796
0.184
0.185
0.140
0.186
0.198
0.185
0.138
0.200
-1.650
0.139
0.200
0.196
0.198
0.200
-2.263
0.196
0.186
0.197
-0.394
0.186
-0.439
-0.225
0.186
0.138
0.200
0.197
0.197
0.184
0.138
-3.289
0.182
-0.834
-0.893
0.140
0.198
0.198
0.142
0.200
-1.768
0.141
0.197
0.197
0.198
0.200
0.179
0.197
0.197
0.197
0.198
0.200
0.197
0.198
0.200
0.194
0.198
0.198
0.146
0.197
0.200
0.177
0.177
0.200
0.142
0.197
0.137
0.193
0.200
0.197
0.197
0.198
0.198
0.198
0.200
0.197
0.198
0.198
0.200
0.139
0.141
-0.263
-1.689
0.197
0.185
0.138
0.142
-0.225
0.133
-1.516
0.198
0.195
0.183
0.198
0.137
0.200
0.197
0.185
0.185
0.197
0.198
0.197
0.200
0.197
0.197
0.200
-1.920
-0.218
0.184
-0.218
0.198
0.198
0.178
0.198
0.200
0.140
-0.407
0.198
0.134
0.139
0.184
0.138
0.198
0.184
0.198
0.142
0.198
0.185
0.133
0.187
0.197
0.197
0.185
0.138
-0.263
0.200
0.139
0.198
0.200
0.137
0.140
0.198
0.176
0.184
0.185
0.149
0.139
0.198
0.198
0.200
0.200
0.198
0.187
0.200
0.196
-1.677
0.196
0.141
0.185
0.200
0.138
0.200
0.200
0.184
0.197
-0.734
-0.721
0.136
0.200
0.198
0.198
0.200
0.197
0.197
0.200
0.141
0.198
0.198
0.138
0.198
0.200
0.135
0.200
0.198
0.185
0.177
0.186
0.140
0.198
0.184
0.132
0.198
0.200
0.198
0.200
0.197
0.184
0.142
0.185
0.137
0.184
0.200
-0.373
0.197
0.200
0.142
0.144
0.141
0.137
0.179
0.197
0.142
0.198
0.198
0.185
0.197
0.198
0.135
0.198
0.198
-0.219
0.198
0.198
0.197
0.198
0.200
-0.218
0.197
0.198
0.131
0.196
0.200
0.137
0.198
0.198
0.185
0.198
0.185
-1.114
0.198
0.198
0.198
0.186
0.142
0.138
0.198
0.200
0.197
0.137
0.198
-1.809
-0.263
0.198
-0.693
0.186
0.198
0.142
0.198
0.198
0.197
0.186
0.139
0.184
0.197
0.186
-1.701
0.185
0.198
0.198
0.186
0.198
0.198
0.140
0.186
0.135
0.198
0.198
0.184
0.197
0.194
0.129
0.184
0.200
-0.708
0.141
0.140
0.173
0.186
0.187
-0.254
0.198
0.200
0.189
0.197
0.198
0.189
0.184
0.200
0.138
0.172
0.200
0.141
0.198
0.200
0.137
0.197
0.194
-0.909
0.185
0.198
0.187
0.200
0.200
0.183
0.197
0.140
0.177
0.197
0.198
0.190
0.142
0.197
0.198
0.200
0.197
0.197
-0.397
0.200
0.197
0.198
0.198
0.186
0.200
0.200
0.197
0.184
0.198
0.182
-0.225
0.200
0.197
0.200
0.198
0.184
0.200
0.141
0.198
-0.255
0.200
0.197
-0.226
0.200
0.183
0.197
0.141
-0.225
0.184
0.184
0.186
-0.887
0.138
0.198
-0.226
0.141
0.144
0.142
0.138
0.191
0.198
0.198
0.131
0.135
0.198
0.144
-0.226
0.200
0.198
0.200
0.198
0.190
0.198
0.198
0.197
0.200
0.198
0.184
0.132
0.185
0.190
0.198
0.198
0.141
0.194
0.200
0.138
0.198
0.200
0.132
0.198
0.198
0.177
0.197
0.198
0.197
0.198
0.198
0.198
-0.752
-0.767
-0.764
0.198
0.198
0.190
0.200
0.198
0.197
0.198
0.200
0.141
0.198
0.200
0.197
0.198
0.198
0.188
0.198
0.198
0.185
0.184
0.200
0.198
0.198
0.200
0.142
0.200
0.198
0.193
0.194
0.198
0.186
0.200
0.200
0.198
0.142
0.194
0.142
0.198
0.198
0.181
0.198
0.186
0.184
0.196
0.196
-1.610
0.179
0.199
0.138
0.193
0.196
0.194
0.139
0.184
-0.706
0.192
0.180
0.136
-0.964
-0.864
-1.335
-0.864
-0.889
-1.475
0.137
0.185
0.181
0.130
0.200
-0.825
0.194
0.131
0.185
0.200
0.197
0.185
0.130
0.197
0.189
0.195
0.192
0.185
0.142
0.185
0.193
0.184
0.140
-1.633
0.195
0.197
0.198
0.198
0.185
-0.406
-0.226
0.189
0.138
0.142
0.198
0.197
0.187
0.144
0.140
0.142
0.197
0.166
0.144
0.198
0.139
0.148
0.197
0.132
0.189
0.198
-1.380
0.198
0.198
0.198
0.198
0.197
0.190
0.197
0.198
0.136
0.197
0.200
0.137
0.000
0.000
0.000
