fixedStep chrom=ENSGT00390000005489 start=1 step=1
0.087
0.087
0.087
0.087
0.087
0.087
0.087
0.083
0.081
0.087
0.083
0.062
0.087
0.087
0.086
0.087
0.087
0.087
0.087
0.087
0.087
0.087
0.087
0.087
0.087
0.087
0.087
0.087
0.087
0.081
0.087
0.087
0.087
0.087
0.087
0.087
0.070
0.087
0.073
0.087
0.087
0.086
0.087
0.087
0.086
0.069
0.087
-1.846
0.081
0.087
0.083
0.087
0.087
0.087
0.087
0.081
0.069
0.087
-1.397
0.084
0.087
0.087
0.087
-1.382
-1.381
-1.702
-3.229
-2.183
-1.674
0.087
0.082
0.062
0.083
0.087
0.085
0.087
0.083
0.081
0.087
0.084
0.087
0.087
-2.739
0.087
0.087
0.087
0.087
0.087
0.087
0.087
0.087
0.087
0.087
0.087
0.084
0.081
0.087
0.081
0.087
0.083
0.069
0.087
0.062
0.087
0.084
0.081
0.087
0.087
0.087
0.087
0.087
0.087
0.087
0.083
0.087
0.087
0.087
0.087
0.087
0.087
0.087
0.087
0.087
0.087
0.087
0.087
0.081
0.063
-1.396
0.083
0.087
0.083
0.087
0.073
0.081
0.083
0.087
0.087
0.087
0.087
0.087
0.087
0.087
0.087
0.087
0.087
0.083
0.087
0.087
0.087
0.087
0.087
0.087
0.087
0.087
0.087
0.087
0.087
0.081
0.087
0.087
0.083
0.087
0.087
0.087
0.087
0.087
0.087
0.087
0.087
0.081
0.087
0.087
0.087
0.086
0.087
0.087
0.087
0.083
0.083
0.081
0.087
0.087
0.087
-1.390
0.083
0.087
0.087
0.069
0.083
0.087
0.087
0.087
0.087
0.087
0.087
0.087
0.087
0.087
0.087
0.087
0.087
0.070
-2.017
0.087
0.081
0.087
0.087
0.087
0.087
0.087
0.078
0.087
0.087
0.083
0.083
0.083
0.087
0.085
0.087
0.087
0.087
0.087
0.087
0.087
0.062
0.070
0.087
0.087
0.086
0.086
0.087
0.087
0.087
0.087
0.081
0.082
-2.924
0.061
0.083
0.087
0.083
0.087
0.084
0.067
0.087
0.087
0.087
0.085
0.087
0.087
0.069
0.087
0.087
0.087
0.087
0.073
-1.363
-0.817
-0.817
-0.817
-0.132
-0.132
0.000
