fixedStep chrom=ENSGT00390000012229 start=1 step=1
0.033
0.041
0.039
0.041
0.041
0.041
0.041
0.041
0.041
0.041
0.041
0.041
0.041
0.041
0.041
0.041
0.041
0.041
0.041
-0.008
0.041
0.041
0.041
0.041
0.041
0.041
0.039
0.041
0.041
0.041
0.041
0.041
0.041
0.041
0.032
0.041
-1.389
-1.669
-1.668
0.041
0.041
0.041
0.041
0.041
0.041
0.039
0.040
0.041
0.041
0.041
0.041
0.041
0.041
0.041
0.041
0.041
0.041
0.041
0.041
0.041
0.041
0.041
0.041
0.041
0.041
0.041
0.041
0.041
0.041
0.041
0.041
0.041
0.041
0.041
0.041
-0.926
-0.926
-0.926
0.032
0.041
0.041
0.041
0.039
0.041
0.041
0.039
0.041
0.041
0.041
0.041
0.041
0.041
0.041
0.041
0.041
0.041
0.041
0.041
0.041
0.041
0.041
0.041
0.041
0.041
0.041
0.041
0.039
0.041
0.041
0.041
0.041
0.041
0.041
0.041
0.041
0.041
0.041
0.041
0.041
0.041
0.041
0.041
0.041
0.041
0.041
0.041
0.041
0.041
0.041
0.041
0.041
0.041
0.041
0.041
0.041
0.041
0.039
0.041
0.041
0.041
0.041
0.041
0.041
0.041
0.041
0.041
0.041
0.041
0.041
0.041
0.041
0.041
0.041
0.041
0.041
0.039
0.041
0.041
0.041
0.041
0.041
0.039
0.041
0.041
0.041
0.041
0.041
0.041
0.039
0.041
0.041
0.041
0.041
0.041
0.041
0.039
0.041
0.041
0.041
0.041
0.039
0.041
0.041
0.041
0.041
0.041
0.041
0.041
0.041
0.041
0.041
0.041
0.041
0.035
0.041
