fixedStep chrom=ENSGT00390000003379 start=1 step=1
0.084
0.084
0.084
0.084
0.084
0.079
0.084
0.068
0.084
0.084
0.084
0.084
0.084
-0.786
0.074
0.077
0.084
0.079
0.084
0.084
0.084
0.084
-0.786
0.076
0.080
0.084
0.084
0.084
0.060
0.084
0.083
0.084
0.077
0.084
0.084
0.079
0.080
0.079
0.084
0.078
0.084
0.083
0.082
0.084
0.084
-0.784
0.084
0.076
0.059
0.084
0.084
0.084
0.060
0.084
0.084
0.084
0.078
0.084
0.084
0.084
-1.572
0.084
0.079
0.084
0.084
0.084
0.084
0.080
0.079
0.084
0.084
0.084
0.084
0.084
0.084
0.084
0.084
0.084
0.078
0.078
0.084
0.080
0.084
0.084
0.084
0.084
0.084
-0.786
0.084
0.084
0.084
0.082
0.084
0.084
0.084
0.084
0.084
0.083
0.060
0.079
0.084
0.084
0.084
0.084
0.084
0.084
0.084
0.084
0.078
0.084
0.080
0.084
0.077
0.084
0.084
0.078
0.060
0.084
0.084
0.084
0.084
0.079
0.077
0.077
0.059
0.084
0.080
0.078
0.084
0.084
0.084
0.084
0.084
0.084
0.079
0.060
0.076
0.084
0.084
0.084
0.084
0.084
0.084
0.084
0.084
0.084
0.078
0.084
0.084
0.084
0.076
0.084
0.084
0.084
0.084
0.084
0.077
0.084
0.084
0.084
0.084
-1.480
0.079
0.084
0.084
0.084
0.084
-1.525
0.084
0.082
0.084
0.084
0.084
0.084
0.084
0.084
0.084
0.084
0.084
0.064
0.084
0.084
0.084
0.084
0.084
-0.784
0.083
0.084
-0.784
-0.786
0.084
0.084
0.084
0.084
0.084
0.084
0.068
0.084
0.081
0.084
0.084
-1.309
-1.309
-1.311
-0.760
0.084
0.060
-0.784
0.084
0.068
0.060
0.083
0.084
0.084
0.084
0.084
-0.760
0.084
0.082
0.084
0.084
0.084
0.084
-0.784
0.084
0.084
0.084
0.084
0.084
0.084
0.084
0.079
0.084
0.077
0.084
0.084
0.084
0.084
0.084
0.084
0.084
0.084
0.084
0.079
0.084
0.079
0.080
0.084
0.084
0.084
0.084
0.084
0.077
0.079
0.084
0.084
0.078
0.084
0.060
0.084
0.084
0.084
0.084
0.084
0.084
0.077
-0.790
0.084
-1.466
0.084
0.084
0.077
0.084
0.084
0.084
0.084
0.084
0.077
0.084
0.084
0.084
0.084
0.084
0.084
0.084
0.077
0.078
0.084
-0.760
0.068
0.084
0.084
0.084
0.084
0.084
0.084
0.084
0.084
0.068
0.084
0.077
0.082
0.084
0.084
0.084
0.078
0.083
0.084
0.080
0.080
0.084
0.084
0.084
0.084
0.084
0.079
0.084
-0.790
0.084
0.084
0.084
0.084
0.068
0.068
0.084
0.069
0.080
0.077
0.082
0.084
0.077
0.084
0.068
0.084
0.084
0.064
0.084
0.084
0.076
0.084
0.084
0.084
0.084
0.084
0.084
0.084
0.084
0.078
0.084
0.082
0.079
-1.476
0.082
0.084
0.084
-0.760
-1.569
0.084
0.084
0.084
0.080
0.084
0.084
0.084
0.084
-0.790
0.080
0.084
0.084
0.084
0.080
0.080
0.079
-1.569
0.084
0.084
0.084
-0.786
0.084
0.084
-1.487
0.084
0.080
0.084
0.084
0.084
0.076
0.084
0.083
0.084
0.079
0.084
0.084
0.084
0.080
0.084
0.084
0.084
0.084
0.084
0.084
0.082
0.084
0.084
0.084
0.082
0.084
0.084
0.068
0.084
-1.012
0.082
0.084
0.084
0.079
0.068
0.084
0.081
0.084
0.081
0.084
0.084
0.084
-0.786
0.084
0.084
0.084
0.084
0.084
0.000
0.000
0.000
0.000
0.000
0.000
0.000
0.000
0.000
0.000
0.000
0.000
0.000
0.000
0.000
0.000
0.000
0.000
0.000
0.000
0.000
0.000
0.000
0.000
0.000
0.000
0.000
0.000
0.000
0.000
0.000
0.000
0.000
0.000
0.000
0.000
0.000
0.000
0.000
0.000
0.000
0.000
0.000
0.000
0.000
0.000
0.000
0.000
0.000
0.000
0.000
0.000
0.000
0.000
0.000
0.000
0.000
0.000
0.000
0.000
0.000
0.000
0.000
0.000
0.000
0.000
0.000
0.000
0.000
0.000
0.000
0.000
0.000
0.000
0.000
0.000
0.000
0.000
0.000
0.000
0.000
0.000
0.000
0.000
0.000
0.000
0.000
0.000
0.000
0.000
0.000
0.000
0.000
0.000
0.000
0.000
0.000
0.000
0.000
0.000
0.000
0.000
0.000
0.000
0.000
0.000
0.000
0.000
0.000
0.000
0.000
0.000
0.000
0.000
0.000
0.000
0.000
0.000
0.000
0.000
0.000
0.000
0.000
0.000
0.000
0.000
0.000
0.000
0.000
0.000
0.000
0.000
0.000
0.000
0.000
0.000
0.000
0.000
0.000
0.000
0.000
0.000
0.000
0.000
0.084
0.084
0.084
0.084
0.084
0.077
-3.525
0.084
0.084
0.084
0.084
0.084
0.084
0.060
0.084
0.084
-0.784
0.084
0.083
0.084
0.084
-0.760
-1.517
0.083
0.080
0.084
-0.790
0.084
0.084
0.084
0.077
0.077
0.077
0.084
0.077
0.084
0.084
0.084
0.084
0.084
0.060
0.084
0.084
0.084
0.084
0.084
0.084
0.084
0.084
0.084
0.080
0.084
0.084
0.084
0.084
0.078
0.077
0.077
0.060
0.084
0.084
0.084
0.084
0.084
0.080
0.078
0.084
0.080
0.084
0.084
0.084
0.084
0.084
0.084
0.084
0.084
0.078
0.084
0.084
-0.784
0.076
-1.556
-1.962
-1.895
0.074
0.084
0.077
0.060
0.084
0.082
0.084
0.077
0.084
0.084
0.079
0.084
0.084
0.060
0.084
0.084
-0.784
0.084
0.084
0.084
0.078
0.068
0.084
0.068
0.077
0.084
-0.784
-1.309
-2.134
-1.309
-1.311
-1.310
-1.438
-1.571
-1.309
-1.309
-1.567
0.079
0.079
0.077
0.079
0.083
0.080
0.084
0.084
-1.185
-1.326
-1.164
0.077
0.082
0.084
0.077
0.084
0.084
0.084
0.084
0.084
0.084
0.084
0.084
0.084
0.084
0.084
0.084
0.068
0.084
0.068
0.068
0.084
0.084
0.084
0.084
-1.566
0.084
0.084
0.084
0.084
0.084
0.084
0.084
-0.786
0.077
0.084
0.084
0.084
0.084
0.084
0.084
0.084
0.084
0.084
0.084
0.077
0.078
0.084
0.077
0.084
0.084
0.084
0.084
0.084
0.084
0.084
0.084
0.084
0.077
0.084
0.084
0.084
0.084
0.084
0.084
0.084
0.084
0.084
0.084
0.084
0.084
0.082
0.084
-1.476
0.084
0.084
0.084
0.084
0.084
0.084
0.084
0.080
0.084
0.084
-1.562
0.084
0.084
0.084
0.084
0.084
0.084
0.084
0.084
0.082
0.084
0.084
0.084
0.084
0.084
0.084
0.084
0.084
0.084
0.084
0.077
0.084
0.084
0.084
0.060
0.084
0.084
0.082
0.084
0.084
0.076
0.084
0.084
0.084
0.084
0.084
0.084
0.084
0.084
0.084
0.079
0.084
0.084
0.076
0.084
0.077
0.078
0.084
0.084
0.084
0.080
0.068
0.084
0.084
0.084
0.060
0.084
0.084
0.084
0.084
0.081
0.083
0.080
0.084
-0.784
0.084
0.060
0.077
0.080
0.084
0.084
0.084
0.084
0.084
0.084
0.084
-1.570
0.080
0.084
0.084
0.084
0.084
0.084
0.084
-0.784
0.080
0.080
0.084
0.084
0.076
0.077
0.076
0.084
0.084
0.077
0.084
0.084
0.084
0.084
0.084
0.076
0.084
-0.784
0.084
0.083
0.076
-1.466
0.084
-1.889
0.084
0.079
0.083
0.068
0.084
0.084
0.084
-1.523
0.079
0.080
0.080
0.084
0.084
0.084
0.084
0.084
0.084
0.084
0.084
0.084
0.080
0.084
0.084
0.080
0.084
0.084
0.059
0.084
0.080
0.084
-0.784
0.079
0.077
0.084
0.084
0.083
0.084
0.080
0.084
0.084
0.084
-1.510
0.077
0.084
0.084
-0.784
0.084
0.084
0.083
0.077
0.079
-0.760
0.084
-0.784
-1.466
0.084
0.084
0.084
0.084
0.068
0.078
0.084
0.084
0.064
0.084
-1.570
0.084
0.084
0.084
0.084
0.084
0.078
0.084
0.079
0.079
0.084
0.084
0.080
0.084
0.084
0.084
0.060
0.084
0.084
0.084
0.084
0.077
0.084
0.084
0.084
0.084
0.084
0.077
0.060
0.084
0.084
0.079
0.084
0.079
0.084
0.084
0.084
0.084
0.084
0.084
0.084
0.084
0.079
0.076
0.084
0.079
0.079
0.084
0.079
0.084
0.084
0.084
0.079
0.084
0.060
0.084
0.084
0.084
-0.790
0.077
0.080
0.084
0.084
0.068
-0.976
-0.976
-1.457
-0.503
-0.503
-0.504
0.084
0.084
0.084
0.084
0.084
0.060
-0.784
0.084
0.076
0.068
0.084
0.084
0.077
0.084
0.084
0.084
0.077
0.084
0.084
0.084
0.077
0.084
0.084
0.084
0.084
0.079
0.060
0.077
0.084
0.084
0.060
0.084
0.084
0.084
0.084
0.084
0.084
0.084
0.079
-0.859
-0.858
-1.458
-0.859
-0.859
-0.860
-0.990
-1.541
-1.452
-0.859
-0.859
-0.859
-0.860
-0.859
-0.860
-0.790
0.084
0.084
0.084
0.084
0.084
0.084
0.084
0.084
-0.784
0.084
0.084
0.084
0.084
0.084
0.084
0.084
-0.790
0.084
0.084
0.084
0.084
0.084
0.084
0.084
0.077
0.084
0.079
0.084
0.084
0.082
0.079
0.084
0.084
0.084
0.084
0.077
0.084
0.084
0.084
0.084
0.084
0.084
0.079
0.069
0.084
0.084
0.079
0.084
0.084
0.084
0.084
0.084
0.084
0.084
0.077
0.077
0.084
0.069
0.079
0.084
0.084
0.084
0.077
0.083
0.084
0.084
-0.760
0.084
-1.523
0.082
0.084
-1.570
0.077
0.078
0.077
-1.478
0.084
0.084
0.084
0.084
0.084
-2.450
0.074
0.084
0.077
0.084
0.084
0.084
0.082
0.084
0.076
0.076
0.084
0.084
0.084
-0.760
0.084
0.084
0.078
0.080
0.084
0.084
0.079
0.084
0.084
0.060
-0.786
0.084
0.084
0.084
0.084
0.084
0.084
0.084
0.084
0.084
0.084
0.084
0.084
0.084
0.068
0.060
0.084
0.080
0.084
0.084
0.084
0.084
0.084
0.084
0.084
0.084
0.084
0.084
0.079
-0.790
0.060
0.084
0.084
0.078
0.084
0.083
0.084
0.084
0.080
0.079
0.084
0.084
0.084
0.084
0.084
0.084
0.084
0.080
0.084
0.084
0.079
0.068
0.080
0.084
0.080
0.084
0.084
0.084
0.079
-2.025
0.060
-0.212
-0.212
-0.212
-0.790
0.084
0.084
0.084
0.084
0.084
0.068
0.081
0.060
-2.153
0.084
0.060
0.084
0.069
0.084
0.084
0.080
0.084
0.084
0.084
0.084
0.080
0.084
0.084
-0.790
0.082
0.080
0.084
0.084
0.084
-0.784
0.084
0.084
0.076
0.084
0.084
0.084
0.077
0.077
