fixedStep chrom=ENSGT00390000001558 start=1 step=1
0.094
0.094
0.094
0.094
0.094
-1.237
0.094
0.094
0.094
0.094
0.086
0.094
0.094
0.094
0.094
0.094
0.094
0.094
0.094
0.094
0.094
0.094
0.094
0.094
0.094
0.089
0.094
0.094
0.094
-0.662
0.094
0.094
0.094
0.094
0.094
0.091
0.094
0.094
0.094
-1.253
0.088
0.088
-0.160
-0.160
-0.160
-0.154
-0.154
-0.154
0.000
0.000
0.000
0.000
0.000
0.000
0.000
0.000
0.000
0.089
0.094
0.094
-1.273
-0.713
-0.863
-0.714
-0.714
-0.713
-0.713
-0.713
-0.748
-1.420
-0.714
-0.785
0.000
0.000
0.000
0.000
0.000
0.000
0.000
0.000
0.000
0.000
0.000
0.000
-1.937
-2.806
-1.938
-1.938
-1.938
-1.937
-1.937
-1.937
-2.223
-2.722
-1.938
-2.721
0.073
0.089
0.089
0.094
0.094
0.094
0.094
0.094
0.089
0.094
0.094
0.094
0.094
0.094
0.094
0.094
0.094
0.094
0.094
0.094
0.094
0.094
0.094
0.093
0.094
0.094
0.094
0.094
0.094
0.086
0.084
0.094
0.094
0.094
-0.664
0.094
0.094
0.094
0.084
0.094
0.094
0.086
0.094
0.094
0.084
0.092
0.086
0.084
0.094
0.094
0.094
0.086
0.094
0.094
0.094
0.094
0.094
0.094
0.094
0.094
0.089
0.094
0.094
0.094
0.094
0.089
0.094
0.094
0.089
-1.252
-1.819
-1.252
-1.252
-1.479
-1.962
-1.252
-1.250
-1.479
-1.252
-1.250
-1.477
-1.252
-1.250
-2.026
-1.252
-1.250
-1.479
-1.252
-1.250
-1.480
-1.252
-1.250
-1.252
0.000
0.000
0.000
0.000
0.000
0.000
0.000
0.000
0.000
0.000
0.000
0.000
-2.362
-2.382
-2.362
-2.417
-2.382
-2.362
-2.362
-1.836
-2.362
-1.252
-1.250
-1.382
-1.252
-1.477
-1.252
-1.964
-1.250
-1.252
-1.252
-1.250
-1.252
-1.480
-1.250
-1.480
-1.252
-1.250
-1.379
0.094
0.094
0.091
0.094
0.094
-1.383
0.094
0.094
0.092
0.094
0.094
0.073
0.094
0.094
0.094
0.094
0.094
0.094
0.094
0.094
0.094
-0.154
-0.154
-0.154
-1.164
-1.163
-1.165
0.094
0.094
-1.256
0.094
0.094
0.094
0.086
0.094
0.094
0.094
0.094
0.094
0.089
0.091
-1.328
0.094
0.094
0.094
0.086
0.089
0.094
-0.664
0.094
0.094
0.094
0.094
0.094
0.094
0.073
0.094
0.086
0.073
0.073
-1.383
0.076
-2.661
-2.161
-2.304
-1.472
0.094
0.094
0.094
0.094
0.089
0.093
0.076
0.094
0.091
0.086
0.076
0.094
0.086
0.094
0.094
0.094
0.094
0.094
0.086
0.094
0.094
0.086
0.093
0.086
0.094
0.094
0.094
0.086
0.094
0.094
0.092
0.094
0.094
0.094
-0.662
0.094
0.094
0.093
0.094
0.094
0.094
0.089
0.086
0.081
0.094
0.094
0.094
0.094
