fixedStep chrom=ENSGT00390000008744 start=1 step=1
0.063
0.063
0.063
0.061
0.063
0.063
0.063
0.063
0.063
0.063
0.063
0.060
0.063
0.063
0.060
0.063
0.063
0.060
0.063
0.063
0.063
0.062
0.063
0.063
0.063
0.063
0.063
0.063
0.063
0.063
0.063
0.063
0.063
0.063
0.063
0.063
0.063
0.063
0.063
0.063
0.063
0.063
0.063
0.063
0.063
0.063
0.063
0.055
0.063
0.063
0.063
0.063
0.063
0.063
0.063
0.063
0.063
0.063
0.063
0.063
0.063
0.063
0.063
0.051
0.063
0.063
0.063
0.063
0.060
0.063
0.063
0.063
0.060
0.051
0.059
0.060
0.061
0.060
0.063
0.063
0.063
0.063
0.063
0.049
0.063
0.063
0.063
0.063
0.063
0.061
0.060
0.063
-1.773
0.063
0.063
0.062
0.063
0.063
0.063
0.063
0.063
0.063
0.061
0.063
0.063
0.063
0.063
0.061
0.063
0.063
0.063
0.063
0.063
0.063
0.063
0.063
0.063
0.063
0.063
0.051
0.063
0.063
0.063
0.063
0.063
0.063
0.063
0.063
0.063
0.063
0.063
0.061
0.063
0.063
0.058
0.063
0.063
0.061
0.063
0.063
0.049
0.063
0.063
0.053
0.047
0.055
0.047
0.061
0.063
0.060
0.063
0.063
0.061
0.063
0.063
0.051
0.060
0.063
0.058
0.063
0.063
0.063
0.063
0.063
0.055
0.057
0.057
0.057
0.057
0.057
0.057
0.057
0.057
0.057
0.057
0.057
0.053
-1.371
-1.371
-1.370
-1.370
-1.367
-1.367
-1.370
-1.371
-1.371
-1.371
-1.371
-2.824
-1.371
-1.371
-1.694
-1.371
-1.371
-1.370
-1.371
-1.371
-1.371
-1.684
-1.367
-1.581
-1.371
-1.371
-1.580
0.057
0.057
0.057
0.057
0.056
0.054
0.057
0.057
0.048
0.052
0.052
0.052
0.052
0.052
0.052
-1.162
0.052
0.052
0.052
0.052
0.052
0.052
0.052
0.052
0.052
0.052
0.048
0.052
0.052
0.052
0.052
0.052
0.052
0.052
0.052
0.052
0.052
0.052
0.048
0.052
0.052
0.052
-1.168
0.052
0.052
0.052
0.052
0.052
0.048
0.052
0.052
0.052
-1.188
0.052
0.052
0.052
0.052
0.052
0.052
-1.168
0.052
0.052
0.052
0.052
0.052
0.052
0.052
0.052
0.048
0.052
0.052
0.052
0.052
0.052
0.052
0.052
0.052
0.052
0.052
0.052
0.052
0.052
0.052
0.052
0.052
0.052
0.052
0.052
0.052
0.052
0.052
0.052
-1.188
0.052
0.052
0.048
0.052
0.052
0.048
0.052
0.052
0.052
0.052
0.052
0.052
0.052
0.052
0.052
0.052
0.052
0.050
0.052
0.052
0.052
0.052
0.052
0.048
0.050
0.052
0.051
0.052
0.052
0.052
0.052
0.052
0.052
0.052
0.048
0.052
0.052
0.052
0.052
0.052
0.052
0.057
0.057
0.057
0.057
0.057
0.057
0.048
0.057
0.057
0.055
0.057
0.057
0.053
0.057
0.057
0.057
0.057
0.057
0.057
0.057
0.057
0.057
0.057
0.057
0.050
0.063
0.063
0.061
0.056
0.063
0.063
0.063
0.063
0.063
0.063
0.063
0.055
0.063
0.063
0.063
0.063
0.063
0.063
0.063
0.063
0.063
0.063
0.063
0.063
0.063
0.063
0.059
0.063
0.063
0.063
0.063
0.063
0.063
0.063
0.063
0.059
0.063
0.063
0.063
0.063
0.060
0.061
0.063
0.059
0.063
0.063
0.063
0.063
0.063
0.063
0.063
0.063
0.063
0.063
0.063
0.063
0.063
0.063
0.063
0.061
0.063
0.063
0.063
0.063
0.063
0.063
0.063
0.063
0.061
0.063
0.063
0.059
0.063
0.063
0.063
0.063
0.063
0.063
0.063
0.063
0.063
0.063
0.063
0.063
0.063
0.063
0.063
0.063
0.051
0.063
0.063
0.063
0.063
0.063
0.063
0.063
0.063
0.063
0.063
0.063
0.063
0.063
0.063
0.063
0.063
0.063
0.063
0.063
0.063
0.063
0.063
0.063
0.063
0.060
0.063
0.063
0.063
0.063
0.063
0.063
0.063
0.063
0.063
0.063
0.063
0.063
0.063
0.063
0.063
0.063
0.063
0.063
0.063
0.063
0.063
0.063
0.063
0.063
0.063
0.063
0.063
0.063
0.063
0.063
0.063
0.063
0.063
0.063
0.063
0.063
0.063
0.063
0.063
0.063
0.063
0.063
0.060
0.063
0.061
0.063
0.063
0.063
0.063
0.063
0.060
0.063
0.063
0.063
0.063
0.063
0.063
0.063
0.063
0.061
0.063
0.063
0.063
0.063
0.063
0.061
0.063
0.063
0.063
0.063
0.063
0.062
0.063
0.063
0.063
0.063
0.063
0.063
0.063
0.063
0.063
0.063
0.063
0.061
0.063
0.063
0.061
0.063
0.063
0.063
0.063
0.063
0.063
0.063
0.063
0.063
0.063
0.060
0.063
0.063
0.063
0.051
0.063
0.063
0.060
0.063
0.063
0.063
0.063
0.063
0.063
0.061
0.063
0.063
0.063
0.063
0.063
0.063
0.063
0.063
0.063
0.063
0.057
0.055
0.063
0.061
0.063
0.063
0.063
0.063
0.063
0.063
0.063
0.063
0.061
0.055
0.063
0.063
0.063
0.063
0.060
0.063
0.061
0.063
0.063
0.057
0.063
0.060
0.063
0.063
0.063
0.063
0.063
0.063
0.062
0.061
0.063
0.063
0.062
0.063
0.063
0.063
0.063
0.063
0.063
0.063
0.063
0.061
0.063
0.063
0.063
0.063
0.063
0.060
0.063
0.063
0.063
0.063
0.063
0.063
0.061
0.051
0.063
0.060
0.063
0.063
0.063
0.063
0.063
0.063
0.063
0.063
0.063
0.063
0.063
0.063
0.063
0.063
0.063
0.063
0.063
0.063
0.063
0.063
0.063
0.063
0.051
0.060
0.063
0.061
0.063
0.063
0.049
0.063
0.063
0.063
0.063
0.063
0.060
0.063
0.063
0.057
0.063
0.063
0.063
0.063
0.063
0.063
0.059
0.063
0.061
0.063
0.063
0.061
0.063
0.063
0.060
0.063
0.063
0.048
0.063
0.063
0.063
0.063
0.063
0.063
0.046
0.063
0.060
0.063
0.063
0.060
0.063
0.063
0.062
0.063
0.063
0.060
0.063
0.063
0.063
0.063
0.063
0.063
0.063
0.063
0.063
0.063
0.063
0.063
0.063
0.048
0.049
0.063
0.063
0.063
0.063
0.063
0.063
0.063
0.061
0.061
0.063
0.063
0.062
0.063
0.063
0.053
0.063
0.063
0.060
0.063
0.063
0.063
0.063
0.059
0.063
0.063
0.063
0.063
0.063
0.063
0.063
0.063
0.063
0.061
0.056
0.063
0.063
0.063
0.063
0.049
0.051
0.063
0.063
0.063
0.063
0.063
0.063
0.063
0.063
0.063
0.063
0.063
0.063
0.063
0.063
0.063
0.063
0.063
0.063
0.063
0.058
0.063
0.060
0.063
0.063
0.063
0.063
0.062
0.063
0.063
0.063
0.063
0.063
0.063
0.063
0.063
0.063
0.063
0.063
0.063
0.063
0.063
0.061
0.063
0.063
0.063
0.063
0.063
0.063
0.063
0.063
0.063
0.063
0.060
0.058
0.063
0.060
0.062
0.063
0.063
0.063
0.063
0.063
0.063
0.063
0.060
0.060
0.063
0.063
0.063
0.063
0.063
0.063
0.063
0.063
0.063
0.063
0.063
0.063
0.063
0.063
0.063
0.063
0.048
0.063
0.063
0.062
0.062
0.063
0.063
-1.371
-1.367
-1.371
0.063
0.063
0.056
0.063
0.063
0.063
0.063
0.063
0.063
0.060
0.063
0.063
0.063
0.063
0.063
0.063
0.063
0.053
0.063
0.063
0.049
0.063
0.063
0.063
0.063
0.063
0.063
0.062
0.060
0.051
0.063
0.063
0.063
0.063
0.063
0.063
0.060
0.063
0.063
0.060
0.063
0.060
0.063
0.063
0.060
0.063
0.063
0.063
0.063
0.063
0.060
0.063
0.063
0.063
0.063
0.063
0.063
0.063
0.063
0.063
0.063
0.063
0.063
0.063
0.063
0.063
0.063
0.063
0.061
0.063
0.063
0.060
0.063
0.063
0.063
0.063
0.063
0.060
0.063
0.063
0.063
0.063
0.058
0.063
0.063
0.063
0.063
0.063
0.063
0.062
0.060
0.061
0.060
0.063
0.063
0.061
0.063
0.063
0.063
-1.371
-1.367
-1.371
-2.057
-2.062
-2.052
0.063
0.063
0.063
0.063
0.063
0.063
0.063
0.063
0.063
0.063
0.063
0.058
0.063
0.063
0.063
0.063
0.063
0.063
0.063
0.063
0.063
0.063
0.063
0.061
0.063
0.063
0.063
0.063
0.063
0.063
0.063
0.063
0.061
0.063
0.063
0.063
0.063
0.061
0.062
0.061
0.063
0.063
0.063
0.063
0.063
0.063
0.063
0.063
0.063
0.063
0.062
0.063
0.063
0.063
0.063
0.063
0.063
0.063
0.063
0.063
0.063
0.063
0.063
0.063
0.063
0.063
0.063
0.063
0.063
0.063
0.063
0.060
0.063
0.063
0.063
0.063
0.063
0.063
0.063
0.063
0.063
0.061
0.063
0.062
0.063
0.063
0.063
0.063
0.063
0.063
0.061
0.063
0.063
0.058
0.063
0.063
0.063
0.061
0.063
0.063
0.063
0.063
0.063
0.063
0.063
0.063
0.063
0.062
0.063
0.063
0.063
0.063
0.063
0.061
0.063
0.063
0.063
0.055
0.063
0.063
0.063
0.063
0.063
0.063
0.063
0.057
0.051
0.063
0.063
0.063
0.063
0.063
0.063
0.063
0.063
0.063
0.063
0.063
0.063
0.060
0.059
0.049
0.063
0.063
0.051
0.063
0.063
0.063
0.061
0.060
0.063
0.060
0.062
0.063
0.063
0.063
0.063
0.051
0.063
0.063
0.063
0.060
0.063
0.063
0.063
0.063
0.063
0.063
0.063
0.063
0.063
0.063
0.063
0.060
0.063
0.063
0.063
0.063
0.063
-1.762
0.063
0.063
0.063
0.051
0.063
0.055
-2.321
0.061
0.063
0.063
0.063
0.061
0.063
0.063
0.063
0.061
0.063
0.063
0.063
0.063
0.049
0.063
0.060
0.063
0.063
0.063
0.062
0.063
0.063
0.063
0.063
0.063
0.063
0.060
0.063
0.063
0.063
0.063
0.063
0.063
0.063
0.063
0.063
0.063
0.063
0.063
0.063
0.063
0.061
0.061
0.061
0.063
0.063
0.061
0.063
0.063
0.062
0.062
0.063
0.058
0.063
0.063
0.060
0.063
0.063
0.060
0.063
0.063
0.063
0.063
0.063
0.063
0.060
0.063
0.063
0.063
0.063
0.063
0.063
0.063
0.063
0.061
0.056
0.056
0.056
0.063
0.061
0.056
0.056
0.056
0.063
0.061
0.056
0.056
0.063
0.058
0.061
0.063
0.060
0.056
0.063
0.056
0.061
0.063
0.054
0.056
0.061
0.060
0.063
0.056
0.061
0.063
0.056
0.056
0.063
0.056
0.056
0.056
0.056
0.063
-1.528
-1.523
-1.869
0.063
0.063
0.063
0.063
0.063
0.063
0.063
0.063
0.056
0.051
0.057
0.063
0.063
0.063
0.061
0.063
0.063
0.060
0.063
0.063
0.063
0.062
0.056
0.061
0.063
0.063
0.056
0.063
0.063
0.051
0.063
0.063
0.063
0.060
0.063
0.063
0.063
0.063
0.061
0.061
0.063
0.061
0.061
0.063
0.049
0.063
0.063
0.063
0.063
0.063
0.060
0.063
0.063
0.051
0.063
0.063
0.063
0.063
0.063
0.055
0.063
0.063
0.063
0.063
0.063
0.063
0.063
0.063
0.062
0.063
0.063
0.063
0.063
0.063
0.063
0.063
0.063
0.057
0.063
0.063
0.063
0.063
0.063
0.061
0.063
0.063
0.063
0.063
0.063
0.063
0.063
0.063
0.063
0.063
0.063
0.063
0.063
0.063
0.061
0.063
0.063
0.063
0.063
0.063
0.063
0.063
0.063
0.063
0.063
0.063
0.063
0.049
0.063
0.063
0.051
0.060
0.060
0.063
0.060
0.063
0.052
0.063
0.063
0.063
0.063
0.063
0.063
0.060
0.063
0.063
0.063
0.063
0.063
0.063
0.063
0.052
0.063
0.053
0.062
0.063
0.063
