fixedStep chrom=ENSGT00440000038181 start=1 step=1
-1.145
-1.144
-1.145
-1.027
-1.145
-1.147
-1.027
-1.145
-2.349
-0.000
-0.000
-0.000
-0.253
-0.253
-0.255
-1.073
-1.145
-1.072
0.077
0.068
0.075
-1.204
0.068
0.075
0.093
0.093
0.076
0.093
0.093
0.093
0.093
0.093
0.086
0.014
0.014
0.014
0.093
0.093
-1.283
0.093
0.093
0.088
0.093
0.093
0.076
0.072
0.086
0.076
0.093
-1.208
0.076
0.093
0.093
0.093
0.086
0.093
0.088
0.087
0.092
0.089
0.089
0.093
0.074
0.067
-1.254
0.089
0.075
0.075
0.075
0.093
0.093
-1.183
0.000
0.000
0.000
0.000
0.000
0.000
0.000
0.000
0.000
0.075
0.092
0.089
0.092
0.093
0.093
0.093
0.093
0.093
0.093
0.093
0.087
0.093
0.093
0.093
0.086
0.092
0.092
0.093
0.093
0.092
0.093
0.091
0.076
0.092
0.091
0.093
0.093
0.093
0.093
0.093
0.093
0.093
0.093
0.093
0.093
-1.262
0.093
0.092
0.093
0.093
0.092
0.093
0.093
0.093
0.093
0.093
0.089
0.000
0.000
0.000
0.000
0.000
0.000
0.000
0.000
0.000
0.000
0.000
0.000
0.000
0.000
0.000
0.000
0.000
0.000
0.000
0.000
0.000
0.000
0.000
0.000
0.000
0.000
0.000
0.000
0.000
0.000
0.000
0.000
0.000
0.000
0.000
0.000
0.000
0.000
0.000
0.000
0.000
0.000
0.000
0.000
0.000
0.000
0.000
0.000
0.000
0.000
0.000
0.000
0.000
0.000
0.000
0.000
0.000
0.000
0.000
0.000
0.000
0.000
0.000
0.000
0.000
0.000
0.000
0.000
0.000
0.000
0.000
0.000
0.000
0.000
0.000
0.000
0.000
0.000
0.000
0.000
0.000
0.000
0.000
0.000
0.000
0.000
0.000
0.000
0.000
0.000
0.000
0.000
0.000
0.093
0.068
0.093
0.093
0.093
0.091
0.093
0.093
0.080
0.093
0.088
0.093
0.093
0.093
0.093
0.093
0.078
0.091
0.093
0.093
0.093
0.093
0.069
0.093
0.093
0.093
0.093
0.093
0.089
0.093
0.093
0.093
0.092
0.093
0.093
0.093
0.093
0.093
0.093
0.093
0.093
0.093
0.093
0.093
0.093
0.093
0.093
0.093
0.093
0.093
0.093
0.093
0.093
0.093
0.093
0.093
0.092
0.093
0.076
0.088
-0.253
-0.253
-0.253
0.087
0.093
0.093
0.093
0.093
0.093
0.093
0.093
0.093
0.093
0.093
0.093
0.093
0.093
0.093
0.093
0.093
0.093
0.093
0.093
0.093
0.083
0.084
0.089
0.089
0.089
0.089
0.089
0.089
0.087
0.089
0.089
0.089
0.089
0.089
0.087
0.089
0.089
0.089
0.093
0.093
0.092
0.093
0.093
0.088
0.093
0.093
0.091
0.093
0.093
0.093
0.093
0.093
0.093
0.093
0.093
0.093
0.078
0.093
0.093
0.093
0.093
0.093
0.093
0.093
0.089
0.093
0.093
0.088
0.093
0.093
0.092
0.093
0.089
0.093
0.093
0.093
0.093
0.093
0.093
0.089
0.093
0.093
0.093
0.093
0.089
0.093
0.093
0.093
0.091
0.093
0.093
0.093
0.093
0.093
0.093
0.093
0.093
0.093
0.093
0.077
0.093
0.093
0.093
0.093
0.093
0.093
0.093
0.093
0.093
0.093
0.093
0.093
0.093
0.093
0.093
0.093
0.077
0.093
0.093
0.093
0.089
0.084
0.093
0.093
0.093
0.093
0.093
0.093
0.093
0.093
0.093
0.093
0.089
0.093
0.093
0.093
0.087
0.093
0.093
0.093
0.093
0.093
0.093
0.093
0.093
0.093
0.093
0.093
0.093
0.093
0.093
0.083
0.093
0.093
0.088
0.093
0.093
0.085
0.093
0.093
0.093
0.093
0.093
0.091
0.093
0.093
0.093
0.092
0.093
0.093
-0.890
-0.892
-1.102
-1.005
-0.890
-0.967
-0.892
-0.890
-0.892
-0.890
-0.892
-1.585
0.000
0.000
0.000
0.000
0.000
0.000
0.000
0.000
0.000
0.000
0.000
0.000
0.000
0.000
0.000
0.000
0.000
0.000
-0.518
-0.517
-0.518
-0.997
-1.473
-0.903
-3.540
-3.405
-3.412
0.009
0.009
0.009
-1.532
-1.515
-1.540
-1.534
-0.903
-1.540
0.080
0.062
-1.308
-1.889
0.083
-1.848
0.080
0.083
-1.904
0.076
0.062
-1.272
0.083
0.063
0.063
-0.255
-0.255
-0.255
-0.842
-0.842
-0.842
-0.842
-0.842
-0.842
-0.842
-0.842
-0.842
-0.259
-0.272
-0.262
-0.255
-0.255
-0.255
0.089
0.070
0.070
0.089
-1.396
0.089
0.089
0.089
0.089
0.089
0.089
0.089
0.089
0.089
0.089
0.089
0.089
0.089
0.089
0.089
0.089
0.089
0.089
0.087
0.089
0.089
0.084
0.089
0.089
0.089
0.089
0.089
0.068
0.089
0.089
0.089
0.089
0.089
0.083
0.089
0.089
0.087
0.084
0.089
0.089
0.089
0.089
0.089
0.085
0.089
0.089
0.089
0.084
0.089
0.089
0.062
0.089
0.089
0.089
0.084
0.089
0.089
0.089
0.072
0.089
0.089
0.089
0.089
0.089
0.084
0.089
0.089
0.089
0.089
0.088
0.089
0.089
0.089
0.089
0.089
0.089
0.089
0.089
0.089
-0.286
-0.287
-0.287
-0.255
-0.255
-0.253
0.093
0.093
0.092
0.093
0.093
0.093
0.093
0.089
0.093
0.093
0.088
0.093
0.093
0.093
0.091
0.093
0.093
0.093
0.086
0.093
0.093
0.093
0.093
0.093
0.093
0.093
0.093
0.093
0.093
0.093
0.093
0.085
0.088
0.093
0.093
0.093
0.093
0.093
0.086
0.089
0.093
0.093
0.093
0.093
0.093
0.093
0.093
0.093
0.093
0.093
0.089
0.093
0.093
0.093
0.093
0.093
0.093
0.093
0.093
0.092
0.088
0.093
0.093
0.093
0.093
0.091
-1.257
0.093
0.093
0.093
0.093
0.093
0.093
0.093
0.092
0.093
0.093
0.093
0.093
0.093
0.090
0.093
0.093
0.069
0.093
0.093
0.093
0.089
0.093
0.088
0.093
0.093
0.093
-1.025
-1.025
-1.072
0.068
0.068
0.068
0.068
-1.278
0.077
0.088
0.093
0.069
0.093
0.088
0.068
0.068
0.068
0.088
0.088
0.088
0.088
0.068
0.069
0.068
0.093
0.093
0.093
-0.892
-0.892
-0.890
-0.253
-0.253
-0.263
-1.232
0.076
0.074
0.093
0.093
0.093
0.093
0.093
0.093
0.093
0.076
0.093
0.093
0.093
0.080
0.093
0.093
0.093
0.093
0.093
0.093
0.093
0.093
0.093
0.093
0.093
0.093
0.093
0.093
0.092
0.093
0.068
0.093
0.093
0.093
0.091
-1.923
0.093
0.093
0.093
0.091
0.088
0.093
0.089
0.093
0.093
0.093
0.093
0.093
0.093
0.077
0.093
0.093
-2.019
0.093
0.093
0.093
