fixedStep chrom=ENSGT00390000016192 start=1 step=1
0.000
0.000
0.000
0.156
0.157
0.166
-0.098
0.168
0.166
-0.098
0.170
0.157
0.136
0.170
0.165
-0.097
-0.097
0.116
-0.098
0.170
-0.779
0.156
-0.096
0.164
0.157
0.170
-0.996
-0.098
-0.097
0.168
0.168
-0.096
0.138
-0.097
0.166
0.166
-0.097
-0.097
-0.098
0.168
0.166
-0.098
0.156
0.170
0.168
-0.097
0.156
-0.098
0.149
0.170
0.165
0.166
0.168
-0.261
0.168
0.166
0.159
0.166
0.166
0.165
0.168
0.170
0.162
0.170
0.166
0.166
0.168
0.170
0.139
-0.097
0.170
-0.098
-0.096
-0.097
0.168
0.170
0.166
0.166
0.147
0.170
-0.174
0.157
0.157
-0.128
0.166
0.157
0.156
0.157
0.170
0.166
0.166
0.168
0.156
0.166
0.166
0.150
0.156
-0.097
0.168
-1.065
0.170
0.168
0.166
0.163
0.168
0.154
0.163
0.162
-0.097
-0.097
0.168
0.157
-0.097
0.121
0.156
0.166
-1.888
-0.098
-0.097
0.166
0.157
-0.096
0.168
0.166
0.170
-0.098
-0.097
-0.096
0.166
0.156
0.170
0.156
-0.098
0.166
0.156
0.168
0.170
-1.825
0.146
0.138
0.165
-0.097
0.166
-0.098
-0.097
-0.097
-0.216
0.156
0.166
0.166
0.156
-0.097
0.155
-0.097
0.170
-0.098
-0.097
0.170
0.166
0.156
-0.097
0.170
-0.097
-0.097
0.156
0.170
0.168
0.153
0.133
0.133
0.132
-0.098
0.160
0.166
-0.096
-0.097
0.168
0.168
-0.097
0.170
-0.097
0.157
0.157
-0.098
0.170
0.160
0.168
0.168
0.168
-0.097
0.166
-0.098
-0.097
0.162
0.152
-0.097
0.157
-0.098
-0.097
0.170
0.128
0.166
-0.120
0.156
0.155
0.157
0.138
0.166
0.166
-0.106
0.166
0.157
0.160
-0.098
0.170
0.163
-0.097
0.168
0.157
0.157
-0.097
-0.486
0.166
-0.097
0.168
-0.096
0.157
-0.097
0.156
0.156
-0.222
0.159
0.157
0.117
-0.098
0.142
0.166
0.166
-0.098
0.168
0.165
-0.174
-0.775
0.156
0.156
0.156
0.156
0.157
0.168
-0.096
0.166
0.168
0.157
0.156
-0.223
0.166
-0.097
-0.544
0.145
-0.098
0.155
0.168
0.170
0.166
0.158
0.166
0.157
-0.098
0.168
0.158
0.166
0.168
0.157
-0.120
0.117
0.156
0.170
0.166
0.166
-0.224
0.167
0.157
-0.097
-0.207
-0.131
0.170
0.166
0.166
0.163
0.156
0.156
-0.098
-0.098
-0.098
-0.097
-0.097
-0.098
0.168
0.170
0.166
0.156
0.156
0.117
0.168
0.166
0.146
0.156
-0.096
-0.098
0.168
0.170
0.166
0.166
0.156
-0.402
0.156
0.157
0.157
-0.097
0.166
0.155
0.155
0.157
0.115
-0.158
0.157
0.157
-0.097
-0.097
0.130
0.156
0.156
0.152
0.156
-0.097
-0.223
0.164
-0.761
-0.362
0.166
0.170
0.168
0.157
0.170
-0.098
-0.098
0.170
0.157
-1.656
0.170
-0.261
0.166
0.168
0.160
0.168
0.170
0.135
0.133
0.133
0.131
0.157
-0.097
0.118
-0.097
-0.098
0.166
0.157
0.170
-0.150
-0.729
0.130
-0.097
0.147
0.170
0.166
0.168
-0.098
-0.766
0.166
0.166
-0.098
-0.096
-0.098
-0.147
0.168
0.170
0.166
0.166
0.166
-0.259
0.128
0.155
-0.107
0.156
0.141
-1.827
0.168
0.170
0.160
0.165
-0.775
-0.098
-0.158
0.166
-1.302
0.166
0.166
-0.112
0.168
0.170
-0.098
0.156
0.155
0.160
0.166
-0.097
0.156
0.166
-0.098
0.165
-0.096
0.170
0.165
0.156
-0.097
-0.097
0.157
0.166
0.168
0.170
0.166
0.168
-0.687
0.155
0.163
0.166
0.166
0.168
0.166
0.168
0.164
0.166
0.166
-0.098
0.156
0.157
-0.098
0.168
0.168
0.128
0.166
0.166
-0.639
-3.930
0.158
0.117
0.170
0.166
0.170
0.157
-0.096
0.118
0.156
0.153
-0.098
0.166
0.166
0.156
0.138
0.156
0.165
-0.097
0.157
-0.098
0.157
0.170
-0.098
0.166
0.166
0.157
0.141
-0.096
0.166
0.167
0.170
0.165
0.168
0.166
0.164
-0.097
0.170
-0.150
0.156
0.158
0.165
0.163
-0.096
0.168
-0.097
0.166
-0.481
0.170
0.166
0.167
0.170
0.166
0.156
0.166
0.166
-0.120
-0.097
0.156
0.164
-0.097
0.166
0.160
0.166
0.166
-1.214
0.170
-0.096
0.156
-0.097
0.156
0.166
0.166
0.166
0.157
0.170
0.166
0.166
0.170
0.170
0.170
0.166
0.156
0.166
0.156
0.170
0.150
0.168
0.166
0.166
0.170
0.166
0.166
0.156
0.170
0.168
0.166
0.166
0.168
0.166
0.156
0.168
0.168
0.166
0.157
0.170
0.166
0.168
0.167
0.170
0.166
0.166
0.166
0.166
0.157
0.157
0.157
-0.111
-0.261
0.157
-0.097
-0.097
0.167
-0.353
0.166
0.156
0.166
0.166
-0.166
0.166
0.170
-0.098
0.156
-0.111
-0.096
0.166
0.166
0.157
0.168
0.166
-0.775
0.166
0.170
0.162
-0.097
0.166
0.166
0.166
0.166
0.168
0.166
0.166
0.156
0.166
0.170
0.138
0.166
0.166
-0.145
0.166
0.166
-0.098
0.168
-0.097
0.156
0.170
0.166
0.168
0.168
0.170
0.166
0.156
0.157
-0.127
0.166
0.166
0.157
0.166
0.166
-1.420
0.166
0.170
0.167
0.168
0.168
0.157
0.170
0.170
0.168
-0.096
-0.098
0.162
0.170
0.166
0.167
0.170
0.166
0.168
0.166
0.166
0.162
0.168
0.168
0.167
-0.097
0.154
0.168
0.170
0.168
0.163
0.168
0.168
-1.393
0.158
0.166
0.166
0.168
0.168
0.157
0.170
0.166
0.168
-0.097
0.170
-0.098
0.168
0.166
0.156
-0.096
0.160
0.161
0.168
0.158
0.117
0.122
0.170
0.157
-0.096
0.168
-0.097
0.156
0.166
0.168
-0.258
-0.097
0.168
0.170
-0.097
-0.742
0.166
0.168
-0.097
0.168
0.166
0.163
0.157
-0.097
0.168
-0.097
-0.097
0.127
0.170
-0.096
0.167
0.166
0.166
0.160
0.168
-0.097
0.168
0.168
0.156
0.156
-0.097
-0.097
0.126
-0.098
-0.097
-0.098
0.156
0.166
-0.098
0.168
0.130
-0.097
0.166
0.166
0.162
0.168
0.170
-0.098
0.170
0.166
0.166
0.159
0.157
-0.098
0.168
0.156
-0.596
0.166
0.166
-0.261
0.170
0.166
0.168
-0.097
0.156
-0.097
0.166
-0.218
-0.618
0.166
0.157
-0.098
0.168
0.170
0.164
0.168
0.170
0.163
0.156
0.155
-0.098
0.157
0.166
0.168
0.163
-0.096
-0.098
-0.636
0.156
-0.098
0.156
0.156
0.166
0.160
0.170
-0.098
0.156
0.157
0.128
0.158
0.156
0.168
-0.096
0.168
-0.097
-0.097
0.170
0.160
0.166
0.166
0.160
0.154
-0.212
0.166
0.155
0.170
-0.098
-0.097
0.157
0.165
-0.098
0.157
0.157
-0.098
0.170
0.165
0.155
0.157
-1.898
0.170
-0.097
-0.098
0.168
0.170
-0.261
0.157
0.170
0.159
-0.098
0.166
0.162
0.166
0.157
-0.680
-0.218
0.147
-0.098
0.156
0.170
-0.205
-0.097
0.157
-0.678
0.120
0.169
0.118
0.166
0.166
-0.098
0.168
0.170
0.166
0.168
0.166
-0.098
0.170
0.166
0.167
0.168
0.170
0.166
0.168
0.166
-0.775
0.166
0.168
0.154
0.161
0.168
0.154
0.168
0.170
0.166
0.165
0.165
-0.107
0.160
0.165
-0.626
-0.098
0.170
-0.217
-0.205
-0.098
-0.097
0.156
0.156
-0.190
-0.098
0.160
0.160
0.156
-0.096
-0.097
0.166
0.166
-0.203
-0.107
-0.256
-0.130
0.166
0.166
0.156
-0.761
0.166
-0.106
0.165
0.166
0.165
0.166
-0.098
0.166
-0.152
0.166
0.160
0.166
0.166
0.167
0.170
0.156
-0.097
0.166
0.170
-1.863
0.157
0.170
-0.097
-0.098
-0.097
-0.162
0.165
0.156
-0.097
0.156
0.166
-0.223
-0.098
0.170
0.166
-0.097
-0.097
-1.674
0.166
0.166
-0.711
0.166
0.157
-0.098
0.157
-0.097
0.166
0.166
0.166
0.156
0.156
0.168
-0.097
-0.097
0.157
-0.096
0.157
-0.097
0.166
-0.098
-0.096
0.158
-0.097
0.155
-0.482
0.151
-0.097
0.158
0.152
0.156
0.166
0.155
-0.096
-0.097
-0.098
0.157
-0.098
-0.701
0.156
0.168
0.166
0.156
0.164
-0.098
-0.098
-0.097
0.156
-0.097
-0.097
0.168
-0.097
-0.097
0.166
-0.096
0.166
0.166
0.166
0.152
0.000
0.000
0.000
0.000
0.000
0.000
0.000
0.000
0.000
0.165
-0.315
-0.763
0.166
0.166
0.165
0.166
-0.775
-0.158
-0.624
0.168
-0.096
-0.098
-0.172
0.167
0.133
0.133
0.133
0.169
0.169
0.162
0.133
0.133
0.133
0.169
0.169
0.169
-0.098
0.166
-0.106
-0.098
0.157
-0.726
-1.678
-1.337
-1.959
-1.356
-1.351
-1.356
-1.356
-1.337
-1.409
0.169
0.169
0.169
