fixedStep chrom=ENSGT00390000002667 start=1 step=1
0.076
0.077
0.076
0.076
0.076
0.076
0.076
0.076
0.076
0.077
0.077
0.073
0.076
0.077
0.076
0.076
0.076
0.076
0.076
0.076
0.054
0.076
0.077
0.076
0.076
0.077
0.076
0.076
0.076
0.076
0.076
0.076
0.073
-1.423
-1.423
-2.042
0.076
0.076
0.076
0.077
0.076
0.074
0.076
0.076
0.073
0.077
0.076
0.076
0.076
0.076
0.077
0.076
0.076
0.076
0.077
0.076
0.072
0.076
0.076
0.064
-1.425
-1.416
-2.182
0.076
0.076
0.068
0.076
0.076
0.076
0.076
0.076
0.076
0.077
0.077
0.073
0.076
0.076
0.076
0.076
0.076
0.077
0.076
0.077
0.076
0.076
0.076
0.076
0.077
0.076
0.076
0.076
0.076
0.072
0.076
0.076
0.068
0.077
0.077
0.076
0.076
0.076
0.076
0.076
0.076
0.076
0.076
0.076
0.072
0.076
0.076
0.077
0.076
0.076
0.061
0.076
0.077
0.059
0.076
0.076
0.076
0.076
0.076
0.076
0.076
0.077
0.077
0.076
0.076
0.072
0.076
0.076
0.076
0.077
0.076
0.076
0.076
0.076
0.075
0.076
0.076
0.076
0.076
0.076
0.076
0.076
0.076
0.075
0.077
0.076
0.076
0.076
0.076
0.071
0.076
0.076
0.077
0.076
0.076
0.076
0.076
0.076
0.076
0.077
0.076
0.076
0.076
0.076
0.076
0.076
0.076
0.077
0.076
0.076
0.076
0.077
0.076
0.076
0.077
0.076
0.076
0.077
0.076
0.077
0.076
0.076
0.074
0.077
0.077
0.073
0.076
0.076
0.077
0.076
0.076
0.077
0.076
0.076
0.055
0.076
0.076
0.077
0.076
0.076
0.073
0.077
0.076
0.077
0.076
0.076
0.072
0.077
0.076
0.077
0.077
0.077
0.076
0.076
0.076
0.073
0.076
0.076
0.076
0.076
0.076
0.076
0.076
0.076
0.077
0.076
0.076
0.076
0.076
0.071
0.062
0.076
0.061
0.076
0.077
0.077
0.075
0.076
0.076
0.075
0.073
0.077
0.076
0.076
0.077
0.076
0.076
0.076
0.058
0.076
0.076
0.065
0.076
0.076
0.076
-1.162
-1.162
-1.906
0.076
0.076
0.076
0.076
0.076
0.075
0.076
0.076
0.076
0.076
0.076
0.069
-1.162
-1.162
-1.162
0.062
0.061
0.076
0.076
0.076
0.075
0.076
0.076
0.076
0.076
0.076
0.077
0.076
0.076
0.073
0.076
0.077
0.076
0.076
0.076
0.076
0.077
0.077
0.077
0.076
0.076
0.071
0.076
0.076
0.076
0.060
0.068
0.068
0.068
0.056
0.068
0.068
0.069
0.066
0.068
0.068
0.068
0.068
0.068
0.068
0.068
0.068
0.068
0.068
0.068
0.068
0.068
0.068
0.067
0.068
0.068
0.052
0.068
0.068
0.068
0.068
0.068
0.068
0.068
0.069
0.068
0.069
0.069
0.068
0.068
0.068
0.068
0.069
0.069
0.068
0.068
0.068
0.068
0.068
0.069
0.056
0.068
0.068
0.067
0.066
0.067
0.068
0.068
0.069
0.068
0.068
0.068
0.069
0.068
0.068
0.068
0.068
0.068
0.065
0.068
0.068
0.067
0.068
0.068
0.067
0.068
0.068
0.068
0.068
0.068
0.066
0.068
0.068
0.068
0.068
0.068
0.076
0.076
0.076
0.076
0.076
0.076
0.076
0.076
0.077
0.071
0.076
0.076
0.076
0.075
0.077
0.075
0.076
0.076
0.073
0.076
0.076
0.076
0.076
0.076
0.075
0.077
0.077
0.076
0.076
0.076
0.076
0.076
0.076
0.073
0.076
0.076
0.076
0.077
0.077
0.073
0.076
0.076
0.075
0.076
0.077
0.062
0.076
0.076
0.074
0.076
0.076
0.074
0.076
0.076
0.076
0.077
0.076
0.076
0.076
0.076
0.077
0.076
0.076
0.075
0.076
0.076
0.076
0.077
0.076
0.076
0.076
0.076
0.076
0.068
0.068
0.066
0.068
0.068
0.066
0.068
0.068
0.068
0.068
0.068
0.068
0.069
0.068
0.069
0.069
0.068
0.068
0.068
0.069
0.069
0.068
0.068
0.068
0.068
0.069
0.069
0.068
0.068
0.069
0.068
0.068
0.069
0.068
0.068
0.068
0.069
0.068
0.068
0.068
0.068
0.065
0.068
0.069
0.063
0.068
0.068
0.068
0.068
0.068
0.067
0.068
0.068
0.068
0.068
0.069
0.068
0.068
0.068
0.069
0.069
0.069
0.069
0.068
0.068
0.069
0.068
0.068
0.068
0.068
0.069
0.068
0.068
0.069
0.068
0.068
0.068
0.067
0.068
0.069
0.068
0.068
0.068
0.067
0.069
0.068
0.067
0.067
0.069
0.068
0.068
0.068
0.068
0.068
0.069
0.059
0.069
0.068
0.066
0.068
0.068
0.068
0.068
0.068
0.068
0.068
0.068
0.068
0.068
0.068
0.068
0.068
0.069
0.068
0.068
0.068
0.068
0.069
0.068
0.069
0.069
0.068
0.065
0.068
0.068
0.068
0.068
0.068
0.068
0.068
0.069
0.066
0.068
0.068
0.068
0.069
0.068
0.068
0.069
0.068
0.065
0.068
0.068
0.068
0.068
0.068
0.067
0.068
0.068
0.068
0.069
0.069
0.069
0.068
0.068
0.068
0.068
0.068
0.068
0.068
0.069
0.068
0.068
0.068
0.068
0.068
0.068
0.068
0.063
0.068
0.068
0.068
0.068
0.065
0.068
0.068
0.068
0.068
0.068
0.068
0.068
0.068
0.065
0.068
0.069
0.068
0.068
0.068
0.068
0.068
0.068
0.068
0.068
0.069
0.067
0.068
0.068
0.068
0.068
0.068
0.068
0.068
0.069
0.068
-1.071
-1.047
-1.239
0.076
0.076
0.075
0.076
0.076
0.077
0.076
0.077
0.076
0.076
0.076
0.076
0.076
0.076
0.076
0.076
0.076
0.061
0.076
0.076
0.075
0.076
0.076
0.076
0.076
0.076
0.077
0.076
0.077
0.076
0.076
0.077
0.076
0.076
0.076
0.067
0.076
0.076
0.076
0.073
0.077
0.076
0.076
0.076
0.076
0.076
0.076
0.076
0.076
0.076
0.077
0.076
0.076
0.076
0.076
0.076
0.076
0.076
0.076
0.077
0.076
0.077
0.076
0.077
0.077
0.077
0.076
0.076
0.076
0.076
0.076
0.075
0.076
0.076
0.077
0.076
0.076
0.076
0.076
0.077
0.074
0.076
0.077
0.076
0.076
0.076
0.076
0.076
0.076
0.071
0.076
0.077
0.076
0.076
0.077
0.076
0.076
0.076
0.076
0.077
0.076
0.077
0.076
0.076
0.061
0.076
0.076
0.076
0.077
0.076
0.061
0.076
0.077
0.076
0.077
0.076
0.077
0.077
0.076
0.076
0.077
0.076
0.076
0.076
0.076
0.076
0.076
0.077
0.077
0.076
0.077
0.075
0.076
0.077
0.076
0.076
0.076
0.076
0.076
0.076
0.076
0.076
0.077
0.066
0.076
0.076
0.061
0.077
0.076
0.075
0.076
0.076
0.075
0.076
0.077
0.072
0.077
0.077
0.076
0.077
0.077
0.077
0.076
0.076
0.074
0.076
0.076
0.076
0.076
0.076
0.075
0.076
0.076
0.069
0.076
0.076
0.076
0.077
0.076
0.071
0.076
0.076
0.076
0.077
0.077
0.077
0.076
0.076
0.076
0.076
0.077
0.076
0.076
0.077
0.076
0.076
0.076
0.076
0.076
0.077
0.076
0.076
0.076
0.077
0.076
0.076
0.076
0.076
0.076
0.062
0.076
0.076
0.076
0.076
0.076
0.073
0.076
0.076
0.076
0.076
0.076
0.076
0.076
0.076
0.077
0.076
0.076
0.073
0.076
0.076
0.077
0.076
0.076
0.076
0.076
0.076
0.077
0.076
0.076
0.077
0.077
0.076
0.076
0.077
0.077
0.076
0.076
0.076
0.073
0.077
0.076
0.076
0.076
0.076
0.076
0.076
0.076
0.069
0.076
0.076
0.074
0.076
0.077
0.076
0.076
0.076
0.076
0.076
0.077
0.076
0.076
0.076
0.075
0.076
0.076
0.076
0.076
0.076
0.073
0.077
0.076
0.075
0.076
0.077
0.076
0.076
0.076
0.076
0.076
0.076
0.076
0.076
0.076
0.077
0.077
0.077
0.076
0.077
0.076
0.076
0.076
0.076
0.076
0.076
0.076
0.076
0.077
0.076
0.076
0.075
0.077
0.075
0.076
0.076
0.076
0.076
0.077
0.076
0.068
0.068
0.067
0.068
0.068
0.068
0.068
0.068
0.068
0.068
0.068
0.068
0.069
0.068
0.068
0.068
0.068
0.067
0.069
0.069
0.066
0.068
0.068
0.068
0.068
0.068
0.068
0.068
0.068
0.068
0.068
0.068
0.068
0.068
0.068
-2.998
0.069
0.069
0.069
0.068
0.069
0.068
0.068
0.068
0.066
0.068
0.068
0.066
0.068
0.068
0.068
0.068
0.069
0.068
0.068
0.068
0.067
0.068
0.068
0.068
0.068
0.068
0.069
0.068
0.068
0.067
0.068
0.069
0.066
0.068
0.068
0.056
0.069
0.068
0.069
0.068
0.069
0.069
0.068
0.068
0.059
0.069
0.068
0.068
0.068
0.068
0.060
0.069
0.068
0.067
0.068
0.068
0.068
0.068
0.068
0.068
-1.071
-1.073
-1.073
0.068
0.068
0.068
0.068
0.069
0.056
0.068
0.068
0.066
0.068
0.068
0.066
0.068
0.068
0.069
0.068
0.069
0.069
0.068
0.068
0.068
0.068
0.069
0.067
0.068
0.069
0.068
0.068
0.069
0.067
0.068
0.068
0.066
0.069
0.068
0.067
0.068
0.068
0.068
0.068
0.068
0.063
0.068
0.068
0.069
0.068
0.068
0.066
0.068
0.069
0.068
0.068
0.069
0.068
0.068
0.068
0.067
0.068
0.068
0.068
0.068
0.068
0.068
0.068
0.068
0.066
0.068
0.068
0.068
0.068
0.068
0.068
0.068
0.069
0.068
0.069
0.068
0.068
0.069
0.069
0.068
0.068
0.069
0.068
0.068
0.068
0.068
0.068
0.069
0.068
0.068
0.068
0.068
0.068
0.068
0.067
0.068
0.069
0.066
0.068
0.068
0.069
0.068
0.068
0.068
0.069
0.068
0.068
0.068
0.068
0.069
0.069
0.068
0.068
0.068
0.068
0.068
0.068
0.068
0.072
0.056
0.072
0.072
0.056
0.076
0.071
0.076
0.056
0.075
0.076
0.077
0.072
0.056
0.056
0.056
0.056
0.072
0.072
0.056
0.072
0.056
0.056
0.076
0.072
0.076
0.076
0.072
0.056
0.056
0.069
0.072
0.076
0.056
0.056
0.056
-2.038
0.056
0.076
0.076
0.056
0.072
0.076
-1.049
-1.049
-1.235
-1.049
-1.049
-1.402
-1.049
-1.047
-1.049
0.076
0.077
0.056
0.072
0.076
0.056
0.072
0.072
0.068
0.076
0.076
0.053
-1.234
-1.047
-1.235
0.056
0.076
0.076
0.072
0.056
0.056
0.056
0.056
0.056
0.056
0.056
-1.445
0.077
0.056
0.072
0.076
0.076
0.056
-2.240
0.072
0.072
0.056
0.072
0.072
0.056
0.072
-1.448
0.072
0.056
0.056
0.076
0.056
0.056
0.077
0.076
0.072
0.077
0.076
0.072
0.056
0.076
0.076
0.054
0.072
0.056
0.076
0.077
0.076
0.072
0.076
0.066
0.072
0.056
0.056
-0.800
-0.800
-0.800
-2.032
-2.034
-2.032
0.072
0.056
0.055
0.072
0.056
0.072
0.072
0.072
0.075
0.056
0.056
0.056
0.056
0.077
0.074
0.072
0.076
0.077
0.077
0.076
0.072
0.076
0.077
0.076
0.077
0.076
0.077
0.076
0.076
0.074
0.077
0.076
0.076
0.076
0.076
0.073
0.076
0.077
0.076
0.075
0.076
0.069
-1.425
-1.423
-1.424
-1.416
-1.424
-1.686
0.077
0.076
0.069
0.076
0.076
0.076
0.076
0.076
0.074
0.076
0.077
0.076
0.076
0.077
0.076
-1.424
-1.416
-1.434
0.076
0.076
0.075
0.076
0.076
0.076
0.076
0.076
0.076
0.076
0.076
0.076
0.077
0.077
0.076
0.076
0.076
0.076
0.076
0.076
0.074
0.076
0.076
0.077
0.076
0.076
0.076
0.070
0.075
0.075
0.075
0.069
0.076
0.073
0.073
0.073
0.073
0.073
0.073
0.073
0.073
0.073
0.073
0.073
0.073
0.073
0.073
0.071
0.073
0.073
0.071
0.073
0.073
0.069
0.073
0.073
0.073
0.073
0.073
0.066
0.073
0.073
0.073
0.073
0.073
0.073
0.073
0.073
0.073
0.073
0.073
0.072
0.073
0.073
0.072
0.073
0.073
0.073
0.073
0.073
0.071
0.073
0.073
0.068
0.073
0.073
0.072
0.073
0.073
0.073
0.073
0.073
0.073
0.073
0.073
0.064
0.073
0.073
0.073
0.073
0.073
0.073
0.073
0.073
0.073
0.073
0.073
0.073
0.073
0.073
0.069
0.073
0.073
0.073
0.073
0.073
0.073
0.073
0.073
0.073
0.073
0.073
0.073
0.073
0.073
0.073
0.073
0.073
0.073
0.073
0.073
0.073
0.073
0.073
0.069
0.073
0.073
0.073
0.073
0.073
0.073
0.073
0.073
0.068
0.073
0.073
0.073
0.073
0.073
0.069
0.073
0.073
0.073
0.073
0.073
0.068
0.073
0.073
0.073
0.073
0.073
0.073
0.073
0.073
0.073
0.073
0.073
-1.594
0.073
0.073
0.072
0.073
0.073
0.073
0.073
0.073
0.069
0.073
0.073
0.073
0.073
0.073
0.069
0.073
0.073
0.073
0.073
0.073
0.073
0.073
0.073
0.073
0.073
0.073
0.073
0.073
0.073
0.071
0.073
0.073
0.067
0.073
0.073
0.073
0.073
0.073
0.069
0.073
0.073
0.069
0.073
0.073
0.073
0.073
0.073
0.073
0.073
0.073
0.068
0.073
0.073
0.069
0.073
0.073
0.073
0.073
0.073
0.069
0.073
0.073
0.073
0.073
0.076
0.075
-2.805
-2.813
-2.805
-1.049
-1.049
-1.801
-1.049
-1.799
-1.799
-1.801
-1.239
-1.785
