fixedStep chrom=ENSGT00390000013049 start=1 step=1
0.062
0.062
0.062
0.062
0.062
0.062
-0.000
0.062
0.061
0.062
0.062
0.062
0.062
0.062
0.061
-3.726
0.062
0.018
-4.027
0.062
0.058
0.062
0.062
-2.652
0.062
0.062
0.056
-2.964
-1.486
-1.483
0.059
0.062
0.062
0.062
0.062
0.062
0.062
0.062
0.062
0.062
0.062
0.062
0.062
0.062
0.057
0.062
0.061
0.059
0.062
0.062
-1.851
0.062
0.062
0.059
0.062
0.062
0.056
0.058
0.062
0.062
0.062
0.062
0.062
0.062
0.062
0.062
0.062
0.062
0.062
0.062
0.062
0.062
0.062
0.062
0.062
0.062
0.062
0.062
0.062
0.062
0.043
0.062
0.062
0.045
0.062
0.062
0.062
0.062
0.062
0.062
0.062
0.062
0.062
0.062
0.062
0.062
0.062
0.062
0.062
0.062
0.062
0.062
0.058
0.062
0.062
0.058
0.062
0.059
0.062
0.062
0.062
0.062
0.062
0.061
0.062
0.062
0.062
0.062
0.062
0.059
0.062
0.062
0.062
0.062
0.062
0.061
0.061
0.062
0.062
0.062
0.062
0.062
0.062
0.062
0.055
0.062
0.058
0.062
0.062
0.062
0.062
0.057
0.062
0.062
0.062
0.062
0.062
0.062
0.062
0.062
0.062
0.062
0.062
0.062
0.062
0.059
0.062
0.062
0.062
0.062
0.062
0.061
0.062
0.062
0.062
0.062
0.062
0.062
0.062
0.059
0.062
0.062
0.062
0.062
0.057
0.062
0.059
0.062
0.062
0.062
0.059
0.062
0.062
0.062
0.062
0.062
0.062
0.062
0.062
0.062
0.062
0.059
0.062
0.062
0.062
0.062
0.062
0.055
0.057
0.062
0.062
0.062
0.062
0.062
0.062
0.062
0.062
0.062
0.062
0.062
0.062
0.062
0.062
0.062
0.062
0.059
0.062
0.062
0.062
0.062
0.062
0.062
0.062
0.062
-3.421
0.062
0.062
0.057
0.062
0.059
0.062
0.062
0.062
0.062
0.062
0.062
0.062
0.062
0.062
0.062
-0.998
0.062
0.062
0.061
0.062
-0.998
0.062
0.062
0.062
0.062
0.062
0.062
0.059
0.062
0.062
0.062
0.062
0.062
0.062
0.062
0.056
0.062
0.062
0.062
0.062
0.059
-1.806
0.062
0.062
-3.308
0.062
0.062
0.062
0.062
0.062
0.062
0.062
0.062
0.062
0.062
0.062
0.062
-1.986
-1.986
-1.986
-0.933
-0.933
-0.933
0.062
0.062
0.062
0.062
0.062
0.062
0.062
0.059
0.062
0.062
0.062
0.047
0.062
0.062
0.062
0.062
0.062
0.062
0.059
0.059
0.058
0.062
0.062
0.062
0.062
0.062
0.062
0.062
0.062
0.061
0.062
0.062
0.062
0.062
0.062
0.062
0.062
0.062
0.062
0.062
0.062
0.062
0.062
0.062
0.058
0.062
0.062
0.059
0.062
0.062
-0.980
0.062
0.062
0.062
0.062
0.062
0.058
0.062
0.059
0.062
0.062
0.062
0.062
0.062
0.062
0.062
0.062
0.062
0.062
0.062
0.062
0.058
0.062
0.059
0.062
0.062
0.062
0.059
0.062
0.062
0.059
0.062
0.062
0.062
0.062
0.062
0.062
0.062
0.062
0.062
0.062
0.062
0.062
0.062
0.058
0.062
0.062
0.062
0.062
0.062
0.062
0.062
0.062
0.062
0.058
0.062
0.062
0.062
0.062
0.062
0.062
0.062
0.062
0.062
0.062
0.062
0.062
0.055
0.062
0.062
0.062
0.062
0.062
0.062
0.062
0.062
0.062
0.062
0.055
0.062
0.062
0.062
0.062
0.062
0.059
0.062
0.062
0.062
0.062
0.062
0.057
0.062
0.062
0.062
0.062
0.061
0.059
0.062
0.062
0.062
0.062
0.062
0.058
0.059
0.062
0.062
0.062
0.062
0.062
0.062
0.062
0.062
0.062
0.062
0.062
0.062
0.062
0.062
0.062
0.062
0.062
0.062
0.062
0.062
0.062
0.062
0.062
0.062
0.062
0.062
0.062
0.062
0.062
0.062
0.062
0.062
0.062
0.062
0.062
0.062
0.062
0.062
0.062
0.062
0.062
0.062
0.062
0.062
0.062
0.062
0.062
0.049
0.062
0.062
0.062
0.062
0.062
0.062
0.058
0.062
0.062
0.062
0.062
0.062
0.062
0.062
0.062
0.062
0.062
0.062
0.062
0.062
0.062
0.062
0.062
0.062
0.062
0.062
0.062
0.062
0.062
0.062
0.062
0.062
0.062
0.062
0.062
0.062
0.062
0.062
0.062
0.062
0.062
0.062
0.062
0.062
0.062
0.062
0.062
0.061
0.062
0.059
0.062
0.062
0.062
0.062
0.062
0.062
0.062
0.062
0.062
0.062
0.062
0.062
0.062
0.062
0.056
0.062
0.062
0.062
0.062
0.062
0.062
0.062
0.062
0.062
0.062
0.062
0.062
0.062
0.062
0.062
0.062
0.062
0.061
0.062
0.062
0.059
0.062
0.062
0.059
0.062
0.062
0.062
0.062
0.062
0.062
0.062
0.059
0.062
0.062
0.062
0.062
0.059
0.062
0.062
0.062
0.062
0.061
0.062
0.062
0.062
0.062
0.062
0.043
0.062
0.062
0.062
0.061
0.062
0.062
0.045
0.062
0.062
0.062
0.062
0.062
0.062
0.062
0.062
0.062
0.062
0.059
0.062
0.062
0.062
0.062
0.062
0.062
0.062
0.062
0.062
0.062
0.062
0.062
0.062
0.062
0.062
0.062
0.062
0.062
0.062
0.062
0.059
0.049
0.062
0.062
0.062
0.062
0.062
0.062
0.062
0.058
0.062
0.062
0.062
0.062
0.062
0.058
0.062
0.062
0.062
0.062
0.062
0.062
0.062
0.062
0.062
0.062
0.062
0.062
0.062
0.062
0.062
0.059
0.062
0.062
0.062
0.062
0.062
0.062
0.062
0.055
0.062
0.062
0.058
0.062
0.062
0.062
0.062
0.062
0.062
0.062
0.062
0.062
0.062
0.062
0.059
0.059
0.062
0.062
0.062
0.062
0.062
0.062
0.062
0.062
0.062
0.061
0.058
0.062
0.062
0.062
0.062
0.057
0.058
0.062
0.062
0.062
0.062
0.062
-3.408
0.062
0.061
0.062
0.062
0.062
-0.996
0.062
0.062
0.062
0.062
0.062
0.062
0.062
0.049
0.062
0.062
0.062
0.059
0.062
0.062
0.059
0.062
0.062
0.059
0.062
0.062
0.062
0.062
0.062
0.058
0.062
0.062
0.062
0.058
0.062
0.062
0.062
0.062
0.059
0.062
0.062
0.062
0.062
0.062
0.058
0.062
0.062
0.062
0.062
0.062
0.059
0.062
0.062
0.062
0.062
0.062
0.062
0.062
0.058
0.059
0.062
0.062
0.062
0.062
0.062
0.062
0.062
0.062
-0.979
0.062
0.062
0.062
0.062
0.062
0.062
0.062
0.062
0.062
0.049
0.062
0.062
0.062
0.062
0.062
0.062
0.062
0.049
0.062
0.062
0.062
0.049
0.062
0.062
0.062
0.062
0.062
0.049
0.062
0.062
0.059
0.062
0.062
0.062
0.062
0.062
0.059
0.062
0.047
0.062
0.062
0.062
0.062
0.062
0.049
0.062
0.062
0.062
0.062
0.062
0.059
0.062
0.062
0.045
0.062
0.062
0.062
0.062
0.062
0.058
0.062
0.062
0.059
0.062
0.062
0.062
0.062
0.049
0.062
0.062
0.062
0.062
0.062
0.062
0.062
0.062
0.062
0.059
0.062
0.062
0.056
0.062
0.062
0.061
0.062
0.062
0.059
0.062
0.062
0.062
0.062
0.062
0.058
0.062
0.062
0.062
0.062
0.061
0.062
0.062
0.062
0.062
0.062
0.062
0.059
0.062
0.062
0.062
0.062
0.048
0.058
0.062
0.062
0.058
0.062
0.062
0.062
0.062
0.062
0.062
0.049
0.062
0.049
0.062
0.062
-2.367
0.062
0.062
0.062
0.062
0.062
0.062
0.062
0.062
0.057
0.058
0.062
0.062
0.062
0.062
0.062
0.062
0.062
0.062
0.062
0.062
0.062
0.062
0.058
0.062
0.062
0.062
0.045
0.062
0.062
0.062
0.062
0.062
0.062
0.062
0.062
0.058
0.062
0.062
0.045
0.062
0.062
0.059
0.062
0.062
0.061
0.062
0.062
0.062
0.062
0.062
0.062
0.062
0.062
0.055
0.062
0.062
0.062
0.062
0.062
0.062
0.062
0.062
0.062
0.062
0.062
0.062
0.062
0.062
0.058
0.062
0.062
0.059
0.062
0.062
-0.980
0.062
0.062
0.062
0.062
0.062
0.062
0.062
0.062
0.062
-0.980
0.058
0.058
0.062
0.062
0.062
0.058
0.062
0.058
0.062
0.062
0.056
0.062
0.062
0.062
0.062
0.062
0.062
0.062
0.062
0.062
0.059
0.062
0.062
0.062
0.062
0.058
0.062
0.062
0.062
0.062
0.062
0.062
0.062
0.062
0.059
0.062
0.062
0.062
0.062
0.062
0.061
0.062
0.062
0.062
0.062
0.062
0.062
0.062
0.062
0.059
0.062
0.057
0.062
0.062
0.062
0.062
0.062
0.062
0.062
0.062
0.062
0.058
0.062
0.062
0.057
0.062
0.062
0.062
0.062
0.062
0.062
0.062
0.062
0.061
0.062
0.062
0.059
0.062
0.062
0.062
0.062
0.062
0.062
0.062
0.062
0.062
0.062
0.062
0.062
0.062
0.062
0.062
0.062
0.062
0.058
0.062
0.062
0.062
0.062
0.062
0.062
0.062
0.062
0.062
0.062
0.062
0.062
0.062
0.062
0.062
0.062
0.062
0.062
0.062
0.062
0.062
0.062
0.062
0.062
0.062
0.062
0.062
0.062
0.062
0.062
0.062
0.062
0.059
0.062
0.062
0.062
0.062
0.062
0.062
0.062
0.062
0.062
0.062
0.062
0.058
0.062
0.062
0.062
0.062
0.062
0.058
0.062
0.062
0.062
0.062
0.058
0.058
0.062
0.062
0.055
0.062
0.062
0.062
0.062
0.062
0.058
0.062
0.062
0.058
0.062
0.062
0.062
0.062
0.062
0.057
0.062
0.062
0.062
0.062
0.062
0.062
0.062
0.062
0.055
0.062
0.062
0.058
0.062
0.062
-2.308
0.062
0.062
0.062
0.062
0.062
0.062
0.062
0.062
-2.487
0.062
0.062
0.062
0.062
0.062
0.052
0.062
0.062
0.062
0.062
0.062
0.062
0.062
0.062
0.059
0.058
0.062
0.062
0.059
0.062
0.062
0.062
0.062
0.062
