fixedStep chrom=ENSGT00390000009679 start=1 step=1
0.057
0.057
0.057
0.057
0.057
0.053
0.057
0.057
0.057
0.057
0.057
0.057
0.057
0.057
0.056
0.057
0.057
0.057
0.057
0.057
0.057
0.057
0.057
0.057
0.057
0.057
0.056
0.054
0.054
0.042
0.057
0.057
0.053
0.057
0.057
0.057
0.057
0.057
0.054
0.057
0.057
0.057
0.057
0.057
0.054
0.057
0.057
0.045
0.057
0.057
0.057
0.057
0.057
0.057
0.057
0.057
0.057
0.057
0.057
0.057
0.057
0.057
0.054
0.054
0.054
0.050
0.054
0.054
0.054
0.054
0.054
0.054
0.054
0.054
0.054
0.054
0.054
0.054
0.054
0.054
0.054
0.054
0.054
0.054
0.054
0.054
0.050
0.054
0.054
0.054
0.054
0.054
0.054
0.054
0.054
0.053
0.054
0.054
0.054
0.054
0.054
0.054
0.054
0.054
0.054
0.054
0.054
0.054
0.054
0.054
0.054
0.054
0.054
0.054
0.054
0.054
0.054
0.054
0.054
0.054
0.054
0.054
0.054
0.054
0.054
0.054
0.054
0.054
0.054
0.054
0.054
0.054
0.054
0.054
0.054
0.054
0.054
0.053
0.054
0.054
-1.161
0.054
0.054
0.054
0.054
0.054
0.054
0.054
0.054
0.054
0.054
0.054
0.054
0.054
0.054
0.052
0.054
0.054
0.054
0.054
0.054
0.050
0.054
0.054
0.050
0.054
0.054
0.050
0.050
0.054
0.054
0.054
0.054
0.054
0.054
0.054
0.052
0.054
0.054
0.054
0.057
0.057
0.057
0.057
0.057
0.054
0.057
0.057
0.054
0.057
0.057
0.054
0.057
0.057
0.057
0.057
0.057
0.057
0.057
0.057
0.057
0.057
0.057
0.057
0.057
0.054
0.054
0.057
0.057
0.041
0.057
0.057
0.057
-1.319
-1.317
-1.317
0.057
0.057
0.054
0.057
0.057
0.057
0.057
0.057
0.057
0.057
0.057
0.057
0.057
0.057
0.056
0.057
0.057
0.057
0.057
0.057
0.057
0.057
0.057
0.049
0.049
0.049
0.049
0.049
0.049
0.049
0.049
0.049
-1.195
0.049
0.049
0.049
0.049
0.049
0.049
0.049
0.049
0.045
0.049
0.049
0.048
0.049
0.049
0.046
0.049
0.049
0.049
0.049
0.049
0.049
0.049
0.049
0.049
0.049
0.049
0.049
0.049
0.049
0.048
0.049
0.049
0.049
0.049
0.049
0.049
0.049
0.049
0.049
0.049
0.049
0.049
0.049
0.049
0.049
0.049
0.049
0.049
0.049
0.049
0.045
0.049
0.049
0.049
0.049
0.049
0.049
0.049
0.049
0.049
0.049
0.049
0.049
0.049
0.049
0.049
0.049
0.057
0.057
0.057
0.057
0.057
0.057
0.057
0.057
0.057
0.057
0.057
0.057
0.057
0.057
0.057
0.057
0.057
0.057
0.057
0.057
0.057
0.057
0.053
0.057
0.057
0.051
0.057
0.057
0.057
0.057
0.057
0.057
0.057
0.057
0.057
0.057
0.057
0.057
0.057
0.057
0.057
0.057
0.057
0.057
0.057
0.057
0.057
0.057
0.057
0.054
0.057
0.057
0.057
0.057
0.057
0.057
0.057
0.057
0.057
0.057
0.057
0.056
0.054
0.057
0.057
0.057
0.057
0.057
0.057
0.057
0.054
0.057
0.057
0.057
0.057
0.057
0.057
0.057
0.057
0.057
0.057
0.057
0.057
0.057
0.057
0.057
0.057
0.057
0.054
0.057
0.057
0.056
0.057
0.057
0.057
0.057
0.057
0.057
0.057
0.057
0.057
0.057
0.057
0.057
0.057
0.057
0.051
0.057
0.057
0.056
0.057
0.057
0.057
0.057
0.057
0.057
0.057
0.057
-2.556
0.057
0.057
0.057
0.057
0.057
0.057
0.057
0.057
0.057
0.057
0.057
0.057
0.057
0.057
0.053
0.057
0.057
0.057
0.057
0.057
0.057
0.057
0.057
0.054
0.057
0.057
0.057
0.042
0.057
0.057
0.057
0.057
0.057
0.057
0.057
0.056
0.057
0.057
0.054
0.057
0.057
-2.873
0.057
0.057
0.054
0.057
0.057
0.057
0.057
0.057
0.042
0.057
0.057
0.041
0.057
0.057
0.054
0.057
0.057
0.057
0.057
0.057
0.057
0.057
0.057
0.055
0.057
0.057
0.057
0.057
0.057
0.057
0.057
0.057
-1.941
0.057
0.057
0.054
0.057
0.057
0.057
0.057
0.057
0.057
0.057
0.057
0.057
0.057
0.057
0.053
0.057
0.057
0.054
0.057
0.057
0.054
0.057
0.057
0.057
0.057
0.057
0.057
0.057
0.057
0.053
0.057
0.057
0.057
0.057
0.057
0.057
0.057
0.057
0.057
0.057
0.057
0.057
0.057
0.057
0.057
0.057
0.057
0.057
0.057
0.057
0.056
0.057
0.057
0.054
0.057
0.057
0.057
0.053
0.051
0.054
0.057
0.057
0.057
0.057
0.057
0.054
0.057
0.057
0.057
0.056
0.057
0.053
0.057
0.057
0.054
0.057
0.057
0.057
0.057
0.057
0.057
0.057
0.057
0.057
0.057
0.057
0.057
0.057
0.057
0.057
0.057
0.057
0.056
0.057
0.057
0.057
0.056
0.057
0.054
0.057
0.057
0.057
0.057
0.057
0.057
0.057
0.057
0.057
0.057
0.057
0.057
0.057
0.057
0.057
0.057
0.057
0.057
0.057
0.057
0.057
0.057
0.057
0.056
0.057
0.057
0.057
0.057
0.057
0.042
0.057
0.057
0.056
0.057
0.057
0.057
0.057
0.057
-1.899
0.057
0.057
0.057
0.057
0.057
0.057
0.057
0.057
0.057
0.057
0.057
0.057
0.057
0.057
0.057
0.057
0.057
0.057
0.055
0.057
0.054
0.057
0.057
0.051
0.057
0.057
0.056
0.057
0.057
0.057
0.057
0.057
0.057
0.057
0.057
0.054
0.057
0.057
0.057
0.057
0.057
0.056
0.057
0.057
0.057
0.057
0.057
0.057
0.057
0.057
0.057
0.057
0.057
0.054
0.057
0.057
0.057
0.057
0.057
0.057
0.057
0.057
0.056
0.057
0.057
0.057
0.057
0.057
0.054
0.057
0.057
0.057
0.057
0.057
0.054
0.057
0.057
0.057
0.057
0.057
0.057
0.057
0.057
0.054
0.057
0.057
0.057
0.057
0.057
0.057
0.057
0.057
0.054
0.057
0.057
0.057
0.057
0.057
0.057
0.057
0.057
0.057
0.057
0.057
0.053
0.057
0.057
0.057
0.057
0.057
0.052
0.057
0.057
0.057
0.057
0.057
0.057
0.057
0.057
0.057
0.057
0.057
0.057
0.057
0.057
0.056
0.057
0.057
0.057
0.057
0.057
0.054
0.057
0.057
0.057
0.057
0.057
0.057
0.057
0.057
0.056
0.057
0.057
0.054
0.057
0.057
0.057
0.057
0.057
0.057
0.057
0.057
0.057
0.057
0.057
0.052
0.054
0.057
0.054
0.057
0.057
0.057
0.057
0.057
0.057
0.057
0.057
0.057
0.057
0.057
0.057
0.057
0.053
0.057
0.057
0.057
0.057
0.057
0.057
0.056
0.057
0.057
0.057
0.057
0.057
0.050
0.057
0.057
0.057
0.057
0.057
0.055
0.057
0.057
0.054
0.057
0.057
0.057
0.057
0.057
0.057
0.057
0.057
0.057
0.057
0.057
0.057
0.057
0.057
0.056
0.057
0.057
0.054
0.057
0.057
0.042
0.057
0.057
0.057
0.057
0.057
0.057
0.057
0.057
0.057
0.057
0.057
0.054
0.057
0.057
0.057
0.057
0.057
0.057
0.057
0.057
0.057
0.057
0.057
0.057
0.057
0.057
0.057
0.057
0.057
0.057
0.057
0.057
0.057
0.057
0.057
0.057
0.057
0.057
0.057
0.057
0.057
0.057
0.057
0.057
0.057
0.057
0.057
0.053
0.057
0.057
0.057
0.057
0.057
0.057
0.057
0.057
0.057
0.057
0.057
0.057
0.057
0.057
0.057
0.057
0.057
0.057
0.057
0.057
0.057
0.057
0.057
0.056
0.057
0.057
0.057
0.057
0.057
0.040
0.057
0.057
0.054
0.057
0.042
0.057
