fixedStep chrom=ENSGT00390000003710 start=1 step=1
0.094
0.094
0.094
0.094
0.094
0.092
0.094
0.094
0.094
0.089
0.089
-3.058
0.094
0.094
0.094
0.094
0.094
0.094
0.089
0.094
0.094
0.094
0.084
0.094
0.094
0.094
0.092
0.094
0.072
0.094
0.094
0.094
-2.853
0.094
0.094
0.094
0.094
0.094
0.094
0.094
0.094
0.089
0.094
0.094
0.091
0.094
0.094
0.085
0.094
0.094
0.094
0.094
0.094
0.094
0.094
0.094
0.094
0.094
0.094
0.094
0.094
0.094
0.088
0.092
0.094
0.094
0.094
0.094
0.090
0.094
0.094
0.094
0.094
0.094
0.094
0.094
0.094
0.092
0.094
0.094
0.094
0.084
0.094
0.085
0.094
0.094
0.094
0.094
0.094
0.092
0.094
0.094
0.094
0.094
0.094
0.092
0.094
0.094
0.094
0.094
0.094
0.094
0.094
0.094
0.088
0.093
0.089
0.094
0.094
0.094
0.094
0.094
0.094
0.094
0.094
0.094
0.094
0.085
0.094
0.094
0.094
0.094
0.088
0.094
0.094
0.092
0.094
0.094
0.085
0.094
0.094
0.092
0.094
0.094
0.088
0.094
0.094
0.094
0.094
0.094
0.092
0.089
0.093
0.089
0.094
0.094
0.094
0.094
0.094
0.094
0.072
0.094
0.085
0.094
0.093
0.094
0.085
0.094
0.083
0.094
0.094
0.094
0.094
0.094
0.094
0.094
0.089
0.094
0.094
0.094
0.094
0.094
0.094
0.094
0.094
0.094
0.094
0.094
0.094
0.094
0.094
0.094
0.094
0.094
0.094
0.093
0.094
0.094
0.094
0.094
0.094
0.094
