fixedStep chrom=ENSGT00390000017551 start=1 step=1
0.084
0.084
0.084
0.084
0.084
0.084
0.084
0.065
0.070
0.084
0.084
0.084
0.084
0.084
0.084
0.070
0.084
0.084
0.084
0.079
0.084
0.084
0.084
0.070
0.084
0.084
0.063
0.084
0.084
-2.743
0.084
0.084
0.081
0.070
0.084
0.084
0.084
0.084
0.084
0.081
0.084
0.064
0.084
0.084
0.081
0.080
0.084
0.084
0.084
0.081
0.084
0.084
0.084
0.079
0.084
0.084
0.084
0.084
0.084
0.084
0.084
0.084
0.084
0.084
0.080
0.084
0.084
0.084
0.084
0.084
0.084
0.081
0.084
0.084
0.084
0.084
0.084
0.084
0.084
0.084
0.084
0.084
0.084
0.084
0.084
0.084
0.082
0.084
0.084
0.084
0.084
0.084
0.084
0.084
0.084
0.062
0.084
0.084
0.084
0.084
0.084
0.084
0.084
0.084
0.084
0.084
0.084
0.084
0.084
0.084
0.083
0.084
0.080
0.074
0.084
0.084
0.070
0.084
0.084
0.064
0.084
0.084
0.082
0.080
0.070
0.084
0.084
0.084
0.080
0.084
0.084
0.084
0.084
0.084
0.084
0.082
0.084
0.083
0.072
0.084
0.084
0.084
0.084
0.084
0.080
0.084
-1.489
0.084
0.084
0.084
0.084
0.082
0.084
0.070
0.084
0.080
0.084
0.084
0.083
0.084
0.084
0.084
0.081
0.084
0.080
0.070
0.084
0.080
0.084
0.084
0.074
0.084
0.084
0.074
0.084
0.084
0.083
0.084
0.084
0.077
0.084
0.084
0.079
0.084
0.084
0.084
0.084
0.081
0.084
0.084
0.070
0.084
0.079
0.084
0.070
0.083
0.063
0.080
0.084
0.084
0.080
0.070
0.084
0.070
0.084
0.084
0.084
0.070
0.084
0.081
0.084
0.084
0.080
0.084
0.084
0.083
0.084
0.084
0.084
0.064
0.084
0.084
0.084
0.084
0.084
0.084
0.084
0.074
0.084
0.084
0.073
0.084
0.084
0.080
0.084
0.084
-1.423
0.082
0.084
0.084
0.084
0.084
0.081
0.084
0.083
0.070
0.084
0.084
0.083
0.084
0.084
0.084
0.084
0.084
0.070
0.084
0.084
0.084
0.084
0.084
0.084
0.081
0.084
0.084
0.084
0.084
0.084
0.084
0.084
0.084
0.084
0.084
0.083
0.084
0.084
0.081
0.084
0.084
0.084
0.084
0.084
0.084
0.084
0.084
0.084
0.084
0.070
0.083
0.084
0.084
0.081
0.082
0.084
0.084
0.084
0.084
-1.407
0.063
0.084
-1.405
0.084
0.082
0.084
0.080
0.084
0.084
0.084
0.084
0.084
0.084
0.084
0.084
0.084
-1.414
0.081
0.081
0.084
0.081
0.080
0.084
0.084
0.084
0.084
0.082
0.084
0.084
0.065
0.080
0.084
0.084
0.084
0.078
0.084
0.084
0.084
0.084
0.084
0.081
0.082
0.084
0.084
0.084
0.084
0.084
0.081
0.080
0.084
0.074
0.084
0.084
0.084
0.084
0.084
0.079
0.080
0.084
0.063
0.084
0.084
0.084
0.084
0.084
0.081
0.084
0.084
0.084
0.084
0.084
0.084
0.084
0.084
0.063
0.084
0.084
0.084
0.084
0.084
0.081
0.081
0.084
0.082
0.084
0.080
0.084
0.084
0.084
0.080
0.084
0.084
0.070
0.084
0.084
0.070
0.084
0.084
0.084
0.084
0.084
0.084
0.084
0.084
0.082
0.084
0.084
0.080
0.084
0.084
0.081
0.084
0.084
0.084
0.080
0.078
0.084
0.084
0.084
0.082
0.084
0.084
0.084
0.084
0.084
0.064
0.083
0.084
0.084
0.084
0.084
0.079
0.084
0.084
0.084
0.084
0.082
0.066
0.084
0.084
0.077
0.084
0.084
0.084
0.084
0.080
0.084
0.078
0.084
0.084
0.084
0.084
0.084
0.084
0.084
0.084
0.084
0.084
0.081
0.084
0.084
0.084
0.084
0.084
0.084
0.084
0.084
0.081
-1.397
0.084
0.084
0.084
0.084
0.084
0.084
0.084
0.084
0.084
0.084
0.084
0.084
0.084
0.084
0.084
0.084
0.084
0.084
0.084
0.081
0.084
0.084
-2.239
0.084
0.084
0.081
0.081
0.084
0.084
0.084
0.084
0.084
0.084
0.084
0.084
0.084
0.084
0.084
0.084
0.084
0.077
0.084
0.084
0.080
0.081
0.084
0.084
0.084
0.084
0.084
0.084
0.084
0.084
0.081
0.084
0.084
0.084
0.080
-1.412
0.084
0.084
0.084
0.070
0.077
0.084
0.084
0.084
0.081
0.081
0.084
0.081
0.084
0.084
0.084
0.083
0.084
0.084
0.084
0.082
0.081
0.084
0.084
-2.753
0.070
0.084
0.084
0.084
0.084
0.084
0.084
0.081
0.070
0.084
0.074
0.084
0.084
0.084
-2.231
0.084
0.083
0.084
0.084
0.084
0.084
0.084
0.084
0.084
0.084
0.084
0.084
0.083
0.084
0.063
0.084
0.084
0.084
0.084
0.084
0.084
0.084
0.084
0.084
0.084
0.084
0.084
0.084
0.084
0.080
0.081
0.082
0.084
0.063
0.078
0.084
0.084
0.084
0.078
0.083
0.084
0.070
0.084
0.084
0.082
0.084
0.084
0.084
0.084
0.084
0.084
0.082
0.084
0.081
0.084
0.084
0.084
0.084
0.073
0.084
0.084
0.084
0.083
0.084
0.070
0.084
0.063
0.084
0.084
0.080
0.084
-1.423
0.084
0.081
0.084
0.084
0.084
0.084
0.084
0.084
0.084
0.084
0.084
0.084
0.084
0.084
0.084
0.084
0.084
0.070
0.084
0.084
0.080
0.084
0.084
0.084
0.084
0.084
0.084
0.084
0.084
0.084
0.084
0.084
0.064
0.084
0.084
0.084
0.084
0.084
0.078
0.084
0.084
0.084
0.084
0.084
0.084
0.084
0.084
0.084
0.084
0.084
0.080
0.084
0.083
0.084
0.084
0.084
0.070
0.084
0.084
0.084
0.084
0.084
0.081
0.080
0.084
0.084
0.080
0.081
0.084
0.084
0.084
0.079
0.084
0.084
0.084
0.084
0.070
0.084
0.084
0.081
0.084
0.084
0.084
0.084
0.084
0.084
0.084
0.074
0.084
0.084
0.084
0.065
0.084
0.084
0.084
0.084
0.084
0.084
0.083
0.081
0.063
0.084
0.084
0.084
0.080
0.084
0.084
0.074
0.084
0.084
0.084
0.084
0.080
0.084
0.084
0.084
0.080
0.084
0.084
0.080
0.082
0.084
0.084
0.080
0.084
0.065
0.084
0.084
0.084
0.070
0.084
0.083
0.084
0.084
0.080
0.081
0.084
-1.417
0.083
0.084
0.081
0.084
0.084
0.084
0.084
0.084
0.084
0.084
0.084
0.084
0.084
0.084
0.081
0.084
0.084
0.084
0.084
0.084
0.084
0.084
0.084
0.084
0.084
0.084
0.081
0.084
0.084
0.084
0.084
0.084
0.084
0.084
0.084
0.084
0.084
0.084
0.084
0.081
0.084
0.080
0.082
0.082
0.081
0.084
0.084
0.084
0.084
0.080
0.067
0.082
0.084
0.083
0.070
0.070
0.084
0.078
0.084
0.063
0.084
0.081
0.084
0.084
0.084
0.084
0.084
0.084
0.084
0.084
0.078
0.079
0.070
0.081
0.081
0.084
0.084
0.064
0.084
0.079
0.084
0.084
0.084
0.081
0.084
0.084
0.084
0.084
0.084
0.084
0.081
0.084
0.084
0.084
0.084
0.084
0.084
0.084
0.081
0.084
0.084
0.080
0.084
0.084
0.084
0.084
0.084
-2.235
0.084
0.081
0.081
0.084
0.084
0.081
0.084
0.084
0.080
0.084
0.084
0.084
0.084
0.084
0.070
0.079
0.084
0.084
0.084
0.084
0.074
0.081
0.084
0.084
0.084
0.084
0.084
0.084
0.084
0.080
0.084
0.084
0.070
0.070
0.084
0.070
0.084
0.070
0.084
0.084
0.084
0.078
0.084
0.084
0.084
0.063
0.084
0.084
0.084
0.080
0.080
0.082
0.084
0.083
0.084
0.084
0.082
0.084
0.084
0.084
0.084
0.084
0.082
0.084
0.084
0.084
0.084
0.084
0.081
0.070
0.081
0.084
0.084
0.084
0.070
0.084
0.084
0.078
0.084
0.084
0.084
0.084
0.084
0.084
0.084
0.084
0.084
0.084
0.084
0.084
0.084
0.084
0.084
0.084
0.084
0.084
0.084
0.084
0.074
0.080
0.084
0.084
0.084
0.084
0.084
0.084
0.084
0.084
0.084
0.084
-2.781
0.081
0.081
0.084
0.084
0.084
0.081
0.084
0.084
0.084
0.084
0.084
0.082
0.084
0.084
0.081
0.084
0.081
0.084
0.084
0.084
0.084
0.084
0.084
0.080
0.084
0.084
0.084
0.080
0.084
0.084
0.084
0.084
0.078
0.084
0.084
0.084
0.084
0.082
0.070
0.070
0.074
0.081
0.084
0.084
0.064
0.084
0.084
0.083
0.070
0.084
0.081
0.081
0.083
0.084
0.081
0.081
0.084
0.084
0.081
0.081
0.084
0.084
0.082
0.079
0.084
0.079
0.084
0.084
0.083
0.084
0.084
0.084
0.070
0.084
0.084
0.084
0.084
0.084
0.084
0.084
0.082
0.084
0.084
0.069
0.084
0.084
0.084
0.084
0.084
0.077
0.084
0.081
0.059
0.084
0.084
0.080
0.084
0.084
0.084
0.080
0.084
0.084
0.084
0.084
0.084
0.084
0.084
0.070
0.084
0.084
0.084
0.084
0.084
0.084
0.084
0.082
0.081
0.080
0.084
0.084
0.084
0.084
0.084
0.084
0.084
0.080
0.084
0.084
0.084
0.084
0.084
0.080
0.084
0.084
0.084
0.084
0.084
0.080
0.084
0.084
0.084
0.084
0.084
0.084
0.084
0.084
0.084
0.084
0.081
0.082
0.084
0.084
0.071
0.084
0.084
0.079
0.084
0.084
0.070
0.084
0.084
0.084
0.084
0.084
0.084
0.084
0.084
0.084
0.084
0.081
0.084
0.081
0.083
0.084
0.080
0.084
0.083
0.084
0.084
0.066
0.081
0.084
0.083
0.084
0.084
0.084
0.083
0.081
0.081
0.084
0.084
0.084
0.084
0.084
0.070
0.081
0.084
0.070
0.084
0.084
0.081
0.084
0.080
0.070
0.084
0.084
0.084
0.084
0.084
0.078
0.084
0.084
0.079
0.084
0.084
0.084
0.084
0.083
0.077
0.084
0.084
0.070
0.082
0.081
-2.256
0.084
0.084
0.078
0.080
0.082
0.084
0.084
0.084
0.084
0.084
0.084
0.082
0.080
0.084
0.084
0.084
0.084
0.084
0.082
0.084
0.084
0.081
0.081
0.084
0.084
0.084
0.077
0.084
0.084
0.084
0.081
0.070
-1.489
0.070
0.081
-2.964
-1.161
-1.158
-1.161
-1.161
-1.161
-1.239
0.081
0.084
0.084
0.084
0.084
0.080
0.084
0.084
0.084
0.084
0.084
0.070
0.084
0.084
0.070
0.084
0.084
0.082
0.084
0.084
0.070
0.077
0.077
0.077
0.077
0.077
0.074
0.077
0.077
0.074
0.077
0.077
0.077
0.077
0.077
0.077
0.077
0.077
0.077
0.077
0.077
0.070
0.077
0.074
0.070
0.070
0.077
0.077
0.077
0.077
-0.840
-2.167
0.077
0.070
0.077
0.077
0.073
0.077
0.070
0.070
0.074
0.077
0.065
0.070
0.077
0.075
0.077
0.066
0.058
0.077
0.077
0.077
0.066
-0.828
0.066
0.066
0.077
0.075
0.066
0.066
0.070
0.066
0.077
0.075
0.075
0.070
0.066
0.070
0.066
0.066
0.066
0.066
0.070
0.058
0.075
0.077
0.077
0.077
-1.542
0.077
0.077
0.077
0.066
0.066
0.066
-1.516
-2.159
0.066
0.077
0.077
-1.550
0.066
0.058
0.066
0.075
0.066
0.077
0.077
0.077
0.074
0.075
0.058
0.077
0.077
0.077
0.075
0.075
0.074
0.084
0.084
0.084
0.082
0.082
0.081
0.082
0.084
0.084
0.079
0.084
0.084
0.080
0.084
0.084
0.084
0.084
0.084
0.084
0.084
0.084
0.084
0.084
0.084
0.084
0.084
0.084
0.084
0.084
0.084
0.063
0.080
0.084
0.069
0.084
0.084
0.084
0.074
0.082
0.084
0.084
0.084
0.084
0.084
0.084
-4.364
0.084
0.084
0.084
0.084
0.084
0.084
0.084
0.084
0.063
-1.486
0.084
0.084
0.084
0.081
0.084
0.084
0.081
0.070
0.084
0.084
0.077
0.082
0.084
0.084
0.084
0.084
0.084
0.084
0.084
0.084
0.084
0.081
0.084
0.084
0.084
0.080
0.083
0.084
0.074
0.084
0.084
0.070
0.084
0.079
0.084
0.081
0.081
0.070
0.070
0.081
0.080
0.080
0.070
0.084
0.084
0.084
0.081
0.080
0.084
0.081
0.070
0.070
0.084
-0.023
-0.023
-0.023
-0.023
-0.023
-0.023
0.084
0.084
0.084
0.084
0.084
0.080
0.084
0.084
0.084
0.084
0.082
0.084
0.084
0.084
0.084
0.084
0.084
0.063
0.084
0.084
0.084
0.084
0.084
0.084
0.084
0.084
0.084
0.081
0.084
0.084
0.084
0.084
0.078
0.079
0.082
0.084
0.084
0.084
0.084
0.084
0.084
0.080
0.084
0.084
0.084
0.084
0.084
0.080
0.084
0.084
0.080
0.084
0.084
0.084
0.084
0.084
0.084
0.084
0.084
0.064
0.084
0.084
0.084
0.084
0.084
0.074
0.084
0.084
0.084
0.084
0.084
0.084
0.084
0.084
0.084
0.084
0.084
0.084
0.084
0.084
0.063
0.084
0.084
0.084
0.084
0.084
0.084
0.084
0.084
0.079
0.063
0.084
0.084
0.084
0.084
0.084
0.084
0.084
0.084
0.084
0.084
0.081
0.074
0.084
0.084
0.084
0.084
0.079
0.084
0.084
0.084
0.084
0.084
0.084
0.084
0.080
0.084
0.081
0.081
0.079
0.084
0.081
-2.844
0.084
0.084
0.084
0.083
0.084
0.070
0.080
0.070
0.070
0.084
0.084
0.084
0.084
0.084
0.082
0.084
0.084
0.082
0.084
0.084
0.081
0.083
0.084
0.084
0.084
0.084
0.070
0.081
0.084
0.084
0.082
0.079
0.084
0.084
0.084
0.084
0.084
0.084
0.084
0.080
0.084
0.070
0.084
0.084
0.081
0.084
0.084
0.081
0.084
0.084
0.081
0.084
0.084
0.084
0.084
0.084
0.081
0.084
0.084
0.079
0.084
0.084
0.084
0.084
0.084
0.070
0.084
0.084
-1.489
0.084
0.084
0.079
0.084
0.084
0.083
0.084
0.084
0.084
0.084
0.084
0.081
0.080
0.084
0.084
0.084
0.080
0.082
0.084
0.084
0.084
0.070
0.084
0.082
0.084
0.084
0.078
0.084
0.084
0.078
0.084
0.084
0.084
0.084
0.083
0.084
0.084
0.084
0.084
0.081
0.084
0.084
0.080
0.084
0.083
0.078
0.084
0.080
-0.348
-0.348
-0.292
0.084
0.084
0.078
0.080
0.083
0.081
0.084
0.080
0.081
0.084
0.084
0.079
0.074
0.084
0.084
0.082
0.084
0.064
0.065
0.084
0.063
0.084
0.074
0.084
0.084
-1.413
0.070
0.084
0.080
0.084
0.084
0.084
0.084
0.000
0.000
0.000
0.000
0.000
0.000
0.000
0.000
0.000
0.082
0.074
0.082
0.074
0.074
0.080
0.083
0.084
0.080
0.084
0.070
0.070
0.084
0.082
0.074
0.079
0.074
0.081
0.080
0.074
0.084
0.084
0.073
0.084
0.074
0.084
0.074
0.084
0.082
0.074
0.074
0.084
0.081
0.074
0.079
0.077
0.082
0.084
0.084
0.074
0.082
0.082
0.074
0.084
0.084
0.082
0.084
0.070
-1.229
-1.229
-1.234
0.084
0.084
0.070
0.074
0.084
0.082
0.082
0.084
0.081
0.084
0.084
0.070
0.084
0.084
0.082
0.084
0.084
0.084
0.084
0.084
0.081
0.084
0.084
0.080
0.084
0.084
0.084
0.084
0.080
0.066
0.074
0.084
0.069
0.084
0.084
0.084
0.084
0.084
0.082
0.070
0.084
0.084
0.084
0.081
0.081
0.078
0.084
0.084
0.084
0.084
0.077
0.080
0.080
0.079
0.084
0.084
0.078
0.084
0.083
0.083
0.084
0.084
0.084
0.084
0.080
0.084
0.084
0.084
0.084
0.084
0.084
0.083
0.084
0.084
0.084
0.080
0.081
0.084
0.084
0.084
0.083
0.081
0.084
0.084
0.084
0.084
0.084
0.084
0.084
0.070
0.084
0.084
0.084
0.084
0.084
0.084
0.063
0.084
0.084
0.080
0.077
0.084
0.084
0.080
0.082
0.084
0.084
0.084
0.084
0.080
0.084
0.084
0.084
0.084
0.084
0.084
0.084
0.084
0.084
0.084
0.084
0.084
0.084
0.084
0.084
0.080
0.084
0.084
0.070
0.084
0.084
0.069
0.084
0.084
0.084
0.084
0.084
0.084
0.084
0.084
0.081
0.081
0.084
0.080
0.084
0.084
0.084
0.084
0.084
0.084
0.084
0.084
0.069
0.062
0.084
0.082
0.084
0.084
0.084
0.084
0.084
0.080
0.084
0.084
0.084
0.080
0.084
0.084
0.084
0.084
0.084
0.084
0.080
0.081
0.081
0.084
0.084
0.084
0.084
0.070
0.084
0.069
0.060
0.084
0.080
0.078
0.070
0.082
0.083
0.070
0.084
0.084
0.084
0.084
0.084
0.084
0.084
0.081
0.084
0.084
0.084
0.084
0.084
0.083
0.083
0.084
0.079
0.083
0.084
0.084
0.081
0.084
0.084
0.084
0.084
0.080
0.084
0.084
0.084
0.081
0.084
0.084
0.084
0.083
0.081
0.063
0.084
0.084
0.084
0.084
0.080
0.070
0.084
0.080
-1.423
0.079
-1.422
0.084
0.080
-1.414
0.082
0.084
0.082
0.059
0.081
0.081
0.080
0.084
0.084
0.084
0.081
0.082
0.078
0.084
0.084
0.081
0.063
0.084
0.084
0.084
0.084
0.082
0.084
0.078
0.084
0.084
0.084
0.084
0.081
0.065
0.084
0.084
0.084
0.070
0.084
0.084
0.084
0.084
0.084
0.084
0.084
0.081
0.084
0.084
0.070
0.084
0.084
0.083
0.084
0.084
0.084
0.084
0.084
0.084
0.083
0.084
0.084
0.084
0.084
0.084
0.084
0.084
0.084
0.084
0.084
0.084
0.084
0.084
0.084
0.084
0.084
0.081
0.084
0.084
0.078
0.084
0.084
0.070
0.084
0.084
0.080
0.084
0.084
0.084
0.084
0.084
0.079
0.084
0.084
0.084
0.084
0.084
0.084
0.084
0.084
0.083
0.084
0.084
0.084
0.084
0.084
0.084
0.084
0.084
0.084
0.084
0.084
0.083
0.084
0.084
0.084
0.084
0.084
0.084
0.084
0.084
0.084
0.084
0.080
0.084
0.084
0.084
0.084
0.084
0.084
0.084
0.084
0.081
0.084
0.080
0.080
0.070
0.081
0.084
0.069
0.084
0.084
0.084
0.081
0.082
0.084
0.084
0.074
0.084
0.082
0.081
0.084
0.080
0.084
0.084
0.084
0.084
0.084
0.063
0.084
-1.421
-1.277
-1.260
-1.260
-1.484
-1.260
-1.259
0.082
0.063
0.084
0.084
0.084
0.070
0.081
0.084
0.080
0.070
0.080
-1.285
0.079
-2.006
-1.412
0.084
0.084
0.070
0.079
0.083
0.084
0.084
0.084
0.084
0.084
0.082
0.083
0.083
0.084
0.084
0.080
0.084
0.084
0.082
0.066
0.083
0.083
0.080
0.084
0.084
0.084
0.074
0.084
0.081
0.084
0.082
0.084
0.078
0.084
0.084
0.084
0.084
0.084
0.080
0.084
0.084
0.074
0.082
0.070
0.084
0.084
0.084
0.084
0.084
0.084
0.084
0.084
0.067
0.079
0.081
0.082
0.083
0.084
0.084
0.084
0.084
0.070
0.084
0.084
0.084
0.084
0.084
0.084
-1.461
0.084
0.084
0.084
0.084
0.084
0.081
0.070
0.084
0.084
0.084
0.084
0.084
0.084
0.084
0.081
0.084
0.081
0.080
0.084
0.084
0.075
0.084
0.084
0.078
0.084
0.084
0.084
0.070
0.084
0.084
0.084
0.084
0.084
0.084
0.084
0.063
0.063
0.084
0.083
0.084
0.084
0.084
0.084
0.084
0.070
0.063
0.084
0.084
0.081
0.080
0.081
0.084
0.084
0.083
0.084
0.084
0.084
0.084
0.084
0.080
0.069
0.084
0.084
0.081
0.084
0.084
0.084
0.084
0.078
0.084
0.084
0.080
0.084
0.084
0.078
0.084
0.084
0.084
0.084
0.084
0.079
0.084
0.084
0.084
0.084
0.084
0.083
0.084
0.084
0.063
0.084
0.084
0.074
0.084
0.084
0.084
0.084
0.084
0.084
0.084
0.084
0.074
0.084
0.081
0.084
0.084
0.084
0.084
0.083
0.084
0.084
0.084
0.084
0.084
0.084
0.084
0.084
0.084
0.080
0.070
0.084
0.070
0.083
0.084
0.084
0.080
-1.397
0.084
0.084
0.084
0.084
0.084
0.084
0.084
0.084
0.080
0.081
0.084
0.081
0.084
0.080
0.070
0.082
0.084
0.084
0.084
0.079
0.084
0.084
0.084
0.084
0.084
0.084
0.084
0.084
0.084
