fixedStep chrom=ENSGT00390000011230 start=1 step=1
0.068
0.068
0.068
0.068
0.068
0.068
0.068
0.068
0.068
0.051
0.068
0.067
0.067
0.066
0.066
0.068
0.068
0.068
0.068
0.068
0.068
0.068
0.068
0.068
0.068
0.068
0.068
0.055
0.068
0.049
-1.262
-1.262
-1.263
0.068
0.065
0.068
0.068
0.068
0.068
0.068
0.068
0.067
0.068
0.068
-2.478
0.068
0.068
0.068
0.068
0.068
0.068
0.068
0.055
0.056
0.064
0.068
0.068
0.068
0.068
0.068
0.068
0.068
0.068
0.068
0.068
0.068
0.068
0.068
0.056
0.067
0.068
0.056
0.068
0.068
0.068
0.068
0.068
0.068
0.068
0.068
0.068
0.068
0.068
0.065
0.068
0.068
0.068
-1.670
-1.668
-2.076
0.068
0.068
0.068
0.068
0.068
0.066
0.068
0.068
0.068
0.068
0.068
0.068
0.068
0.068
0.068
0.068
0.068
0.068
0.068
0.068
0.068
0.068
0.068
0.066
0.068
0.068
0.068
0.068
0.068
0.066
0.068
0.068
0.068
0.068
0.068
0.067
0.068
0.068
0.068
0.068
0.068
0.068
0.068
0.068
0.068
0.068
0.068
0.067
0.068
0.068
0.068
0.068
0.068
0.068
0.068
0.068
0.068
0.068
0.068
0.068
0.068
0.068
0.068
0.068
0.068
0.068
0.068
0.068
0.068
0.068
0.068
0.067
0.068
0.068
0.068
0.068
0.068
0.068
0.068
0.068
0.068
0.068
0.068
0.068
0.068
0.068
0.062
0.068
0.068
0.068
0.068
0.068
0.068
0.068
0.068
0.068
0.068
0.068
0.068
0.068
0.068
0.068
0.068
0.068
0.068
0.051
0.051
0.047
0.051
0.051
0.047
0.051
0.051
0.051
0.051
0.051
0.051
0.044
0.051
0.050
0.051
0.051
0.047
0.051
0.051
0.047
0.051
0.051
0.051
0.051
0.051
0.051
0.051
0.051
0.051
0.051
0.051
0.051
0.051
0.051
0.051
0.051
0.051
0.051
0.051
0.051
0.051
0.051
0.051
0.051
0.051
0.051
0.051
0.051
0.051
0.051
0.051
0.051
0.051
0.051
0.051
0.051
0.051
0.051
0.051
0.051
0.051
0.051
0.051
0.051
0.051
0.051
0.051
0.051
0.051
0.051
0.063
-0.187
-0.187
-0.187
-0.187
-0.187
-0.187
0.068
0.068
0.068
0.068
0.066
0.065
0.068
0.068
0.065
0.068
0.065
0.068
0.068
0.068
0.068
0.068
0.068
0.065
0.068
0.068
0.068
0.068
0.068
0.067
0.068
0.068
0.068
0.052
0.068
0.065
0.068
0.068
0.066
0.068
0.068
0.065
0.068
0.062
0.068
0.068
0.067
0.068
0.068
0.068
0.065
0.068
0.068
-1.906
0.068
0.068
0.065
0.068
0.068
0.066
0.068
0.068
0.063
-1.029
-1.020
-1.021
-1.934
-1.271
-1.902
0.068
0.068
0.066
0.051
0.068
0.067
0.068
0.068
0.068
0.065
0.068
0.068
0.068
0.065
0.068
0.068
0.068
0.063
0.068
0.067
0.065
0.058
0.068
0.067
0.068
0.068
0.067
0.068
0.068
0.068
0.064
0.068
0.065
0.055
0.066
0.065
0.068
0.053
0.065
-1.262
-1.544
-1.903
-1.473
-2.045
-1.951
-1.259
-1.262
-1.259
-1.259
-1.259
-1.262
0.068
0.068
0.068
0.068
0.068
0.068
0.068
0.068
0.063
0.068
0.068
0.068
0.068
0.065
0.068
0.068
0.065
0.068
0.065
0.068
0.068
0.068
0.068
0.068
0.068
0.051
0.068
0.068
0.052
0.068
0.068
0.068
0.068
0.065
0.068
0.068
0.068
0.065
0.068
0.068
0.068
0.068
0.068
0.063
0.068
0.067
0.068
0.068
0.068
0.063
0.068
0.068
0.068
0.068
0.068
0.068
0.065
0.068
0.068
0.068
0.068
0.068
0.068
0.068
0.068
0.068
0.065
0.068
0.065
0.068
0.068
0.068
0.068
0.065
0.068
0.068
0.068
0.068
0.055
0.068
0.068
0.064
0.068
0.068
0.068
0.068
0.066
0.068
0.065
0.068
0.068
0.068
0.068
0.068
0.065
0.068
0.068
0.068
0.068
0.068
0.059
0.068
0.068
0.068
0.068
0.068
0.067
0.068
0.067
0.065
0.065
0.068
0.068
0.066
0.062
0.068
0.068
0.067
0.068
0.068
0.065
0.068
0.068
0.067
0.068
0.068
0.056
0.068
0.068
0.065
-1.679
0.068
0.068
0.068
0.068
0.068
0.068
0.065
0.068
0.067
0.068
0.068
0.068
0.065
0.068
0.068
0.065
0.068
0.065
0.068
0.067
0.065
0.068
0.068
0.068
0.067
0.066
0.068
0.068
0.068
0.068
0.051
0.068
0.068
0.067
0.068
0.068
0.068
0.068
0.068
0.055
0.068
0.068
-2.259
0.068
0.068
0.065
-2.144
0.062
0.062
0.062
0.068
0.068
0.065
0.068
-1.675
0.068
0.068
0.068
0.051
0.068
0.065
0.068
0.068
0.057
0.068
0.068
0.061
0.068
0.068
0.051
0.068
0.068
0.068
0.068
0.068
0.068
0.068
0.068
0.068
0.068
0.068
0.068
0.068
0.051
0.065
0.068
0.068
0.068
0.065
0.065
0.062
0.068
0.068
0.068
0.000
0.000
0.000
0.000
0.000
0.000
0.000
0.000
0.000
0.068
0.068
0.068
0.068
0.068
0.068
0.068
0.068
0.065
0.068
0.068
0.068
0.068
0.068
0.068
0.068
0.068
0.065
0.065
0.068
0.068
0.068
0.068
0.068
0.068
0.068
0.068
0.068
0.068
0.068
0.068
0.068
0.068
0.068
0.068
0.068
0.068
0.064
0.065
0.068
0.068
0.068
0.068
0.068
0.068
0.068
0.068
0.068
0.068
0.068
0.068
0.068
0.068
0.067
0.065
0.068
0.068
0.068
0.068
0.064
0.068
0.068
0.068
0.068
0.068
0.068
0.068
0.068
0.065
0.049
0.068
0.068
0.068
0.068
0.067
0.068
0.068
0.056
0.068
0.068
0.068
0.068
0.068
0.068
0.068
0.068
0.068
0.068
0.068
0.065
0.068
0.068
0.068
0.068
0.068
0.050
0.068
0.068
0.068
0.068
0.068
0.051
0.051
0.051
0.051
0.051
0.051
0.051
0.050
0.051
0.051
0.051
0.051
0.051
0.051
0.051
0.051
0.051
0.051
0.050
0.051
0.051
0.047
0.051
0.051
0.051
0.051
0.051
0.051
0.051
0.051
0.051
0.051
0.051
0.051
0.051
0.051
0.051
0.051
0.051
0.051
0.051
0.051
0.047
0.051
0.051
0.051
0.051
0.051
0.051
0.051
0.051
0.051
0.051
0.051
0.051
0.051
0.051
0.051
0.051
0.051
0.047
0.051
0.051
0.051
0.051
0.051
0.051
0.051
0.051
0.051
0.051
0.051
0.051
0.051
0.051
0.047
0.051
0.051
0.047
-1.177
0.051
0.051
0.051
0.051
0.051
0.051
0.051
0.051
0.051
0.051
0.051
0.051
0.051
0.051
0.051
0.051
0.047
0.051
0.051
0.051
0.051
0.051
0.051
0.051
0.051
0.051
0.051
0.051
0.051
0.051
0.051
0.047
0.051
0.051
0.051
0.051
0.051
0.051
0.051
0.051
0.051
0.051
0.051
0.051
0.051
0.051
0.051
0.051
0.051
0.047
0.051
0.051
0.047
0.051
0.051
0.051
0.051
0.051
0.051
0.051
0.051
0.047
0.051
0.051
0.047
0.051
0.051
0.051
0.051
0.051
0.051
0.051
0.051
0.051
0.051
0.051
0.051
0.051
0.051
0.047
0.051
0.051
0.046
0.051
0.051
0.051
0.051
0.051
0.051
0.051
0.051
0.051
0.051
0.051
0.051
0.051
0.051
0.051
0.051
0.051
0.051
0.051
0.051
0.051
0.051
0.068
0.068
0.068
0.055
0.068
0.068
0.068
0.068
0.055
0.068
0.068
0.068
0.068
0.068
0.068
0.068
0.068
0.068
0.068
0.068
0.068
0.068
0.067
0.067
0.068
0.068
0.068
0.068
0.064
0.068
0.068
0.068
0.068
0.068
0.068
0.068
0.067
0.068
0.068
0.068
0.063
0.068
0.068
0.068
0.068
0.068
0.068
0.055
0.068
0.068
0.068
0.068
0.068
0.068
0.068
0.068
0.068
0.055
0.068
0.068
0.068
0.068
0.068
0.068
0.068
0.068
0.068
0.068
0.068
0.068
0.066
0.068
0.068
0.068
0.068
0.068
0.065
0.068
0.068
0.055
0.068
0.068
0.068
0.066
0.068
0.068
0.068
0.068
0.068
0.068
0.068
0.062
0.068
0.068
0.068
0.068
0.068
0.068
0.068
0.068
0.068
0.068
0.068
0.068
0.068
0.068
0.068
0.065
0.068
0.055
0.055
0.068
0.068
0.068
0.068
0.068
0.068
0.068
0.052
0.068
0.068
0.068
0.068
0.068
0.068
0.068
0.068
0.068
0.068
0.068
0.056
0.065
0.068
0.068
0.068
0.068
0.065
0.068
0.060
0.060
0.060
0.060
0.059
0.060
0.060
0.060
0.056
0.060
0.060
0.041
0.056
0.059
0.056
0.057
0.060
0.060
0.060
0.060
0.056
0.060
0.060
0.060
0.060
0.056
0.058
0.041
0.060
0.060
0.060
0.059
0.060
0.060
0.060
0.060
0.060
0.060
0.060
0.060
0.060
0.060
0.060
0.057
0.060
0.057
0.060
0.060
0.059
0.056
0.060
0.058
0.060
0.060
0.060
0.060
0.060
0.060
0.060
0.060
0.060
0.060
0.060
-2.073
0.060
0.057
0.059
0.060
0.060
0.060
0.060
0.060
0.060
0.056
0.060
0.060
0.044
0.060
0.060
0.056
0.058
0.059
0.060
-1.894
0.060
0.060
0.060
0.060
0.060
0.060
0.056
0.060
0.060
0.057
0.060
0.056
0.041
0.060
-0.211
-0.211
-0.211
-3.020
-1.860
-1.860
0.060
0.060
0.060
0.060
0.060
0.060
0.060
0.041
0.056
0.060
0.060
0.060
0.060
0.060
0.060
0.060
0.041
0.060
0.060
0.060
0.060
0.060
0.060
0.060
0.060
0.055
0.051
0.060
0.060
0.060
0.058
0.056
0.055
0.060
0.060
0.060
0.060
0.059
0.060
0.060
0.056
0.066
0.063
0.068
0.065
0.056
0.056
0.056
0.056
0.056
0.055
0.068
0.068
0.068
0.068
0.056
0.068
0.068
0.055
0.065
0.068
0.065
0.068
0.068
0.068
0.068
0.068
0.068
0.068
0.065
0.065
0.064
0.062
0.068
0.068
0.065
0.066
0.067
0.067
0.068
0.068
0.063
0.068
0.065
0.068
0.068
0.068
0.063
0.068
0.068
-0.180
-0.180
-0.180
0.068
0.068
0.066
0.068
0.062
0.068
0.068
0.068
0.055
-3.108
0.068
0.068
0.068
0.067
0.068
0.068
0.063
0.068
0.065
0.068
0.067
0.068
0.068
0.067
0.067
0.068
0.052
0.068
0.068
0.049
0.068
0.068
0.068
0.062
0.063
0.068
0.068
0.068
0.057
0.068
0.068
0.068
0.068
0.068
0.068
0.068
0.065
0.066
0.068
0.068
0.068
0.056
0.068
0.068
0.068
0.068
0.068
0.068
0.068
0.066
0.068
0.068
0.068
0.068
0.068
0.068
0.068
0.068
0.068
0.068
-1.568
0.057
-0.938
-0.932
-0.932
0.068
0.065
0.068
0.068
0.068
0.068
0.068
0.068
0.068
0.065
0.065
0.068
0.068
0.068
0.068
0.068
0.068
0.061
0.068
0.068
0.068
0.068
0.068
0.065
0.068
0.068
0.068
0.068
0.068
0.065
0.068
0.068
0.068
0.068
0.068
0.066
0.068
0.068
0.068
0.068
0.068
0.065
0.068
0.068
0.068
0.068
0.068
0.068
0.068
0.068
0.056
0.068
0.068
0.068
0.068
0.068
0.066
0.055
0.068
0.068
0.068
0.068
0.068
0.068
0.068
0.068
0.068
0.068
0.066
0.068
0.068
0.068
0.068
0.068
0.068
0.068
0.068
0.068
0.068
0.068
0.068
0.068
0.068
0.068
0.068
0.068
0.063
0.068
0.068
0.068
0.068
0.068
0.062
0.068
0.066
0.068
0.068
0.068
0.067
0.065
0.068
0.068
0.068
0.068
0.068
0.068
0.068
0.068
0.068
0.068
0.068
0.068
0.068
0.068
0.068
0.068
0.068
0.068
0.055
0.067
0.068
0.068
0.068
0.068
0.068
0.065
0.068
0.056
0.068
0.068
0.068
0.056
0.068
0.068
0.068
0.068
0.068
0.068
0.065
0.068
0.065
0.065
0.064
0.051
0.051
0.068
0.068
0.067
0.051
-3.588
-2.247
0.068
0.068
0.068
0.068
0.068
0.068
0.068
0.068
0.068
0.068
0.068
0.068
0.068
0.068
0.068
0.068
0.068
0.068
0.068
0.065
0.068
0.068
0.068
-1.262
-1.263
-1.262
0.065
0.065
0.051
0.068
0.068
0.068
0.065
0.068
0.054
0.068
0.068
0.055
0.068
0.068
0.068
0.068
0.068
0.068
