fixedStep chrom=ENSGT00390000016226 start=1 step=1
0.078
0.084
0.103
-1.002
0.109
0.100
-0.857
-0.812
-0.880
0.109
0.110
0.109
0.103
0.089
0.109
0.109
0.110
0.109
0.102
0.109
0.108
0.109
0.110
0.109
0.109
0.109
0.094
0.109
-0.978
0.109
0.110
0.109
0.109
0.089
0.110
0.109
0.109
0.103
0.105
0.109
0.083
0.094
0.109
-0.978
0.109
0.109
0.102
0.083
0.109
0.108
0.107
0.106
0.109
-1.123
0.105
0.077
0.102
0.106
0.083
0.083
-0.812
-0.880
-0.812
-0.811
-0.810
-0.811
0.083
0.109
-1.641
0.103
0.107
-1.366
-1.021
0.109
-2.234
0.089
0.089
0.083
0.109
-1.646
0.105
-0.738
-0.739
-0.786
0.109
0.109
0.078
0.109
0.103
0.078
0.078
0.078
0.102
0.109
0.079
0.078
0.109
0.078
0.109
0.108
0.103
0.078
0.109
0.102
0.102
0.109
0.102
0.106
-0.856
-0.810
-0.853
-0.826
-0.857
-0.880
-0.811
-0.811
-0.812
0.109
0.109
0.109
0.103
0.109
0.103
0.109
0.083
0.109
0.083
0.110
0.103
0.109
0.109
0.106
0.103
0.109
0.109
0.106
0.109
0.109
0.110
0.110
0.109
0.109
0.102
0.109
0.106
0.109
0.109
0.109
0.106
0.108
0.088
0.109
0.102
0.109
0.110
0.109
0.093
0.109
0.102
0.083
0.109
0.106
0.109
0.109
0.109
-1.021
0.089
0.109
0.109
0.109
0.083
0.109
0.106
0.109
0.109
0.092
0.109
0.110
0.110
0.109
0.109
0.109
0.109
0.109
0.109
0.110
0.109
0.109
0.106
0.109
0.107
0.109
0.110
0.079
0.110
0.109
0.110
0.103
0.109
0.109
0.109
0.109
0.110
0.109
0.102
0.109
0.109
0.110
0.110
0.110
0.109
0.106
0.103
0.109
0.110
0.108
0.103
-1.026
0.102
0.083
0.109
0.103
0.109
0.078
0.109
0.106
0.106
0.083
0.079
0.109
0.106
0.109
0.109
0.109
0.109
0.102
0.109
0.106
0.108
0.098
0.103
0.109
0.109
0.110
0.109
0.109
0.109
0.109
0.109
0.109
0.109
0.109
0.109
0.109
0.106
0.085
0.108
0.093
0.110
0.109
0.109
0.109
0.109
0.109
0.109
0.110
0.109
0.089
0.108
0.103
0.109
0.109
0.109
0.102
0.109
0.089
0.102
0.109
0.109
0.101
0.101
0.073
0.101
0.101
0.098
0.101
0.094
0.101
0.101
0.101
0.101
0.102
0.101
-0.610
0.101
0.102
0.101
0.094
0.101
0.101
0.102
0.101
0.101
0.096
0.102
0.101
0.101
0.101
0.101
0.101
0.102
0.101
0.101
0.101
0.101
0.102
-0.610
0.102
0.101
0.101
0.101
0.097
0.101
0.098
0.097
0.101
0.098
0.101
0.102
0.102
0.101
0.095
0.101
0.101
0.073
0.101
-1.171
0.101
0.101
0.100
0.102
0.101
0.097
0.074
0.096
0.073
0.094
0.101
0.102
0.101
0.101
0.101
0.095
0.096
-0.609
0.098
0.101
0.097
0.101
0.101
0.101
0.101
0.094
0.101
0.101
0.101
0.094
0.096
0.102
0.095
0.081
0.101
0.100
0.101
0.101
0.105
0.109
0.109
0.098
0.105
0.102
0.101
0.105
0.105
0.109
0.109
0.109
0.106
0.109
0.109
0.109
0.109
0.109
-0.973
-0.972
-0.973
0.102
0.076
0.109
0.078
0.102
0.109
0.104
0.109
0.109
0.093
0.089
0.109
0.089
0.106
0.109
0.109
0.104
0.106
0.102
0.109
0.109
0.087
0.109
0.109
0.094
0.109
-1.749
-0.739
-0.739
-0.771
0.083
-1.002
0.109
0.102
0.104
-1.123
0.109
0.109
0.109
0.086
0.109
0.109
0.109
0.109
0.109
0.106
0.092
0.109
0.093
0.101
0.109
0.110
0.110
0.109
0.109
0.109
0.110
0.109
-1.124
0.109
-0.943
-0.942
-0.944
0.106
0.110
0.088
0.093
0.100
0.109
0.110
0.110
0.109
0.110
0.109
0.094
0.109
0.109
0.109
0.109
0.094
0.109
0.109
0.089
0.109
0.109
0.109
0.109
0.109
0.089
0.089
-1.085
-1.576
-1.984
