fixedStep chrom=ENSGT00390000014300 start=1 step=1
-1.088
-0.979
-0.990
-1.463
-1.363
-1.354
-0.988
-1.088
-1.087
-1.086
-1.456
-1.361
-0.988
-0.988
-1.088
-1.088
-1.086
-0.988
-1.087
-1.462
-0.988
-1.361
-0.990
-1.087
0.125
0.134
0.136
-0.346
-0.350
-0.356
-0.356
-0.346
-0.358
-0.346
-0.350
-0.350
-0.350
-0.346
-0.346
-0.356
-0.356
-0.346
0.138
0.137
0.127
-1.102
0.094
-1.054
0.128
0.127
0.126
0.137
0.138
0.133
0.137
0.137
0.135
0.098
0.137
0.137
0.137
0.134
0.137
0.128
0.138
0.133
0.125
0.137
0.138
0.137
0.137
0.127
0.138
0.138
0.126
0.094
0.137
0.136
0.137
0.134
0.128
0.137
0.137
0.137
0.137
0.128
0.137
0.137
0.128
0.127
0.137
0.137
0.137
0.094
0.125
0.126
-1.057
-1.055
-1.154
-1.396
-1.479
-1.055
-1.057
-1.055
-1.151
-0.304
-0.251
-0.317
-1.396
-1.152
-1.219
-1.397
-1.055
-1.187
-1.057
-1.154
-1.375
0.135
0.135
0.135
0.135
0.135
0.135
-1.381
-1.381
-0.996
-0.998
-1.380
-1.099
-0.998
-0.996
-1.097
-0.986
-1.383
-0.993
0.135
0.136
-1.438
0.125
0.135
0.132
0.135
0.135
0.134
0.135
0.125
0.135
0.136
0.136
0.135
0.135
-0.386
-0.386
0.135
0.136
0.126
0.135
-0.636
0.126
0.135
0.135
0.125
0.132
0.123
0.135
0.135
0.135
0.135
0.092
0.135
0.135
0.126
0.135
0.135
-0.986
-1.098
-1.121
-1.098
-0.986
-0.995
0.136
0.125
-1.778
-0.358
-0.348
-0.358
-0.358
-0.347
-0.351
-0.351
-0.351
-0.351
-0.346
-0.346
-0.348
0.108
0.137
0.126
0.137
0.128
0.137
0.137
0.137
0.137
0.137
0.137
0.137
0.137
0.138
0.133
0.137
0.137
0.137
0.137
0.137
0.137
0.137
0.137
0.094
0.137
0.138
0.128
0.138
0.126
0.137
0.137
-0.682
0.125
0.138
0.137
0.137
0.138
0.134
0.138
0.094
0.138
-1.077
0.137
0.137
0.137
0.137
0.137
0.137
0.137
0.126
0.124
0.138
0.137
0.135
0.137
0.137
0.137
0.137
0.137
0.128
0.094
-0.682
0.137
0.137
0.137
0.137
0.137
0.138
0.137
0.137
0.126
0.137
0.137
0.128
0.094
0.137
0.137
0.128
0.138
0.137
0.137
0.137
0.137
0.137
0.137
0.128
0.128
0.093
0.137
-0.682
0.128
0.137
-3.781
0.138
0.137
0.134
0.134
0.137
0.137
0.128
0.094
0.127
0.138
0.138
0.128
0.138
0.137
0.137
0.138
0.137
0.137
0.137
0.138
0.137
0.128
0.137
0.097
0.138
0.137
0.128
0.128
0.138
0.138
0.137
0.137
0.137
0.137
0.137
0.094
0.136
0.128
0.137
0.137
0.137
0.127
0.137
0.137
0.136
0.137
0.137
0.128
0.138
0.138
0.138
0.137
0.137
0.134
0.137
0.137
0.093
0.137
0.137
0.137
0.138
0.137
0.137
0.137
0.138
0.136
0.138
0.137
0.137
0.257
0.257
0.257
0.137
0.137
0.131
0.137
0.095
-3.492
0.137
0.137
0.093
-0.902
0.094
0.128
0.128
0.137
0.094
0.097
0.128
0.093
0.126
-0.774
0.137
0.094
0.137
0.128
0.094
-0.706
-0.683
-1.191
-1.191
-2.458
-2.134
-1.190
-1.822
-1.390
-1.790
-2.563
-1.384
-1.167
-2.078
-1.830
-1.823
-1.830
-2.018
-1.395
-2.324
-0.159
-0.159
-0.158
0.000
0.000
0.000
0.000
0.000
0.000
0.000
0.000
0.000
-1.822
-2.326
-1.186
-1.167
-1.190
-1.271
-2.341
-1.830
-1.307
-1.450
-1.479
-1.202
-1.792
-1.479
-2.756
-1.479
-1.190
-1.186
-1.367
-1.395
-1.744
-1.167
-1.186
-1.450
0.000
0.000
0.000
0.000
0.000
0.000
0.000
0.000
0.000
0.000
0.000
0.000
