fixedStep chrom=ENSGT00390000009278 start=1 step=1
-3.442
-3.929
-3.446
0.066
0.066
0.066
0.066
0.066
0.066
0.066
0.066
0.066
0.066
0.066
-1.838
0.066
0.066
0.066
0.054
0.066
0.066
0.066
0.066
0.066
0.066
0.066
0.066
0.066
0.066
0.049
0.066
0.066
0.066
0.066
0.066
0.063
0.066
0.066
0.063
0.066
0.066
0.066
0.066
0.066
0.063
0.066
0.066
0.066
0.066
0.066
0.066
0.066
0.066
0.063
0.065
0.066
0.064
0.066
0.066
0.064
0.066
0.066
0.066
0.066
0.066
0.066
0.066
0.066
0.066
0.066
0.066
0.052
0.066
0.066
0.052
0.066
0.066
0.050
0.066
0.066
0.066
0.066
0.066
0.066
0.066
0.066
0.066
0.066
0.066
0.066
0.066
0.066
0.066
0.066
0.066
0.066
0.066
0.066
0.065
0.066
0.066
0.052
0.066
0.066
0.063
0.066
0.066
0.049
0.066
0.066
0.066
0.066
0.066
0.065
0.066
0.052
-1.758
0.063
0.066
0.063
0.066
0.066
0.063
0.066
0.065
0.066
0.066
0.066
0.063
0.063
0.066
0.052
0.066
0.066
0.066
0.066
0.066
0.066
0.066
0.066
0.063
-1.277
-1.481
-1.278
0.066
0.066
0.066
0.066
0.066
0.066
0.066
0.066
0.066
0.066
0.066
0.049
0.066
0.066
0.052
0.066
0.066
0.063
0.065
0.066
0.066
0.065
0.066
0.066
0.066
0.066
0.063
0.066
0.066
0.066
0.066
0.066
0.066
0.066
0.066
0.066
0.066
0.066
0.066
0.066
0.066
0.066
0.066
0.066
0.066
0.066
0.066
0.066
0.066
0.066
0.066
0.066
0.066
0.066
0.066
0.066
0.066
0.066
0.066
0.066
0.066
0.066
0.066
0.066
0.066
0.050
0.066
0.066
0.066
0.066
0.066
-2.874
0.066
0.066
0.063
0.066
0.066
0.052
0.066
0.066
0.066
0.066
0.066
0.066
0.066
0.066
0.066
0.066
0.066
0.066
0.066
0.066
0.050
0.066
0.066
0.066
0.066
0.066
0.066
0.066
0.066
0.063
0.066
0.066
0.066
0.066
0.066
0.063
0.066
0.066
0.066
0.052
0.066
0.066
0.066
0.066
0.066
0.066
0.066
0.066
0.066
0.066
0.066
0.066
0.066
0.066
0.066
0.066
0.066
0.066
0.066
0.066
0.066
0.063
0.063
0.066
0.066
0.066
0.066
0.066
0.066
0.066
0.066
0.050
0.050
0.066
0.066
0.066
0.063
0.052
0.066
0.066
0.065
0.066
-1.815
0.066
0.066
0.052
0.052
0.066
0.066
0.052
0.066
0.054
0.066
0.050
0.066
0.063
0.066
0.066
0.054
0.066
0.066
0.063
0.066
0.066
0.066
0.066
0.058
0.052
0.066
0.066
0.062
0.052
0.066
0.066
0.066
0.066
0.066
0.066
0.066
0.066
0.066
0.066
0.063
0.066
0.066
0.066
0.066
0.066
0.066
0.066
0.066
0.066
-1.096
-1.096
-1.096
-1.327
-1.326
-1.455
0.066
0.066
0.063
0.066
0.066
0.065
0.066
0.066
0.066
0.066
0.066
0.064
0.066
0.066
0.066
0.066
0.066
0.063
0.066
0.066
0.063
0.054
0.066
0.066
0.066
0.066
0.066
0.066
0.066
0.066
0.066
0.066
0.066
0.066
0.066
0.063
0.066
0.066
0.066
0.066
0.066
0.066
0.066
0.066
0.066
0.066
0.066
0.066
0.066
0.066
0.066
0.066
0.066
0.066
0.066
0.066
0.054
0.066
0.066
0.066
0.066
0.066
0.066
0.066
0.066
0.066
0.066
0.066
0.066
0.066
0.066
0.066
0.066
0.066
0.063
0.066
0.063
0.063
0.066
0.063
0.063
0.066
0.066
0.066
0.066
0.050
0.063
0.066
0.063
0.066
0.066
0.066
0.050
0.066
0.066
0.066
0.066
0.066
0.066
0.066
0.066
0.064
0.066
0.066
0.066
0.063
0.066
0.066
0.066
0.066
0.066
0.066
0.066
0.066
0.066
0.066
0.066
0.066
0.066
0.066
0.066
0.066
0.049
0.066
0.066
0.066
0.066
0.066
0.063
0.066
0.066
0.066
0.066
0.066
0.063
0.063
0.066
0.066
0.066
0.066
0.062
0.066
0.066
0.066
0.066
0.066
0.048
0.066
0.066
0.064
0.066
0.066
0.066
0.066
0.051
0.050
0.066
0.066
0.066
0.066
0.066
0.054
0.066
0.066
0.050
-0.699
-0.534
-0.534
-0.534
-0.534
-0.534
0.066
0.066
0.066
0.066
0.066
0.064
0.066
0.066
-2.516
0.052
0.066
0.066
0.066
0.066
0.066
0.063
0.066
0.066
0.066
0.066
0.066
0.066
0.058
0.050
0.066
0.066
0.066
0.066
0.066
0.063
0.058
0.066
0.050
0.066
0.066
0.063
0.066
0.066
0.066
0.066
0.066
0.063
0.066
0.066
0.066
0.066
0.066
0.066
0.066
0.066
0.066
0.066
0.066
0.066
0.066
0.066
0.066
0.066
0.066
0.066
0.066
0.066
0.066
0.066
0.066
0.050
0.066
0.066
0.066
0.066
0.066
0.063
0.066
0.066
0.063
0.066
0.066
0.058
0.066
0.066
0.063
0.066
0.066
0.066
0.066
0.066
0.058
0.066
0.066
0.066
0.066
0.066
0.066
0.066
0.066
0.066
0.066
0.066
0.049
0.066
0.066
0.066
0.066
0.066
0.066
0.066
0.066
0.066
0.066
0.066
0.066
0.066
0.066
0.066
0.066
0.066
0.066
0.066
0.066
0.066
0.066
0.066
0.066
0.066
0.066
0.066
0.066
0.066
0.066
0.066
0.066
0.066
0.066
0.066
0.066
0.066
0.066
0.064
0.066
0.066
0.066
0.066
0.066
0.066
0.066
0.066
0.063
0.062
0.066
0.066
0.066
0.066
0.063
0.066
0.066
0.066
0.066
0.066
0.063
0.066
0.066
0.050
0.066
0.066
0.050
0.066
0.066
0.066
0.066
0.066
0.066
0.063
0.066
0.066
0.066
0.066
-1.774
0.066
0.066
0.064
0.066
0.066
0.063
0.066
0.066
0.065
0.066
0.066
0.066
0.066
0.066
0.062
0.066
0.066
0.063
0.066
0.066
-1.762
0.066
0.066
0.052
0.066
0.066
0.066
-0.534
-0.534
-0.534
0.066
0.066
0.066
0.066
0.054
0.066
0.066
0.066
0.063
0.066
0.066
0.066
0.066
0.066
0.066
0.054
0.066
0.066
0.066
0.066
0.061
0.066
0.066
0.063
0.066
0.066
0.066
