fixedStep chrom=ENSGT00740000114954 start=1 step=1
0.000
0.000
0.000
0.000
0.000
0.000
0.000
0.000
0.000
0.000
0.000
0.000
0.000
0.000
0.000
0.000
0.000
0.000
0.000
0.000
0.000
0.000
0.000
0.000
0.000
0.000
0.000
0.000
0.000
0.000
0.000
0.000
0.000
0.000
0.000
0.000
0.000
0.000
0.000
0.000
0.000
0.000
0.000
0.000
0.000
0.000
0.000
0.000
0.000
0.000
0.000
0.000
0.000
0.000
0.000
0.000
0.000
0.000
0.000
0.000
0.000
0.000
0.000
0.000
0.000
0.000
0.000
0.000
0.000
0.000
0.000
0.000
0.000
0.000
0.000
0.000
0.000
0.000
0.000
0.000
0.000
0.000
0.000
0.000
0.000
0.000
0.000
0.000
0.000
0.000
0.000
0.000
0.000
0.000
0.000
0.000
0.000
0.000
0.000
0.000
0.000
0.000
0.000
0.000
0.000
0.000
0.000
0.000
0.000
0.000
0.000
0.000
0.000
0.000
0.000
0.000
0.000
0.000
0.000
0.000
0.000
0.000
0.000
0.000
0.000
0.000
0.000
0.000
0.000
0.000
0.000
0.000
0.000
0.000
0.000
0.000
0.000
0.000
0.000
0.000
0.000
0.000
0.000
0.000
0.000
0.000
0.000
0.000
0.000
0.000
0.000
0.000
0.000
0.000
0.000
0.000
0.000
0.000
0.000
0.000
0.000
0.000
0.000
0.000
0.000
0.000
0.000
0.000
0.000
0.000
0.000
0.000
0.000
0.000
0.000
0.000
0.000
0.000
0.000
0.000
0.000
0.000
0.000
0.000
0.000
0.000
0.000
0.000
0.000
0.000
0.000
0.000
0.000
0.000
0.000
0.000
0.000
0.000
0.000
0.000
0.000
0.000
0.000
0.000
0.000
0.000
0.000
0.000
0.000
0.000
0.000
0.000
0.000
0.000
0.000
0.000
0.000
0.000
0.000
0.000
0.000
0.000
0.000
0.000
0.000
0.000
0.000
0.000
0.000
0.000
0.000
0.000
0.000
0.000
0.000
0.000
0.000
0.000
0.000
0.000
0.000
0.000
0.000
0.000
0.000
0.000
0.000
0.000
0.000
0.000
0.000
0.000
0.000
0.000
0.000
0.000
0.000
0.000
0.000
0.000
0.000
0.000
0.000
0.000
0.000
0.000
0.000
0.000
0.000
0.000
0.000
0.000
0.000
0.000
0.000
0.000
0.000
0.000
0.000
0.000
0.000
0.000
0.000
0.000
0.000
0.000
0.000
0.000
0.000
0.000
0.000
0.000
0.000
0.000
0.000
0.000
0.000
0.000
0.000
0.000
0.000
0.000
0.000
0.000
0.000
0.000
0.000
0.000
0.000
0.000
0.000
0.000
0.000
0.000
0.000
0.000
0.000
0.000
0.000
0.000
0.000
0.000
0.000
0.000
0.000
0.000
0.000
0.000
0.000
0.000
0.000
0.000
0.000
0.000
0.000
0.000
0.000
0.000
0.000
0.000
0.000
0.000
0.000
0.000
0.000
0.000
0.000
0.000
0.000
0.000
0.000
0.000
0.000
0.000
0.000
0.000
0.000
0.000
0.000
0.000
0.000
0.000
0.000
0.000
0.000
0.000
0.000
0.000
0.000
0.000
0.000
0.000
0.000
0.000
0.000
0.000
0.000
0.000
0.000
0.000
0.000
0.000
0.000
0.000
0.000
0.000
0.000
0.000
0.000
0.000
0.000
0.000
0.000
0.000
0.000
0.000
0.000
0.000
0.000
0.000
0.000
0.000
-1.542
-1.705
-1.689
-0.602
-0.443
-1.820
0.248
0.350
0.283
4.016
4.016
4.016
0.302
0.348
0.349
0.315
0.356
0.316
-1.138
-0.631
-1.469
-1.208
-2.114
-1.719
-0.910
-0.729
-1.321
-0.560
-0.498
-0.781
0.374
0.360
0.294
0.343
0.370
0.342
0.291
0.386
0.312
0.366
0.381
0.326
0.321
0.310
0.332
0.361
0.377
0.272
0.386
0.386
0.361
0.338
0.340
0.338
0.273
0.337
0.323
0.376
0.345
0.361
0.326
0.376
0.300
0.957
0.990
0.923
0.986
0.986
0.954
0.991
0.991
0.925
0.376
0.382
0.296
0.331
0.373
0.371
0.360
0.324
0.323
0.321
0.333
0.327
0.351
0.267
0.308
0.369
0.386
0.295
0.344
0.313
0.348
0.383
0.383
0.375
0.361
0.318
0.361
0.383
0.380
0.341
0.372
0.386
0.312
0.344
0.318
0.366
0.330
0.302
0.321
0.373
0.386
0.314
5.121
5.121
5.121
0.312
0.386
0.364
0.304
0.377
0.325
0.347
0.276
0.346
0.382
0.383
0.379
0.372
0.386
0.343
0.285
0.372
0.284
0.379
0.335
0.285
0.386
0.385
0.373
0.333
0.371
0.339
0.286
0.348
0.346
0.336
0.327
0.360
0.342
0.366
0.357
0.380
0.382
0.375
0.382
0.380
0.362
0.313
0.343
0.295
0.304
0.341
0.315
0.347
0.360
0.307
0.335
0.383
0.297
0.383
0.383
0.368
0.341
0.357
0.328
-0.825
-0.533
-0.679
0.343
0.383
0.339
0.349
0.382
0.370
0.371
0.381
0.313
0.363
0.385
0.368
0.383
0.382
0.365
0.336
0.281
0.284
0.352
0.373
0.366
0.334
0.357
0.330
0.383
0.383
0.370
0.369
0.323
0.308
0.309
0.369
0.366
0.326
0.386
0.370
0.379
0.372
0.363
0.386
0.386
0.376
0.303
0.356
0.291
0.374
0.372
0.327
0.386
0.359
0.351
0.312
0.386
0.290
0.330
0.337
0.256
0.340
0.383
0.289
0.360
0.377
0.288
0.378
0.344
0.275
0.379
0.328
0.307
0.367
0.386
0.299
0.370
0.372
0.323
0.319
0.356
0.304
0.377
0.380
0.325
0.367
0.373
0.363
-0.670
-0.322
-0.431
0.358
0.376
0.317
0.384
0.301
0.369
0.386
0.386
0.362
0.296
0.315
0.302
0.802
0.795
0.820
-0.005
-0.001
0.000
0.000
0.000
0.000
0.000
0.000
0.000
0.000
0.000
0.000
0.000
0.000
0.000
0.000
0.000
0.000
0.000
-2.048
-2.105
0.074
-0.185
-0.205
0.000
0.000
0.000
0.000
0.000
0.000
0.000
0.000
0.000
