fixedStep chrom=ENSGT00550000075006 start=1 step=1
0.059
0.059
0.059
0.059
0.059
0.055
0.059
0.059
0.059
0.059
0.059
0.059
0.059
0.059
0.059
0.059
0.059
0.058
0.059
0.059
0.053
0.059
0.059
0.058
0.059
0.059
0.059
0.059
0.059
0.059
0.059
0.059
0.059
0.041
0.059
0.057
0.055
0.059
0.059
0.059
0.059
0.040
0.040
0.059
0.059
0.059
0.059
0.059
0.059
0.059
0.059
0.059
0.059
0.053
0.059
0.059
0.059
0.059
0.059
0.059
0.059
0.059
0.059
0.059
0.059
0.059
0.059
0.059
0.059
-1.585
0.059
0.059
0.059
0.059
0.059
0.057
0.059
0.059
0.059
0.059
-1.347
0.059
0.059
0.059
0.055
0.059
0.059
0.059
0.059
0.057
0.059
0.059
0.058
0.059
0.059
0.059
0.059
0.059
0.058
0.059
0.059
0.059
0.059
0.059
0.059
0.059
0.059
0.058
0.059
0.059
0.055
0.053
0.059
0.054
0.059
0.059
0.059
0.059
0.059
0.059
0.059
0.059
0.058
0.059
0.059
0.059
0.059
0.059
0.057
0.059
0.059
0.055
0.059
0.059
0.059
0.059
0.059
0.059
-1.490
-1.490
-1.570
0.059
0.059
0.055
0.059
0.059
0.057
0.059
0.059
0.059
0.059
0.059
0.059
0.059
0.059
0.059
0.059
0.059
0.059
0.059
0.059
0.059
0.059
0.059
0.059
0.055
0.059
0.059
0.059
0.059
0.059
0.059
0.059
0.059
0.059
0.059
0.059
0.059
0.059
0.059
0.059
0.059
0.050
0.059
0.059
0.059
0.059
0.059
0.059
0.059
0.059
0.057
0.059
0.059
0.059
0.059
0.059
0.059
0.059
0.059
0.059
0.059
0.059
0.059
0.059
0.059
0.056
0.059
0.059
0.059
0.059
0.059
0.059
0.055
0.059
0.059
0.059
0.059
0.052
0.059
0.059
0.058
0.059
0.059
0.055
0.059
0.059
0.059
0.059
0.059
0.049
0.059
0.059
0.059
0.059
0.059
0.059
0.059
0.059
0.057
0.059
0.059
0.059
0.059
0.059
0.056
0.059
0.059
0.059
0.059
0.059
0.056
0.059
0.059
0.059
0.059
0.059
0.057
0.059
0.059
0.059
0.059
0.059
0.059
0.059
0.059
0.059
0.059
0.059
0.053
0.059
0.059
0.055
0.059
0.059
0.058
0.059
0.059
0.059
0.059
0.059
0.059
0.059
0.059
0.059
0.059
0.059
0.059
0.059
0.059
0.058
0.059
0.059
0.059
0.059
0.059
0.059
0.059
0.059
0.059
0.059
0.059
0.059
0.059
0.059
0.059
0.059
0.057
0.059
0.059
0.059
0.059
0.059
0.059
0.053
0.059
0.059
0.057
0.059
0.059
0.055
0.058
0.059
0.059
0.059
0.059
0.059
0.059
0.059
0.059
0.059
0.059
0.059
0.059
0.059
0.057
0.059
0.059
0.059
0.059
0.059
0.055
0.059
0.059
0.059
0.059
0.059
0.059
0.059
0.059
0.053
0.059
0.059
0.059
0.059
0.059
0.058
0.059
0.059
0.059
0.059
0.059
0.059
0.059
0.059
0.057
0.059
0.059
0.059
0.059
0.040
0.059
0.059
0.059
0.059
0.059
0.059
0.059
0.059
0.059
0.058
0.059
0.059
0.059
0.059
0.059
0.059
0.059
0.059
0.059
-0.295
-0.295
-0.295
-0.295
-0.295
-0.295
0.059
0.059
0.059
0.059
0.059
0.056
0.059
0.059
0.059
0.059
0.059
0.059
0.059
0.059
0.059
0.059
0.059
0.059
0.059
0.059
0.050
0.059
0.059
0.059
0.059
0.059
0.059
0.059
0.059
0.059
0.059
0.059
0.059
0.059
0.059
0.059
0.059
0.059
0.059
0.059
0.059
0.059
0.059
0.059
0.058
0.059
0.059
0.055
0.059
0.059
0.059
0.059
0.059
0.059
0.059
0.059
0.044
0.059
0.059
0.057
0.059
0.059
0.059
0.059
0.059
0.059
0.059
0.059
0.059
0.059
0.059
0.058
0.059
0.059
0.055
0.059
0.059
0.059
0.059
0.059
0.053
0.059
0.059
0.059
0.059
0.059
0.059
0.059
0.059
0.057
0.055
0.059
0.059
0.059
0.059
0.059
0.055
0.059
0.059
0.059
0.059
0.059
0.059
0.059
0.059
0.059
0.059
0.059
0.059
0.059
0.059
0.059
0.059
0.059
0.059
0.059
0.057
0.059
0.059
0.059
0.059
0.059
0.055
0.059
0.059
-2.179
0.059
0.059
-1.828
0.059
0.059
0.059
0.059
0.059
0.059
0.059
0.059
0.054
0.059
0.059
0.053
0.059
0.059
0.058
0.059
0.059
0.059
0.058
0.059
0.059
0.059
0.059
0.058
0.059
0.059
0.053
0.059
0.059
0.059
0.059
0.059
0.059
0.059
0.059
0.055
0.059
0.059
0.041
0.059
0.059
0.059
0.059
0.059
0.059
0.059
0.059
0.059
0.059
0.059
0.059
0.059
0.059
0.059
0.059
0.059
0.059
0.059
0.059
0.055
0.059
0.059
0.058
0.059
0.059
0.057
0.059
0.059
0.055
0.059
0.059
0.059
0.059
0.059
0.055
0.059
0.059
0.059
0.059
0.059
0.058
0.059
0.059
0.059
0.059
0.059
0.059
0.059
0.059
0.059
0.059
0.059
0.057
0.059
0.059
0.058
0.059
0.055
0.049
0.059
0.059
0.059
0.059
0.059
0.053
0.058
0.059
0.055
0.040
0.059
0.059
0.059
0.059
0.059
0.059
0.059
0.055
0.059
0.057
0.059
0.059
0.059
0.059
-0.674
0.059
0.041
0.059
0.059
0.059
0.059
0.059
0.059
0.059
0.059
0.057
0.059
0.059
0.056
0.058
0.059
0.056
0.040
0.059
0.059
0.059
0.059
0.059
0.059
0.059
0.055
0.049
0.059
0.055
0.059
0.059
0.059
0.059
0.059
0.058
0.059
0.059
0.056
0.059
0.059
0.045
0.059
0.059
0.059
0.059
0.059
0.059
0.059
0.059
0.059
0.059
0.059
0.059
0.059
0.059
0.059
0.059
0.059
0.059
0.059
0.059
0.057
0.059
0.059
0.055
0.059
0.059
0.055
0.059
0.059
0.059
0.059
0.059
0.059
0.059
0.059
0.059
0.059
0.059
0.059
0.059
0.058
0.059
0.059
0.059
0.059
0.059
0.059
0.059
0.059
0.059
0.059
0.059
0.059
0.059
0.059
0.059
0.059
0.059
0.059
0.059
0.059
0.059
0.059
0.059
0.059
0.058
0.059
0.059
0.059
0.059
0.059
0.059
0.059
0.059
0.058
0.059
0.059
0.059
0.059
0.059
0.059
0.059
0.059
0.059
0.059
0.059
0.059
0.059
0.059
0.059
0.059
0.059
0.055
0.059
0.059
0.059
0.059
0.059
0.058
0.059
0.059
0.059
0.059
0.059
0.059
0.059
0.059
0.055
0.059
0.059
0.055
0.059
0.059
0.058
0.059
0.059
0.041
0.059
0.059
0.057
0.059
0.059
0.057
0.059
0.059
0.058
0.059
0.059
0.059
0.059
0.059
0.059
0.059
0.059
0.057
0.059
0.059
0.059
0.059
0.059
0.059
0.059
0.059
0.059
0.059
0.059
0.059
0.059
0.059
0.051
0.059
0.059
0.059
0.059
0.059
0.059
0.059
0.059
0.059
0.059
0.059
0.059
0.059
0.059
0.059
0.059
0.059
0.059
0.059
0.059
0.057
0.059
0.059
0.059
0.059
0.059
0.059
0.059
0.059
0.059
0.059
0.059
0.059
0.058
0.059
0.055
0.059
0.059
0.059
0.059
0.059
0.059
0.059
0.059
0.059
0.059
0.059
0.050
0.059
0.059
0.059
0.059
0.059
0.055
0.059
0.058
0.050
0.059
0.059
0.055
0.057
0.059
0.059
0.059
0.059
0.057
0.059
0.059
0.059
0.059
0.059
0.057
0.059
0.059
0.059
0.059
0.059
0.059
0.059
0.059
0.059
0.059
0.059
0.057
0.059
0.059
0.059
0.059
0.059
0.059
0.059
0.059
0.058
0.059
0.059
0.058
0.059
0.059
0.059
0.059
0.059
0.057
0.059
0.059
0.058
0.059
0.059
0.059
0.059
0.059
0.059
0.059
0.059
0.041
0.059
0.059
0.056
0.059
0.059
0.055
0.059
0.059
0.059
0.059
0.059
0.057
0.059
0.059
0.059
0.059
0.059
0.055
0.059
0.059
0.055
0.059
0.059
0.059
0.059
0.059
0.059
0.059
0.059
0.059
0.059
0.059
0.058
0.059
0.059
0.059
0.059
0.059
0.059
0.059
0.059
0.059
0.059
0.059
0.059
0.059
0.059
0.059
0.059
0.059
0.059
0.059
0.059
0.057
0.059
0.059
0.059
0.059
0.059
0.059
0.059
0.059
0.059
0.059
0.059
0.059
0.059
0.059
0.058
0.059
0.059
0.059
0.059
0.059
0.059
0.059
0.059
0.059
0.059
0.059
0.059
0.059
0.059
0.059
0.059
0.059
0.059
0.059
0.059
0.059
0.059
0.059
0.059
0.059
0.059
0.059
0.059
0.059
0.059
0.059
0.059
0.055
0.059
0.059
0.059
0.059
0.059
0.059
0.059
0.059
0.059
0.059
0.059
0.059
0.059
0.059
0.059
0.059
0.059
0.059
