fixedStep chrom=ENSGT00730000111680 start=1 step=1
0.051
0.052
0.051
0.051
0.051
0.052
0.051
0.051
0.051
0.051
0.051
0.051
0.051
0.052
0.051
0.051
0.051
0.051
0.052
0.051
0.051
0.051
0.051
0.051
0.052
0.051
0.051
0.051
0.051
0.051
0.051
0.051
0.051
0.051
0.051
0.051
0.051
0.051
0.051
0.051
0.051
0.052
0.051
0.051
0.046
0.051
0.051
0.051
0.051
0.051
0.051
0.046
0.051
0.052
0.051
0.051
0.046
0.051
0.051
0.046
0.051
0.052
0.051
0.039
0.052
0.052
0.051
0.051
0.051
0.052
0.052
0.051
0.046
0.046
0.051
0.051
0.051
0.052
0.051
0.051
0.051
-1.222
0.051
0.052
0.051
0.051
0.051
0.052
0.051
0.052
0.051
0.051
0.051
0.051
0.051
0.051
0.051
0.051
0.051
0.051
0.051
0.051
0.051
0.051
0.051
0.051
0.051
0.051
0.051
0.051
0.052
0.051
0.051
-1.919
0.051
0.051
0.052
0.051
0.051
0.051
0.051
0.051
0.052
0.051
0.052
0.050
0.051
0.051
0.051
0.051
0.051
0.052
0.051
0.051
0.051
0.051
-2.399
0.051
0.051
0.051
0.051
0.051
0.051
0.051
0.051
0.051
0.051
0.046
0.051
0.051
0.051
0.051
0.051
0.051
0.051
0.052
0.051
0.051
-1.222
0.051
0.052
0.051
0.051
0.051
0.051
-0.433
-0.433
-0.433
0.051
0.051
0.051
0.051
0.051
0.052
0.051
0.051
0.051
0.051
0.052
0.050
0.051
0.051
0.051
0.051
0.051
0.052
0.051
0.051
0.052
0.052
0.051
0.051
0.051
0.051
0.051
0.051
0.051
0.051
0.051
0.052
0.051
0.051
0.051
0.052
0.051
0.052
0.051
0.051
0.051
0.051
0.051
0.051
-0.196
0.046
-1.223
0.052
0.050
0.051
-1.222
0.051
0.050
0.052
0.051
0.051
0.051
-1.224
0.046
0.052
0.051
0.051
0.051
0.051
0.051
0.050
0.051
0.046
0.046
0.052
0.051
0.052
0.051
0.046
0.052
0.051
0.052
0.051
0.046
0.051
0.051
0.051
0.051
0.051
0.051
0.051
0.051
0.051
0.051
0.052
0.051
0.051
0.051
0.051
0.051
0.052
0.051
0.051
0.052
0.051
0.046
0.049
0.050
0.051
-1.222
0.051
0.046
0.052
0.051
0.051
0.052
0.051
0.051
0.051
0.051
0.046
0.052
-1.216
-1.216
0.051
0.051
0.051
0.051
0.051
0.051
0.051
0.051
0.051
0.051
0.051
0.051
0.052
0.051
0.051
0.051
0.051
0.051
0.050
0.051
0.051
0.051
