fixedStep chrom=ENSGT00390000000489 start=1 step=1
0.000
0.000
0.000
0.000
0.000
0.000
0.000
0.000
0.000
0.000
0.000
0.000
0.000
0.000
0.000
0.000
0.000
0.000
0.000
0.000
0.000
0.000
0.000
0.000
0.000
0.000
0.000
0.000
0.000
0.000
0.000
0.000
0.000
0.000
0.000
0.000
0.000
0.000
0.000
0.000
0.000
0.000
0.000
0.000
0.000
0.000
0.000
0.000
0.000
0.000
0.000
0.000
0.000
0.000
0.000
0.000
0.000
0.000
0.000
0.000
0.000
0.000
0.000
0.000
0.000
0.000
0.000
0.000
0.000
0.090
0.090
0.090
0.090
0.090
0.086
0.090
0.090
0.090
0.090
0.087
0.086
0.090
0.086
0.090
0.086
0.087
0.086
0.090
0.090
0.090
0.090
0.086
0.090
0.090
0.090
0.086
0.090
0.090
0.090
0.090
0.090
0.090
0.090
0.090
0.089
0.090
0.090
0.086
0.090
0.090
0.087
0.084
0.089
0.090
0.090
0.083
0.084
0.090
0.086
0.090
0.090
0.090
0.090
0.090
0.090
0.090
0.090
0.090
0.086
0.073
0.086
0.075
0.090
0.089
0.090
0.090
0.090
0.069
0.090
0.090
0.090
0.090
0.090
0.090
0.090
0.090
0.083
0.090
0.090
0.090
0.090
0.090
0.087
0.090
0.090
0.090
0.090
0.090
0.090
0.090
0.090
0.090
0.090
0.090
0.083
0.090
0.090
0.084
0.090
0.090
0.090
0.090
0.090
0.090
0.090
0.090
0.090
0.090
0.086
0.090
0.090
0.090
0.090
0.090
0.090
0.090
0.090
0.090
0.090
0.090
0.083
0.087
0.090
0.090
0.090
0.086
0.090
0.090
0.090
0.089
0.090
0.090
0.090
0.090
0.090
0.090
0.090
0.090
0.090
0.080
0.090
0.090
0.090
0.090
0.090
0.087
0.081
0.090
0.090
0.090
0.090
0.090
0.090
0.090
0.090
0.083
0.090
0.072
0.090
0.090
0.090
0.090
0.090
0.090
0.090
0.090
0.090
0.090
0.090
0.090
0.090
0.086
0.090
0.090
0.090
0.090
0.083
0.074
0.090
0.087
0.090
0.090
0.076
0.089
0.090
0.087
0.086
0.090
0.086
0.087
0.076
0.090
0.087
0.087
0.084
0.087
0.086
0.090
0.090
0.087
0.090
0.090
0.087
0.087
0.086
0.076
0.089
0.089
0.086
0.090
0.090
0.090
0.090
0.090
0.080
0.090
0.087
0.086
0.090
0.090
0.087
0.083
0.090
0.087
0.087
0.090
0.090
0.090
0.090
0.083
0.070
0.076
0.090
0.090
0.090
0.090
0.090
0.090
0.090
0.090
0.090
0.090
0.090
0.090
0.090
0.078
0.090
0.089
0.090
0.090
0.090
0.090
0.090
0.089
0.090
0.090
0.090
0.090
0.090
0.085
0.090
0.090
0.090
0.090
0.090
0.090
0.090
0.090
0.090
0.090
0.090
0.090
0.090
0.090
0.087
0.090
0.090
0.090
0.090
0.090
0.090
0.090
0.090
0.090
0.090
0.090
0.090
0.090
0.090
0.090
0.090
0.087
0.090
0.090
0.090
0.071
0.087
0.090
0.090
0.090
0.090
0.086
0.090
0.090
0.090
0.090
0.086
0.090
0.087
0.090
0.090
0.090
0.090
0.090
0.090
0.090
0.087
0.090
0.090
0.090
0.086
0.081
0.090
0.072
0.073
-1.304
-1.122
-2.260
-1.798
-2.408
-2.448
-1.803
-1.800
-2.448
-1.857
-2.448
-2.649
-2.435
-2.433
-1.800
-1.774
-1.291
-2.511
-1.430
0.000
0.000
0.000
0.000
0.000
0.000
0.000
0.000
0.000
0.000
0.000
0.000
0.000
0.000
0.000
0.000
0.000
0.000
0.000
0.000
0.000
0.000
0.000
0.000
0.000
0.000
0.000
0.000
0.000
0.000
0.000
0.000
0.000
0.000
0.000
0.000
0.000
0.000
0.000
0.000
0.000
0.000
0.000
0.000
0.000
0.000
0.000
0.000
0.000
0.000
0.000
0.000
0.000
0.000
0.000
0.000
0.000
0.000
0.000
0.000
0.000
0.000
0.000
0.000
0.000
0.000
0.000
0.000
0.000
0.000
0.000
0.000
0.000
0.000
0.000
0.000
0.000
0.000
0.000
0.000
0.000
