fixedStep chrom=ENSGT00410000026259 start=1 step=1
0.064
0.064
0.064
0.064
0.064
0.064
0.062
0.064
0.064
0.064
0.064
0.064
0.064
0.064
0.057
0.064
-1.062
0.064
0.064
0.064
0.064
0.064
0.055
0.064
0.064
0.064
0.064
0.064
0.064
0.057
0.064
0.064
0.057
0.064
0.064
-1.063
0.064
0.064
0.064
0.064
0.056
0.064
0.064
0.064
0.064
0.064
0.064
0.064
0.064
0.064
0.064
0.057
0.064
0.057
0.062
0.064
0.057
0.063
0.064
0.062
-0.898
-0.898
-0.898
-2.832
-2.961
-2.856
-3.290
-1.978
-3.294
0.064
0.064
0.064
0.064
0.064
0.064
0.064
0.064
0.064
0.064
0.064
0.064
0.057
0.057
0.064
0.064
0.064
0.064
0.064
0.064
0.064
0.064
0.062
0.064
0.064
0.064
0.057
0.064
0.064
0.064
0.064
0.064
0.064
0.064
0.064
0.064
0.064
0.064
0.064
0.064
0.064
0.064
0.064
0.064
0.057
0.064
0.061
0.064
0.057
0.064
0.064
0.064
0.064
0.064
0.057
0.064
0.064
0.064
0.064
0.064
0.064
0.064
0.057
0.057
-1.075
0.064
-2.019
0.064
0.064
0.057
0.064
-1.072
0.064
0.064
-1.072
0.064
0.058
0.064
0.064
0.064
0.062
0.064
0.064
0.064
0.064
0.062
0.064
0.064
0.064
0.064
0.064
0.064
0.064
0.057
0.064
0.062
0.064
0.064
0.057
0.064
0.064
-1.074
0.063
-1.075
0.064
0.057
0.064
0.064
0.064
0.064
0.063
-1.072
0.064
0.064
0.064
0.064
0.064
0.064
0.064
0.064
0.064
0.064
0.064
0.064
0.064
0.064
0.064
0.064
0.064
0.064
0.064
0.064
0.064
0.064
0.064
0.064
0.064
0.057
0.064
0.064
0.064
0.064
0.064
0.064
-1.073
0.064
0.064
0.064
0.064
0.057
0.064
0.064
0.064
0.064
0.064
0.064
0.064
0.064
0.064
0.057
0.064
0.064
0.057
0.064
0.064
0.064
0.064
-1.073
0.064
0.064
0.064
0.064
0.064
0.064
0.055
0.064
0.064
0.064
0.064
0.064
0.064
0.064
0.064
0.064
0.064
0.064
0.064
0.064
0.064
0.064
0.064
0.064
0.064
0.064
0.064
0.064
0.064
0.064
0.064
0.064
0.064
0.064
0.064
0.064
0.064
0.064
0.064
0.064
0.064
0.064
0.064
0.064
0.064
0.062
0.064
-1.075
0.064
0.064
0.064
0.061
0.064
0.064
0.064
0.064
0.063
0.064
0.064
0.064
0.064
0.058
0.064
