fixedStep chrom=ENSGT00410000029284 start=1 step=1
0.064
0.064
0.064
0.064
-1.928
0.064
0.064
0.064
0.057
0.064
0.064
0.064
0.064
0.064
0.064
0.057
0.057
0.064
0.064
0.064
0.064
0.064
0.064
0.064
0.064
0.064
0.064
0.057
0.064
0.064
0.064
0.064
0.064
0.064
0.064
0.064
0.064
0.064
0.064
-1.903
-1.903
-1.903
0.064
0.064
0.057
0.064
0.064
0.064
0.064
0.064
0.064
0.064
0.064
0.064
0.057
0.064
0.064
0.064
0.064
0.064
0.064
0.064
0.064
0.064
0.064
0.064
0.064
0.057
0.057
0.064
0.064
0.064
0.063
0.064
0.057
-1.059
0.064
0.064
0.064
0.064
0.064
0.057
0.064
0.064
-0.967
-0.967
-0.967
-0.967
-0.967
-0.967
0.064
0.064
0.064
0.064
0.064
0.064
0.064
0.057
0.064
0.064
0.064
0.064
0.064
0.064
0.064
0.064
0.064
-1.075
0.057
0.061
0.064
0.064
0.064
0.062
0.064
0.064
0.064
0.064
0.064
-1.074
0.064
0.064
0.063
0.061
0.064
0.064
0.057
0.062
0.064
0.064
0.064
0.064
0.064
0.064
0.064
0.057
0.064
0.064
0.064
0.064
0.064
0.061
0.061
0.064
0.064
0.064
0.064
0.064
0.064
0.064
0.064
0.064
0.061
0.057
0.064
0.064
0.064
0.064
0.064
0.064
0.064
0.061
0.064
0.064
0.064
0.064
0.064
0.064
0.061
0.064
0.064
0.064
0.064
0.064
0.064
-1.058
0.064
0.064
0.064
0.064
0.064
0.064
0.057
0.064
0.064
0.063
0.064
0.064
-1.949
0.064
0.064
0.064
0.057
0.064
0.064
0.064
0.064
0.064
0.064
0.064
0.064
0.064
0.064
0.064
0.064
0.064
0.057
0.064
-1.075
0.054
0.064
0.064
0.053
-2.105
0.061
0.053
0.053
0.064
0.064
0.064
0.064
-1.818
-1.960
0.061
0.064
0.061
0.064
-1.074
0.064
0.064
0.057
0.064
0.063
0.064
0.064
0.064
0.064
0.064
0.064
0.064
0.064
-1.072
0.064
0.064
0.057
0.064
0.064
0.064
0.064
0.064
0.064
0.064
0.064
0.064
0.064
0.064
0.064
0.061
0.064
0.064
0.064
0.064
-1.072
0.064
0.064
0.064
-1.075
0.064
0.064
0.064
0.064
0.064
0.064
0.064
0.064
0.064
0.064
0.064
0.064
0.064
0.064
0.064
0.064
0.064
-1.059
0.063
0.056
-1.075
0.061
0.057
-1.059
0.064
0.064
0.064
-0.968
-0.967
-0.967
-0.967
-0.967
-0.967
-0.967
-0.967
-0.968
-0.968
-0.967
-0.967
-0.967
-0.967
-0.967
-0.362
-0.362
-0.362
