fixedStep chrom=ENSGT00390000000938 start=1 step=1
0.000
0.000
0.000
0.000
0.000
0.000
0.000
0.000
0.000
0.000
0.000
0.000
0.000
0.000
0.000
0.000
0.000
0.000
0.000
0.000
0.000
0.000
0.000
0.000
0.000
0.000
0.000
0.000
0.000
0.000
0.000
0.000
0.000
-0.869
-0.639
-0.656
-0.444
-0.428
-0.464
-0.428
-0.653
-0.816
-0.639
-0.453
-0.456
0.159
0.159
0.153
0.158
0.158
0.149
0.138
0.153
-0.853
0.135
-0.822
0.158
0.150
0.150
0.158
0.158
0.153
0.118
0.110
0.148
0.159
0.153
0.135
0.157
0.158
0.158
0.158
0.158
0.158
-0.860
0.158
0.158
0.112
-0.700
-0.636
-0.641
0.159
0.158
0.158
0.159
0.159
0.158
0.149
0.158
0.108
0.149
0.157
0.118
-0.429
-0.428
-0.426
0.118
0.117
0.158
0.158
0.158
0.153
0.159
0.158
0.159
0.158
0.159
0.158
0.158
0.158
0.149
0.158
0.158
0.158
0.158
0.158
0.158
0.158
0.158
0.158
0.158
0.159
0.158
0.158
0.158
0.153
0.158
0.158
0.147
0.158
0.158
0.158
0.158
0.158
0.158
0.158
0.158
0.158
0.158
0.158
0.158
0.158
0.149
0.158
0.158
0.158
0.158
0.158
0.158
0.139
-0.426
-0.429
-0.429
-0.428
-0.426
-0.452
0.149
0.149
0.118
0.158
0.158
0.158
0.118
0.159
0.153
0.147
0.158
0.153
0.158
0.158
0.158
0.156
0.158
0.158
0.158
0.158
0.152
0.158
0.153
0.152
-0.428
-0.428
-0.428
-0.428
-0.426
-0.429
-0.429
-0.426
-0.426
-0.428
-0.428
-0.433
-0.428
-0.426
-0.426
-0.429
-0.429
-0.428
0.149
0.158
0.158
0.158
0.158
0.158
0.158
0.118
0.128
0.159
0.158
0.158
0.149
0.151
0.153
-0.096
-0.142
-0.142
-0.333
-0.397
-0.414
-2.355
-1.999
-1.870
0.369
0.281
0.281
0.121
0.121
0.154
0.153
0.121
-0.870
0.120
0.153
0.117
0.133
0.119
-2.483
0.120
0.126
0.120
0.135
0.153
0.130
0.158
0.153
0.151
-0.916
-1.334
0.122
0.119
0.138
-1.769
0.158
0.153
-1.334
-0.429
-0.474
-3.846
-1.009
-1.004
-1.940
0.000
0.000
0.000
0.000
0.000
0.000
0.000
0.000
0.000
0.130
0.120
0.135
0.121
0.138
-1.210
0.129
-0.831
0.113
0.144
0.128
-0.922
0.125
0.153
-2.771
0.138
0.138
0.154
0.122
0.117
0.136
-1.862
0.136
0.131
0.153
0.148
-0.795
0.138
0.139
-1.300
-0.460
-0.428
-0.433
-2.258
0.153
0.132
0.158
0.159
0.158
0.158
0.158
0.158
0.158
0.158
0.158
0.158
0.159
0.144
0.158
0.158
0.158
0.158
0.158
0.118
0.158
0.141
0.158
0.158
0.158
0.159
0.158
0.158
0.149
0.159
0.118
0.158
0.158
0.156
0.154
0.153
0.158
0.158
0.159
0.149
0.157
0.158
0.158
0.139
0.158
0.158
0.158
0.158
0.158
0.159
0.158
0.158
0.158
0.158
0.158
0.158
-1.189
-1.329
-1.184
-1.183
-1.540
-1.329
0.158
0.158
0.118
0.140
0.159
0.140
0.140
0.158
0.140
0.130
0.157
0.140
0.140
0.130
0.158
0.154
0.140
0.145
0.000
0.000
0.000
0.000
0.000
0.000
0.000
0.000
0.000
0.000
0.000
0.000
0.000
0.000
0.000
0.130
0.140
0.115
0.130
0.156
0.140
0.137
0.158
0.140
0.154
0.154
0.155
0.158
0.158
0.140
0.140
0.140
0.149
-0.851
0.158
0.154
0.000
0.000
0.000
0.000
0.000
0.000
0.000
0.000
0.000
0.000
0.000
0.000
0.000
0.000
0.000
0.000
0.000
0.000
0.000
0.000
0.000
0.000
0.000
0.000
0.000
0.000
0.000
0.000
0.000
0.000
0.000
0.000
0.000
0.000
0.000
0.000
0.000
0.000
0.000
0.000
0.000
0.000
0.000
0.000
0.000
0.000
0.000
0.000
0.000
0.000
0.000
0.000
0.000
0.000
0.000
0.000
0.000
0.159
0.158
0.158
0.139
0.150
0.140
0.154
0.114
0.158
0.000
0.000
0.000
0.000
0.000
0.000
0.000
0.000
0.000
0.000
0.000
0.000
0.000
0.000
0.000
0.000
0.000
0.000
0.000
0.000
0.000
0.000
0.000
0.000
0.000
0.000
0.000
0.000
0.000
0.000
0.000
0.000
0.000
0.000
0.000
0.000
0.000
0.000
0.000
0.000
0.000
0.000
