fixedStep chrom=ENSGT00390000000337 start=1 step=1
-0.436
-0.436
-0.436
-0.436
-0.436
-0.455
-0.533
-0.436
-0.436
-0.436
-0.500
-0.436
-0.436
-0.487
-0.436
0.091
0.072
0.064
0.077
0.091
0.074
0.064
-3.456
0.086
0.090
-2.464
-2.783
0.077
0.070
0.091
-3.055
0.091
0.000
0.000
0.000
0.000
0.000
0.000
0.000
0.000
0.000
0.000
0.064
-3.120
-4.586
0.077
0.078
0.068
0.074
0.069
0.000
0.000
0.000
0.000
0.000
0.000
0.000
0.000
0.000
0.000
0.000
0.000
0.000
0.000
0.000
0.000
0.000
0.000
0.000
-0.436
-0.488
-0.436
-1.242
-1.242
-1.684
-0.436
-0.460
-0.533
-0.436
-0.533
-0.541
-0.436
-0.556
-0.460
-0.436
-0.436
-0.533
-1.533
-1.533
-1.555
0.091
0.085
0.088
0.077
0.091
0.091
0.069
0.077
0.091
0.091
0.088
0.077
0.088
0.077
0.077
0.088
0.077
0.088
0.075
0.077
0.077
0.077
0.091
0.077
0.080
0.077
0.091
-0.953
-0.948
-1.306
-0.436
-0.436
-0.436
-0.483
-0.436
-0.436
-0.436
-0.436
-0.541
-0.436
-0.436
-0.460
-0.436
-0.436
-0.436
-0.460
-0.460
-0.455
-0.436
-0.463
-0.436
-0.859
-0.910
-0.879
-1.555
-1.322
-1.533
0.088
0.072
-1.832
0.082
0.073
0.072
-1.759
0.085
0.089
-1.572
-1.556
-1.554
0.091
0.091
0.091
0.091
0.091
0.091
0.091
0.091
0.091
0.091
0.091
0.089
0.086
0.091
0.084
0.091
0.091
0.072
0.091
0.091
0.091
0.091
0.091
0.091
0.087
0.091
0.087
0.091
0.091
-3.200
0.091
0.091
0.091
0.091
0.091
0.081
0.091
0.091
0.091
0.091
0.091
0.091
0.091
0.091
0.091
0.091
0.091
0.087
0.072
0.091
0.091
0.091
0.091
0.091
0.091
0.091
0.090
0.091
0.091
0.085
0.084
0.091
0.091
0.076
0.089
0.081
0.091
0.091
-3.231
0.091
0.091
0.087
0.091
0.091
0.091
0.091
0.091
0.082
0.076
0.087
0.072
0.091
0.091
0.089
0.091
0.091
0.091
0.091
0.091
0.072
0.091
0.091
0.081
0.090
0.091
0.091
0.091
0.091
0.091
0.091
0.091
0.091
0.091
0.091
0.084
0.091
0.091
0.091
0.091
0.091
0.089
0.091
0.091
0.091
0.091
0.091
0.091
0.091
0.091
0.091
0.091
0.091
0.091
0.091
0.091
0.072
0.091
0.091
0.091
0.091
0.091
0.090
0.091
0.091
0.087
0.091
0.091
0.091
0.091
0.091
0.091
0.091
0.091
0.091
0.087
0.081
0.090
0.091
0.091
0.091
0.091
0.090
0.090
0.091
0.091
0.091
0.091
0.091
0.091
0.091
0.091
0.090
0.090
0.091
0.091
0.066
0.091
0.091
0.091
0.091
0.091
0.091
0.091
0.091
0.091
0.091
0.088
0.091
0.091
0.091
0.091
0.091
0.089
0.091
0.091
0.091
0.084
0.091
0.091
0.076
0.091
0.091
0.091
0.091
0.086
0.091
0.091
0.091
0.091
0.091
0.091
0.091
0.091
0.089
0.091
0.091
0.091
0.089
0.087
0.072
0.089
0.091
0.087
0.091
0.091
0.091
0.091
0.091
0.091
0.091
0.091
0.087
0.091
0.091
0.090
0.091
0.091
0.072
-1.791
0.091
0.091
0.091
0.090
0.084
0.091
0.091
0.091
0.086
0.091
0.091
0.091
0.091
0.091
0.091
0.091
0.091
0.091
0.091
0.091
0.091
0.091
0.087
0.091
0.091
0.091
0.091
0.081
0.081
0.081
0.081
0.081
0.081
0.081
0.081
0.081
0.081
0.081
0.081
0.081
0.081
0.081
0.081
0.075
0.081
0.081
0.081
0.081
0.081
-1.994
0.081
0.081
0.080
0.081
0.081
0.081
0.081
0.081
0.081
0.081
0.081
0.081
0.081
0.081
0.078
0.081
0.081
0.081
0.081
0.081
0.081
0.078
0.081
0.081
0.081
0.081
0.081
0.081
0.081
0.081
0.081
0.081
0.076
0.081
0.081
0.081
0.081
0.081
0.081
0.081
0.081
0.081
0.081
0.081
0.081
0.081
0.081
0.081
0.081
0.081
0.081
0.081
0.081
0.076
0.081
0.081
0.078
0.091
0.087
0.091
0.091
0.091
0.091
-0.967
-0.970
-0.970
0.091
0.091
0.091
0.087
0.091
0.072
0.087
0.091
0.091
0.087
0.091
0.091
0.091
0.089
0.091
0.091
0.091
0.089
-0.970
-0.970
-0.967
0.091
0.091
0.091
0.091
0.091
0.072
0.091
0.072
0.091
0.091
0.091
0.091
0.091
0.072
0.067
0.091
0.091
0.091
0.087
0.072
0.091
0.091
0.091
0.089
0.091
0.091
0.085
0.091
0.091
0.091
0.072
0.072
-4.217
-0.970
-0.970
-0.970
0.091
0.091
0.091
0.091
0.091
0.090
0.091
0.091
0.091
0.091
0.091
0.079
0.091
0.091
0.091
0.091
0.091
0.091
0.091
0.091
0.091
0.091
0.091
0.091
0.091
0.091
0.091
0.091
0.091
0.084
0.085
0.091
0.089
0.079
0.079
0.091
0.091
0.091
0.091
0.087
0.091
0.091
0.091
0.091
0.081
0.091
0.091
0.091
0.091
0.091
0.087
0.091
0.091
0.085
0.091
0.091
0.072
0.091
0.091
0.091
0.091
0.091
0.084
0.091
0.091
0.091
0.091
0.091
0.091
0.091
0.091
0.091
0.091
0.091
0.091
0.091
0.091
0.091
0.081
0.091
0.091
0.091
0.091
0.091
0.091
0.089
0.084
0.091
0.091
0.085
0.091
0.091
0.091
0.091
0.091
0.091
0.091
0.091
0.091
0.091
0.091
0.091
0.091
0.091
0.077
0.091
0.091
0.091
0.091
0.091
0.089
0.079
0.091
0.089
0.091
0.091
0.091
0.091
0.091
0.091
0.091
0.089
0.089
0.091
0.091
0.079
0.091
0.091
0.089
0.091
0.091
0.091
0.091
0.091
0.091
0.089
0.091
0.087
0.091
0.091
0.089
0.091
0.091
0.091
0.091
0.091
0.091
0.091
0.091
0.091
0.091
0.091
0.091
0.091
0.091
0.091
0.091
0.091
0.089
0.091
0.091
0.072
0.091
0.091
0.091
0.091
0.091
0.091
0.091
0.091
0.072
0.091
0.091
0.091
0.091
0.091
0.091
0.091
0.091
0.091
0.091
0.091
0.087
0.091
0.091
0.091
-0.467
-0.467
-0.467
0.072
0.091
0.091
0.068
0.091
0.087
0.086
0.091
0.086
0.091
0.091
0.073
0.091
0.091
0.091
0.091
0.091
0.091
0.091
0.068
0.086
0.091
0.091
0.091
0.091
0.091
0.091
0.091
0.091
0.076
0.089
0.091
0.090
0.091
0.091
0.091
0.091
0.090
0.087
0.087
0.091
0.091
0.091
0.091
0.087
0.091
0.091
0.091
0.091
0.091
0.091
0.091
0.090
0.091
0.091
0.081
0.091
0.091
0.091
0.081
0.087
0.091
0.090
0.068
0.091
0.089
0.091
0.091
0.091
0.072
0.091
0.086
0.091
0.091
0.089
0.091
0.081
0.089
0.090
0.089
0.091
0.090
0.089
0.087
0.091
0.091
0.086
0.091
0.091
0.091
0.091
0.091
0.091
0.089
0.091
0.091
0.091
0.079
0.091
0.091
0.091
0.091
0.091
0.091
0.091
0.087
0.091
0.089
0.091
0.091
0.091
0.091
0.091
0.091
0.091
0.091
0.091
0.091
0.091
0.091
0.091
0.091
0.089
0.091
0.091
0.091
0.091
0.091
0.089
0.091
0.091
0.091
0.091
0.091
0.091
0.091
0.091
0.085
0.091
0.091
0.091
0.091
0.090
0.072
0.091
0.091
0.072
0.091
0.091
0.091
0.091
0.091
0.087
0.091
0.091
0.072
0.091
0.091
0.090
0.091
0.091
0.090
0.089
0.091
0.068
0.091
0.091
0.091
0.091
0.091
0.091
0.091
0.091
0.091
0.091
0.091
0.090
0.072
0.091
0.091
0.091
0.091
0.091
0.091
0.091
0.091
0.091
0.091
0.091
0.089
0.091
0.091
0.091
0.091
0.091
0.072
0.091
0.091
0.091
0.091
0.091
0.091
0.091
0.088
0.091
0.091
0.089
0.091
0.091
0.091
0.088
0.091
0.089
0.090
0.091
0.091
0.072
0.091
0.072
