fixedStep chrom=ENSGT00530000064264 start=1 step=1
0.000
0.000
0.000
0.000
0.000
0.000
0.000
0.000
0.000
0.000
0.000
0.000
0.000
0.000
0.000
0.000
0.000
0.000
0.000
0.000
0.000
0.000
0.000
0.000
0.000
0.000
0.000
0.000
0.000
0.000
0.000
0.000
0.000
0.000
0.000
0.000
0.000
0.000
0.000
0.000
0.000
0.000
0.000
0.000
0.000
0.000
0.000
0.000
0.000
0.000
0.000
0.000
0.000
0.000
0.000
0.000
0.000
0.000
0.000
0.000
0.000
0.000
0.000
0.000
0.000
0.000
0.000
0.000
0.000
0.000
0.000
0.000
0.000
0.000
0.000
0.000
0.000
0.000
0.000
0.000
0.000
0.000
0.000
0.000
0.000
0.000
0.000
0.000
0.000
0.000
0.000
0.000
0.000
0.000
0.000
0.000
0.000
0.000
0.000
0.000
0.000
0.000
0.000
0.000
0.000
0.000
0.000
0.000
0.000
0.000
0.000
0.000
0.000
0.000
0.000
0.000
0.000
0.000
0.000
0.000
0.000
0.000
0.000
0.000
0.000
0.000
0.000
0.000
0.000
-3.442
-3.441
-3.433
-4.235
-3.250
-4.273
-3.282
-3.278
-3.250
0.084
0.084
0.084
-0.736
0.080
0.084
0.084
0.084
-0.736
0.084
0.084
-1.310
-0.084
-0.084
-0.084
-0.967
-0.880
-0.880
0.080
0.084
0.072
0.084
-0.736
0.084
0.084
0.084
0.084
0.084
0.084
-1.351
0.084
0.084
0.084
0.084
0.084
0.084
0.084
0.084
0.084
-2.093
0.084
0.084
0.084
0.084
0.084
0.084
0.084
0.084
-2.229
0.078
0.084
0.084
0.084
0.078
0.084
0.084
0.084
0.084
0.084
0.084
0.084
0.084
0.078
0.084
0.084
0.084
0.067
0.084
-1.431
0.084
0.084
0.084
0.073
0.084
0.084
0.084
0.084
0.077
0.084
0.084
0.084
0.084
0.084
0.084
0.084
0.084
0.081
0.084
0.084
0.083
0.067
0.084
0.081
0.084
0.084
0.084
0.084
0.084
0.078
0.084
0.084
0.084
0.084
0.084
0.084
0.084
0.084
0.080
0.084
0.083
0.081
0.084
0.083
-1.410
0.078
0.084
0.066
0.078
0.084
0.069
0.080
0.084
-1.382
0.084
0.084
0.084
0.084
0.084
0.084
0.084
0.084
0.084
0.084
0.084
0.084
0.081
0.084
0.084
0.084
0.084
0.080
0.073
0.073
0.084
0.084
0.084
0.078
0.084
0.084
0.084
0.084
-0.736
0.082
0.084
0.084
0.084
0.084
0.084
0.084
0.084
0.084
0.080
0.078
0.084
0.084
0.084
0.084
0.084
0.084
0.084
0.084
0.084
0.084
0.084
0.084
-1.307
-1.431
0.084
0.084
0.083
0.083
0.084
0.084
-0.736
0.084
0.084
0.084
0.084
0.084
0.084
0.084
0.084
0.084
0.084
0.084
0.084
0.083
0.084
0.084
0.084
0.084
0.084
0.084
0.084
0.084
0.084
0.084
0.077
-0.736
0.080
0.068
0.069
0.066
0.084
0.084
0.084
0.084
0.084
0.084
0.084
0.084
0.082
-0.738
-1.955
0.084
0.084
0.084
0.084
0.084
0.084
0.084
0.084
0.083
0.076
-0.880
-0.880
-1.552
0.000
0.000
0.000
0.000
0.000
0.000
0.000
0.000
0.000
