fixedStep chrom=ENSGT00390000012647 start=1 step=1
0.051
0.051
0.051
0.051
0.051
0.044
0.051
-1.173
0.051
0.051
0.051
0.051
0.051
0.051
0.051
0.051
0.051
0.046
0.051
0.051
0.051
0.051
0.051
0.051
0.051
0.051
0.050
0.051
0.051
0.051
0.051
0.051
0.051
0.051
0.051
0.051
0.051
0.051
0.050
0.051
0.051
-1.173
0.051
0.051
0.051
0.051
0.051
0.051
0.051
0.051
0.051
0.051
0.051
0.051
0.051
0.051
0.051
0.051
0.051
0.051
0.051
0.051
0.049
0.051
0.051
0.051
0.051
0.051
0.051
0.051
0.051
0.051
0.051
0.051
0.051
0.051
0.051
0.039
0.051
0.051
0.047
0.051
0.051
0.051
0.051
0.051
0.051
0.051
0.051
0.051
0.051
0.051
0.051
0.051
0.051
0.051
0.051
0.051
0.051
0.051
0.051
0.051
0.051
0.051
0.051
0.051
0.051
0.051
0.051
0.051
0.051
0.051
0.051
0.051
0.051
0.051
0.051
0.051
0.051
0.051
0.051
0.050
0.046
0.039
0.050
0.051
0.039
0.051
0.051
0.051
0.051
0.051
0.051
0.051
0.051
0.051
0.051
0.051
0.051
0.051
0.039
0.044
0.051
0.051
0.051
0.051
0.051
0.051
0.051
0.051
0.051
0.051
0.051
0.051
0.051
0.051
0.051
0.051
0.051
0.051
0.051
0.051
0.051
0.051
0.051
0.051
0.051
0.051
0.051
0.051
-1.974
0.047
0.051
0.051
0.051
0.051
0.051
0.051
0.051
0.050
0.051
0.051
0.050
0.051
0.050
0.051
0.051
0.050
0.051
0.051
0.051
0.051
0.051
0.051
0.051
0.051
0.051
0.051
0.051
0.047
0.047
0.051
0.051
0.051
