fixedStep chrom=ENSGT00390000016326 start=1 step=1
0.057
0.057
0.057
0.057
0.057
0.052
0.057
0.057
0.057
0.057
0.057
0.057
0.057
0.057
0.057
-1.125
-1.125
-1.125
0.054
-1.104
-1.119
0.057
0.057
0.046
0.057
0.057
0.057
0.057
-1.112
0.057
0.057
-1.104
-1.119
0.052
0.057
0.052
0.057
0.052
0.057
-1.125
-1.125
-1.125
-1.125
-1.125
-1.125
-1.125
-1.124
-1.125
0.057
0.057
0.057
0.057
0.057
0.052
0.057
0.057
0.057
0.057
0.052
0.043
0.057
0.057
0.057
0.057
0.057
0.057
-1.125
-1.125
-2.938
-1.125
-1.125
-1.125
-1.125
-1.125
-1.125
-1.125
-1.124
-1.125
-1.124
-1.125
-1.125
-1.119
0.057
0.057
0.057
0.052
-1.101
0.052
0.057
0.057
0.057
-1.104
0.055
0.054
0.057
0.050
0.057
0.057
0.057
0.057
0.057
0.057
-1.125
-1.124
-1.125
0.057
0.057
0.056
0.057
0.057
0.057
-1.125
-1.125
-1.125
-1.542
-1.124
-1.125
-1.125
-1.125
-1.125
-1.122
-1.119
0.057
-1.101
0.057
0.057
0.052
0.057
0.051
-1.104
-1.098
0.057
-1.118
-1.122
0.057
0.052
-1.104
0.052
0.057
0.057
0.057
-1.119
0.057
0.057
-1.112
0.057
0.048
-1.122
0.057
-1.122
-1.098
-1.119
0.057
-1.098
-1.119
0.057
-1.112
0.052
-2.265
0.052
0.057
0.057
0.057
-1.122
0.057
0.057
0.057
-1.122
-1.122
0.057
0.050
-1.104
-1.122
0.052
0.057
-1.104
0.056
-1.125
-1.125
-1.125
-1.125
-1.124
-1.125
-1.125
-1.125
-1.125
-1.125
-1.125
-1.124
-1.125
-1.125
-1.125
-1.125
-1.124
-1.125
0.057
0.057
0.054
0.057
0.057
0.057
0.057
0.057
0.056
0.057
0.057
0.057
0.057
0.057
0.054
0.054
0.057
0.057
0.057
0.057
0.056
0.057
0.057
0.057
0.057
0.057
0.057
0.057
0.057
0.057
0.057
0.057
0.057
0.057
0.057
0.057
0.057
0.057
0.057
0.057
0.057
0.057
0.057
0.057
0.057
0.057
0.057
0.057
0.057
0.057
0.057
0.057
0.057
-2.054
0.057
0.057
0.057
0.057
0.057
0.057
0.057
0.057
0.052
0.057
0.057
0.057
0.057
0.057
0.057
0.057
0.057
0.057
0.057
0.057
0.057
0.057
0.057
0.054
0.057
0.057
0.057
0.057
0.057
0.057
0.057
0.057
0.043
0.057
0.057
0.057
0.057
0.057
0.057
0.057
0.057
-1.965
0.057
0.057
0.057
0.057
0.057
0.057
0.057
0.057
0.057
0.057
0.057
0.057
0.057
0.057
0.054
0.057
0.057
0.057
0.057
0.057
0.057
0.057
0.057
0.057
0.057
0.057
0.052
0.057
0.057
0.057
0.057
0.057
0.057
0.057
0.057
0.052
0.057
0.057
0.057
0.057
0.057
0.057
0.057
0.057
0.057
0.057
0.057
0.052
0.057
0.057
0.054
0.057
0.057
0.056
0.057
0.057
0.057
0.057
0.057
0.057
0.057
0.057
0.056
0.057
0.057
0.056
0.057
0.057
0.057
0.057
0.057
0.050
0.057
0.057
0.051
0.057
0.057
0.057
0.057
0.057
0.057
0.057
0.057
0.057
0.057
0.057
0.057
0.057
0.057
0.057
0.057
0.057
0.057
0.057
0.057
0.057
0.057
0.057
0.057
0.057
0.057
0.057
0.057
0.057
0.056
0.057
0.057
0.057
0.057
0.057
0.052
0.057
0.057
0.057
0.057
0.057
0.057
0.057
0.057
0.057
0.057
0.057
0.051
0.057
0.057
0.057
0.057
0.057
0.057
0.057
0.057
0.057
0.057
0.057
0.057
0.057
0.057
0.057
0.057
0.057
0.057
0.057
0.057
0.057
0.057
0.057
0.057
0.057
0.057
0.057
0.057
0.057
0.054
0.057
0.057
0.057
0.057
0.057
0.057
0.057
0.057
0.057
0.057
0.057
0.057
0.057
0.057
0.057
0.057
0.057
0.054
0.057
0.057
0.057
0.057
0.057
0.057
0.057
0.057
0.057
0.057
0.057
0.057
0.057
0.057
0.057
0.057
0.057
0.043
0.057
0.057
0.057
0.057
0.057
0.057
0.057
0.057
0.057
0.057
0.057
0.057
0.057
0.057
0.057
0.057
0.057
0.057
0.057
0.057
0.057
0.057
0.057
0.057
0.057
0.057
0.057
0.057
0.057
0.057
0.050
0.057
0.057
0.057
0.057
0.057
0.057
0.057
0.043
0.057
0.057
0.055
0.057
0.057
0.057
0.057
0.057
0.055
0.057
0.057
0.057
0.057
0.057
0.057
0.057
0.057
0.057
0.057
0.057
0.043
0.057
0.057
0.057
0.054
0.057
0.057
0.057
0.057
0.057
0.057
0.057
-1.122
0.057
0.057
0.057
0.057
0.057
0.057
0.057
0.057
0.057
0.057
0.057
0.057
0.057
0.057
0.057
0.057
0.057
0.057
0.057
0.057
0.057
0.057
0.057
0.055
0.057
0.057
0.057
0.057
0.057
0.057
0.057
0.057
0.041
0.057
0.057
0.057
0.057
0.057
0.057
0.043
0.057
0.057
0.057
0.057
0.057
0.057
0.057
0.057
0.054
0.057
0.057
0.057
0.057
0.051
0.057
0.057
0.057
0.057
0.057
0.057
0.056
0.057
0.057
0.057
0.057
0.057
0.057
0.057
0.054
0.057
0.057
0.057
0.057
0.057
0.057
0.057
0.057
0.057
0.057
0.057
0.057
0.057
0.057
0.057
0.057
0.057
0.057
0.057
0.057
0.057
0.057
0.057
0.054
0.057
0.057
0.054
0.057
0.057
0.057
0.057
0.057
0.057
0.057
0.057
0.057
0.057
0.057
0.057
0.056
0.057
0.057
0.057
0.057
0.057
0.057
0.057
0.057
0.057
0.057
0.057
0.057
0.057
0.051
0.057
0.057
0.057
0.057
0.057
0.057
0.057
-1.118
0.055
0.057
0.057
0.057
0.057
0.057
0.057
0.057
0.057
0.057
-1.119
0.057
0.057
0.057
0.057
0.057
0.056
0.057
0.057
0.057
0.057
0.057
0.057
0.057
0.057
0.057
0.057
0.056
0.057
0.057
0.057
0.057
0.057
0.057
0.057
0.057
0.057
0.057
0.057
0.057
0.057
0.057
0.057
0.057
0.057
0.057
0.057
0.057
0.056
0.057
0.057
0.057
0.057
0.057
0.057
0.057
0.057
0.053
0.057
0.057
0.057
0.057
0.057
0.057
0.057
0.057
0.057
0.057
0.057
0.057
0.057
0.057
0.057
0.057
0.057
0.057
0.057
0.057
0.057
0.057
0.057
0.057
0.057
0.057
0.054
0.057
0.057
0.057
0.057
0.057
0.057
0.057
0.057
0.057
0.057
0.057
0.057
0.057
0.057
0.043
0.057
0.057
0.057
0.057
0.057
0.057
0.057
0.057
0.057
0.057
0.057
0.057
0.057
0.057
0.057
0.057
0.057
0.057
0.057
0.057
0.056
0.057
0.057
0.057
0.057
0.057
0.057
0.057
0.057
0.057
0.057
0.057
0.057
0.057
0.057
0.054
0.057
0.057
0.057
0.057
0.057
0.050
0.057
0.057
0.057
0.057
0.057
0.057
0.054
0.057
0.057
0.057
0.057
0.057
0.057
0.057
0.057
0.057
0.057
0.057
0.057
0.057
0.057
0.057
0.057
0.057
0.057
0.057
0.057
0.057
0.057
0.057
0.057
0.057
0.051
0.057
0.057
0.057
0.057
0.057
0.057
0.057
0.057
0.046
0.057
0.057
0.054
0.057
0.057
-1.104
0.057
0.057
0.057
0.057
0.057
0.057
0.057
0.057
0.057
0.057
0.057
0.057
0.057
0.057
0.057
0.057
0.057
0.057
0.057
0.057
0.057
0.057
0.057
0.056
0.057
0.057
0.057
0.057
0.057
0.057
0.057
0.057
0.057
0.057
0.057
0.057
0.057
0.057
0.057
0.057
0.057
0.057
0.057
0.057
0.057
0.057
0.057
0.057
0.057
0.057
0.057
0.057
0.057
0.057
0.057
0.057
0.057
0.057
0.057
0.057
0.057
0.057
0.057
0.057
0.057
0.057
0.057
0.057
0.055
0.057
0.057
0.057
0.057
0.057
0.057
0.057
0.057
0.057
0.057
0.057
0.057
0.057
0.057
0.057
0.057
0.057
0.055
0.057
0.057
0.057
0.057
0.057
0.057
0.057
0.057
0.057
0.057
0.057
0.052
0.057
0.057
-1.112
0.043
0.057
0.057
0.057
0.057
0.057
0.057
0.057
0.057
0.057
0.057
0.057
0.057
0.057
0.057
0.057
0.057
0.057
0.057
0.057
0.057
0.057
0.057
0.057
0.057
0.057
0.057
0.057
0.057
0.057
0.057
0.057
0.057
0.057
0.057
0.057
0.057
0.057
0.052
0.057
0.057
0.056
0.057
0.057
0.043
0.057
0.057
0.057
0.043
0.057
-1.119
0.057
0.057
0.057
0.057
0.057
0.057
0.057
0.057
0.057
0.057
0.057
0.057
0.057
0.057
0.043
0.057
0.057
0.057
0.057
0.057
0.057
0.057
0.057
0.055
0.057
0.057
0.050
0.057
0.057
0.052
0.057
0.057
0.043
0.057
0.057
0.057
0.057
0.057
0.057
0.057
0.057
0.054
0.054
0.057
0.057
0.057
0.057
0.052
0.054
0.057
0.057
0.057
0.057
0.057
0.057
0.057
0.056
0.057
0.057
0.056
0.057
0.057
0.057
0.057
0.057
0.057
0.057
0.057
0.057
0.057
0.057
0.057
0.057
0.057
0.043
0.057
0.057
0.057
0.057
0.057
0.057
0.057
0.057
0.055
0.057
0.057
0.056
0.057
0.057
0.057
0.057
0.057
0.057
0.057
0.057
0.057
0.057
0.057
0.052
0.057
0.057
0.057
0.057
0.057
0.057
0.057
0.057
0.052
0.057
0.057
0.057
0.057
0.057
0.057
0.057
0.057
0.057
0.057
0.057
0.057
0.057
0.057
0.057
0.057
0.057
0.057
0.057
0.057
0.057
0.000
0.000
0.000
0.000
0.000
0.000
0.000
0.000
0.000
0.000
0.000
0.000
0.000
0.000
0.000
0.000
0.000
0.000
0.000
0.000
0.000
0.000
0.000
0.000
0.000
0.000
0.000
0.000
0.000
0.000
0.000
0.000
0.000
0.000
0.000
0.000
0.000
0.000
0.000
0.000
0.000
0.000
0.000
0.000
0.000
0.000
0.000
0.000
0.000
0.000
0.000
