fixedStep chrom=ENSGT00390000015820 start=1 step=1
0.094
0.095
0.094
0.094
0.095
0.094
0.095
0.094
0.094
0.083
0.095
0.095
0.094
0.094
0.094
0.094
0.094
0.087
-0.349
-0.349
-0.350
0.094
0.090
0.094
0.094
0.094
0.087
0.094
0.090
0.090
0.094
0.094
0.094
0.094
0.075
-0.655
0.090
-1.292
0.094
-1.634
0.091
0.095
0.079
0.094
0.090
-1.576
-1.430
-0.744
-1.434
-0.746
-0.745
-2.933
-1.428
-0.745
-0.958
-0.745
-0.866
-0.915
-1.548
-0.746
-0.746
-0.947
-0.948
-0.947
-0.745
-0.746
-0.633
-0.657
-1.389
0.094
0.094
0.091
0.094
0.094
-1.944
-0.633
0.079
0.094
0.094
0.094
0.090
0.094
0.087
0.087
-0.661
0.094
0.091
0.084
-0.655
0.083
0.087
0.094
0.087
0.094
0.090
0.090
0.094
0.090
0.090
0.095
0.094
0.094
0.094
0.095
0.090
0.094
0.094
0.087
0.095
0.094
0.090
0.094
0.094
0.094
0.095
0.095
0.087
0.094
0.094
0.094
-0.657
0.094
0.094
0.087
0.095
0.095
0.095
0.094
0.090
0.094
0.094
0.094
0.094
0.094
0.094
0.094
0.094
-0.661
0.094
0.095
0.094
0.075
0.090
0.094
-0.657
0.090
0.094
-1.325
0.094
0.091
-1.470
0.090
0.090
-1.328
0.075
0.090
0.090
0.078
0.094
0.087
0.078
0.094
-1.540
-1.631
0.084
0.079
0.090
0.090
0.090
0.090
0.094
-0.521
-0.349
-0.521
-1.651
0.094
-0.633
0.075
0.094
0.094
0.094
-0.655
0.094
0.075
0.094
0.094
0.094
0.094
0.091
0.094
0.094
0.087
0.094
0.094
0.094
0.091
0.094
-1.416
0.094
0.090
-0.655
0.094
0.094
0.094
0.094
0.094
0.094
0.094
0.094
0.094
0.075
0.094
0.094
0.094
0.094
0.075
0.090
0.095
-0.633
0.094
0.094
0.090
0.094
0.095
0.090
0.094
0.094
0.094
0.094
0.094
0.090
-1.537
0.095
0.094
0.094
0.094
0.094
0.094
0.094
0.078
0.094
0.094
0.094
0.094
0.094
-1.550
0.094
0.094
0.094
0.094
0.094
0.087
0.094
-1.362
0.094
0.094
0.094
0.094
-1.530
0.094
0.087
0.094
0.094
0.087
0.075
0.095
0.094
0.094
0.090
0.094
0.094
0.093
0.094
0.094
0.094
0.087
0.095
0.094
0.090
0.095
0.095
0.090
0.094
0.094
0.094
0.094
0.094
0.094
-0.655
0.091
0.094
0.094
0.094
0.090
0.094
0.087
0.094
0.090
0.091
0.069
-1.321
0.094
0.095
0.094
0.094
0.094
0.090
0.094
0.094
0.079
0.094
0.090
0.094
0.095
0.094
0.087
0.095
0.090
0.075
0.094
0.094
0.094
0.094
0.094
0.094
0.090
0.094
0.094
0.094
0.094
0.075
-0.655
0.087
0.094
0.094
0.094
0.095
0.094
0.095
0.094
0.094
0.094
0.094
0.075
0.094
0.076
0.094
0.094
0.090
0.094
0.084
0.095
0.094
0.094
0.079
0.094
-1.779
0.090
0.094
0.087
0.094
0.094
0.094
0.094
0.094
0.094
0.094
0.094
0.075
0.095
0.094
0.094
0.094
0.094
0.090
0.094
0.094
0.084
0.094
0.095
0.094
0.094
0.094
0.095
0.094
0.094
0.094
0.095
0.094
0.094
0.094
0.094
0.075
-0.655
0.090
0.094
0.094
0.094
0.094
0.094
0.095
0.084
0.094
0.094
0.094
0.094
-1.952
0.090
0.075
0.094
0.090
0.094
0.094
-1.196
0.094
0.094
0.094
-0.657
0.094
-1.411
0.094
0.095
0.094
0.094
0.094
0.087
0.075
0.094
0.094
0.095
0.094
0.094
0.094
0.095
0.094
0.091
0.095
0.094
0.094
0.094
0.094
0.094
0.094
0.090
0.094
0.094
0.094
0.094
0.094
0.090
0.094
0.094
0.083
0.095
0.091
0.094
0.079
0.094
0.094
0.079
0.094
0.079
-0.633
0.094
0.087
0.094
0.094
0.090
0.094
0.094
0.094
0.094
0.095
0.074
0.079
0.094
0.094
-0.633
0.094
0.094
0.094
0.090
0.094
0.094
0.094
0.094
0.094
0.095
0.094
0.094
0.094
0.090
0.094
0.094
0.094
0.094
0.094
0.087
0.094
0.094
0.094
0.091
0.095
0.094
0.094
0.090
0.090
0.094
0.094
0.094
0.094
0.095
0.090
0.094
0.094
0.094
0.094
0.094
0.087
0.094
0.095
-1.220
0.094
0.094
0.090
0.075
0.095
0.090
0.094
0.087
0.094
0.094
0.095
0.090
0.075
0.094
0.094
0.091
-1.501
0.090
0.094
0.091
0.087
0.095
0.095
0.094
0.094
0.095
0.094
0.094
0.069
0.094
0.079
0.094
0.094
0.094
0.093
0.093
0.094
0.094
0.087
0.094
0.094
0.094
0.094
0.094
0.094
0.094
0.087
0.087
0.094
0.094
0.095
0.094
0.094
0.087
0.094
0.094
0.090
0.094
0.094
0.090
0.094
0.094
0.094
0.094
0.091
0.087
0.094
0.094
0.094
0.094
0.094
0.094
0.095
0.095
0.094
0.087
0.094
0.095
0.090
0.094
0.094
-0.746
-0.745
-0.746
0.023
0.023
0.023
-0.947
-0.746
-0.893
-0.746
-0.745
-0.916
0.094
0.094
-1.508
0.083
0.094
0.087
0.094
0.094
0.094
0.094
-1.944
-1.746
0.087
0.094
0.091
0.094
0.094
0.094
0.090
0.094
0.094
0.094
0.090
0.094
0.094
0.094
0.094
0.094
0.094
0.087
0.094
0.094
0.079
0.094
0.094
0.094
0.094
0.094
0.090
0.094
0.095
0.094
0.094
0.094
0.090
0.087
0.094
0.090
0.094
0.094
0.094
0.094
0.090
0.075
0.094
0.094
0.094
