fixedStep chrom=ENSGT00510000048573 start=1 step=1
0.055
0.055
0.055
0.055
0.055
0.055
0.055
0.055
0.055
0.055
0.055
0.055
0.055
0.055
0.051
0.055
0.055
0.055
0.055
0.055
0.055
0.055
0.055
0.055
0.055
0.055
0.054
0.055
0.055
0.054
0.055
0.055
-1.097
0.055
0.055
0.055
0.055
0.055
0.055
0.055
0.055
0.055
0.055
0.055
0.053
0.055
0.055
0.055
0.055
0.055
0.055
0.055
0.055
0.055
0.055
0.055
0.051
0.053
0.055
0.055
0.055
0.055
0.053
0.055
0.055
0.055
0.053
0.055
0.055
0.055
0.055
0.047
0.055
0.049
0.055
0.055
0.055
-1.109
0.054
0.054
0.054
-2.594
0.049
0.047
0.055
0.055
0.055
0.055
0.055
0.051
0.055
-1.092
0.055
0.055
0.055
-1.109
0.055
0.055
0.045
0.055
0.049
0.054
0.055
0.055
0.051
-1.097
0.055
0.055
0.055
0.055
-2.103
0.055
0.055
0.055
0.055
0.045
0.053
0.055
0.047
0.055
0.055
0.055
0.053
0.055
0.053
0.055
0.055
0.055
0.055
0.054
0.055
0.055
0.055
0.055
0.055
0.055
0.055
0.055
0.055
0.055
0.051
0.055
0.055
0.055
-0.370
-0.370
-0.370
0.055
0.055
0.055
0.055
0.055
0.055
0.055
0.055
0.055
0.055
-1.089
0.055
0.051
0.055
-1.097
-1.109
-1.977
-1.103
0.000
0.000
0.000
0.000
0.000
0.000
0.000
0.000
0.000
0.055
0.055
0.055
0.055
0.055
0.055
0.055
0.053
0.055
0.055
0.055
0.055
0.055
0.055
0.055
0.055
0.055
0.055
0.046
0.055
0.055
0.055
0.055
0.055
0.055
0.055
0.045
0.055
0.055
0.055
0.055
0.055
0.055
0.055
0.055
0.055
0.055
0.055
0.055
0.055
0.055
0.055
0.055
0.055
0.055
0.055
0.055
0.055
0.055
0.055
0.051
0.055
0.055
0.055
0.055
0.055
0.055
0.055
0.055
0.055
0.055
0.055
0.055
0.055
0.055
0.055
0.055
0.055
-1.109
0.055
0.055
0.055
0.055
0.055
0.055
0.054
0.055
0.055
0.055
0.055
0.055
0.053
0.055
0.055
0.055
0.055
0.045
0.055
0.055
-1.904
0.055
0.055
0.053
-0.396
-0.396
-0.396
-0.396
-0.396
-0.396
0.045
0.055
0.045
0.055
0.053
-1.961
0.046
0.055
0.055
0.055
0.055
0.055
0.055
0.055
0.055
0.055
0.055
0.055
0.055
0.055
0.055
0.055
0.055
0.045
0.055
0.055
-2.514
-1.273
-1.273
-2.180
-1.273
-1.273
-1.293
0.055
-1.109
0.055
0.055
0.055
0.054
0.055
0.055
0.055
0.055
0.055
0.055
0.055
0.055
0.055
0.055
0.054
0.053
0.055
0.055
0.055
0.055
0.049
0.055
0.055
0.055
0.046
0.055
0.045
0.055
0.055
0.055
0.055
0.054
0.055
-1.113
0.055
0.055
0.055
0.055
0.055
0.055
0.055
0.055
0.055
0.055
0.055
0.055
0.055
0.055
0.055
0.055
0.053
0.055
0.055
0.055
0.055
0.055
0.055
0.055
0.055
0.045
0.055
0.055
0.055
0.055
0.055
0.053
0.055
0.055
0.055
0.055
0.055
0.053
0.055
0.055
0.053
0.055
0.055
0.055
0.055
0.055
0.055
0.055
0.053
0.055
0.055
0.055
0.055
0.055
0.055
0.055
0.055
0.055
0.055
0.055
0.055
0.055
0.055
0.055
0.055
0.055
0.055
0.047
0.055
-1.097
0.055
0.055
0.055
0.055
0.055
0.055
0.055
0.055
0.055
0.055
0.055
0.055
0.055
0.055
0.049
0.055
0.054
0.055
0.055
-1.109
0.055
0.053
0.048
0.055
0.055
0.055
0.054
0.055
0.055
0.055
0.055
0.055
0.051
0.055
0.055
0.055
0.055
0.055
0.055
0.055
0.055
0.055
0.055
0.055
0.055
0.055
0.055
0.054
0.055
-1.109
0.055
0.055
0.055
0.055
0.055
0.054
0.055
0.055
0.054
0.055
0.055
0.055
0.055
0.055
0.055
0.055
0.055
0.051
0.055
0.055
0.055
0.055
0.055
0.055
0.055
0.055
-1.092
0.055
0.055
0.055
0.055
0.055
0.055
0.055
0.055
0.055
0.055
0.055
0.055
0.055
0.055
0.055
0.055
0.055
0.055
0.055
0.055
0.055
0.055
0.055
0.055
0.055
0.055
0.055
0.055
0.055
0.053
0.055
0.055
-1.097
0.055
0.055
0.055
0.055
0.055
0.055
0.055
0.055
0.055
0.055
0.055
0.055
0.055
0.055
0.055
0.055
0.055
0.055
0.055
0.055
0.055
-1.089
0.055
0.055
0.055
0.055
-1.097
0.055
0.055
0.055
0.055
0.055
0.055
0.055
0.055
0.053
0.055
0.055
0.051
0.055
0.055
0.055
0.055
0.055
0.055
0.055
0.055
0.055
0.055
0.055
0.054
0.055
0.055
0.055
0.055
0.055
0.055
0.055
0.055
0.055
0.055
0.055
0.055
0.055
0.055
0.047
0.055
0.055
0.055
0.055
0.055
0.055
0.055
0.055
0.055
0.055
0.055
0.055
0.055
0.055
0.051
0.055
0.055
0.055
