fixedStep chrom=ENSGT00390000015505 start=1 step=1
0.000
0.000
0.000
0.000
0.000
0.000
0.000
0.000
0.000
0.000
0.000
0.000
0.000
0.000
0.000
0.000
0.000
0.000
0.000
0.000
0.000
0.000
0.000
0.000
0.000
0.000
0.000
0.000
0.000
0.000
0.000
0.000
0.000
0.000
0.000
0.000
0.000
0.000
0.000
0.000
0.000
0.000
0.000
0.000
0.000
0.000
0.000
0.000
0.000
0.000
0.000
0.000
0.000
0.000
0.000
0.000
0.000
0.000
0.000
0.000
0.000
0.000
0.000
0.000
0.000
0.000
0.000
0.000
0.000
0.000
0.000
0.000
0.000
0.000
0.000
0.000
0.000
0.000
0.000
0.000
0.000
0.000
0.000
0.000
0.000
0.000
0.000
0.000
0.000
0.000
0.000
0.000
0.000
0.000
0.000
0.000
0.000
0.000
0.000
0.000
0.000
0.000
0.080
0.080
0.080
0.080
0.080
0.080
0.080
0.080
0.080
0.080
0.080
0.074
0.080
0.080
0.080
0.080
0.080
0.080
0.080
0.080
0.080
0.080
0.080
0.078
0.080
0.080
0.077
0.080
0.080
0.075
0.080
0.080
0.076
0.080
0.080
0.073
0.080
0.080
0.080
0.080
0.080
0.080
0.080
0.080
0.080
0.080
0.080
0.075
0.080
0.080
0.075
0.080
0.080
0.080
0.080
0.080
0.080
0.080
0.080
0.080
0.080
0.080
0.080
0.080
0.080
0.080
0.080
0.080
0.080
-0.154
-0.154
-0.154
0.080
0.069
0.069
0.069
0.069
0.069
0.069
0.069
0.068
0.069
0.069
0.069
0.069
0.069
0.069
0.069
0.069
0.069
0.069
0.069
0.069
0.069
0.069
0.069
0.069
0.069
0.069
0.069
0.069
0.061
0.069
0.069
0.069
0.069
0.069
0.069
0.069
0.069
0.069
-0.991
0.069
0.066
0.069
0.069
0.069
0.069
0.069
0.066
0.069
0.069
0.061
0.069
0.069
0.069
0.069
0.069
0.061
0.069
0.069
0.066
0.069
0.069
0.069
0.069
0.069
0.069
0.069
0.069
0.066
0.069
0.069
0.066
0.069
0.069
-2.272
0.069
0.069
0.061
0.069
0.069
0.069
0.069
0.069
0.069
0.069
0.069
0.066
0.069
0.069
0.069
0.069
0.069
0.069
0.069
0.069
0.069
0.069
0.069
0.069
0.069
0.069
0.061
0.069
0.069
0.069
0.069
0.069
0.069
0.069
0.069
0.069
0.069
0.069
0.069
0.069
0.069
0.069
0.069
0.069
0.069
0.069
0.069
0.069
0.069
0.069
0.061
0.069
0.069
0.069
0.069
0.069
-0.980
0.069
0.069
0.066
0.069
0.069
-0.991
0.069
0.069
0.069
0.069
0.069
0.069
0.069
0.069
0.069
0.069
0.069
0.069
0.069
0.069
0.069
0.061
0.069
0.069
0.069
0.069
0.078
0.080
0.080
0.080
0.080
0.080
0.080
0.080
0.080
0.080
0.080
0.080
0.080
0.080
0.080
0.077
0.080
0.080
0.080
-0.797
0.080
0.080
0.080
0.080
0.080
0.058
0.080
0.080
0.080
0.080
0.080
0.080
0.080
0.080
0.080
0.080
0.073
0.080
0.080
0.080
0.080
0.080
0.080
0.080
0.080
0.080
0.080
0.080
0.075
0.080
0.080
0.075
0.079
0.080
0.080
0.078
0.075
0.080
0.080
0.080
-1.703
0.080
0.080
-0.800
0.080
0.080
0.080
0.080
0.080
0.080
0.080
0.080
0.080
0.080
0.080
0.080
0.080
0.080
0.067
0.080
0.080
0.075
-0.797
0.075
0.080
0.072
0.080
0.075
0.080
0.080
0.067
0.067
0.080
-2.193
0.080
0.080
0.075
0.080
0.080
0.078
0.080
0.080
0.079
0.080
0.080
0.080
0.080
0.080
-1.713
0.080
0.080
0.078
0.080
0.080
0.080
0.080
0.080
0.075
0.080
0.080
0.080
0.080
0.080
0.080
0.080
0.080
0.078
0.067
0.080
0.072
0.075
0.080
0.080
0.080
0.080
0.075
0.080
0.080
0.057
0.080
0.080
0.080
0.080
0.080
-0.800
0.080
0.080
0.080
0.080
0.080
0.080
0.080
0.080
0.078
0.080
0.080
0.076
0.080
0.080
0.075
0.080
0.080
-1.517
0.080
0.080
0.080
0.080
0.080
0.078
0.080
0.080
0.073
0.058
0.076
0.075
-1.503
0.080
-0.633
-1.010
-1.811
-1.602
0.080
0.080
0.075
0.076
0.080
0.080
0.080
0.080
0.080
0.080
0.080
0.075
0.080
0.080
0.080
0.080
0.080
0.080
0.080
0.080
0.076
0.080
0.080
-2.213
0.080
0.080
0.075
0.080
0.080
0.080
0.080
0.080
0.074
0.080
0.076
0.080
0.080
0.080
-0.774
0.080
0.080
0.079
0.080
0.080
0.080
0.075
0.080
-1.503
0.080
0.080
0.080
0.080
0.080
0.080
0.080
0.080
0.080
0.080
0.080
0.080
0.080
0.079
0.080
0.080
0.080
0.080
0.080
0.080
0.080
0.080
0.080
0.080
0.080
0.080
0.080
0.080
0.080
0.080
0.080
0.080
0.080
0.080
0.080
0.080
0.080
0.080
-1.716
0.080
0.080
-2.274
0.075
0.080
0.080
0.080
0.080
0.067
0.080
0.080
0.075
0.080
0.080
0.076
0.080
0.080
0.080
0.080
0.080
0.080
0.080
0.080
0.080
0.080
0.080
0.080
0.080
0.080
0.075
0.080
0.080
0.080
0.080
0.080
0.080
0.080
0.080
0.075
0.080
0.080
0.076
0.080
0.080
-0.797
0.080
0.080
0.078
0.080
0.075
-1.558
0.080
0.080
-0.800
0.080
0.080
0.080
0.080
0.080
0.080
0.080
0.080
0.080
0.080
0.080
0.080
0.080
0.080
-1.496
0.080
0.080
0.080
0.080
0.080
0.075
0.080
0.080
0.067
0.080
0.080
0.080
0.080
0.080
0.080
0.080
0.080
0.080
0.080
0.080
0.065
0.080
0.080
0.080
0.080
0.080
0.080
0.080
0.080
0.057
0.080
0.080
-0.797
0.080
0.080
0.080
0.080
0.076
0.080
0.080
0.080
0.080
0.080
0.080
0.074
0.080
0.080
-2.185
0.080
0.080
-1.977
0.080
0.080
0.080
0.080
0.080
0.080
0.080
0.080
0.072
0.080
0.080
0.080
0.080
0.080
0.080
0.080
0.080
0.075
0.080
0.080
0.057
0.080
0.080
0.080
0.080
0.080
0.080
0.080
0.080
0.080
0.080
0.080
0.073
0.080
0.080
0.080
0.080
0.080
0.075
0.080
0.080
0.075
0.080
0.080
0.080
0.080
0.080
0.080
0.080
0.080
0.080
0.080
0.080
0.075
0.080
0.080
0.073
0.080
0.080
0.080
0.080
0.080
0.080
0.080
0.080
0.058
0.080
0.080
0.075
0.080
0.080
0.080
0.080
0.080
0.080
0.080
0.080
0.080
0.080
0.080
0.075
0.080
0.080
0.080
0.080
0.080
-1.556
0.080
0.080
-0.797
0.080
0.080
0.077
0.080
0.080
0.080
-1.010
-1.007
-1.010
0.080
0.080
0.080
0.080
0.080
0.080
0.080
0.080
0.080
0.080
0.080
0.080
0.080
0.080
0.080
0.080
0.080
0.073
0.080
0.080
0.072
0.080
0.080
0.080
0.080
0.080
0.080
0.080
0.080
0.075
0.080
0.080
0.076
0.080
0.080
0.075
0.080
0.080
0.080
0.080
0.080
0.080
0.080
0.080
0.080
0.080
0.080
0.078
0.080
0.080
0.080
0.080
0.080
0.080
0.080
0.080
0.080
0.080
0.080
0.080
0.080
0.080
0.080
0.080
0.080
0.080
0.080
0.080
0.080
0.080
0.080
0.067
0.080
0.080
0.080
0.080
0.072
0.080
0.080
0.080
-1.712
0.080
0.080
0.080
0.080
0.080
0.076
0.080
0.080
0.080
0.080
0.080
0.072
0.080
0.080
0.077
0.080
0.080
-1.556
0.080
0.080
0.080
0.080
0.080
0.080
0.080
0.080
0.075
0.080
0.080
0.057
-1.845
-1.818
-2.420
-1.845
-1.843
-1.849
-1.845
-1.849
-1.849
0.080
0.080
0.075
0.080
0.080
0.076
0.080
0.080
-2.182
0.080
0.080
0.080
0.080
0.080
0.075
0.080
0.080
0.073
0.080
0.080
0.080
0.080
0.080
0.077
0.080
0.080
0.080
0.080
0.080
0.080
0.080
0.080
0.080
0.080
0.080
0.080
0.080
0.080
0.076
0.080
0.080
-1.713
0.080
0.080
0.080
0.080
0.080
0.076
0.080
0.080
-2.852
0.080
0.080
0.080
0.080
0.080
0.076
0.080
0.080
0.080
0.080
0.080
0.080
0.080
0.080
0.080
0.080
0.080
0.080
