fixedStep chrom=ENSGT00550000074853 start=1 step=1
0.064
0.064
0.064
0.064
0.064
0.064
0.062
0.064
0.064
0.064
0.057
0.064
0.064
0.056
0.056
0.056
0.056
0.056
0.056
0.056
0.056
0.056
0.056
0.056
0.056
0.056
0.054
0.056
0.056
0.056
0.056
0.056
0.056
0.056
0.056
0.056
0.056
0.056
0.056
0.056
0.056
0.054
0.056
0.056
0.056
0.056
0.056
0.056
0.056
0.056
0.056
0.056
0.056
0.056
0.056
0.054
0.056
0.056
0.056
0.056
0.056
0.056
0.056
0.056
0.056
0.056
0.056
0.056
0.054
0.056
0.056
0.056
0.056
0.056
0.054
0.056
0.056
0.056
0.056
0.056
0.056
0.054
0.056
0.056
0.056
0.056
0.046
0.056
0.056
0.056
0.054
0.056
0.056
0.056
0.056
0.056
0.056
0.056
0.054
0.056
0.056
0.056
0.056
0.056
0.056
0.048
0.056
0.056
0.056
0.056
0.056
0.056
0.056
0.056
0.056
0.056
0.056
0.056
0.056
0.056
0.056
0.056
0.056
0.056
0.056
0.056
0.056
0.056
0.056
0.056
0.056
0.056
0.056
0.056
0.056
0.056
0.056
0.054
0.056
0.056
0.053
0.056
0.056
0.054
0.056
0.056
0.054
0.056
0.056
0.056
0.056
0.056
0.056
0.056
0.056
0.045
0.056
0.056
0.056
0.056
0.056
0.054
0.056
0.056
0.056
0.056
0.056
0.056
0.056
0.056
0.056
0.056
0.056
0.054
0.056
0.056
0.056
0.056
0.056
0.056
0.056
0.056
0.056
0.056
0.056
0.053
0.056
0.056
0.056
0.056
0.056
0.046
0.056
0.056
0.056
0.056
0.056
0.054
0.056
0.056
0.056
0.056
0.056
0.054
0.056
0.056
0.056
0.056
0.056
0.056
0.056
0.056
0.056
0.056
0.056
0.054
0.056
0.056
0.055
0.056
0.056
0.056
0.056
0.056
0.056
0.056
0.056
0.056
0.056
0.056
0.056
0.056
0.056
0.056
0.056
0.056
0.046
0.056
0.056
0.056
0.056
0.056
0.056
0.056
0.056
0.056
0.056
0.056
0.056
0.056
0.056
0.053
0.056
0.056
0.056
0.056
0.056
0.056
0.056
0.056
0.056
0.056
0.056
0.056
0.056
0.056
0.056
0.056
0.056
0.056
0.056
0.056
0.056
0.056
0.056
0.056
0.056
0.056
0.056
0.056
0.056
0.056
0.056
0.056
0.056
0.056
0.056
0.056
0.056
0.056
0.056
0.056
0.056
0.056
0.056
0.056
0.056
0.056
0.056
0.056
0.056
0.056
0.056
0.056
0.056
0.054
0.056
0.056
0.056
0.056
0.056
0.056
0.056
0.056
0.056
0.056
0.056
0.056
0.056
0.056
0.054
0.056
0.056
0.056
0.056
0.054
0.052
0.056
0.056
0.054
0.056
0.056
0.056
0.056
0.056
0.056
0.056
0.056
0.054
0.054
0.056
0.056
0.056
0.056
0.056
0.056
0.056
0.054
0.056
0.056
0.056
0.056
0.056
0.056
0.056
0.056
0.056
0.056
0.056
0.056
0.056
0.056
0.054
0.056
0.056
0.052
0.056
0.056
0.056
0.064
0.058
0.064
0.064
0.064
0.064
0.062
0.064
0.064
0.064
0.064
0.064
0.064
0.064
0.060
0.064
0.064
0.064
0.064
0.064
0.064
0.064
0.064
0.064
0.064
0.064
0.064
0.064
0.064
0.064
0.064
0.064
0.064
0.060
0.064
0.064
0.064
0.064
0.064
0.064
0.064
0.062
0.064
0.064
0.062
0.064
0.064
0.064
0.064
0.064
0.064
0.064
0.064
0.059
0.064
0.064
0.062
0.064
0.064
0.063
0.064
0.064
0.064
0.064
0.064
0.064
0.064
0.064
0.064
0.054
0.064
0.049
0.064
0.064
0.063
0.064
0.064
0.064
0.064
0.064
0.063
0.064
0.064
0.062
0.062
0.064
0.061
0.064
0.064
0.062
0.064
0.064
0.064
0.064
0.064
0.057
0.064
0.062
0.064
0.064
0.064
0.064
0.064
0.064
0.064
0.064
0.064
0.062
0.064
0.064
0.064
0.064
0.064
0.047
0.047
0.064
0.060
0.064
0.064
0.064
0.064
0.064
0.064
0.064
0.064
0.060
0.064
0.064
0.055
0.064
0.064
0.064
0.064
0.064
0.064
0.064
0.064
0.064
0.064
0.064
0.064
0.064
0.064
0.064
0.064
0.064
0.064
0.064
0.064
0.064
0.064
0.064
0.062
0.064
0.064
0.064
0.064
0.064
0.060
0.064
0.064
0.064
0.064
0.064
0.064
0.064
0.064
0.063
0.064
0.064
0.064
0.064
0.064
0.064
0.064
0.064
0.063
0.064
0.064
0.062
0.064
0.064
0.064
0.064
0.064
0.062
0.064
0.064
0.064
0.064
0.064
0.064
0.064
0.064
0.064
0.064
0.064
0.061
0.064
0.064
0.064
0.064
0.064
0.064
0.064
0.064
0.062
0.064
0.064
0.063
0.064
0.064
0.064
0.064
0.064
0.064
0.064
0.064
0.064
0.064
0.064
0.049
0.064
0.064
0.064
0.064
0.064
0.064
0.064
0.064
0.062
0.064
0.064
0.062
0.064
0.064
0.064
0.064
0.064
0.064
0.064
0.064
0.062
0.064
0.064
0.064
0.064
0.064
0.064
0.064
0.064
0.054
0.064
0.064
0.064
0.064
0.064
0.064
0.064
0.064
0.064
0.064
0.064
0.064
0.064
0.064
0.064
0.064
0.064
0.064
0.064
0.064
0.064
0.064
0.064
0.064
0.064
0.064
0.060
0.064
0.064
0.064
0.064
0.064
0.064
0.064
0.064
0.060
0.064
0.064
0.064
0.064
0.064
0.064
0.064
0.064
0.062
0.064
0.064
0.062
0.064
0.064
0.062
0.064
0.064
0.064
0.064
0.064
0.062
0.064
0.064
0.062
0.064
0.062
0.064
0.064
0.064
0.064
0.064
0.064
0.064
0.064
0.064
0.064
0.064
0.064
0.064
0.064
0.064
0.064
0.064
0.064
0.060
0.064
0.064
0.064
0.064
0.064
0.053
0.064
0.064
0.047
0.064
0.064
0.064
0.064
0.064
0.064
0.064
0.064
0.064
0.060
0.064
0.064
0.064
0.064
0.064
0.064
0.064
0.060
0.064
0.064
0.064
0.064
0.064
0.060
0.064
0.064
0.049
0.064
0.064
0.064
0.064
0.064
0.064
0.064
0.064
0.064
0.064
0.064
0.062
0.064
0.064
0.064
-3.885
0.047
-2.937
0.064
0.057
0.061
0.064
0.064
0.064
0.064
0.064
0.064
0.064
0.064
0.063
0.049
0.064
0.049
0.064
0.062
0.064
0.056
0.062
0.062
0.060
0.062
0.060
0.064
0.064
0.064
0.064
0.064
0.064
0.064
0.064
0.064
0.064
0.064
0.060
0.064
0.064
0.062
0.064
0.064
0.062
0.064
0.062
0.064
0.064
0.064
0.063
0.064
0.064
0.064
0.064
0.064
0.064
0.064
0.064
0.064
0.064
0.064
0.064
0.064
0.064
0.062
-1.277
-1.276
-1.276
0.064
0.064
0.064
0.064
0.049
0.062
0.064
0.064
0.064
0.064
0.064
0.064
0.064
0.064
0.064
0.062
0.064
0.049
0.064
0.064
0.064
0.064
0.064
0.054
0.064
0.064
0.061
0.064
0.064
0.064
0.064
0.064
0.060
0.064
0.064
0.057
0.064
0.064
0.064
0.064
0.064
0.064
0.064
0.064
-3.424
0.064
0.064
0.064
0.060
0.064
0.059
0.064
0.064
0.060
0.064
0.064
0.064
0.064
0.064
0.062
0.064
0.064
0.057
0.064
0.064
0.064
0.064
0.064
0.062
0.064
0.064
0.059
0.064
0.064
0.062
0.064
0.064
0.064
0.064
0.064
0.064
0.064
0.064
0.062
0.064
0.064
0.064
0.064
0.064
0.064
0.062
0.064
0.062
