fixedStep chrom=ENSGT00390000007100 start=1 step=1
0.093
0.093
0.093
0.093
0.093
0.093
0.093
0.093
0.093
0.093
0.085
0.093
0.093
0.093
0.093
-0.105
-0.105
-0.105
0.093
0.085
0.084
0.087
0.085
0.084
0.093
0.093
0.069
-0.701
0.069
0.093
0.093
0.093
0.093
0.093
0.093
0.093
0.093
0.093
0.093
0.093
0.093
0.093
0.090
0.093
-0.699
0.093
0.093
0.093
0.093
0.085
0.093
0.085
0.093
0.093
0.093
0.093
0.093
0.093
0.092
0.093
0.093
0.093
0.093
-0.682
0.085
0.093
0.093
0.093
0.093
0.093
0.093
0.093
0.084
0.093
0.085
0.093
0.093
0.093
0.093
0.093
0.093
0.093
0.093
0.084
0.093
0.082
0.084
0.093
0.093
0.093
0.069
0.090
0.073
0.075
0.070
0.093
0.093
0.093
0.093
0.093
0.086
0.093
0.093
0.093
0.084
-0.697
0.093
0.093
0.093
0.093
0.084
0.093
0.093
0.093
0.093
-0.701
0.093
0.093
0.093
0.093
0.093
0.093
0.093
0.093
0.093
0.093
0.093
0.093
0.093
0.093
-1.373
0.085
0.093
0.093
0.093
0.093
0.093
0.069
0.093
0.093
0.093
0.084
-0.697
-0.699
0.093
0.093
0.090
0.093
0.093
0.069
0.092
-0.699
0.092
0.093
0.093
0.093
0.093
0.093
0.093
0.093
0.093
0.093
0.093
0.084
0.086
0.093
0.093
0.093
0.093
0.093
0.093
0.093
0.093
0.093
0.086
-1.390
0.093
0.093
0.093
0.093
0.093
0.093
-2.059
0.093
0.093
0.093
0.093
0.093
0.085
0.093
0.093
-0.701
0.086
0.074
0.088
0.088
0.093
0.093
-1.388
0.088
0.084
0.093
0.093
0.084
-0.699
0.093
0.086
0.093
0.093
0.084
0.093
0.093
0.093
0.093
0.093
0.093
0.093
0.093
0.093
0.093
0.093
0.086
0.093
0.084
0.093
0.069
0.093
0.093
0.093
0.093
-0.699
0.093
0.093
0.093
-0.699
0.070
0.093
0.093
-0.701
0.081
0.069
0.085
0.085
0.093
0.093
0.086
0.093
0.093
0.093
0.093
0.093
0.093
0.093
0.084
0.093
0.093
0.093
-0.697
0.093
0.084
-1.393
0.093
0.093
-0.699
0.093
0.093
0.093
0.093
0.093
0.093
-0.699
0.093
0.093
0.093
0.093
-1.332
0.093
0.093
0.085
0.084
0.093
-0.699
-0.699
-0.697
0.088
0.069
0.093
0.093
0.093
0.093
0.085
0.093
0.093
0.093
0.085
0.086
0.093
0.090
0.093
0.093
0.093
0.093
0.093
0.093
0.085
0.093
0.093
0.093
0.093
0.093
0.084
0.093
0.093
0.085
0.093
0.093
0.086
0.085
-0.699
0.093
0.093
0.093
0.093
0.085
0.093
0.093
0.087
0.087
-0.699
0.074
0.093
0.093
0.085
0.093
0.093
0.093
0.093
0.093
0.093
0.070
0.087
0.093
0.093
0.086
0.090
0.087
0.086
0.093
0.092
0.091
0.084
0.093
0.093
0.093
0.093
0.093
0.093
0.093
0.093
0.093
0.093
0.093
0.069
0.093
0.093
0.093
0.093
0.093
-1.324
-1.338
0.093
0.093
0.093
0.093
0.093
0.093
0.093
-2.677
0.093
0.081
0.081
0.093
0.093
0.086
0.080
0.074
0.084
0.093
0.093
0.093
-1.712
0.082
0.093
0.090
0.093
0.085
0.082
0.088
0.074
0.093
0.093
0.084
0.093
0.081
0.085
-0.699
0.093
0.093
0.093
0.081
0.093
0.090
0.081
0.081
0.081
0.093
0.073
0.065
0.093
0.072
0.081
-1.312
0.081
0.084
0.090
0.081
0.090
0.090
0.082
0.093
0.093
0.086
0.090
-2.560
-1.952
0.081
0.086
0.090
0.025
0.025
0.025
0.075
0.093
-1.939
0.081
0.081
0.093
0.082
0.082
0.093
0.093
0.069
0.093
0.093
0.093
0.093
0.086
0.093
-0.699
0.093
0.093
0.093
0.093
0.093
0.085
-0.701
0.093
0.093
0.093
0.093
0.093
0.093
0.093
0.093
0.084
-0.701
0.093
0.093
0.091
0.093
0.093
0.093
0.086
0.084
-0.701
0.088
0.082
0.092
0.093
0.093
-1.527
0.085
0.093
0.093
0.093
0.093
0.093
0.093
0.093
0.090
0.086
-0.105
-0.105
-0.105
-0.686
-0.685
-1.513
0.093
0.093
0.093
0.086
0.092
0.087
0.093
0.093
-2.012
0.093
0.093
0.093
-0.682
0.093
0.093
-0.682
0.093
0.093
0.093
0.093
0.093
0.084
0.093
0.093
0.085
0.093
0.093
0.093
0.093
0.093
0.090
0.093
-0.699
0.085
0.093
0.093
0.085
0.084
0.093
-0.699
0.084
0.093
0.093
0.084
0.084
0.084
0.093
0.093
0.093
0.093
0.093
0.093
0.093
0.085
0.084
0.093
0.093
-0.697
0.084
0.093
0.093
0.085
0.093
0.093
0.093
0.093
0.092
0.093
0.085
-0.701
0.093
0.084
0.093
0.093
-0.699
0.093
0.093
0.093
0.093
0.093
0.093
0.093
0.093
0.085
0.093
0.093
-0.699
0.093
0.093
0.093
0.085
0.093
0.085
0.093
0.093
0.093
0.093
0.093
0.085
0.093
0.093
-0.701
0.093
0.093
0.093
0.087
0.093
0.093
0.093
0.093
0.093
0.093
0.093
0.093
0.093
0.093
0.093
0.093
0.084
0.093
0.093
0.093
0.093
0.093
0.093
0.093
0.093
0.069
-1.716
0.085
-0.699
0.093
0.093
0.093
0.093
0.084
0.093
-1.715
0.087
0.093
0.093
0.093
0.093
0.093
0.000
0.000
0.000
0.000
0.000
0.000
0.000
0.000
0.000
0.000
0.000
0.000
0.000
0.000
0.000
0.000
0.000
0.000
0.000
0.000
0.000
-1.502
-0.920
-0.920
0.069
0.093
-2.200
0.093
0.084
0.092
0.092
0.093
0.093
0.093
0.093
0.093
0.093
0.093
0.093
0.093
0.093
0.085
0.093
0.093
0.093
0.093
0.093
0.093
0.093
0.085
0.093
0.093
0.093
-2.802
0.093
0.093
0.085
0.093
0.088
0.084
0.069
0.093
0.090
0.093
0.069
-0.701
0.093
0.086
0.093
-2.482
0.093
0.093
0.088
0.084
0.093
0.093
0.093
0.093
0.093
0.066
-1.393
0.085
-1.389
0.085
0.093
0.093
0.093
0.093
0.093
-1.229
0.000
0.000
0.000
0.000
0.000
0.000
0.000
0.000
0.000
0.000
0.000
0.000
0.000
0.000
0.000
0.000
0.000
0.000
-0.699
0.093
0.069
0.093
0.084
0.093
0.093
0.093
0.086
0.093
0.093
0.093
0.093
0.085
0.093
0.088
0.093
0.093
0.093
0.093
0.093
-0.697
0.084
0.084
0.093
0.093
0.092
0.084
0.093
0.085
0.093
0.093
0.090
0.072
-0.699
0.085
0.087
0.093
0.093
0.093
0.093
0.085
0.093
-2.079
0.092
0.093
0.093
0.093
0.093
0.093
-1.337
0.093
0.093
0.093
0.093
0.093
0.093
0.093
0.088
0.093
0.084
0.093
0.074
0.093
0.085
0.084
0.088
0.093
0.093
0.093
0.093
0.085
0.084
0.093
0.085
-0.699
0.072
0.069
0.069
0.088
0.093
0.088
0.068
-1.393
0.093
0.069
0.087
0.093
0.069
0.088
0.093
0.084
0.093
0.087
0.093
0.086
0.086
0.070
0.069
0.093
0.069
-1.390
0.084
0.093
0.088
0.086
-1.319
0.086
0.084
0.093
0.088
0.087
0.084
0.084
0.093
-0.697
-1.714
