fixedStep chrom=ENSGT00390000016036 start=1 step=1
0.000
0.000
0.000
0.000
0.000
0.000
0.000
0.000
0.000
0.000
0.000
0.000
0.000
0.000
0.000
0.000
0.000
0.000
0.000
0.000
0.000
0.000
0.000
0.000
0.000
0.000
0.000
0.000
0.000
0.000
0.000
0.000
0.000
0.000
0.000
0.000
0.000
0.000
0.000
0.000
0.000
0.000
0.000
0.000
0.000
0.000
0.000
0.000
0.000
0.000
0.000
0.000
0.000
0.000
0.000
0.000
0.000
0.000
0.000
0.000
0.000
0.000
0.000
0.000
0.000
0.000
0.000
0.000
0.000
0.000
0.000
0.000
0.000
0.000
0.000
0.000
0.000
0.000
0.000
0.000
0.000
0.000
0.000
0.000
0.000
0.000
0.000
0.000
0.000
0.000
0.000
0.000
0.000
0.000
0.000
0.000
0.000
0.000
0.000
0.000
0.000
0.000
0.000
0.000
0.000
0.000
0.000
0.000
0.000
0.000
0.000
0.073
0.073
0.073
0.073
0.073
0.073
0.073
0.073
0.059
0.073
0.073
0.073
0.073
0.073
0.073
0.073
0.073
0.054
0.073
0.073
0.073
0.073
0.073
0.073
0.073
0.073
0.070
0.073
0.073
0.063
0.073
0.070
0.073
0.073
0.070
0.073
0.073
0.073
0.070
0.073
0.073
-1.711
0.073
0.067
0.073
0.073
0.073
0.073
0.070
0.073
0.056
0.069
0.054
0.073
0.073
0.073
0.073
0.073
0.073
0.073
0.073
0.073
0.073
0.073
0.073
0.073
0.071
0.067
0.071
0.073
0.073
0.073
0.073
0.073
0.073
0.073
0.073
0.073
0.071
0.073
0.056
0.070
0.073
0.073
0.073
0.073
0.063
0.073
0.073
0.073
0.073
0.073
0.073
0.073
0.073
0.069
0.070
0.073
0.073
0.073
0.073
0.073
0.073
0.073
0.072
0.073
0.073
0.073
0.073
0.073
0.070
0.073
0.073
0.073
0.073
0.070
0.056
0.073
0.073
0.073
0.073
0.073
0.070
0.073
0.073
0.073
0.072
0.073
0.073
0.073
0.073
0.073
0.070
0.073
0.073
0.073
0.073
0.073
0.073
0.073
0.073
0.073
0.073
0.073
0.073
0.073
0.073
0.069
0.073
0.073
0.073
0.073
0.070
0.056
0.073
0.073
0.070
0.073
0.073
0.073
0.073
0.070
0.071
0.073
0.070
0.073
0.073
0.073
0.073
0.073
0.073
0.073
0.073
0.067
0.073
0.073
0.073
0.073
0.073
0.073
0.073
0.073
0.062
0.073
0.073
0.073
0.073
0.073
0.073
0.073
0.073
0.073
0.059
0.059
0.059
0.059
0.059
0.059
0.053
0.059
0.059
0.056
0.059
0.059
0.059
0.059
0.059
0.059
0.059
0.056
0.059
0.059
0.053
0.059
0.059
0.059
0.059
-1.126
0.059
0.059
0.059
0.059
0.059
0.059
0.059
0.059
0.059
0.059
0.059
0.059
0.059
0.059
0.059
0.059
0.059
0.059
0.059
0.059
0.059
0.053
0.059
0.059
0.059
0.059
0.059
0.059
0.059
0.059
0.059
0.059
0.059
0.059
0.059
0.059
0.059
0.059
0.059
0.056
0.059
0.059
0.059
0.059
0.059
0.059
-1.114
0.059
0.059
0.059
0.059
0.053
0.059
0.059
0.056
0.059
0.059
0.059
-1.126
0.053
0.059
0.059
0.059
0.059
0.059
-0.917
-0.947
0.068
0.068
0.068
0.068
0.068
0.068
0.068
0.068
0.067
0.068
0.068
0.068
0.068
0.068
0.064
0.068
0.068
0.068
0.068
0.068
0.064
0.068
0.068
0.062
0.068
0.068
0.068
0.068
0.068
0.068
0.068
0.068
0.058
0.068
0.066
0.058
0.068
0.068
0.068
0.064
0.068
0.068
0.068
0.068
0.068
0.068
0.068
0.068
0.064
0.068
0.064
0.068
0.056
0.068
0.068
0.068
0.066
0.068
0.068
0.068
0.068
0.068
0.068
0.068
0.068
0.068
0.068
0.068
0.068
0.068
0.068
0.068
0.068
0.068
0.068
0.068
0.068
0.068
0.068
0.068
0.064
0.066
0.068
0.068
0.068
0.064
0.064
0.068
0.068
0.068
0.068
0.068
0.068
0.065
0.068
0.068
0.068
0.068
0.068
0.068
0.068
0.068
0.068
0.068
0.066
0.068
0.068
0.068
0.068
0.068
0.068
0.068
0.068
0.068
0.064
0.068
-1.761
0.065
0.068
0.068
0.068
0.068
0.068
0.068
0.068
0.065
0.062
0.068
0.068
0.068
0.068
0.064
0.068
0.068
0.056
0.050
0.068
0.068
0.050
0.068
0.064
0.068
0.068
0.050
0.068
0.068
-0.916
0.068
0.068
-1.772
0.068
0.068
0.050
0.068
0.068
-1.763
0.068
0.068
0.068
0.068
0.068
0.068
0.068
0.068
0.068
0.068
0.068
0.068
0.068
0.065
0.068
0.068
0.068
0.068
0.068
0.068
0.068
0.068
0.068
0.064
0.064
0.065
0.068
0.068
0.068
0.068
-0.128
-0.128
-0.128
0.068
0.064
0.064
0.064
0.064
0.061
0.064
0.064
0.053
0.064
0.064
0.063
0.064
0.064
0.063
0.063
0.073
0.073
0.073
0.073
0.072
0.073
0.073
0.073
0.073
0.073
0.070
0.073
0.073
0.072
0.073
0.073
0.069
0.073
0.073
0.056
0.073
0.073
0.073
0.073
0.073
0.058
0.073
0.073
0.073
0.073
0.073
0.073
0.073
0.073
0.073
-1.159
-1.156
-2.436
0.069
-2.221
0.056
0.073
0.073
0.070
0.073
0.073
0.073
0.073
0.073
0.073
0.073
0.073
0.073
0.073
0.073
0.073
0.073
0.073
0.073
0.073
0.073
0.070
0.072
0.073
0.073
0.073
0.073
0.073
0.073
0.073
0.073
0.073
0.073
0.071
0.071
0.073
0.066
0.073
0.073
0.073
0.073
0.073
0.073
0.073
0.073
0.073
0.073
0.073
0.073
0.073
0.073
0.073
0.073
0.073
0.073
0.073
0.073
0.073
0.073
0.073
0.070
0.073
0.073
0.073
0.073
0.073
0.070
0.073
0.070
0.073
0.073
0.073
0.073
0.073
0.073
0.073
0.073
0.073
0.073
0.073
0.073
0.073
0.073
0.073
0.070
0.073
0.073
0.073
0.073
0.073
0.073
0.073
0.073
0.073
0.073
0.073
0.070
0.073
0.073
0.073
0.073
0.073
0.067
0.000
0.000
0.000
0.000
0.000
0.000
0.000
0.000
0.000
0.000
0.000
0.000
0.068
0.068
0.068
0.068
0.068
0.050
0.064
0.058
0.068
-1.812
0.068
0.068
0.064
0.068
-1.899
0.068
0.064
0.068
0.068
0.065
0.068
0.068
0.068
0.064
0.064
0.068
0.068
0.068
0.068
0.068
0.068
0.050
0.068
0.068
0.068
0.068
0.058
0.065
0.057
0.068
0.068
0.050
0.068
0.068
0.064
0.050
0.068
0.064
0.068
0.068
0.068
0.058
0.054
0.062
0.068
0.068
0.064
0.068
0.068
-0.916
0.068
0.068
0.068
0.068
0.058
-2.383
0.066
0.068
0.068
0.068
0.067
0.068
0.058
-2.159
0.050
0.068
-0.941
0.068
0.068
0.067
-0.941
0.068
0.068
0.064
0.066
0.068
0.068
0.068
0.068
0.068
0.068
0.068
0.068
0.068
0.068
0.053
0.062
0.068
-0.944
0.068
0.068
0.064
0.068
0.068
0.068
0.068
0.068
0.065
0.068
0.068
0.068
0.068
0.064
-2.799
0.066
0.068
0.056
0.067
0.068
0.068
0.068
0.068
0.064
0.068
0.066
0.068
-0.941
0.068
0.068
0.068
0.066
0.049
0.065
-1.778
0.068
0.068
0.068
0.068
0.068
0.068
0.068
0.068
0.068
0.064
0.068
0.068
0.068
0.068
0.068
0.068
0.068
-0.916
0.068
0.068
0.068
0.064
0.068
0.068
0.068
0.068
0.068
0.062
0.068
0.068
-2.159
0.068
0.068
0.061
0.068
0.068
0.068
0.068
0.068
0.064
0.064
0.068
0.065
0.068
0.068
0.062
0.068
0.068
0.068
0.068
0.066
0.068
0.068
0.068
0.068
0.050
0.068
0.068
0.068
0.068
0.068
0.068
0.068
0.068
0.068
0.068
-1.519
0.068
0.068
0.068
0.068
0.068
0.068
0.068
0.068
0.068
0.068
0.068
0.068
0.068
0.068
-1.713
0.068
0.068
0.068
0.068
0.068
0.068
-0.941
0.068
0.068
0.057
0.068
0.068
0.064
0.068
0.065
0.068
0.068
0.064
0.068
0.068
0.068
0.068
0.064
0.064
0.068
0.068
0.068
-0.937
0.068
0.068
0.068
0.068
0.068
0.068
0.065
0.068
0.068
0.068
-0.941
0.068
0.068
0.068
-0.916
0.068
0.068
-0.945
0.068
0.068
0.068
0.068
0.068
0.068
-0.941
0.056
0.068
0.068
0.068
0.068
0.068
0.065
0.068
0.068
0.068
0.065
0.068
0.068
0.068
0.068
0.068
0.068
0.068
0.068
0.068
0.068
0.064
0.066
0.068
0.068
0.068
0.064
0.068
0.068
0.068
-0.937
0.068
0.068
0.068
0.068
0.068
0.068
0.068
0.068
-2.925
0.068
0.068
0.068
0.068
0.068
-0.937
0.068
0.068
0.050
0.068
0.068
0.068
0.068
0.068
0.064
0.068
0.068
0.068
0.068
0.068
0.068
0.073
0.073
0.073
0.069
0.069
0.071
0.073
0.073
0.073
0.073
0.073
0.073
0.065
0.056
0.073
0.073
0.073
0.073
0.065
0.073
0.071
0.073
-2.207
0.073
0.073
0.073
0.073
0.073
0.073
0.073
0.073
0.073
0.067
0.073
0.073
0.073
-1.625
0.073
0.065
0.073
0.073
0.070
0.072
0.073
0.072
0.073
0.073
0.073
0.069
0.073
0.070
0.070
0.073
0.073
-1.680
0.070
0.070
0.070
0.073
0.073
0.070
0.073
0.069
0.069
0.073
0.070
0.073
0.073
0.073
0.073
0.073
0.070
0.073
0.071
0.073
0.073
0.073
0.073
0.053
0.070
0.069
0.056
0.073
0.073
0.073
0.073
0.073
0.069
0.073
0.069
0.065
0.073
0.070
0.069
0.073
0.072
0.073
0.073
0.073
0.072
0.073
0.073
0.073
0.070
0.066
0.054
0.073
0.073
0.073
0.073
0.070
0.073
0.073
0.056
0.073
0.073
0.070
0.070
0.070
0.073
0.073
0.073
0.069
0.073
0.073
0.073
0.073
0.073
0.070
0.073
0.070
0.073
-1.644
0.072
0.072
0.070
0.073
0.070
0.073
0.073
0.072
0.057
0.072
0.060
0.073
0.062
0.073
0.073
0.073
0.068
0.073
0.072
0.073
0.073
0.072
0.070
0.071
0.058
0.071
0.073
0.073
0.073
0.073
0.073
0.073
0.073
0.073
0.073
0.073
0.073
0.073
0.073
0.073
0.073
0.068
0.073
0.073
0.063
0.070
0.073
0.073
0.073
0.073
0.073
0.073
0.059
0.056
0.073
0.069
0.073
0.073
0.072
0.059
0.073
0.073
0.073
0.073
0.073
0.073
0.068
0.068
0.068
0.068
0.068
0.050
0.068
0.068
0.068
0.068
0.050
0.056
0.064
0.068
-0.945
0.064
0.064
-0.947
0.064
0.062
0.068
0.068
0.064
0.068
0.068
0.064
0.068
0.068
0.068
0.068
0.068
0.068
0.068
0.068
0.064
0.068
0.068
0.064
0.068
0.068
0.068
0.068
0.068
0.068
0.068
0.068
0.066
0.068
0.068
0.068
0.068
0.068
0.068
0.068
0.068
0.068
0.068
0.068
0.066
0.068
0.068
0.068
0.068
0.068
0.068
0.068
0.068
0.064
0.068
0.068
0.050
0.068
0.068
0.064
0.065
0.068
0.064
0.068
0.073
0.073
0.073
0.073
0.073
0.073
0.073
0.070
0.073
0.073
0.073
0.073
0.073
0.073
0.073
0.073
0.073
0.073
0.073
0.073
0.073
0.073
0.073
0.073
0.073
0.073
0.073
0.073
0.073
0.073
0.073
0.072
0.073
0.073
0.073
0.073
0.073
0.069
0.067
0.073
0.073
0.067
0.073
0.056
0.071
0.073
0.073
0.073
0.073
0.069
0.070
0.073
0.073
0.073
0.073
0.073
0.073
0.073
0.073
0.063
0.073
0.073
0.073
0.059
0.059
0.059
0.059
0.059
0.059
0.059
0.059
0.059
0.059
0.059
0.059
0.059
0.059
0.059
0.059
0.059
0.059
0.059
0.059
0.059
0.059
0.053
0.059
0.059
0.059
0.059
0.059
0.059
0.059
0.059
0.059
0.059
0.059
0.059
0.059
0.059
0.053
0.059
0.059
0.056
0.059
0.059
0.059
0.059
0.059
-1.114
0.059
0.059
0.059
0.059
0.056
0.059
0.059
-1.124
-1.112
0.059
0.059
0.059
0.059
0.059
0.059
0.059
0.059
0.059
0.059
0.059
0.059
0.059
0.059
0.059
0.059
0.059
0.059
0.059
0.059
0.059
0.059
0.059
0.059
0.059
0.059
0.059
0.059
0.059
0.059
0.059
0.059
0.059
0.059
0.059
0.059
-1.126
0.059
0.059
0.059
0.059
0.059
0.059
0.059
0.059
0.059
0.059
0.059
-1.114
0.058
0.059
0.059
0.059
0.059
0.059
0.059
0.059
0.059
0.059
0.059
0.059
0.059
0.059
0.059
0.059
0.059
0.059
0.059
0.059
0.059
0.059
0.059
0.047
0.059
0.059
0.053
0.056
0.059
0.059
0.059
0.053
0.059
0.059
0.053
0.059
0.059
0.059
0.059
0.059
0.059
0.059
0.059
0.059
0.053
0.059
0.059
0.059
0.059
0.059
0.059
0.059
0.059
0.059
0.059
0.053
0.059
0.059
0.059
0.059
0.059
0.059
0.059
0.059
0.059
0.059
0.059
0.059
0.059
0.059
-1.114
0.047
0.059
0.050
0.059
0.059
0.059
0.059
0.059
0.053
0.059
0.059
0.059
0.059
0.059
0.059
0.059
0.059
0.059
0.000
0.000
0.000
0.000
0.000
0.000
0.000
0.000
0.000
0.000
0.000
0.000
0.000
0.000
0.000
0.000
0.000
0.000
0.000
0.000
0.000
0.000
0.000
0.000
0.000
0.000
0.000
0.000
0.000
0.000
0.000
0.000
0.000
0.073
0.073
0.070
0.073
0.073
0.064
0.073
0.073
0.065
0.073
0.070
0.073
0.073
0.073
0.073
0.073
0.073
0.056
-1.159
-1.159
-1.156
0.073
0.073
0.073
0.073
0.073
0.073
0.073
0.073
0.069
0.073
0.073
0.073
0.073
0.073
0.073
0.073
0.073
0.073
0.073
0.073
0.070
0.063
0.073
0.073
0.073
0.073
0.069
0.073
0.073
0.065
0.071
0.073
0.073
0.065
0.073
0.073
0.073
0.073
0.073
0.073
0.073
0.064
0.072
0.073
0.073
0.073
0.073
0.073
0.073
0.073
0.073
0.073
0.073
0.073
0.072
0.073
0.073
0.073
0.073
0.073
0.073
0.073
0.073
0.073
0.072
0.059
0.056
0.055
0.073
0.073
0.073
0.070
0.073
0.073
0.073
0.063
0.073
0.055
0.073
0.073
0.073
0.073
0.073
0.070
0.073
0.073
0.073
0.073
0.073
0.073
0.073
0.073
0.073
0.073
0.073
0.073
0.073
0.073
0.069
0.073
0.073
0.073
0.073
0.073
0.073
0.073
0.073
0.073
0.073
0.073
0.073
0.073
0.073
0.069
0.073
0.073
0.073
0.065
0.073
0.073
0.067
0.073
0.073
0.073
0.073
0.071
0.073
0.073
0.073
0.069
0.073
0.073
0.073
0.072
0.070
0.073
0.073
0.064
0.073
0.073
0.073
0.073
0.073
0.073
0.073
0.073
0.073
0.073
0.073
0.073
0.073
0.073
0.067
0.073
0.071
0.073
0.073
0.073
0.069
0.073
0.073
0.070
0.070
0.073
0.069
0.073
0.073
0.072
0.073
0.063
0.073
0.056
0.073
0.073
0.054
0.063
0.073
0.059
0.073
0.073
0.073
0.073
0.073
0.073
0.073
0.064
0.073
0.073
0.073
0.073
0.070
0.073
0.073
0.073
0.071
0.073
0.073
0.072
0.073
0.073
0.073
0.073
0.073
0.073
0.073
0.071
0.073
0.056
0.071
0.073
0.073
0.073
0.073
0.067
0.073
0.069
0.054
0.073
0.073
0.070
0.073
0.073
0.073
0.073
0.073
0.073
0.073
0.073
0.073
0.073
0.073
0.065
0.073
0.073
0.073
0.070
0.073
0.073
0.073
0.069
0.073
-1.625
0.073
0.073
0.073
0.073
0.059
0.073
0.071
0.059
0.073
0.072
0.072
0.073
0.073
0.071
0.073
0.073
0.056
0.073
0.073
0.073
0.073
0.067
0.073
0.073
0.073
0.073
0.073
0.073
0.073
0.073
0.073
0.055
0.073
0.068
0.073
0.073
0.070
0.073
0.073
0.073
0.073
0.073
0.073
0.073
0.073
0.065
0.073
0.073
0.067
0.071
0.067
0.073
-2.198
0.073
0.073
0.070
0.073
0.072
0.072
-1.648
0.073
0.066
0.073
0.073
0.070
0.073
0.068
0.062
0.073
0.073
0.073
0.066
0.073
0.073
0.073
0.073
0.073
0.073
0.073
0.073
0.073
0.073
0.073
0.073
0.072
0.073
0.073
0.073
0.073
0.073
0.073
0.073
0.073
0.071
0.073
0.072
0.070
0.073
0.073
0.070
0.073
0.073
0.069
0.073
0.073
0.073
-1.236
-2.004
-1.237
