fixedStep chrom=ENSGT00390000017799 start=1 step=1
-1.213
-1.506
-1.213
-0.688
-1.405
0.084
0.087
-1.563
0.088
0.092
0.079
0.088
0.077
-1.563
-0.688
0.079
-1.290
-1.559
0.077
0.088
-1.294
0.077
0.077
0.080
0.092
0.092
-0.690
-0.747
-0.747
-0.747
-0.747
-0.747
-0.747
-0.690
0.092
0.092
0.092
0.092
-0.688
0.084
0.092
0.084
0.084
0.092
0.087
0.089
0.092
0.084
0.092
-0.676
0.092
0.092
0.092
0.088
0.084
0.092
0.088
0.092
0.092
-0.690
0.092
0.092
0.092
-0.113
-0.113
-0.113
0.092
0.092
0.092
0.092
0.084
0.084
0.092
0.088
0.092
-0.688
0.092
0.092
0.092
0.092
0.092
0.092
0.084
0.092
0.092
0.092
0.092
0.091
0.092
0.092
0.092
0.092
0.088
0.092
0.084
0.084
0.092
0.092
-0.692
0.092
0.092
0.092
0.084
0.092
0.092
0.092
0.092
-1.294
0.092
0.092
0.084
-0.692
0.092
-0.690
0.092
0.092
0.092
0.092
0.077
-0.692
0.092
0.092
0.092
0.092
0.092
0.092
0.092
0.092
-1.263
0.092
0.092
0.092
0.092
0.092
0.092
0.092
0.092
0.092
0.092
0.092
0.087
0.092
0.092
0.092
0.092
0.092
0.092
0.092
0.092
0.084
0.092
0.088
0.092
0.088
0.092
0.092
0.092
0.092
0.092
0.091
0.092
0.088
0.091
0.092
0.092
0.084
0.092
0.092
0.084
0.084
0.088
0.092
0.092
0.092
0.092
0.092
0.084
0.092
0.088
0.085
0.085
0.092
0.092
0.090
0.085
0.084
0.092
0.092
0.092
0.092
0.084
0.092
0.092
0.092
0.092
0.092
0.092
0.092
0.092
0.092
0.088
0.092
0.092
0.092
0.092
0.092
0.084
0.092
0.092
0.092
0.092
0.092
0.092
0.092
0.092
0.084
0.092
0.092
0.092
0.092
0.092
0.092
0.092
0.092
0.091
0.092
0.092
0.092
0.092
0.092
0.092
0.092
0.092
-0.692
0.092
0.092
0.091
0.092
0.092
0.079
0.092
0.092
0.076
0.091
0.092
0.083
-0.692
0.092
0.092
0.092
0.092
0.085
0.092
0.092
-0.692
0.092
0.092
0.092
0.092
0.090
0.092
0.092
0.075
0.092
0.092
0.092
0.092
0.092
0.092
0.092
0.091
0.092
0.092
0.084
0.092
0.092
0.092
0.092
0.092
0.092
0.092
0.092
0.092
0.092
0.084
0.092
0.090
0.092
0.092
0.092
0.092
0.092
0.088
0.088
0.092
0.084
0.092
0.092
0.092
0.087
0.092
0.092
0.092
-0.692
0.092
0.088
0.092
0.092
0.092
0.092
0.092
0.088
0.092
0.088
0.092
0.092
0.092
0.092
0.092
0.092
0.092
0.092
0.091
0.084
0.092
0.092
0.092
0.092
0.092
0.092
0.092
0.092
0.088
-0.690
0.083
0.084
0.092
0.092
0.092
0.092
0.092
0.084
0.088
0.092
0.092
0.092
0.092
0.084
0.092
0.092
0.073
0.083
0.086
0.092
0.088
0.092
0.092
0.092
0.092
0.092
-1.340
-1.711
-2.388
-1.588
-1.601
-2.090
0.092
0.077
0.086
0.084
0.092
-1.291
0.092
0.092
-1.252
0.092
0.092
0.092
0.092
0.084
0.092
-1.167
0.077
0.088
0.091
0.091
0.092
0.092
0.092
0.092
0.092
0.088
0.092
0.092
0.092
0.092
0.092
0.092
0.092
0.092
0.092
0.092
0.092
0.092
0.092
0.092
0.092
0.084
0.092
0.092
0.092
0.092
0.092
-2.332
0.092
0.092
0.084
0.092
0.092
0.092
0.092
0.092
0.088
0.092
0.092
0.088
0.092
0.092
0.092
0.092
0.092
0.092
0.083
0.084
0.092
0.092
0.092
0.092
0.092
0.092
0.092
0.092
0.092
0.092
0.092
0.092
0.083
0.084
-0.692
0.084
0.084
0.092
0.092
0.092
0.084
0.088
0.092
0.092
0.084
0.092
0.092
0.092
0.092
0.092
0.084
0.092
0.092
0.092
0.092
0.092
0.092
0.092
0.092
-0.692
0.084
0.092
0.092
0.084
0.092
0.092
-1.116
-2.086
-1.115
-0.198
-0.198
-0.198
-1.115
-1.115
-1.213
-1.115
-1.115
-1.111
-1.115
-1.115
-1.506
0.092
0.084
0.078
0.092
0.092
0.088
0.092
0.092
0.092
0.092
0.092
0.092
0.092
0.092
0.092
0.092
0.092
0.092
0.092
0.092
0.092
0.092
0.092
-0.692
0.092
0.092
0.088
0.092
0.092
0.088
0.092
0.092
0.092
-0.676
0.092
0.092
0.092
0.092
0.092
0.092
0.092
0.092
0.092
0.092
0.092
0.092
0.088
0.087
-1.213
-1.111
-1.115
0.092
0.092
0.090
0.092
0.092
0.092
0.092
0.092
0.092
0.092
0.090
0.092
0.092
0.092
0.092
0.084
-1.784
0.092
0.092
0.092
0.092
0.092
0.092
0.088
0.084
0.092
-0.676
0.092
0.092
0.088
0.092
0.092
-0.692
0.092
0.092
0.092
0.084
0.092
0.089
0.092
0.084
0.084
0.092
0.092
0.091
0.092
0.084
0.092
0.092
0.092
0.092
0.087
0.092
0.079
0.092
0.092
0.092
0.092
0.088
0.084
-0.690
-0.690
0.092
0.077
0.084
0.092
0.088
0.092
0.092
0.092
0.092
0.092
0.092
0.091
0.082
0.088
0.092
0.077
-0.747
-0.768
-0.747
-0.688
0.084
0.092
0.092
-0.692
0.092
-1.903
-0.690
0.092
-0.690
-0.688
0.092
-1.257
-0.690
0.084
-1.291
0.075
0.092
-0.688
0.084
0.084
-1.560
0.092
-0.688
0.092
-1.206
0.092
0.092
0.084
0.092
0.084
0.084
0.092
0.092
0.092
0.092
-1.442
0.092
0.081
0.084
0.092
0.092
0.092
-0.688
0.084
0.084
0.086
0.084
0.092
0.092
0.092
0.092
-0.688
0.092
-0.692
0.077
0.083
0.084
0.092
0.092
0.092
-0.676
0.091
0.092
0.092
0.088
0.084
0.084
0.092
0.091
0.084
0.084
0.092
0.088
0.088
0.088
-0.690
0.092
-0.688
0.092
0.084
0.092
0.092
0.077
0.092
0.092
0.092
0.091
0.092
0.092
0.092
0.092
0.092
0.092
0.080
0.092
0.087
0.092
0.092
0.092
0.092
0.092
0.092
0.092
-0.676
0.084
0.092
0.092
0.084
0.092
0.092
0.092
0.092
0.092
0.092
0.084
0.084
0.092
0.084
0.084
0.092
0.092
0.092
0.092
0.092
0.092
0.092
0.091
0.091
-1.209
0.092
0.092
-0.692
0.092
0.088
0.092
0.084
0.091
0.092
0.092
0.092
0.092
0.092
0.092
0.092
0.092
0.092
0.084
0.075
0.086
0.084
0.092
0.092
-1.403
0.092
0.092
0.092
0.092
0.092
0.092
0.092
0.092
0.092
0.092
0.084
0.086
0.092
0.084
0.081
0.092
0.092
0.092
0.084
0.092
0.089
0.079
0.083
0.088
0.092
0.092
0.092
0.092
0.092
0.092
0.079
0.092
-0.690
0.092
0.092
0.092
-0.690
0.075
-1.958
0.092
0.092
0.092
0.092
0.092
0.092
0.092
0.092
0.092
0.092
0.092
0.092
0.092
-0.688
-2.229
-0.747
-0.747
-2.206
-0.747
-0.799
-0.747
-0.747
-0.747
0.092
0.092
0.092
0.085
0.090
0.084
0.084
0.092
0.092
0.092
0.092
0.092
0.092
0.092
0.084
0.084
0.092
0.092
0.092
0.092
0.088
0.086
0.092
0.092
0.092
0.092
0.084
0.092
0.092
0.092
0.092
0.092
0.092
0.088
0.092
0.092
0.092
0.092
0.088
0.092
0.092
0.084
-1.338
-1.338
-1.340
0.092
0.092
0.082
0.092
0.092
0.084
0.092
0.092
0.092
0.092
0.092
0.092
0.092
0.092
0.078
0.092
0.084
0.090
0.090
0.087
0.092
0.092
0.092
0.079
0.072
0.092
0.084
0.092
0.092
0.082
0.084
0.084
0.092
0.092
0.092
0.092
0.092
0.092
0.092
0.092
0.084
0.088
0.092
0.092
0.092
-0.690
0.091
0.088
0.092
0.092
0.092
0.077
0.092
0.092
-1.338
-3.527
-1.340
0.088
0.091
0.092
0.092
0.092
0.092
0.092
-0.692
0.084
0.092
0.092
0.092
0.090
0.092
0.092
-0.692
0.092
0.084
-1.463
-1.463
-1.762
-2.300
-2.978
-1.460
-1.445
-1.445
-1.762
-1.764
-1.463
-1.460
-1.463
-1.751
-1.445
-1.466
-2.097
-2.137
