fixedStep chrom=ENSGT00510000049526 start=1 step=1
0.076
0.076
0.075
0.075
0.076
0.076
0.076
0.076
0.072
0.076
0.070
0.076
0.076
0.076
0.075
0.076
0.076
0.076
0.071
0.074
0.075
0.076
0.076
0.076
0.076
0.072
0.072
0.075
0.070
0.070
0.076
0.072
0.074
0.056
0.070
-1.678
0.061
0.076
-1.753
0.071
0.063
0.076
0.076
0.076
0.076
0.076
0.074
0.076
0.076
-1.000
0.075
0.076
0.076
0.075
0.072
0.072
0.071
0.075
0.076
0.076
0.075
0.061
0.076
0.075
0.076
0.061
0.076
-0.864
0.076
-0.840
0.076
-0.864
0.076
0.074
0.075
0.075
-0.862
0.070
0.075
0.074
0.074
-0.864
0.072
0.076
0.075
0.061
0.071
0.054
0.076
0.076
0.070
0.076
0.069
0.076
0.070
0.075
0.076
0.076
0.076
0.076
0.076
-4.065
0.076
0.056
0.076
0.076
0.076
0.074
0.075
0.070
0.055
0.076
0.076
0.075
0.076
0.074
0.075
0.076
0.076
0.075
0.070
0.076
0.075
0.075
0.075
0.076
0.076
0.076
-0.864
0.071
0.075
0.076
0.076
0.076
0.076
0.076
0.070
0.075
-0.862
-0.867
0.076
0.076
0.076
0.070
0.072
0.075
0.076
0.076
0.076
0.061
0.075
0.075
0.061
-1.770
0.076
0.076
0.076
0.072
0.076
0.076
0.076
0.071
0.057
0.076
0.071
0.075
0.074
0.074
0.076
0.076
0.070
0.076
0.072
-0.864
0.076
0.076
0.069
0.075
0.076
0.072
0.075
0.075
0.075
0.076
0.076
0.075
0.076
0.076
0.076
0.076
0.075
0.056
0.069
0.076
0.075
0.072
0.075
0.075
0.076
0.076
0.076
-0.862
0.075
0.072
0.075
0.076
0.075
0.075
0.076
0.075
0.076
0.076
0.075
0.076
-0.864
-0.526
0.076
0.076
0.069
0.056
0.076
0.070
0.075
0.076
0.075
0.056
0.074
0.075
0.076
0.074
0.075
0.076
0.075
0.075
0.075
0.076
0.071
0.076
0.075
0.075
0.076
0.076
0.075
0.075
0.056
0.075
0.056
0.076
0.076
0.076
0.071
-0.840
-0.864
0.076
0.075
0.076
0.075
0.075
0.076
0.076
0.075
0.076
0.076
0.076
0.075
0.076
0.075
0.076
0.076
0.076
0.076
0.076
0.075
0.057
0.075
-0.867
0.076
0.076
0.075
-1.631
0.076
0.075
0.076
0.075
0.072
0.056
0.075
-0.867
0.076
0.075
0.076
0.076
0.076
0.076
0.076
0.075
0.071
0.075
0.076
0.071
0.076
0.076
0.076
0.076
0.076
0.075
0.075
0.076
-1.701
0.076
0.076
0.070
0.076
0.076
0.070
0.056
0.076
0.056
0.075
0.070
0.072
0.075
0.071
0.075
0.076
0.075
0.075
0.075
0.072
0.076
0.056
0.076
0.076
0.076
0.075
0.070
0.075
0.076
0.076
-0.840
0.070
0.071
0.070
0.076
0.055
0.076
0.071
0.072
0.072
0.075
-0.840
0.070
0.076
0.072
0.071
0.075
0.070
0.075
0.071
0.076
0.076
0.076
0.075
0.076
0.076
0.076
0.076
0.075
0.076
0.076
0.076
0.076
0.076
0.075
0.076
0.076
0.075
0.070
0.075
0.076
0.070
0.076
0.075
0.076
0.076
0.075
0.076
0.076
0.076
0.076
0.076
0.075
0.076
0.076
0.076
0.075
0.076
0.075
0.076
0.076
0.075
0.070
0.076
0.075
0.075
0.076
0.076
0.074
0.076
0.056
0.076
0.061
0.076
0.076
0.076
0.076
0.076
0.075
0.075
0.075
0.076
0.076
0.076
0.076
0.076
0.076
0.075
0.075
0.075
0.075
0.076
0.075
0.076
0.075
0.064
-1.226
-1.371
-1.227
-1.371
-1.227
-1.227
0.075
0.076
0.076
0.076
0.076
-0.862
0.076
-2.293
0.067
-0.864
0.076
0.071
0.076
0.076
0.076
0.076
0.076
0.076
0.076
0.075
0.075
0.075
0.076
0.075
0.070
0.076
0.075
0.076
0.076
0.070
0.075
0.076
0.075
0.076
0.076
0.075
0.075
0.075
0.076
0.076
0.076
0.076
0.076
0.075
0.070
0.075
0.075
0.076
0.070
0.076
0.075
0.076
0.076
0.075
0.076
0.076
0.076
0.076
0.074
0.076
0.076
0.076
0.074
0.075
0.075
0.069
0.076
0.076
0.076
0.076
0.070
0.076
0.076
0.076
0.075
0.076
0.076
0.076
0.075
0.075
0.056
0.076
0.071
0.076
0.076
0.076
0.075
0.076
0.076
-2.547
0.075
0.070
0.076
0.075
0.056
0.074
0.075
0.076
0.070
0.076
0.076
0.076
0.076
0.076
0.070
0.076
0.056
0.074
0.076
0.076
0.075
0.075
0.076
0.075
0.074
0.056
0.076
0.075
0.076
0.075
0.075
0.076
0.075
0.076
0.076
0.075
0.072
0.075
0.076
0.076
0.076
0.071
0.076
0.056
0.070
0.075
0.076
0.075
0.076
0.075
0.075
0.076
0.076
0.075
0.076
0.076
0.075
0.075
0.076
0.072
0.076
0.075
0.076
0.076
0.076
0.070
0.061
0.056
0.076
0.070
0.076
0.075
0.076
0.076
0.070
0.076
0.076
0.075
0.076
0.075
0.075
0.076
0.076
0.075
0.076
0.076
0.055
0.076
0.076
0.075
0.076
0.076
0.075
0.076
0.075
0.075
0.076
0.076
0.076
0.075
0.076
0.072
0.075
0.076
0.076
0.076
0.076
0.076
