fixedStep chrom=ENSGT00390000003422 start=1 step=1
0.078
0.078
0.078
0.078
0.078
0.078
0.078
0.078
0.075
0.078
0.078
0.078
0.077
0.078
0.077
0.078
0.078
0.078
0.078
0.078
0.078
0.078
0.078
0.078
0.078
0.078
0.078
0.078
0.076
-3.380
0.078
0.078
0.078
0.078
0.078
0.078
0.078
0.078
0.073
0.075
0.078
0.077
0.078
0.078
0.063
0.078
0.078
0.078
0.078
0.078
0.074
0.078
0.078
0.078
0.078
0.078
0.078
0.078
0.078
0.078
0.078
0.075
0.078
0.078
0.078
0.063
0.076
0.078
0.078
0.078
0.078
0.074
0.078
0.078
0.063
0.078
0.078
0.078
0.078
0.078
0.078
0.078
0.078
0.078
0.078
0.078
-1.472
0.078
0.078
0.078
0.078
0.078
0.078
0.078
0.078
0.078
0.078
0.078
0.075
0.078
0.078
0.074
0.078
0.078
0.078
0.078
0.078
0.078
0.078
0.078
0.078
0.078
0.078
0.078
0.078
0.078
0.077
0.064
0.078
0.078
0.078
0.078
0.074
0.076
0.078
0.078
0.078
0.078
0.078
0.078
0.078
0.076
0.078
0.075
0.078
0.078
0.078
0.078
0.078
0.076
0.078
0.077
0.078
0.073
0.078
0.078
0.078
0.078
0.075
0.076
0.078
0.078
0.064
0.078
0.078
0.068
0.078
0.078
0.075
0.078
0.078
0.073
0.063
0.078
0.065
0.078
0.078
0.078
0.078
0.076
0.078
0.078
0.078
0.078
0.078
0.078
0.078
0.078
0.078
0.075
0.078
0.078
0.064
0.074
0.078
0.076
0.078
0.077
0.071
0.078
0.078
0.074
0.078
0.078
0.078
0.078
0.078
0.078
0.078
0.078
0.078
0.077
0.078
0.063
0.073
0.078
0.075
0.077
0.078
0.078
0.078
0.078
0.078
0.063
0.078
0.075
0.075
0.076
0.074
0.078
0.078
0.078
0.078
0.078
0.061
0.078
0.078
0.078
0.078
0.078
0.078
0.078
0.078
0.078
0.078
0.078
0.076
0.078
0.078
0.078
0.078
0.078
0.077
0.078
0.078
0.078
0.078
0.078
0.078
0.064
0.078
0.078
0.078
0.078
0.075
