fixedStep chrom=ENSGT00730000110614 start=1 step=1
0.000
0.000
0.000
0.000
0.000
0.000
0.000
0.000
0.000
0.000
0.000
0.000
0.000
0.000
0.000
0.000
0.000
0.000
0.000
0.000
0.000
0.000
0.000
0.000
0.000
0.000
0.000
0.000
0.000
0.000
0.000
0.000
0.000
0.000
0.000
0.000
0.000
0.000
0.000
0.000
0.000
0.000
0.000
0.000
0.000
0.000
0.000
0.000
-1.686
-1.527
-1.502
-1.058
-0.988
-1.230
-3.118
-1.206
-1.769
-2.458
-4.184
-2.444
0.152
0.156
0.151
0.146
0.156
0.134
0.156
0.156
0.152
0.117
0.138
0.145
0.156
0.156
0.152
0.155
0.152
0.143
0.153
0.153
0.156
0.156
0.156
0.151
-1.942
-1.567
-1.128
0.156
0.156
0.150
0.143
0.156
0.154
0.156
0.156
0.156
0.145
0.156
0.144
0.156
0.156
0.155
0.142
0.138
0.150
0.143
0.156
0.141
0.156
0.150
0.131
0.154
0.151
0.156
0.139
0.156
0.146
0.156
0.156
0.153
0.151
0.155
0.147
0.120
0.153
0.156
0.112
0.156
0.106
0.156
0.155
0.153
0.156
0.156
0.139
0.138
0.156
0.138
0.156
0.156
0.155
0.150
0.156
0.126
0.147
0.154
0.156
0.156
0.156
0.156
0.154
0.156
0.156
0.151
0.156
0.143
0.148
0.156
0.156
0.155
0.156
0.145
0.151
0.156
0.156
0.149
0.155
0.149
0.156
0.147
0.149
0.156
0.156
0.155
0.154
0.156
0.154
0.151
0.154
0.156
0.156
0.156
0.156
0.156
0.150
0.154
0.149
0.152
0.154
0.156
0.154
0.156
0.155
0.150
0.132
0.134
0.139
0.154
0.133
0.154
0.150
0.147
0.156
0.152
0.156
0.156
0.156
0.155
0.155
0.154
0.156
0.156
0.147
0.156
0.156
0.156
0.156
0.156
0.137
0.156
0.156
0.148
0.156
0.156
0.156
0.156
0.156
0.156
0.156
0.156
0.156
0.152
0.155
0.155
0.156
0.156
0.152
0.156
0.156
0.156
0.156
0.156
0.150
0.156
0.156
0.156
0.156
0.156
0.151
0.156
0.156
0.154
0.137
0.148
-5.608
0.156
0.156
0.152
0.156
0.156
0.153
0.156
0.156
0.156
0.145
0.156
0.137
0.154
0.153
0.134
0.156
0.156
0.151
0.156
0.156
0.122
0.156
0.136
0.125
0.149
0.156
0.153
0.156
0.156
0.152
0.156
0.156
0.153
0.156
0.156
0.156
0.154
0.156
0.149
0.150
0.156
0.145
0.156
0.156
0.148
0.156
0.156
0.113
0.156
0.137
0.137
0.156
0.151
0.151
0.156
0.153
0.124
0.156
0.150
0.128
0.156
0.155
0.149
0.152
0.141
0.152
0.156
0.156
0.118
0.137
0.156
0.156
0.156
0.144
0.153
0.135
0.155
0.156
0.156
0.145
0.154
0.156
0.156
0.156
0.143
0.156
0.142
0.152
0.149
0.145
0.156
0.155
0.156
0.156
0.156
0.153
0.143
0.155
0.153
0.153
0.145
0.156
0.156
0.145
0.132
-4.737
0.156
0.151
0.154
0.156
0.150
0.156
0.138
0.156
0.151
0.147
0.145
0.156
0.137
0.146
0.146
0.156
0.138
0.156
0.156
0.130
0.149
0.119
0.156
0.156
0.156
0.123
0.145
0.156
0.123
0.155
0.156
0.156
0.151
0.154
0.124
0.153
0.155
0.138
0.156
0.155
0.156
0.156
0.156
0.142
0.156
0.156
0.156
0.156
0.156
0.152
0.154
0.156
0.147
0.156
0.126
0.154
0.156
0.154
0.156
0.156
0.156
0.156
0.156
0.156
0.155
0.156
0.156
0.156
0.156
0.156
0.131
0.156
0.156
0.137
0.156
0.156
0.142
0.146
0.156
0.143
0.156
0.156
0.154
0.147
0.149
0.136
0.154
0.156
0.154
0.156
0.153
0.152
0.156
0.156
0.145
0.156
0.155
0.155
0.154
0.156
0.148
0.131
0.154
0.148
0.156
0.156
0.139
0.156
0.156
0.152
0.142
0.123
0.156
0.156
0.156
0.152
0.156
0.156
0.156
0.156
0.156
0.156
0.142
0.156
0.155
0.156
0.147
0.149
0.152
0.156
0.156
0.137
0.156
0.137
0.139
0.153
0.143
0.136
0.156
0.143
0.138
0.149
0.154
0.152
0.150
0.145
0.154
0.156
0.154
-2.570
0.156
0.154
0.139
0.156
0.151
0.146
0.151
0.148
0.153
0.155
0.156
0.132
0.156
0.147
0.156
0.134
0.150
0.142
0.156
0.152
0.153
0.156
0.153
0.151
0.154
0.150
0.138
0.152
0.146
0.146
0.131
0.148
0.142
0.156
0.145
0.139
0.156
0.152
0.156
0.156
0.151
0.156
0.156
0.149
0.156
0.143
0.152
0.135
0.145
0.135
0.149
0.156
0.153
0.156
0.156
0.156
0.155
0.156
0.156
0.156
0.156
0.139
0.156
0.156
0.154
0.148
0.156
0.156
0.156
0.156
0.135
0.156
0.156
0.153
0.156
0.156
0.156
0.123
0.156
0.156
0.153
0.156
0.152
0.136
0.154
0.140
0.150
0.156
0.137
0.147
0.156
0.143
0.155
0.154
0.143
0.156
0.156
0.146
0.153
0.156
0.153
0.156
0.154
0.156
0.156
0.156
0.156
0.150
0.156
0.137
0.156
0.135
0.131
0.156
0.156
0.156
0.126
0.156
0.126
0.156
0.136
0.154
0.130
0.156
0.139
0.149
0.156
0.153
0.153
0.147
0.153
0.156
0.156
0.134
0.156
0.156
0.156
0.156
0.156
0.136
0.134
0.153
0.145
0.156
0.150
0.146
0.149
0.149
0.150
0.123
0.156
0.142
0.153
0.156
0.148
0.155
0.114
0.131
0.156
0.153
0.133
-2.243
-1.562
-3.051
0.138
0.133
0.130
0.152
0.156
0.121
0.145
0.149
0.134
0.153
0.156
0.156
0.156
0.156
0.153
0.151
0.156
0.155
0.156
0.155
0.150
0.156
0.156
0.156
0.156
0.156
0.156
0.142
0.149
0.156
0.156
0.154
0.156
0.156
0.156
0.135
0.153
0.156
0.156
0.152
0.142
0.151
0.156
0.156
0.154
0.156
0.156
0.155
0.150
0.149
0.156
0.156
0.137
0.142
0.155
0.156
0.152
0.156
0.156
0.124
0.156
0.156
0.147
0.150
0.156
0.142
0.156
0.152
0.151
0.156
0.156
0.147
0.156
0.156
0.156
0.156
0.156
0.151
0.156
0.156
0.149
0.156
0.156
0.151
0.156
0.156
0.156
0.156
0.156
0.147
0.156
0.156
0.146
0.156
0.155
0.155
0.138
0.149
0.151
0.156
0.156
0.152
0.156
0.156
0.156
0.145
0.156
0.156
0.156
0.153
0.156
0.153
0.156
-2.507
0.156
0.156
0.147
0.156
0.156
0.134
0.149
0.156
0.146
0.156
0.156
0.156
0.156
0.155
0.156
0.124
0.156
0.147
0.153
0.156
0.135
0.109
0.126
0.146
0.152
0.156
0.156
0.156
0.156
0.139
0.156
0.156
0.154
0.156
0.156
0.148
0.153
0.156
0.149
0.156
0.152
0.153
0.156
0.156
0.150
0.154
0.156
0.156
0.155
0.155
0.151
0.156
0.156
0.153
0.131
0.149
0.153
0.156
0.156
0.155
0.156
0.153
0.156
0.156
0.153
0.153
0.145
0.156
0.143
0.153
0.153
0.142
0.154
0.156
0.136
0.146
0.147
0.152
0.156
0.156
0.156
0.156
0.156
0.130
0.137
0.156
0.156
0.156
0.156
0.152
0.156
0.156
0.156
0.156
0.156
0.137
0.156
0.156
0.137
0.156
0.153
0.156
0.156
0.156
0.146
0.156
0.156
0.156
0.156
0.156
0.156
0.156
0.156
0.149
0.156
0.156
0.153
0.156
0.156
0.156
0.156
0.156
0.152
0.156
0.156
0.155
0.156
0.156
0.153
0.155
0.156
0.152
0.156
0.156
0.156
0.156
0.156
0.151
0.156
0.156
0.156
0.156
0.156
0.154
0.155
0.156
0.143
0.153
0.156
0.156
0.156
0.156
0.156
0.109
0.149
0.141
0.156
0.156
0.154
0.149
0.156
0.152
0.153
0.138
0.142
0.124
0.140
0.134
0.149
0.144
0.141
0.144
0.147
0.113
-2.982
-1.656
-1.992
0.000
0.000
0.000
0.000
0.000
0.000
0.000
0.000
0.000
0.000
0.000
0.000
0.000
0.000
0.000
0.000
0.000
0.000
0.000
0.000
0.000
0.000
0.000
0.000
0.000
0.000
0.000
0.000
0.000
0.000
0.000
0.000
0.000
0.000
0.000
0.000
0.000
0.000
0.000
0.000
0.000
0.000
0.000
0.000
0.000
0.151
0.156
0.148
0.151
0.136
0.138
-3.330
-5.742
-3.204
0.000
0.000
0.000
0.000
0.000
0.000
0.000
0.000
0.000
0.000
0.000
0.000
0.000
0.000
0.000
0.000
0.000
0.000
0.000
0.000
0.000
0.000
0.000
0.000
0.000
0.000
0.000
