fixedStep chrom=ENSGT00390000010768 start=1 step=1
0.081
0.082
0.081
0.081
0.081
0.082
0.076
0.082
0.081
0.081
0.081
0.081
0.081
0.081
0.081
0.081
0.082
0.076
0.081
0.081
0.081
0.081
0.076
0.058
0.081
0.081
0.081
0.081
0.081
0.081
0.081
0.081
-1.274
0.081
0.081
0.081
0.081
0.081
0.071
0.082
0.081
0.082
0.081
0.081
0.081
0.081
0.082
0.079
0.081
0.076
0.079
0.082
0.081
0.057
0.081
0.081
0.059
0.081
0.082
0.081
0.081
0.081
0.076
0.058
0.076
0.076
0.081
0.081
0.081
0.082
0.081
0.081
0.057
0.058
0.081
0.081
0.081
0.081
0.081
0.081
0.076
0.058
0.081
0.082
0.082
0.081
0.076
0.081
0.082
0.076
0.057
0.082
0.081
0.081
0.081
0.081
0.081
0.082
0.081
0.081
0.081
0.079
0.081
0.081
0.079
0.081
0.081
0.079
0.081
0.081
0.081
0.074
0.081
0.081
0.081
0.081
0.076
0.081
0.081
-2.479
0.081
0.082
0.078
0.076
0.082
0.081
0.081
0.081
0.071
0.081
0.081
-2.075
0.081
0.082
0.081
0.081
0.082
0.081
0.082
0.081
0.076
0.081
0.081
0.057
0.081
0.082
0.081
0.082
0.081
0.082
0.082
0.081
0.079
0.082
0.081
0.079
0.081
0.081
0.076
0.081
0.082
0.081
0.081
0.081
0.081
0.081
0.076
0.081
0.081
0.082
0.058
0.081
0.081
0.081
0.081
0.081
0.082
0.081
0.082
0.081
0.081
0.081
0.071
0.081
0.081
0.080
0.081
0.082
0.081
0.081
0.081
0.079
0.081
0.082
0.081
0.081
0.081
0.081
0.081
0.081
0.081
0.082
0.081
0.081
0.081
0.081
0.076
0.081
0.081
0.076
0.081
0.082
0.078
0.082
0.079
0.081
0.081
0.081
0.081
0.081
0.081
0.071
0.081
0.081
0.081
0.081
0.081
0.081
0.076
0.081
0.071
0.081
0.081
0.081
0.081
0.082
0.074
0.082
0.082
0.057
0.081
0.057
0.081
0.081
0.081
0.081
0.081
0.082
0.081
0.057
0.081
0.081
-1.036
-1.032
-1.130
0.081
0.081
0.081
0.074
0.080
0.081
0.076
0.081
0.081
0.082
0.082
0.082
0.081
0.082
0.073
0.081
0.081
0.081
0.082
0.081
0.081
0.081
0.081
0.079
0.081
0.082
0.081
0.081
0.081
0.076
0.081
0.082
0.081
0.081
0.082
0.081
0.082
0.081
0.080
0.081
0.081
0.079
0.081
0.081
0.081
0.081
0.082
0.081
0.081
0.082
0.081
0.082
0.081
0.082
0.081
0.081
0.081
0.081
0.081
0.081
0.081
0.082
0.081
0.081
0.082
0.082
0.081
0.081
0.058
0.081
0.081
0.076
0.081
0.057
0.057
0.057
0.057
0.056
0.082
0.076
0.057
0.076
0.057
0.057
0.057
0.076
0.076
0.076
0.081
0.057
0.057
0.057
0.074
0.057
0.076
0.081
-1.272
-2.032
-2.344
0.081
0.081
0.057
0.081
0.076
0.076
-0.100
-0.100
-0.100
-2.030
-1.277
-1.507
0.079
0.081
0.062
0.081
0.057
-2.099
0.081
-2.075
0.071
0.076
0.082
0.074
0.081
0.082
0.076
0.076
0.057
0.081
0.082
0.076
0.082
0.057
0.081
-1.450
0.057
0.082
0.057
0.075
0.081
0.076
0.057
0.057
0.081
0.057
0.057
0.076
0.057
0.082
0.081
0.057
0.057
-1.746
-1.602
0.076
0.057
0.075
0.057
0.057
0.081
0.081
0.081
0.076
0.076
0.069
0.076
0.076
0.076
0.076
0.076
0.070
0.076
0.076
0.070
0.076
0.076
-1.627
0.076
0.076
0.070
0.076
0.076
-0.878
0.076
0.076
0.076
0.076
0.076
0.076
0.076
0.076
0.070
0.076
0.076
0.076
0.076
0.076
0.076
0.076
0.076
0.076
0.071
0.063
0.076
0.076
0.076
0.076
0.076
0.076
0.076
0.076
0.076
0.076
0.076
0.076
0.070
-0.861
0.076
0.070
0.076
0.076
0.076
0.076
0.076
0.069
0.076
0.076
0.076
0.076
0.076
0.070
0.070
0.076
0.076
0.076
0.076
0.076
0.076
0.076
0.070
0.076
0.076
-0.863
0.076
0.076
0.076
0.076
0.076
0.076
0.076
0.076
0.076
0.076
0.076
0.076
0.076
0.076
0.076
-0.866
0.076
0.076
0.070
0.076
-1.957
0.076
0.076
0.076
0.070
0.076
-2.268
0.076
0.076
0.076
0.076
0.076
0.071
0.076
0.076
0.076
0.076
0.076
0.076
0.076
0.076
0.076
0.076
0.076
0.070
0.076
0.076
0.076
0.076
0.076
0.076
0.076
0.076
-0.863
0.076
0.076
0.076
0.076
0.076
0.076
0.076
0.076
0.070
0.076
0.076
-0.866
0.076
0.076
0.076
0.076
0.076
0.076
0.076
0.076
-1.640
0.076
0.076
0.076
0.076
0.070
0.070
0.076
0.076
0.063
0.076
0.076
0.076
0.072
0.070
0.076
0.076
0.076
0.070
0.076
0.076
0.070
0.076
0.076
0.071
0.076
0.070
0.076
0.076
0.076
0.076
0.076
0.076
0.076
0.076
0.076
0.076
0.071
0.071
-0.866
0.076
0.075
0.074
-0.047
-0.047
-0.047
0.070
0.076
-0.843
0.076
0.076
0.076
0.076
0.076
0.076
0.076
0.076
0.076
0.076
0.076
0.076
0.076
0.076
0.076
0.076
0.076
0.070
0.076
0.076
0.076
0.076
0.076
0.076
0.076
0.081
0.082
0.081
0.081
0.076
0.081
0.081
0.081
0.081
0.081
0.081
0.081
0.081
0.081
0.081
0.076
0.076
0.082
0.081
0.081
0.076
0.082
0.081
0.081
0.079
0.081
0.079
0.081
0.079
0.081
0.081
0.076
0.081
0.082
0.081
0.081
0.081
0.079
0.081
0.081
0.082
0.081
0.082
0.071
0.082
0.082
0.081
0.081
0.081
0.076
0.082
0.082
0.076
0.081
0.081
0.071
0.081
0.081
0.081
0.082
0.082
0.082
0.081
0.082
0.081
0.081
0.081
0.081
0.082
0.082
0.081
0.081
0.081
0.079
0.082
0.081
0.081
0.081
0.081
0.081
0.081
0.081
0.077
0.081
0.081
0.076
0.058
0.058
0.081
0.079
0.081
0.081
0.081
0.082
0.081
0.081
0.082
0.081
0.081
0.081
0.081
0.081
0.081
0.079
0.081
0.081
0.081
0.081
0.081
0.080
0.076
0.081
0.081
0.079
0.079
0.082
0.081
0.082
0.082
0.076
0.079
0.079
0.082
0.081
0.081
0.081
0.081
0.081
0.081
0.081
0.081
0.082
0.076
0.071
0.077
0.081
0.081
0.071
0.076
0.071
0.081
0.079
0.081
0.081
0.081
0.077
0.081
0.081
0.081
0.081
0.081
0.081
0.076
0.081
-1.549
-1.554
0.079
0.079
0.079
0.081
0.081
0.081
0.079
0.081
0.081
0.082
0.081
0.081
0.081
0.071
0.082
0.081
0.081
0.082
0.081
0.081
0.082
0.082
0.081
0.076
0.082
0.076
0.081
0.079
0.082
0.081
0.081
0.081
0.081
0.081
-1.558
0.079
0.081
0.076
0.071
0.079
0.081
0.079
0.076
0.081
0.076
0.079
0.079
0.081
-1.590
0.081
0.081
0.079
0.082
0.074
0.076
0.077
0.079
0.081
0.081
0.081
0.081
0.081
0.081
0.081
0.071
0.082
0.081
0.077
0.082
0.082
0.081
0.058
0.082
0.058
0.081
0.081
0.079
0.081
0.081
0.081
0.081
0.081
0.081
0.081
0.082
0.076
0.081
0.081
0.081
0.079
0.081
0.080
0.081
0.081
0.071
0.081
0.081
0.081
0.081
0.071
0.081
0.081
0.082
0.081
