fixedStep chrom=ENSGT00390000003555 start=1 step=1
0.069
0.069
0.069
0.069
0.069
0.069
0.069
0.067
0.069
0.064
0.069
0.069
0.069
0.063
0.069
0.069
0.069
0.069
0.067
0.069
0.069
0.058
0.068
0.069
0.069
0.069
0.069
0.069
0.069
0.069
0.069
0.069
0.069
0.069
0.069
0.069
0.069
0.063
0.069
0.066
0.069
0.063
0.069
0.069
0.061
0.069
0.069
0.062
0.062
0.069
0.069
0.069
0.064
0.067
0.069
0.069
0.068
0.068
0.069
0.069
0.069
0.069
0.069
0.069
0.069
0.069
0.069
0.066
0.069
0.069
0.069
0.069
0.069
0.069
0.067
0.069
0.069
0.069
0.069
0.069
0.069
0.069
0.069
0.069
0.067
0.069
0.067
0.069
0.069
0.069
0.069
0.067
0.069
0.069
0.061
-0.906
0.069
0.069
0.069
0.069
0.069
0.069
0.069
0.069
0.069
0.069
0.069
0.061
0.069
0.069
0.069
0.069
0.069
0.064
0.069
0.069
0.066
0.069
0.069
0.067
0.069
0.069
0.069
0.069
0.069
0.069
0.069
0.069
0.069
-2.766
0.067
0.069
0.069
0.069
0.069
0.069
0.069
0.069
0.069
0.069
0.058
0.067
0.069
-0.890
0.069
0.069
0.069
0.066
0.066
0.066
-2.068
0.066
0.066
0.066
0.066
0.066
0.066
0.066
0.066
-0.988
0.066
0.060
0.066
0.066
0.066
0.066
0.066
0.066
-2.059
0.066
0.057
0.066
-0.989
0.066
0.066
0.066
0.066
0.066
0.066
0.065
0.066
-0.988
0.066
0.061
0.066
0.061
0.066
0.066
0.063
0.066
0.066
0.046
0.066
0.066
0.063
0.063
0.066
0.066
0.066
0.066
0.066
-1.536
-1.536
-1.538
0.066
0.066
0.066
0.066
0.060
0.066
0.066
0.057
0.060
0.066
0.066
0.066
0.066
0.066
0.066
0.066
0.066
0.066
0.066
0.066
0.066
0.066
0.066
0.066
0.066
0.066
0.061
0.066
0.066
0.061
0.066
0.066
-0.982
-0.989
0.066
0.066
0.066
0.060
0.066
0.066
0.066
0.066
0.066
0.066
0.061
0.061
0.061
0.066
0.066
0.066
0.066
0.066
0.066
0.066
0.066
0.066
0.066
0.061
0.066
0.066
0.066
0.066
0.066
0.066
0.066
0.066
0.061
0.066
0.066
-0.965
0.066
0.066
0.066
0.046
0.066
-0.987
0.066
0.066
0.066
0.066
0.066
0.066
0.066
0.066
0.066
0.066
0.066
0.066
0.066
0.066
0.066
0.066
0.066
0.066
0.066
0.063
0.061
0.060
0.066
0.064
0.064
0.063
-1.334
-1.336
-1.336
0.066
0.065
0.066
0.060
0.066
-1.836
0.057
0.061
0.066
0.066
0.066
0.061
0.061
0.066
0.066
0.066
0.066
0.066
0.066
0.066
0.066
0.066
0.066
0.059
0.060
0.066
0.066
0.057
0.063
0.061
0.066
0.066
0.066
0.064
0.064
0.066
0.066
0.066
0.066
0.066
0.066
0.066
0.066
0.066
0.066
0.069
0.069
-0.907
0.069
0.069
0.069
0.069
0.069
0.069
0.069
0.069
0.069
-0.862
-0.862
-0.723
0.068
0.069
0.066
0.069
0.067
0.064
0.069
0.069
0.069
0.069
0.069
-0.906
-1.746
-1.326
-1.322
-1.075
-3.804
-1.073
0.062
0.069
0.069
0.069
0.069
0.060
0.069
-0.910
0.069
-1.538
-1.873
-1.536
0.069
0.069
0.069
0.069
0.069
0.069
0.067
0.064
0.069
0.069
0.069
0.069
0.069
0.069
0.069
0.069
0.069
0.069
0.069
0.069
0.062
0.067
0.069
0.069
0.069
0.069
0.069
0.069
0.069
0.069
0.069
0.069
0.069
0.069
0.069
0.069
0.069
0.069
0.069
0.069
0.069
0.068
0.069
0.069
0.069
0.069
0.069
0.069
0.069
0.069
0.069
-0.890
0.069
0.069
0.069
0.069
0.069
-1.715
0.069
0.069
0.069
0.069
0.068
0.000
0.000
0.000
