fixedStep chrom=ENSGT00600000084564 start=1 step=1
0.137
0.149
0.137
0.136
0.144
-1.889
0.137
0.138
0.137
0.142
0.145
0.096
0.147
0.147
0.137
0.148
0.135
0.136
0.148
0.146
-1.101
0.147
0.147
0.136
0.148
0.149
0.137
0.147
0.148
0.148
0.147
0.142
0.148
0.145
0.145
0.147
0.147
0.147
0.136
0.147
0.147
0.136
0.147
0.147
0.147
0.147
0.147
0.136
0.147
0.147
0.136
-1.299
0.096
0.096
0.096
0.136
0.096
0.145
0.147
0.096
0.096
0.137
0.096
0.136
0.096
0.137
0.147
0.147
0.147
0.147
0.147
0.147
0.147
0.147
0.131
-1.041
0.146
-0.596
-1.041
0.136
0.147
0.147
0.147
0.096
0.147
0.147
0.135
0.136
0.147
0.096
0.137
0.148
0.096
0.096
0.148
0.149
0.131
0.148
0.137
0.096
0.148
0.134
0.096
0.096
0.096
0.096
0.146
0.096
0.147
0.147
0.147
0.148
0.147
0.147
0.147
0.147
0.099
0.099
0.099
0.137
0.101
-1.205
-1.568
0.147
0.137
0.099
0.099
0.101
0.100
0.147
0.101
0.137
0.137
0.099
-0.616
0.100
0.147
0.125
0.147
0.137
0.099
0.100
0.147
0.147
0.147
0.099
0.136
-0.616
0.096
0.136
0.147
0.148
0.096
0.137
0.137
0.124
0.099
0.099
0.137
0.099
0.147
0.099
-1.163
-1.163
-1.165
-0.588
0.096
0.096
-0.617
0.096
0.136
0.100
0.096
0.096
0.137
-0.418
-1.400
-0.193
-0.184
-0.134
-0.145
-0.145
-0.145
-0.145
-0.134
0.000
0.000
0.000
0.000
0.000
0.000
0.000
0.000
0.000
0.000
0.000
0.000
0.000
0.000
0.000
0.000
0.000
0.000
0.000
0.000
0.000
0.000
0.000
0.000
0.000
0.000
0.000
0.000
0.000
0.000
0.000
0.000
0.000
0.000
0.000
0.000
0.000
0.000
0.000
0.000
0.000
0.000
0.000
0.000
0.000
0.000
0.000
0.000
0.000
0.000
0.000
0.000
0.000
0.000
0.000
0.000
0.000
0.000
0.000
0.000
0.000
0.000
0.000
0.000
0.000
0.000
0.000
0.000
0.000
0.000
0.000
0.000
0.000
0.000
0.000
0.000
0.000
0.000
0.000
0.000
0.000
0.000
0.000
0.000
0.000
0.000
0.000
0.000
0.000
0.000
0.000
0.000
0.000
0.000
0.000
0.000
0.000
0.000
0.000
0.000
0.000
0.000
0.000
0.000
0.000
0.000
0.000
0.000
0.000
0.000
0.000
0.000
0.000
0.000
0.000
0.000
0.000
0.000
0.000
0.000
0.000
0.000
0.000
0.000
0.000
0.000
0.000
0.000
0.000
0.000
0.000
0.000
0.000
0.000
0.000
0.000
0.000
0.000
0.000
0.000
0.000
0.000
0.000
0.000
0.000
