fixedStep chrom=ENSGT00510000048028 start=1 step=1
0.070
0.070
0.070
0.070
0.070
0.070
0.070
0.066
0.068
0.070
0.070
0.070
0.070
0.070
0.068
0.070
0.070
0.068
0.070
0.070
0.067
0.069
0.068
0.070
0.070
0.070
-2.099
0.070
0.070
0.067
0.070
0.070
0.063
0.057
-2.162
0.070
0.070
0.070
0.070
0.070
0.070
0.070
0.070
0.070
0.059
0.070
0.070
0.070
0.070
0.070
0.070
0.070
0.070
0.070
0.070
0.070
0.070
0.070
0.070
0.070
0.070
0.070
0.070
0.070
0.070
0.070
0.070
0.070
0.070
0.070
0.070
0.067
0.070
0.070
0.070
-2.162
0.070
0.070
0.070
0.070
0.070
0.070
0.070
0.070
0.070
0.070
0.070
0.070
0.070
0.070
0.070
0.070
0.063
0.070
0.070
0.070
0.070
0.070
0.067
0.070
0.070
0.069
0.067
0.069
0.070
0.070
0.070
0.070
0.070
0.070
0.067
0.070
0.068
0.070
0.070
0.070
0.070
0.070
0.057
0.069
0.070
0.070
0.070
0.070
0.070
0.070
0.054
0.070
0.069
0.070
0.054
0.067
0.070
0.070
0.064
0.070
0.070
0.070
0.070
0.070
0.070
0.070
0.070
0.070
0.070
0.070
0.069
0.070
0.067
0.070
0.061
0.070
0.070
0.070
0.070
0.070
0.070
0.070
0.066
0.070
0.067
0.070
0.070
0.070
0.070
0.070
0.070
0.070
0.070
0.070
0.070
0.070
0.070
0.070
0.070
0.067
0.060
0.070
0.070
0.057
0.070
0.070
0.070
0.070
0.067
0.070
0.070
0.070
0.070
0.070
0.070
0.069
0.070
0.057
0.069
0.052
0.070
0.066
0.054
0.070
0.070
0.070
0.070
0.070
0.070
0.070
0.070
0.070
0.070
0.070
0.070
0.070
0.067
0.070
0.070
0.070
0.070
0.070
0.070
0.070
0.057
0.070
0.063
0.070
0.070
0.070
0.070
0.067
0.068
0.070
0.070
0.070
0.070
0.070
0.070
0.070
0.070
0.070
0.066
0.070
0.070
0.070
0.069
0.070
0.070
0.070
0.070
0.070
0.067
0.070
0.070
0.067
0.070
0.070
0.070
0.068
0.070
0.070
0.070
0.070
0.070
0.070
0.070
0.067
0.070
0.070
0.070
0.070
0.070
0.069
0.070
0.070
0.070
0.070
0.067
0.069
0.070
0.069
0.070
0.070
0.070
0.070
0.070
0.054
0.070
0.070
0.067
0.067
0.070
0.068
0.070
0.069
0.070
0.070
0.070
0.070
0.070
0.070
0.070
0.070
0.070
0.070
0.070
0.070
0.070
0.069
0.070
0.070
0.070
0.070
0.070
0.070
0.070
0.070
0.067
0.070
0.070
0.070
0.070
0.070
0.070
