fixedStep chrom=ENSGT00390000001681 start=1 step=1
0.000
0.000
0.000
0.000
0.000
0.000
0.000
0.000
0.000
0.000
0.000
0.000
0.000
0.000
0.000
0.000
0.000
0.000
0.000
0.000
0.000
0.000
0.000
0.000
0.000
0.000
0.000
0.000
0.000
0.000
0.000
0.000
0.000
0.000
0.000
0.000
0.000
0.000
0.000
0.000
0.000
0.000
0.000
0.000
0.000
0.000
0.000
0.000
0.000
0.000
0.000
0.000
0.000
0.000
0.000
0.000
0.000
0.000
0.000
0.000
0.000
0.000
0.000
0.000
0.000
0.000
0.000
0.000
0.000
0.000
0.000
0.000
0.000
0.000
0.000
0.000
0.000
0.000
0.000
0.000
0.000
0.000
0.000
0.000
0.000
0.000
0.000
0.000
0.000
0.000
0.000
0.000
0.000
0.000
0.000
0.000
0.000
0.000
0.000
0.000
0.000
0.000
0.000
0.000
0.000
-1.755
-1.755
-1.755
-1.755
-1.755
-1.754
-1.754
-1.884
-1.758
-1.754
-1.754
-1.754
-0.861
-0.861
-0.861
0.180
0.115
0.170
0.169
0.180
0.180
0.180
0.180
-0.598
0.174
0.112
0.169
-0.569
0.182
0.178
-0.569
-0.987
0.174
-0.559
-0.573
0.176
0.000
0.000
0.000
0.000
0.000
0.000
0.000
0.000
0.000
0.000
-1.523
-2.191
-1.502
-0.601
0.154
-0.616
0.158
0.159
-1.502
-0.601
0.156
0.962
0.962
0.962
-1.468
-0.940
-2.284
0.000
0.000
0.000
0.000
0.000
0.000
0.000
0.000
0.000
0.000
0.000
0.000
0.000
0.180
0.180
0.170
0.178
0.161
0.179
0.181
0.183
0.114
0.181
0.170
0.166
0.181
0.177
0.162
0.113
0.115
0.177
0.115
0.172
0.180
0.115
0.170
0.180
0.162
0.164
-0.092
-0.092
0.160
0.162
0.162
0.153
0.173
0.162
-0.996
0.172
-0.092
0.172
-1.231
-0.992
-1.478
-0.093
0.163
0.155
0.172
0.163
-0.220
0.172
0.163
-0.727
0.174
0.175
0.172
0.162
0.172
0.163
0.162
0.162
0.174
0.175
-0.091
0.174
0.174
0.174
0.130
-0.092
0.174
-1.473
-0.093
-0.093
0.163
0.172
0.162
0.145
-0.092
-0.629
-0.280
0.161
-0.093
0.165
-0.093
-0.092
-0.093
0.173
0.154
0.159
-0.091
0.163
0.159
0.163
0.175
-0.093
-0.092
0.172
-0.092
0.152
-0.091
0.134
0.172
0.172
0.165
0.172
0.173
0.170
-0.092
-0.092
0.171
0.162
0.175
0.171
-0.092
-0.178
0.165
0.164
0.175
0.129
0.163
0.175
0.161
0.175
0.174
0.174
0.172
0.173
-0.229
0.170
0.171
-0.091
0.172
0.172
0.155
0.172
0.162
0.174
0.175
0.172
0.172
0.175
0.172
0.172
0.173
-0.092
0.158
0.172
0.163
-0.175
-0.092
0.175
-0.206
0.175
0.174
0.147
-0.093
-0.091
-2.189
0.162
-0.091
0.174
-0.342
0.174
-1.797
0.172
0.172
0.157
-0.092
0.170
0.171
0.172
0.173
0.171
-0.091
0.162
0.162
-0.091
0.173
0.170
0.173
0.175
0.162
0.174
0.174
0.163
0.162
0.172
-1.117
0.162
0.175
-0.724
0.163
0.162
0.153
0.172
0.175
0.172
0.172
0.174
0.173
0.168
0.162
0.169
0.172
0.175
0.155
0.175
-0.092
0.174
0.174
0.172
0.161
0.172
0.172
-0.093
0.175
0.172
0.172
0.174
0.175
0.161
0.175
-0.091
0.172
0.172
0.173
0.161
0.172
0.172
0.172
0.174
0.175
0.171
0.162
0.172
0.172
0.143
0.172
0.160
0.172
0.173
-0.093
0.173
0.173
0.160
0.172
0.174
-5.170
0.172
0.173
0.171
0.172
0.173
0.161
0.174
0.175
0.172
0.173
0.175
0.169
0.169
-0.091
0.172
0.161
0.175
0.153
0.174
0.174
0.142
0.172
0.162
-0.093
0.173
-0.092
-1.121
-0.092
-0.092
-0.199
0.172
-0.092
-0.096
0.172
0.172
-0.093
-0.092
0.174
0.174
0.175
0.175
0.174
-0.092
0.175
-0.093
0.173
0.175
0.174
-0.092
0.172
0.160
0.172
0.165
0.165
0.173
0.172
0.165
-0.093
0.173
0.172
0.173
0.174
0.166
0.173
0.162
0.170
0.173
0.161
0.173
0.172
0.176
0.110
0.179
-0.525
0.173
0.179
0.176
0.174
0.179
0.178
-4.847
0.178
0.179
0.174
0.179
0.178
0.161
0.174
0.179
0.000
0.000
0.000
0.000
0.000
0.000
0.000
0.000
0.000
0.000
0.000
0.000
0.000
0.000
0.000
0.000
0.000
0.000
0.000
0.000
0.000
0.000
0.000
0.000
0.000
0.000
0.000
0.000
0.178
0.166
0.175
0.166
0.179
-0.187
0.176
0.164
0.166
0.178
0.176
0.166
0.179
0.176
0.178
0.110
0.176
0.110
0.176
0.179
0.173
0.167
0.110
-0.677
0.171
0.176
0.176
0.178
0.179
-1.059
0.110
0.110
0.172
0.176
0.176
0.165
0.166
0.166
0.178
0.179
0.176
0.176
0.167
0.110
-0.089
0.179
0.176
0.178
0.176
0.179
0.166
0.179
0.178
-0.105
0.178
0.178
0.166
-0.658
0.176
0.110
0.178
0.179
0.177
0.176
0.178
0.176
0.179
0.179
0.178
0.178
0.110
-0.192
0.179
0.110
0.122
0.176
0.179
-0.655
0.110
0.176
0.174
0.176
0.110
0.170
0.178
0.179
0.176
0.176
0.179
0.171
0.166
0.176
0.172
0.178
0.176
0.167
0.179
0.176
0.167
0.179
0.178
0.173
0.176
0.180
0.179
0.113
0.183
0.180
0.180
0.181
-2.736
0.180
0.180
0.174
0.180
0.170
0.181
0.115
0.183
0.113
0.183
0.180
0.180
0.183
0.180
0.171
0.115
0.183
0.114
0.181
0.183
0.181
0.180
0.115
0.115
0.168
0.115
0.179
0.181
0.181
0.179
0.183
0.180
0.170
0.115
0.183
0.115
0.115
0.171
0.167
0.181
0.180
0.168
0.180
0.180
0.113
0.170
0.181
0.000
0.000
0.000
0.000
0.000
0.000
0.000
0.000
0.000
0.000
0.000
0.000
0.000
0.181
0.171
-1.491
0.115
0.177
-0.986
0.179
-0.990
0.115
0.180
0.162
0.180
0.179
-0.575
0.179
0.113
0.171
0.113
0.115
-0.273
0.180
0.169
0.171
0.178
0.181
0.181
0.183
0.178
0.183
-0.641
0.180
0.181
0.153
0.115
0.183
0.179
0.181
0.170
0.114
0.115
0.164
0.178
0.180
0.115
0.170
-1.495
0.181
0.113
0.115
0.183
0.113
0.170
0.180
0.181
0.183
0.180
0.180
0.180
0.179
0.170
0.170
0.170
0.175
0.114
0.183
0.180
0.115
0.115
0.181
-1.828
-1.832
-3.001
-1.491
-1.097
-1.414
-0.818
-1.400
-3.452
-1.414
-1.400
-0.775
0.000
0.000
0.000
0.000
0.000
0.000
0.000
0.000
0.000
0.000
-1.883
-1.653
-1.013
-1.006
-1.522
-1.013
-1.472
-3.171
-3.462
-0.768
-2.954
-0.120
-0.120
-0.121
0.199
0.200
-0.310
-0.774
-0.988
-0.988
-1.082
-0.989
-1.195
0.000
0.000
0.000
0.000
0.000
0.000
0.000
0.000
0.000
-0.775
-0.774
-1.058
-0.775
-1.061
-0.877
-0.809
-0.768
-0.810
0.177
0.183
0.177
0.171
0.183
0.181
0.180
0.180
0.173
0.115
0.180
0.114
0.180
0.180
0.171
0.181
0.183
0.164
0.181
0.180
0.171
0.180
0.180
0.176
0.115
0.115
0.176
0.115
0.183
0.177
0.170
0.115
0.181
0.183
0.181
0.180
0.183
0.180
0.181
0.115
0.183
0.115
0.115
0.115
0.180
0.179
0.183
0.180
0.180
0.180
0.160
0.170
0.169
-2.373
0.180
0.180
-2.345
0.000
0.000
0.000
0.000
0.000
0.000
0.000
0.000
0.000
-1.675
-1.222
-2.637
-2.929
-1.025
-1.096
-1.018
-1.465
-1.446
-1.140
-1.035
-1.338
0.000
0.000
0.000
0.000
0.000
0.000
0.000
0.000
0.000
0.000
0.000
0.000
0.000
0.000
0.000
0.000
0.000
0.000
0.000
0.000
0.000
0.000
0.000
0.000
0.000
0.000
0.000
0.000
0.000
0.000
0.000
0.000
0.000
0.000
0.000
0.000
0.000
0.000
0.000
0.000
0.000
0.000
0.000
0.000
0.000
0.000
0.000
0.000
0.000
0.000
0.000
0.000
0.000
0.000
0.000
0.000
0.000
0.000
0.000
0.000
0.000
0.000
0.000
0.000
0.000
0.000
0.000
0.000
0.000
0.000
0.000
0.000
0.000
0.000
0.000
0.000
0.000
0.000
0.000
0.000
0.000
0.000
0.000
0.000
0.000
0.000
0.000
0.000
0.000
0.000
0.000
0.000
0.000
