fixedStep chrom=ENSGT00390000005235 start=1 step=1
0.064
0.064
0.064
0.064
0.064
0.052
0.064
0.064
0.064
0.064
0.064
0.064
0.064
0.064
0.064
0.064
0.064
0.064
0.064
0.064
0.064
0.064
0.064
0.064
0.064
0.064
0.064
0.064
0.064
0.063
0.060
0.064
0.064
0.064
0.064
0.064
0.064
0.064
0.046
0.064
0.064
0.064
0.061
0.064
0.061
0.064
0.064
0.064
0.064
0.064
0.064
0.052
0.064
0.064
0.064
0.064
0.064
0.064
0.064
0.064
0.064
0.064
0.064
0.064
0.064
0.064
0.064
0.064
0.064
0.064
0.064
0.064
0.052
0.064
0.064
0.064
0.064
0.060
-1.359
-1.359
-1.359
-1.358
-1.358
-1.582
0.064
0.064
0.060
0.064
0.064
0.064
0.064
0.064
0.064
0.064
0.064
0.064
-1.648
-1.355
-1.359
0.064
0.064
0.064
0.063
0.064
0.064
0.046
0.064
0.059
0.064
0.064
0.060
0.064
0.064
0.064
0.064
0.064
0.064
0.064
0.064
0.056
0.064
0.064
0.064
0.064
0.064
0.064
0.064
0.064
0.064
0.064
0.064
0.059
0.064
0.064
0.064
0.064
0.064
0.064
0.064
0.064
0.064
0.064
0.064
0.064
0.064
0.064
0.052
0.064
0.064
0.061
0.064
0.064
0.064
0.064
0.064
0.064
0.064
0.064
0.046
0.064
0.064
0.064
0.064
0.064
0.046
0.064
0.064
0.064
0.064
0.064
0.064
0.064
0.064
0.060
0.064
0.064
0.064
0.064
0.064
0.060
0.064
0.064
0.064
0.064
0.064
0.064
0.064
0.064
0.060
0.064
0.064
0.064
0.064
0.046
0.046
0.064
0.064
0.064
0.061
0.063
0.064
0.063
0.064
0.052
0.064
0.064
0.060
0.064
0.064
0.063
0.064
0.064
0.064
0.061
0.064
0.064
0.060
0.052
0.064
0.064
0.064
0.064
0.064
0.064
0.064
0.064
0.064
0.064
0.064
0.064
0.064
0.064
0.064
0.064
0.063
0.064
0.046
0.064
0.064
0.064
0.064
0.064
0.064
0.064
0.064
0.049
0.064
0.064
0.060
0.064
0.064
0.064
0.064
0.064
0.064
0.064
0.064
0.060
0.061
0.064
0.064
0.064
0.064
0.059
0.060
0.064
0.064
0.064
0.064
0.064
0.052
0.064
0.064
0.064
0.064
0.060
0.064
0.064
0.064
0.064
0.064
0.061
0.064
0.064
0.061
0.064
0.064
0.060
0.064
0.064
0.063
0.064
0.064
0.061
0.064
0.064
0.064
0.064
0.061
0.052
0.064
0.064
0.061
0.064
0.064
0.064
0.064
0.064
0.059
0.064
0.060
0.064
0.064
0.060
0.064
0.064
0.064
0.064
0.064
0.064
0.064
0.064
0.064
0.060
0.064
0.064
0.064
0.064
0.064
0.060
0.064
0.064
0.064
0.064
0.064
0.060
0.060
0.064
0.064
0.064
0.064
0.064
0.064
0.064
0.064
0.063
0.064
0.064
0.064
0.064
0.064
0.064
0.064
0.061
0.064
0.064
0.064
0.064
0.064
-3.283
0.064
0.064
0.061
0.064
0.064
0.056
0.064
0.063
0.064
0.064
0.064
0.064
0.061
0.064
0.064
0.064
0.064
0.064
0.064
0.064
0.064
0.064
0.064
0.061
0.064
0.064
0.060
0.064
0.064
0.064
0.064
0.064
0.064
0.064
0.064
0.064
0.064
0.064
0.064
0.064
0.064
0.061
0.064
0.064
0.064
0.064
0.064
0.064
0.064
0.064
0.061
0.064
0.064
0.064
0.064
0.064
0.064
0.064
0.064
0.064
0.064
0.064
0.063
0.064
0.064
0.061
0.064
0.064
0.064
0.064
0.064
0.064
0.064
0.064
0.061
0.061
0.064
0.064
0.064
0.064
0.062
0.052
0.064
0.064
0.064
0.046
0.062
