fixedStep chrom=ENSGT00390000011072 start=1 step=1
-2.292
-1.416
-2.295
-1.727
-2.290
-2.277
-2.513
-1.727
-2.290
-2.293
-1.421
-1.422
0.053
0.068
0.066
0.065
0.068
0.068
0.068
0.068
0.068
0.068
0.068
0.068
0.068
0.068
0.068
0.068
0.068
0.061
0.068
0.068
0.066
0.068
0.068
0.068
0.068
0.068
0.053
0.068
0.068
0.061
0.068
0.068
0.068
0.068
0.068
0.068
0.068
0.068
0.068
0.066
0.068
0.068
0.068
0.068
0.066
0.068
0.068
0.068
0.068
0.068
0.068
0.068
0.068
0.068
0.068
0.068
0.065
0.068
0.068
0.065
0.068
0.068
0.068
0.068
0.068
0.068
0.068
0.068
0.068
0.068
0.066
0.068
0.068
0.068
0.066
0.068
0.068
0.065
0.068
0.068
0.068
0.068
0.068
0.068
0.068
0.068
0.068
0.068
0.068
0.063
0.068
0.068
0.068
0.068
0.068
0.068
0.068
0.068
0.068
0.068
0.068
0.068
0.068
0.068
0.068
0.068
0.068
0.066
0.068
0.068
0.068
0.068
0.068
0.066
0.068
0.068
0.068
0.068
0.068
0.067
-0.246
-0.246
-0.246
-0.246
-0.246
-0.246
0.068
0.068
0.068
0.066
0.068
0.066
0.068
0.068
0.068
0.068
0.068
0.065
0.068
0.068
0.068
0.068
0.068
0.068
0.068
0.068
0.068
0.068
0.068
0.064
0.068
0.068
0.068
0.065
0.068
0.068
0.068
0.068
0.068
0.068
0.068
0.068
0.068
0.068
0.068
0.068
0.068
0.066
0.068
0.068
0.068
0.068
0.068
0.066
0.067
0.068
0.068
0.068
0.068
0.068
0.068
0.068
0.068
0.068
0.068
0.068
0.068
0.068
0.068
0.068
0.068
0.068
-0.914
0.068
0.068
0.068
0.068
0.061
0.068
0.068
0.066
0.068
0.068
0.068
0.068
0.068
0.068
0.068
0.068
0.068
0.068
0.068
0.068
0.068
0.068
0.068
0.068
0.059
0.059
0.068
0.068
0.066
0.068
0.068
0.065
0.068
0.068
0.068
0.068
0.068
0.068
0.068
0.068
0.065
0.068
0.068
0.068
0.068
0.068
0.068
0.068
0.068
0.065
0.068
0.068
0.068
0.068
0.068
0.063
0.063
0.063
0.063
0.063
0.063
0.063
0.063
0.063
0.063
0.063
0.063
0.062
0.063
0.063
0.063
0.063
0.063
0.063
0.063
0.063
0.063
0.063
0.063
0.062
0.063
0.063
0.063
0.063
0.063
0.063
0.063
0.063
0.063
0.063
0.063
0.063
0.063
0.063
0.063
0.063
0.063
0.063
0.063
0.063
0.063
0.063
0.063
0.062
0.063
0.063
0.059
0.063
0.063
-1.543
0.063
0.059
0.059
0.059
0.062
0.059
0.063
0.063
-1.767
0.063
0.063
0.063
0.063
0.063
0.063
0.063
0.056
0.059
0.063
0.063
0.063
0.063
0.063
0.063
-1.000
0.063
-1.000
0.063
0.063
0.063
0.063
0.063
0.063
0.063
0.056
0.063
0.063
0.063
0.063
0.063
0.063
0.063
0.063
0.068
-2.245
0.068
0.068
-0.910
0.068
0.068
-0.912
0.068
0.063
-0.913
0.063
0.068
0.065
-0.914
0.068
0.063
0.068
0.068
0.065
0.063
-0.910
0.065
-0.914
0.068
-0.894
-0.914
-0.910
-0.910
0.068
0.063
-0.912
-0.894
-0.894
0.063
-0.910
0.068
-0.913
-0.914
-0.910
-0.913
0.068
-0.910
0.063
0.068
-0.894
0.068
-0.913
-0.912
0.067
-0.894
-0.894
-1.603
0.068
-0.894
0.061
0.068
0.068
0.068
0.068
0.068
0.068
-0.913
-0.910
-0.910
-0.913
-0.894
-0.913
0.063
0.068
0.060
0.068
-0.914
0.060
0.068
0.068
0.068
0.063
0.068
-0.912
0.063
0.068
0.065
0.063
0.068
0.063
0.068
-0.910
0.068
0.068
-0.914
-0.913
0.068
0.063
-1.214
0.063
0.068
0.062
0.063
-0.894
0.063
-0.894
-0.894
0.063
-0.910
0.068
0.068
0.063
0.068
0.068
0.068
0.068
0.068
0.068
0.068
0.064
0.068
0.068
0.068
0.068
0.068
0.068
0.068
0.068
0.068
0.068
0.068
0.068
0.059
0.066
0.068
0.068
0.068
0.066
0.068
0.068
0.068
0.068
0.068
0.068
0.068
0.068
0.066
0.068
0.068
0.066
0.068
0.068
0.068
0.068
0.068
0.068
0.068
0.068
0.068
0.068
0.068
0.068
0.068
0.068
0.068
0.068
0.068
0.068
0.068
0.068
0.068
0.068
0.068
0.068
0.068
0.068
0.068
0.068
0.068
0.068
0.068
0.068
0.059
0.068
0.068
0.068
0.068
0.068
0.068
0.068
0.068
0.068
0.068
0.068
0.068
0.068
0.068
0.065
0.068
0.068
0.068
0.068
0.068
0.068
0.068
0.068
0.068
0.068
0.068
0.068
0.068
0.068
0.068
0.068
0.068
0.065
0.065
0.068
0.068
0.068
0.068
0.068
0.068
0.068
0.068
0.061
0.068
0.068
0.068
0.068
0.068
0.068
0.068
0.068
0.068
0.068
0.068
0.068
0.068
0.068
0.068
0.066
0.066
0.068
0.068
0.068
0.068
0.068
0.068
0.068
0.068
0.066
0.068
0.068
0.068
0.068
0.068
0.061
0.068
0.068
0.068
0.068
0.068
0.067
0.068
0.068
0.068
0.068
0.068
0.068
0.068
0.068
0.068
0.068
0.068
0.068
0.068
0.068
0.061
0.068
0.068
0.066
0.053
0.068
0.068
0.068
0.068
0.066
0.068
0.068
0.068
-2.176
0.068
0.068
0.068
0.068
0.068
0.068
0.068
0.068
0.068
0.068
0.068
0.068
0.068
0.066
0.068
0.068
0.068
0.068
0.068
0.053
0.068
0.068
0.066
0.053
0.065
0.054
0.065
0.068
0.068
0.068
0.068
0.068
0.068
0.068
0.068
0.068
0.068
0.068
0.068
0.068
0.068
0.068
0.068
0.068
0.068
0.068
0.068
0.068
0.068
0.065
0.068
0.068
0.068
0.068
0.068
0.066
0.068
0.068
0.068
0.068
0.068
0.065
0.068
0.068
0.068
0.068
0.068
0.068
0.054
0.068
0.068
0.068
0.068
0.068
0.068
0.068
0.068
0.068
0.068
0.068
0.068
0.068
0.068
0.068
0.068
0.068
0.068
0.068
0.068
0.068
0.068
0.053
0.068
0.068
0.059
0.066
0.068
0.058
0.068
0.068
0.068
0.068
0.068
0.068
0.068
0.068
0.066
0.068
0.068
0.061
0.068
0.068
0.066
0.065
0.068
0.068
0.068
0.068
0.068
0.068
0.068
0.068
0.068
0.068
0.068
0.068
0.068
0.068
0.068
0.068
0.068
0.068
0.068
0.068
0.068
0.068
0.061
0.068
0.068
0.068
0.068
0.068
0.068
0.068
0.068
-0.912
0.068
0.068
0.068
0.068
0.068
0.068
0.068
0.068
0.068
0.068
0.068
0.068
0.068
0.068
0.059
0.068
0.068
0.068
0.068
0.068
0.068
0.068
0.068
0.068
0.053
0.065
0.068
0.068
0.068
0.068
0.068
0.068
0.059
0.068
0.068
0.066
0.068
0.068
0.068
0.068
0.068
0.068
0.068
0.068
-2.304
0.068
0.068
0.068
0.068
0.068
0.066
0.068
0.068
0.068
0.068
0.068
0.068
0.065
0.068
0.068
0.068
0.053
0.068
0.068
0.068
0.066
0.068
0.068
0.066
0.068
0.068
0.066
0.068
0.068
0.068
0.068
0.068
0.068
0.068
0.068
0.068
0.068
0.068
0.066
0.066
-1.713
0.064
0.068
0.068
0.068
0.068
0.068
0.068
-1.685
0.053
0.061
0.067
0.065
0.068
0.068
0.068
0.068
