fixedStep chrom=ENSGT00390000004755 start=1 step=1
0.135
0.135
0.135
0.110
0.135
0.097
0.126
0.095
0.122
0.135
0.129
0.126
0.135
0.135
0.124
0.135
0.135
0.097
0.135
0.135
0.126
0.097
0.135
0.131
0.123
0.133
0.097
0.135
0.135
0.097
0.135
0.135
0.097
0.135
0.135
0.131
0.092
0.124
-1.109
0.135
0.127
-1.174
0.135
0.135
0.110
0.135
0.135
0.125
0.132
0.135
0.126
0.135
0.135
-2.672
0.135
0.135
0.135
0.126
0.135
0.132
0.125
0.129
-1.943
0.135
0.135
0.126
0.135
0.133
0.133
0.135
0.135
0.135
0.135
0.135
0.135
0.133
0.135
0.089
0.129
0.135
0.135
0.110
0.135
0.123
0.135
0.135
0.126
0.135
0.135
-1.186
0.135
0.135
0.106
0.135
0.135
0.133
0.135
0.135
0.135
0.135
0.135
0.133
0.135
0.135
0.097
0.135
0.135
0.135
0.135
0.135
0.134
0.104
0.135
0.097
0.135
0.135
0.132
0.094
0.135
0.094
0.135
0.135
0.126
0.135
0.135
0.128
0.135
0.135
0.134
0.124
0.133
0.128
0.096
0.135
-1.879
0.126
0.135
-0.650
0.135
0.127
0.110
0.129
0.126
0.124
0.129
0.129
0.108
0.135
0.135
0.124
0.097
0.126
0.094
0.132
0.135
0.135
0.135
0.128
0.133
0.097
0.127
0.126
0.133
0.135
0.135
0.129
0.129
0.128
0.135
0.135
0.134
0.135
0.135
0.094
0.133
0.135
0.095
0.135
0.135
0.095
0.135
0.135
0.125
0.133
0.128
-1.008
-0.932
0.135
0.092
0.133
0.135
0.135
0.135
0.135
0.110
0.135
0.135
0.124
0.135
0.135
0.093
0.135
0.135
0.133
0.135
0.135
0.127
0.135
0.135
0.132
0.129
0.135
0.097
0.135
0.135
0.095
0.135
0.135
0.133
0.135
0.135
0.126
0.126
0.135
-1.953
0.135
0.135
0.129
0.128
0.135
0.135
0.135
0.135
0.135
0.126
0.133
0.095
0.097
0.126
0.126
0.126
0.135
0.097
0.135
0.135
0.092
0.135
0.135
0.125
0.135
0.135
0.135
0.135
0.135
0.126
0.135
0.135
0.095
0.133
0.135
0.129
0.135
0.135
0.127
0.135
0.135
0.123
0.135
0.135
-2.783
0.127
0.135
-2.380
0.135
0.135
0.135
0.126
0.135
0.135
0.135
0.126
0.135
0.135
0.135
-1.452
0.126
0.135
0.092
0.135
0.135
0.135
0.135
0.135
0.135
