fixedStep chrom=ENSGT00390000011654 start=1 step=1
-1.349
-2.208
-1.350
0.058
0.058
-2.360
-2.342
0.063
0.061
0.063
0.063
0.060
0.063
0.063
0.063
0.063
0.063
0.063
0.063
0.063
0.063
0.063
0.053
0.062
-1.346
-1.346
-1.349
0.063
0.063
0.063
0.063
0.063
0.063
0.063
0.063
0.063
0.060
0.063
0.063
0.063
0.063
0.063
0.063
0.063
0.063
0.063
0.063
0.063
0.063
0.063
0.063
0.063
0.053
0.063
0.063
0.063
0.063
0.063
0.063
0.063
0.063
0.063
0.060
0.063
0.063
0.063
0.063
0.063
0.057
0.061
0.063
0.063
0.063
0.063
0.063
0.063
0.063
0.063
0.063
0.063
0.063
0.048
0.060
0.063
0.063
0.063
0.060
0.063
0.063
0.060
0.063
0.063
0.061
0.051
0.063
0.063
0.063
0.063
0.063
0.060
0.063
0.063
0.063
0.063
0.063
0.063
0.063
0.062
0.062
0.063
0.061
0.059
0.063
0.060
0.063
0.063
0.063
0.063
0.063
0.063
0.063
0.063
0.048
0.051
0.060
0.063
0.063
0.063
0.048
0.063
0.063
0.063
0.063
0.063
0.051
0.063
0.063
0.060
0.063
0.063
0.063
0.060
0.063
0.063
0.062
0.063
0.063
0.063
0.063
0.063
0.063
0.063
0.063
0.063
0.063
0.063
0.063
0.063
0.063
0.063
0.063
0.063
0.062
0.063
0.063
0.063
0.063
0.063
0.063
0.051
0.063
0.063
0.060
0.063
0.063
0.063
0.063
0.063
0.063
0.063
0.063
0.063
0.048
0.061
0.063
0.063
0.063
0.063
0.063
0.063
0.063
0.063
0.063
0.063
0.060
0.063
0.060
0.050
0.063
0.063
0.063
0.063
0.061
0.063
0.063
0.063
0.060
0.063
0.063
0.063
-1.349
-1.349
-1.350
0.055
0.055
0.055
0.055
0.055
0.055
0.055
0.055
0.055
0.052
0.055
0.053
0.042
0.055
0.053
0.055
0.055
0.055
0.055
0.055
0.055
0.055
0.055
0.055
0.055
0.055
0.055
0.055
0.055
0.055
0.055
0.055
0.055
0.055
0.055
0.053
0.055
0.055
0.053
0.055
0.055
0.055
0.055
0.055
0.055
0.055
0.055
-2.016
0.052
0.042
0.052
0.055
0.052
0.055
0.055
0.055
0.055
0.055
0.055
0.055
0.055
0.055
0.053
0.055
0.055
0.055
0.055
0.055
0.055
0.055
0.055
0.055
0.055
0.053
0.044
0.055
0.041
0.055
0.055
0.055
0.055
0.055
0.040
0.055
0.055
0.052
0.044
0.041
0.055
0.052
0.055
0.055
0.052
0.055
0.052
0.044
0.055
0.048
0.063
0.063
0.048
0.051
0.063
0.063
0.063
0.063
0.063
0.060
0.063
0.063
0.063
0.060
0.063
0.063
0.063
0.063
0.063
0.063
0.048
0.057
0.060
0.063
0.063
0.063
0.063
0.063
0.063
0.063
0.060
0.063
0.063
0.063
0.050
0.049
0.063
0.063
0.063
0.063
0.063
0.061
0.061
0.063
-2.347
0.062
0.063
0.063
0.063
0.063
0.063
0.048
0.063
0.057
0.063
0.063
0.063
0.063
0.060
0.057
0.063
0.063
0.063
0.063
0.063
0.063
0.063
0.063
0.063
0.062
0.060
0.063
-2.371
0.063
0.063
0.060
0.063
0.063
0.060
0.063
0.063
0.060
0.063
0.063
0.063
0.063
0.063
0.063
0.063
0.063
0.063
0.063
0.063
0.061
0.063
0.063
0.063
0.063
0.063
0.060
0.051
0.063
0.063
0.063
0.063
0.063
0.063
0.063
0.051
0.063
0.063
0.063
0.063
0.063
0.063
0.063
0.063
0.063
0.063
0.063
0.059
0.063
0.063
0.061
0.060
0.063
0.063
0.063
0.063
0.063
0.057
0.063
0.053
0.063
0.063
0.063
0.057
0.060
0.057
0.063
0.063
0.063
0.063
0.063
0.063
0.063
0.063
0.063
0.063
0.063
0.060
0.063
0.063
0.060
0.063
0.063
0.063
0.063
0.063
0.063
0.063
0.063
0.063
0.057
0.059
0.063
0.051
0.063
0.063
0.060
0.063
0.063
0.063
0.063
0.062
0.051
0.063
0.051
0.063
0.063
0.063
0.063
0.063
0.063
0.060
0.063
0.063
0.063
0.063
0.063
0.063
0.063
0.061
0.063
0.063
0.063
0.063
0.063
0.063
0.063
0.063
0.063
0.063
0.063
0.060
0.063
0.063
-2.333
0.063
0.063
0.063
0.063
0.063
0.063
0.063
0.063
0.063
0.063
0.063
0.061
0.063
0.063
0.060
0.063
0.063
0.046
0.060
0.063
0.060
0.063
0.063
0.059
0.060
0.063
0.063
0.063
0.063
0.063
0.063
0.063
0.060
0.063
0.063
0.063
0.063
0.063
0.063
0.063
0.063
0.063
0.063
0.063
0.063
0.063
0.063
0.060
0.059
0.063
0.063
0.063
0.063
0.063
0.063
0.063
0.063
0.063
0.063
0.063
0.063
0.063
0.063
0.063
0.063
0.060
0.063
0.063
0.063
0.063
0.063
0.063
0.063
0.063
0.063
0.060
0.063
0.063
0.051
0.063
0.063
0.063
0.063
0.063
0.063
0.063
0.057
0.063
0.063
0.061
0.063
0.063
0.063
0.063
0.063
0.063
0.063
0.063
0.063
0.063
0.063
0.063
0.063
0.062
0.063
0.063
0.063
0.063
0.063
0.063
0.063
0.063
0.063
0.063
0.063
0.063
0.063
0.063
0.063
0.063
0.063
0.063
0.063
0.063
0.063
0.062
0.063
0.063
0.063
0.063
0.063
0.063
0.063
0.063
0.060
0.063
0.063
0.063
0.063
0.063
0.059
0.063
0.063
0.063
0.063
0.063
0.063
0.063
0.060
0.063
0.063
0.062
0.063
0.063
0.063
0.063
0.063
0.063
0.060
0.063
0.063
0.063
0.063
0.063
0.063
0.063
0.063
0.058
0.061
0.063
0.063
0.053
0.063
0.063
0.063
0.063
0.063
0.063
0.058
0.063
0.063
0.063
0.060
0.063
0.063
0.063
0.063
0.063
0.063
0.063
0.063
0.060
0.063
0.063
0.063
0.063
0.063
0.060
0.063
0.063
0.060
0.063
0.063
0.060
0.063
0.063
0.060
0.063
0.063
0.063
0.063
0.063
0.063
0.063
0.063
0.063
0.063
0.063
0.063
0.063
0.063
0.063
0.063
0.063
0.063
0.063
0.063
0.063
0.063
0.063
0.061
0.063
0.063
0.063
0.063
0.063
0.063
0.063
0.063
0.063
0.063
0.063
0.063
0.063
0.063
0.060
