fixedStep chrom=ENSGT00530000064300 start=1 step=1
0.067
0.067
0.067
0.067
0.067
0.064
0.064
0.067
0.063
0.064
0.067
0.067
0.067
0.067
0.067
0.062
0.067
0.067
0.067
0.067
0.067
0.050
0.067
0.067
0.067
0.067
0.067
0.065
0.067
0.067
0.067
0.064
0.065
0.067
0.067
0.067
0.067
0.067
0.067
0.067
0.067
0.067
0.067
0.063
0.067
0.067
0.067
0.067
0.064
0.067
0.067
0.067
0.067
0.063
0.067
0.067
0.067
0.067
0.067
0.066
0.062
0.067
0.066
0.067
0.067
0.066
0.067
0.067
0.067
0.067
0.067
0.067
0.067
0.067
-3.035
0.067
0.050
0.062
0.067
0.067
0.067
0.067
0.064
0.067
0.053
0.064
0.053
0.067
0.067
0.067
0.067
0.067
0.063
0.062
0.067
0.067
0.050
0.067
0.067
0.067
0.067
0.050
0.066
0.067
0.067
0.050
0.064
0.067
0.067
0.064
0.067
0.067
0.067
0.067
0.067
0.067
0.067
0.067
0.067
0.067
0.067
0.064
0.067
0.067
0.050
0.067
0.067
0.067
0.067
0.067
0.067
0.067
0.067
0.067
0.067
0.067
0.067
0.067
0.067
-1.711
0.067
0.063
0.064
0.067
0.067
0.067
0.067
0.067
0.067
0.067
0.067
0.067
0.067
0.067
0.067
0.067
0.067
0.067
0.067
0.067
0.067
0.067
0.046
0.066
0.067
0.067
0.067
0.062
0.067
0.067
0.067
0.067
0.067
0.067
0.067
0.067
0.067
0.067
0.067
0.067
0.067
0.067
0.067
0.067
0.067
0.067
0.067
0.067
0.067
0.067
0.053
0.067
0.053
0.067
0.067
0.067
0.067
0.067
0.067
0.067
0.067
0.067
0.067
0.067
0.067
0.062
0.062
0.067
0.067
0.067
0.050
-2.357
0.064
0.067
0.067
0.062
0.065
0.062
0.067
-0.252
-0.252
-0.252
0.067
0.067
0.067
0.062
0.067
-2.059
0.062
-1.742
0.046
0.046
0.062
0.046
0.046
0.067
0.053
0.067
0.067
0.067
0.067
0.067
0.067
0.053
0.067
0.067
0.067
0.067
0.067
0.067
0.067
0.067
0.067
0.067
0.067
0.046
0.049
0.067
0.061
0.067
0.067
0.067
0.067
0.067
0.067
0.063
0.067
0.067
0.067
0.067
0.067
0.067
0.067
-1.138
-1.138
-1.136
