fixedStep chrom=ENSGT00740000115573 start=1 step=1
0.065
0.065
0.065
0.065
0.065
0.065
0.065
0.065
0.065
0.065
0.065
0.065
0.065
0.065
0.065
0.065
0.065
0.065
0.065
0.065
0.065
0.065
0.065
0.065
0.065
0.065
0.065
0.065
0.065
0.065
0.065
0.065
0.065
0.065
0.065
0.065
0.065
0.065
0.065
0.065
0.065
0.065
0.065
0.065
0.065
0.065
0.065
0.065
0.065
0.065
0.065
0.065
0.065
0.065
0.065
0.065
0.065
0.065
0.065
0.065
0.065
0.065
0.065
0.065
0.065
0.065
0.065
0.065
0.065
0.065
0.065
0.065
0.065
0.065
0.065
0.065
0.065
0.065
0.065
0.065
0.065
0.065
0.065
0.065
0.065
0.065
0.065
0.065
0.065
0.065
0.065
0.065
0.065
0.065
0.065
0.065
0.065
0.065
0.064
0.065
0.065
0.065
0.065
0.065
0.065
0.065
0.065
0.065
0.065
0.065
0.065
0.065
0.065
0.065
0.065
0.065
0.065
0.065
0.065
0.065
0.065
0.065
0.065
0.065
0.065
0.065
0.065
0.065
0.065
0.065
0.065
0.065
0.065
0.065
0.065
0.065
0.065
0.065
0.065
0.065
0.065
0.065
0.065
0.065
0.065
0.065
0.065
0.065
0.065
0.065
0.065
0.065
0.065
0.065
0.065
0.065
0.065
0.065
0.065
0.065
0.065
0.065
0.065
0.065
0.065
0.065
0.065
0.065
0.065
0.065
0.065
0.065
0.065
0.065
0.065
0.065
0.065
0.065
0.065
0.065
0.065
0.065
0.065
0.065
0.065
0.065
0.065
0.065
0.065
0.065
0.065
0.065
0.065
0.065
0.065
0.065
0.065
0.065
0.065
0.065
0.057
0.057
0.065
0.057
0.063
0.057
0.057
0.063
0.057
0.057
0.063
0.065
0.063
0.065
0.057
0.057
0.057
0.057
0.057
0.065
0.065
0.063
0.057
0.057
0.064
0.057
0.065
0.065
0.065
0.065
0.057
0.063
0.065
0.057
0.065
0.065
0.057
-1.465
-1.465
-1.465
0.065
0.065
0.065
0.065
0.065
0.064
0.057
0.064
-2.308
0.064
0.063
0.065
0.057
0.065
0.063
0.065
0.057
0.057
0.065
0.057
0.064
0.057
0.057
0.057
0.048
0.065
0.061
0.061
0.048
0.048
-0.254
-0.254
-0.254
-0.254
-0.254
-0.254
0.048
0.065
0.048
0.048
0.061
0.048
0.048
0.065
0.048
0.061
0.061
0.065
0.064
0.064
0.058
0.065
0.065
0.065
0.048
0.061
0.064
0.065
0.065
0.065
0.048
0.065
0.061
0.064
0.065
0.061
0.061
0.065
0.061
0.048
0.061
0.061
0.048
0.061
0.048
0.061
0.048
0.048
-1.582
0.048
0.048
0.061
0.048
0.048
0.061
0.065
0.048
0.064
0.065
0.047
0.048
0.065
0.048
0.048
0.061
0.065
0.048
0.061
0.061
0.048
0.048
0.065
0.061
0.065
0.061
0.065
0.065
0.061
0.064
0.061
0.061
0.048
0.048
0.048
0.048
0.065
0.061
0.061
0.048
0.048
-0.254
-0.254
-0.254
0.065
0.065
0.048
0.048
0.048
0.048
0.048
0.061
0.048
0.061
0.065
0.048
0.048
0.065
0.048
0.065
0.065
0.065
0.065
0.065
0.065
0.065
0.065
0.065
0.065
0.065
0.065
0.065
0.065
0.065
0.065
0.065
0.065
0.065
0.065
0.065
0.065
0.065
0.065
0.065
0.065
0.065
0.065
0.065
0.065
0.065
0.065
0.065
0.065
0.065
0.065
0.065
0.065
0.065
0.065
0.065
0.065
0.065
0.065
0.065
0.065
0.065
0.065
0.065
0.065
0.065
0.065
0.065
0.065
0.065
0.065
0.065
0.065
0.065
0.065
0.065
0.065
0.065
0.065
0.065
0.065
0.065
0.065
0.065
0.065
0.065
0.065
0.065
0.065
0.065
0.065
0.065
0.065
0.065
0.065
0.065
0.065
0.065
0.065
0.065
0.065
0.065
0.065
0.065
0.065
0.065
0.065
0.065
0.065
0.065
0.065
0.065
0.065
0.065
0.065
0.065
0.065
0.065
0.065
0.065
0.065
0.065
0.065
0.065
0.065
0.065
0.065
0.065
0.065
0.065
0.065
0.065
0.065
0.065
0.065
0.065
0.065
0.065
0.065
0.065
0.065
0.065
0.065
0.065
0.065
-1.014
0.065
-1.012
-0.999
-1.010
0.057
0.065
-1.010
-1.008
0.065
0.065
0.065
0.065
-1.001
0.065
0.065
0.057
-1.008
0.057
0.065
-1.008
0.065
-1.008
0.065
-1.008
-1.008
-1.014
0.065
0.065
-1.010
0.065
0.057
-1.014
0.057
-1.012
0.057
-1.012
-1.016
0.057
0.065
-1.014
0.065
-1.010
-0.999
0.065
0.065
0.065
-0.905
-0.905
-0.905
0.065
0.065
0.057
0.057
0.065
0.057
0.057
0.065
-1.010
0.057
0.065
-1.014
0.057
-1.010
-1.014
0.065
-1.008
0.057
0.065
0.065
0.057
-1.008
0.065
-1.010
-1.016
-1.010
0.065
0.065
0.057
0.057
-1.016
0.057
-1.191
-1.008
-1.012
0.065
-1.016
0.065
0.057
0.065
-1.001
-1.010
0.057
-1.014
-1.012
-1.008
0.065
-1.014
0.057
0.065
-0.854
-1.016
-1.016
0.065
-1.016
-1.010
-1.012
-1.008
0.065
0.057
-1.008
-1.008
-1.001
0.057
0.065
-1.012
-1.014
0.057
0.065
-1.016
-1.008
-0.999
0.057
0.065
-1.014
-1.008
0.065
0.065
0.065
0.065
0.065
0.065
0.065
0.057
-1.014
0.065
-0.999
-1.016
-1.012
0.065
-1.016
0.057
0.057
-3.241
-3.869
-3.241
-0.886
-0.886
-0.886
0.065
0.065
0.064
0.065
0.065
0.065
0.065
0.065
0.065
0.065
0.065
0.065
0.065
0.065
0.065
0.065
0.065
0.065
0.065
0.065
0.065
0.065
0.065
0.065
0.065
0.065
0.065
0.065
0.065
0.065
0.065
0.065
0.065
0.065
0.065
0.065
0.065
0.065
0.065
0.065
0.065
0.065
0.065
0.065
0.065
0.065
0.065
0.065
0.065
0.065
0.062
0.065
0.065
0.065
0.065
0.065
0.065
0.065
0.065
0.065
0.065
0.065
0.065
0.065
0.065
0.065
0.065
0.065
0.065
0.065
0.065
0.065
0.065
0.065
0.065
0.065
0.065
0.065
0.065
0.065
0.065
0.065
0.065
0.065
0.065
0.065
0.062
0.065
0.065
0.065
0.065
0.065
0.065
0.065
0.065
0.065
0.065
0.065
0.065
0.065
0.065
0.065
0.065
0.065
0.065
0.065
0.065
0.065
0.065
0.065
0.065
0.065
0.065
0.065
0.065
0.065
0.065
0.065
0.065
0.065
0.065
0.065
0.065
0.065
0.065
0.065
0.065
0.065
0.065
0.065
0.065
0.065
0.065
0.065
0.065
0.065
0.065
0.065
0.065
0.065
0.065
0.065
0.065
0.065
0.065
0.065
0.065
0.065
0.065
0.065
0.065
0.065
0.065
0.065
0.065
0.065
0.065
0.065
0.065
0.065
0.065
0.065
0.065
0.065
0.065
0.065
0.065
0.065
0.065
0.065
0.065
0.065
0.065
0.065
0.065
0.065
0.065
0.065
0.065
0.065
0.065
0.065
0.065
0.065
0.065
0.065
0.065
0.065
0.065
0.065
0.065
0.065
0.065
0.065
0.065
0.065
0.065
0.065
0.065
0.065
0.065
0.065
0.065
0.065
0.065
0.065
0.065
0.065
0.065
0.065
0.065
0.065
0.065
0.065
0.065
0.065
0.065
0.065
0.065
0.057
-1.012
0.065
-0.999
-1.014
0.057
0.057
0.065
0.065
0.065
0.065
-0.915
-0.905
-0.905
-0.905
0.065
0.065
0.057
0.065
0.065
0.057
0.065
-1.008
-1.001
0.065
-1.012
-1.132
-1.012
0.065
0.065
-1.008
-1.012
0.057
0.057
0.057
0.057
0.057
0.065
-1.016
0.065
0.065
-1.016
-1.010
0.065
0.065
0.057
0.065
0.065
0.065
-1.014
-1.001
-1.014
0.065
0.057
-0.344
-0.344
-0.344
0.065
0.065
-1.016
-1.016
0.065
-1.008
0.057
0.065
-1.008
0.065
0.065
0.057
0.065
-1.008
-1.016
-1.001
-1.008
0.057
-1.001
0.065
0.065
0.057
-1.014
-1.593
0.065
0.065
0.065
0.065
0.065
0.057
0.057
0.065
0.057
-1.010
-1.008
-1.016
-1.014
0.057
-1.014
-1.014
0.065
0.065
-1.008
0.065
-1.008
0.057
0.057
-1.008
0.065
-1.012
-1.014
-0.999
-1.016
-1.014
0.065
-0.999
-1.014
-1.012
-1.008
0.057
0.065
0.057
-1.008
0.057
0.065
0.065
0.065
0.065
0.065
-0.344
-0.344
-0.344
-1.001
0.065
0.057
-1.012
0.057
0.065
0.065
0.065
0.065
0.065
0.065
0.064
0.065
0.065
0.065
0.065
0.065
0.065
0.065
0.065
0.064
0.065
0.065
0.064
0.065
0.065
0.065
0.065
0.065
0.065
0.065
0.065
0.065
0.065
0.064
0.065
0.065
0.065
0.065
0.065
0.065
0.065
0.065
0.065
0.065
0.065
0.065
0.064
0.065
0.064
0.065
0.064
0.065
0.065
0.064
0.065
0.065
0.065
0.065
0.061
0.065
0.065
0.065
0.064
0.065
0.065
0.065
0.065
0.064
0.065
0.065
0.064
0.065
0.065
0.065
0.065
0.065
0.065
0.065
0.065
0.065
0.065
0.065
0.064
0.064
0.064
0.065
0.065
0.065
0.065
0.065
0.065
0.065
0.065
0.064
0.065
0.065
0.065
0.065
0.065
0.065
0.065
0.065
0.065
0.065
0.065
0.065
0.065
0.064
0.065
0.065
0.065
0.065
0.063
0.065
0.065
0.064
0.065
0.064
0.064
0.065
0.065
0.064
0.064
0.065
0.065
0.065
0.065
0.065
0.065
0.064
0.065
0.065
0.065
0.065
0.065
0.064
0.065
0.064
0.065
0.065
0.065
0.065
0.065
0.065
0.065
0.065
0.064
0.065
0.065
0.065
0.065
0.065
0.065
0.065
0.065
-1.923
-1.923
-1.903
0.065
0.065
0.065
0.065
0.065
0.065
0.065
0.065
0.065
0.065
0.065
0.063
0.065
0.065
0.065
0.065
0.065
0.065
0.065
0.065
0.065
0.065
0.065
0.065
0.065
0.065
0.065
-0.344
-0.344
-0.344
0.065
0.065
0.065
0.065
0.065
0.065
0.065
0.065
0.065
0.065
0.065
0.065
0.065
0.065
0.065
0.065
0.065
0.065
0.065
0.065
0.065
0.065
0.065
0.065
0.065
0.065
0.065
0.065
0.065
0.065
0.065
0.065
0.065
0.065
0.065
0.065
0.065
0.065
0.065
0.065
0.065
0.065
0.065
0.065
0.065
0.065
0.065
0.065
0.065
0.065
0.065
0.065
0.065
0.065
0.065
0.065
0.065
0.065
0.065
0.065
0.065
0.065
0.065
0.065
0.065
0.065
0.065
0.065
0.065
0.065
0.065
0.049
0.065
0.065
0.065
0.065
0.065
0.065
0.065
0.065
0.065
0.065
0.065
0.065
0.065
0.065
0.065
0.065
0.065
0.065
0.065
0.065
0.065
0.065
0.065
0.065
0.065
0.065
0.065
0.065
0.065
0.065
0.065
0.065
0.065
0.065
0.065
0.065
0.065
0.065
0.065
0.065
0.065
0.065
0.065
0.065
0.065
0.065
0.065
0.065
0.065
0.065
0.065
0.065
0.065
0.065
0.065
0.065
0.065
0.065
0.065
0.065
0.065
0.065
0.065
0.065
0.065
0.065
0.065
0.065
0.065
0.065
0.065
0.065
0.065
0.065
0.065
0.065
0.065
0.065
0.065
0.065
0.065
0.065
0.065
0.065
0.065
0.065
0.065
0.065
0.065
0.065
0.065
0.065
0.065
0.065
0.065
0.065
0.065
0.065
0.065
0.065
0.065
0.065
0.065
0.065
0.065
0.065
0.065
0.065
0.065
0.065
0.065
0.065
0.065
0.065
0.065
0.065
0.065
0.065
0.065
0.065
0.065
0.065
0.065
0.065
0.065
0.065
0.065
0.065
0.065
0.065
0.065
0.065
0.065
0.065
0.065
0.065
0.065
0.064
0.065
0.065
0.065
0.065
0.065
0.065
0.065
0.065
0.065
0.065
0.065
0.065
0.065
0.065
0.065
0.065
0.065
0.065
0.065
0.065
0.065
0.065
0.065
0.065
0.065
0.065
0.065
0.065
0.065
0.065
0.065
0.065
0.065
0.065
0.065
0.065
0.065
0.065
0.065
0.065
0.065
0.065
0.065
0.065
0.065
0.065
0.065
0.065
0.065
0.065
0.065
0.065
0.065
0.065
0.065
0.065
0.065
0.065
0.065
0.065
0.065
0.065
0.065
0.065
0.065
0.065
