fixedStep chrom=ENSGT00390000016400 start=1 step=1
0.000
0.000
0.000
-2.664
-2.656
-2.667
-1.768
-1.766
-2.815
-1.753
-1.766
-1.753
-1.765
-1.765
-2.820
-2.243
-2.815
-2.815
-1.753
-1.753
-1.753
-2.667
-2.666
-2.656
-2.667
-2.656
-2.656
-2.062
0.063
0.059
0.065
0.065
0.065
0.065
0.065
0.065
0.065
0.065
0.065
0.065
0.065
0.065
0.065
0.065
0.065
0.065
0.065
0.065
0.065
0.065
0.063
0.065
0.065
0.063
0.065
0.065
0.065
0.065
0.065
0.065
0.065
0.065
0.065
0.059
0.065
0.063
0.058
0.059
0.065
0.065
0.065
0.059
0.065
0.065
0.065
0.065
0.065
0.065
0.065
0.065
-0.962
0.063
0.065
0.065
0.065
0.058
0.063
0.065
0.065
0.065
0.065
0.065
0.060
0.065
0.065
0.065
0.065
0.065
0.065
0.065
0.065
0.065
0.065
0.065
0.065
0.065
0.065
0.065
0.065
0.065
0.065
0.065
0.065
0.065
0.065
0.065
0.065
0.065
0.065
0.065
0.065
0.065
0.065
0.065
0.065
0.065
0.065
0.065
0.065
0.065
0.065
0.065
0.059
0.065
0.058
0.065
0.065
0.065
0.065
0.065
0.065
0.065
0.065
0.065
0.065
0.065
0.065
0.065
0.065
0.059
0.059
0.057
0.065
0.065
0.065
0.065
0.065
0.065
0.065
0.065
0.065
0.065
0.060
0.064
0.065
0.065
0.065
0.059
0.063
0.065
0.065
0.065
0.065
0.065
0.065
0.063
-0.962
0.063
0.065
0.059
0.065
0.065
0.064
0.065
0.065
0.063
0.065
0.065
0.065
0.065
0.059
0.059
0.065
0.059
0.065
0.065
0.065
0.056
0.065
0.065
0.065
-1.530
-1.530
-1.830
0.059
0.065
0.065
0.065
0.065
0.065
0.065
0.065
0.065
0.065
0.065
0.063
0.065
0.065
0.065
0.065
0.065
0.064
0.065
0.064
0.065
0.065
0.065
0.065
0.059
0.065
0.065
0.057
0.065
0.065
0.065
0.065
0.065
0.065
0.065
0.065
0.065
0.065
0.065
0.065
0.065
0.065
0.065
0.065
0.065
0.065
0.065
0.065
0.065
0.065
0.059
0.065
0.065
0.065
0.065
0.065
0.065
0.065
0.065
0.057
0.065
0.065
0.059
0.065
0.065
0.064
0.065
0.065
0.065
0.065
0.065
0.065
0.065
0.065
0.065
0.065
0.065
0.065
0.065
0.065
0.065
0.065
-0.969
0.064
0.065
0.065
0.065
0.065
0.065
0.065
0.065
0.065
0.065
-0.962
0.065
0.065
-1.719
0.065
0.065
0.064
0.065
0.065
-4.106
0.065
0.065
0.065
0.059
0.057
0.065
0.065
0.065
0.059
0.062
0.065
0.065
0.061
0.059
0.061
0.061
0.061
0.060
0.060
-2.061
0.059
0.061
0.061
0.061
0.061
0.061
0.061
0.061
0.061
0.061
0.061
0.061
0.061
0.061
0.061
0.061
0.061
0.061
0.061
0.061
0.061
0.061
0.061
0.059
0.061
0.061
0.061
0.061
0.061
-1.048
0.061
0.061
0.061
0.061
0.061
0.061
0.061
0.061
0.061
0.061
0.061
0.061
0.061
0.061
0.061
0.054
0.061
0.061
0.061
0.059
0.059
0.054
0.061
0.061
0.061
-1.032
0.061
0.061
0.061
0.060
0.061
0.061
0.061
0.061
0.059
0.061
0.061
0.053
0.059
0.061
0.061
0.059
0.061
0.061
0.061
0.061
0.060
0.055
0.054
0.061
0.061
0.065
0.065
0.065
0.063
0.065
0.065
0.065
0.065
0.065
0.065
0.064
0.065
0.065
0.065
0.065
0.065
0.057
0.059
0.065
0.065
0.065
0.065
0.065
0.065
0.065
0.065
0.065
0.065
0.065
0.065
0.065
0.065
0.065
0.065
0.065
0.065
0.065
0.065
0.065
0.065
0.065
0.065
0.065
0.065
0.065
0.065
0.065
0.065
0.065
0.065
0.065
0.065
0.065
0.065
0.064
0.065
0.065
0.065
0.058
0.065
0.065
0.065
0.065
0.065
0.065
0.065
-0.962
0.065
0.065
0.065
0.065
0.065
0.065
0.065
0.063
0.065
0.065
0.065
0.065
0.059
0.064
0.065
0.065
0.065
0.065
0.065
0.058
0.065
0.059
0.059
-1.712
0.065
0.065
0.065
0.059
0.065
0.065
0.065
0.065
0.065
0.065
0.061
0.059
0.061
0.061
0.061
0.061
0.061
0.061
0.061
0.061
0.061
-1.032
0.060
0.056
0.061
0.061
0.061
0.061
0.054
0.061
0.061
0.061
0.061
0.061
0.061
0.061
0.061
0.058
0.059
0.053
0.056
0.060
0.060
0.061
0.061
0.061
0.061
0.061
0.061
0.061
0.061
0.061
0.061
0.061
0.061
0.061
0.053
0.061
0.061
0.061
0.061
0.055
0.061
0.052
0.059
0.061
0.061
0.059
0.061
0.059
0.061
0.061
0.061
0.061
0.061
0.060
0.061
0.061
0.061
0.059
0.061
0.061
0.061
0.061
0.061
0.061
0.061
0.059
0.061
0.061
0.061
0.055
0.061
0.061
0.061
0.061
0.061
0.061
0.060
0.056
0.061
0.061
0.061
0.061
0.061
0.061
0.061
0.061
0.061
0.061
0.061
0.061
0.061
0.059
0.059
0.061
0.061
0.061
0.059
0.061
0.056
0.061
0.059
0.061
0.056
0.061
0.061
0.061
0.061
0.061
0.061
0.061
0.061
0.061
0.061
0.061
0.061
-1.019
0.061
0.061
0.061
0.061
0.053
0.061
-1.032
0.061
0.059
0.060
0.060
0.061
0.061
0.061
0.061
0.061
0.061
0.061
0.056
0.061
0.061
0.061
0.053
0.061
0.061
0.061
0.061
0.059
0.060
0.061
0.061
0.056
0.055
0.061
0.061
0.061
0.061
0.061
0.061
0.061
0.061
0.061
0.061
0.061
0.061
0.061
0.061
0.061
0.061
0.061
0.061
0.061
0.061
0.061
0.061
0.061
0.061
0.061
0.056
0.061
0.061
0.061
0.061
0.061
0.061
0.061
0.061
0.061
0.061
0.061
0.061
0.061
0.061
0.061
0.061
0.061
0.061
0.061
0.061
0.061
0.061
0.061
0.061
0.061
0.061
0.061
0.061
0.061
0.061
0.061
0.061
0.055
0.061
0.061
0.061
0.061
0.061
0.061
0.061
0.061
0.061
-1.035
0.061
0.061
0.061
0.061
0.061
0.061
0.061
0.061
0.061
0.061
0.061
0.061
0.059
0.056
0.061
0.061
0.059
0.061
0.061
0.061
0.060
0.061
0.061
0.061
0.061
0.061
0.061
0.061
-1.035
0.061
0.056
0.061
0.061
0.056
0.061
0.061
0.061
0.061
0.061
0.061
0.061
0.061
0.061
0.061
0.061
0.061
0.061
0.056
0.052
0.061
0.056
0.061
0.056
0.053
0.061
0.061
0.061
0.061
0.059
0.061
0.061
0.061
0.061
0.061
0.061
-1.032
0.061
0.061
0.061
0.061
0.061
0.055
0.061
0.061
0.061
0.061
0.061
0.061
0.056
0.061
0.061
0.061
0.061
0.061
0.061
-1.022
0.061
0.061
0.061
0.056
0.061
0.061
0.061
0.061
0.061
0.061
0.061
0.061
0.061
0.061
0.061
0.061
0.061
0.061
0.053
0.061
0.061
0.060
0.061
0.061
0.061
0.061
0.061
0.061
0.061
0.061
0.061
0.061
0.061
0.061
0.061
0.061
0.061
0.061
0.060
0.052
0.061
0.056
0.061
0.060
0.061
0.061
0.061
0.061
0.053
0.059
0.061
0.059
0.061
0.055
0.061
0.061
0.061
0.061
0.061
0.061
0.061
0.061
0.061
0.061
0.058
0.053
0.061
0.061
0.061
0.056
0.061
0.061
0.061
0.061
0.061
0.060
0.061
0.061
0.059
0.061
0.065
0.065
0.059
0.065
0.065
0.059
0.065
0.065
0.065
0.065
0.065
0.063
0.065
0.065
0.065
0.065
0.065
0.065
0.065
0.065
0.062
0.065
0.065
0.064
0.065
0.065
0.065
0.065
0.065
0.065
0.065
0.065
0.065
0.065
0.065
0.063
0.065
0.065
0.065
0.065
0.065
0.065
0.062
0.065
0.065
0.065
0.062
0.059
0.065
0.065
0.065
0.065
0.065
0.065
0.065
0.065
0.065
0.060
0.065
0.065
0.065
0.065
0.065
0.064
0.063
0.065
0.065
0.065
0.065
0.065
0.065
0.065
0.065
0.065
0.065
0.063
0.065
0.065
0.065
-0.962
0.065
0.065
0.065
0.063
0.065
0.061
0.065
0.064
0.065
0.065
0.063
0.065
0.065
-1.755
0.056
-3.110
0.065
0.065
0.065
0.065
0.065
0.065
0.065
0.059
0.065
0.065
0.065
0.062
0.065
0.065
0.065
0.065
-1.832
-1.832
-1.848
0.065
0.063
0.065
0.065
0.065
0.065
0.065
0.065
0.064
0.065
0.063
0.056
0.057
0.057
0.063
0.057
0.065
0.065
0.065
0.057
0.065
0.057
0.065
0.065
-2.295
-1.452
-1.452
-1.640
-1.452
-1.448
-1.448
-1.448
-1.454
-1.454
-1.453
-1.482
0.065
0.065
0.065
0.065
0.065
0.065
0.065
0.063
0.059
0.065
0.065
0.059
0.065
0.065
0.065
0.065
0.065
0.059
0.065
0.065
0.065
0.065
0.065
0.065
0.065
0.059
0.065
0.065
0.065
0.065
0.057
0.065
0.065
0.065
0.065
0.065
0.065
0.063
0.059
0.065
0.065
0.065
0.065
0.065
0.065
-1.071
-1.072
-1.961
0.065
0.065
0.065
0.065
0.065
0.065
0.065
0.065
0.063
0.065
-0.951
0.065
0.065
0.065
0.065
0.065
0.065
0.065
0.065
0.065
0.065
0.065
0.065
0.065
0.065
0.065
0.065
-1.476
-1.475
-1.477
0.065
0.065
-0.962
0.065
0.065
0.065
0.065
0.065
0.065
0.065
0.065
0.064
0.063
0.065
0.065
0.065
0.065
0.063
0.065
0.065
0.065
0.065
0.065
0.065
0.059
0.065
0.065
-0.962
0.065
0.065
0.065
0.057
0.065
0.065
0.065
0.064
0.059
-0.951
0.065
0.059
-0.966
-0.951
0.060
-1.712
-1.702
-0.962
0.065
0.061
-0.297
-0.297
-0.297
-0.297
-0.297
-0.297
-0.966
-0.962
0.059
0.059
0.059
-0.966
-0.962
0.059
-0.966
0.065
0.065
-0.962
0.063
-0.967
0.065
-0.962
0.065
0.059
0.059
0.065
0.065
0.059
0.059
0.059
0.063
0.065
0.059
0.059
0.065
0.065
-0.951
-1.702
-2.846
0.065
0.059
-0.962
0.063
0.065
0.050
0.058
0.061
0.065
-1.530
-1.902
-1.830
0.000
0.000
0.000
