fixedStep chrom=ENSGT00390000010331 start=1 step=1
0.086
0.086
0.086
0.083
0.086
0.086
0.086
0.086
0.086
0.086
0.086
0.086
0.086
0.086
0.079
0.086
0.086
0.086
0.086
0.086
0.082
0.086
0.086
0.084
0.086
0.086
0.083
0.086
0.086
0.085
0.086
0.086
0.086
0.086
0.086
0.086
0.086
0.086
0.083
0.086
0.086
0.086
0.082
0.086
0.086
0.083
0.086
0.086
0.086
0.086
0.086
0.082
0.086
0.083
0.086
0.083
0.082
0.086
0.086
0.085
0.086
0.086
0.083
0.086
0.086
0.079
0.086
0.086
0.086
0.086
0.086
0.086
0.086
0.085
0.079
0.086
0.086
0.070
0.086
0.086
0.086
0.086
0.086
0.086
0.086
0.086
0.073
0.086
0.086
0.086
0.086
0.086
0.086
0.086
0.086
0.086
0.086
0.086
0.079
0.082
0.086
0.068
0.086
0.086
0.086
0.086
0.086
0.070
0.086
0.086
0.079
0.086
0.086
-0.732
0.086
0.086
0.086
0.086
0.086
0.082
0.086
0.083
0.083
0.086
0.086
-1.530
0.086
0.086
0.086
0.086
0.083
0.086
0.086
0.086
0.083
0.086
0.086
0.086
0.086
-0.732
0.079
0.079
0.086
0.086
0.073
0.079
0.086
0.086
0.086
0.086
0.086
0.086
0.086
0.086
0.086
0.075
0.070
0.086
-0.711
0.086
0.082
0.086
0.086
0.086
0.079
0.086
0.086
0.086
0.086
0.086
0.086
0.078
0.086
0.086
0.079
0.079
0.077
0.086
0.086
0.086
0.086
0.083
0.083
0.082
0.086
0.086
0.083
0.086
0.086
0.086
0.086
0.086
0.086
0.086
0.086
0.086
0.086
0.086
0.086
0.086
0.086
0.086
0.086
0.086
0.086
0.086
-0.732
0.073
0.086
-0.732
0.086
0.086
0.086
0.086
0.086
0.086
0.086
0.086
0.086
0.086
0.086
0.070
0.082
0.086
0.082
0.086
0.086
0.086
0.086
0.086
0.079
0.079
0.086
0.086
0.086
0.086
0.086
0.086
0.086
0.086
0.086
0.082
0.086
0.086
0.077
0.082
0.082
0.082
0.086
0.086
0.086
0.079
0.079
0.085
0.085
0.086
0.086
0.079
0.086
0.086
0.079
0.086
0.086
0.083
0.086
0.086
0.085
0.086
0.086
0.078
0.086
0.086
0.076
0.086
0.086
0.081
0.086
0.086
0.077
0.086
0.086
0.086
0.070
0.070
0.086
-1.530
-1.532
-2.275
-0.713
-0.713
-0.722
-1.975
-2.005
-2.410
-0.113
-0.113
-0.113
