fixedStep chrom=ENSGT00490000044510 start=1 step=1
0.071
0.071
0.071
0.071
-0.948
0.064
0.065
-0.965
0.071
0.071
0.071
0.071
0.071
0.071
0.071
0.071
0.071
0.071
0.071
0.071
0.071
0.071
0.071
-1.753
0.071
0.071
0.071
0.071
0.064
0.071
0.071
0.071
0.071
0.071
0.071
0.071
0.071
0.071
0.071
0.071
0.071
0.071
0.071
0.071
0.065
0.071
0.064
0.071
0.071
0.071
0.071
0.071
0.071
0.071
0.071
0.071
0.071
0.071
0.066
0.071
-0.954
0.071
0.071
0.071
0.071
0.071
0.066
0.071
0.071
0.071
0.071
0.071
0.071
0.071
0.064
0.071
0.071
0.066
0.071
0.071
-0.964
0.067
0.065
0.071
0.071
0.064
0.066
0.071
0.065
0.071
0.071
0.064
0.071
0.071
0.071
0.066
0.071
0.071
0.071
0.064
0.071
0.071
0.071
0.071
0.071
0.071
0.071
0.071
0.071
0.071
0.071
0.071
0.071
0.071
0.064
0.071
0.071
0.071
0.071
0.071
0.071
0.071
0.071
0.071
0.071
0.071
0.071
0.071
0.071
0.064
0.071
-0.965
-0.968
0.065
-2.126
-0.965
0.071
-0.968
0.065
0.064
0.071
0.070
-1.822
0.064
0.064
0.071
0.071
0.070
0.071
0.071
0.071
0.071
0.071
0.071
0.071
0.071
0.071
0.065
0.064
0.064
0.071
-0.931
0.064
0.071
0.071
0.071
0.071
0.065
0.065
0.071
-0.953
0.071
0.071
0.071
0.058
0.071
0.064
0.071
0.071
0.071
0.071
0.071
0.071
0.071
0.071
0.071
0.071
0.071
0.071
0.071
0.071
0.071
0.071
0.069
0.071
0.071
0.071
-0.953
0.071
0.069
0.071
0.071
0.071
0.071
0.071
-0.954
0.071
-2.287
0.071
0.070
-1.593
-1.593
-1.590
-1.593
-1.590
-1.590
0.000
0.000
0.000
