fixedStep chrom=ENSGT00390000009270 start=1 step=1
0.057
0.057
0.057
0.057
0.057
0.057
0.057
0.057
0.057
0.057
0.057
0.057
0.057
0.052
0.057
0.057
0.057
0.057
0.057
0.057
0.057
0.057
0.057
0.057
0.057
0.057
0.057
0.057
0.057
0.057
0.057
0.057
0.057
0.057
0.057
0.057
0.057
0.057
0.052
0.057
0.057
0.057
0.057
0.056
0.057
0.052
0.052
0.052
0.057
0.056
0.057
0.057
0.057
0.057
0.057
0.057
0.057
0.057
0.057
0.052
0.057
0.052
0.057
0.057
0.057
0.057
0.057
0.057
0.052
0.057
0.057
0.052
0.057
0.057
0.057
0.054
-2.172
0.057
0.057
0.057
0.057
0.057
0.057
0.057
0.057
0.057
0.057
0.057
0.057
0.057
0.053
0.057
0.057
0.057
0.057
-1.206
0.057
0.057
0.057
0.057
0.057
0.057
0.057
0.057
0.057
0.052
0.057
-2.234
0.057
0.057
0.057
0.057
0.057
0.057
0.057
0.057
0.057
0.057
0.057
0.052
0.057
0.057
0.057
0.057
0.057
0.057
0.057
0.057
0.057
0.057
0.057
0.057
0.057
0.057
0.057
0.057
0.057
0.057
0.057
0.057
0.057
0.057
0.057
0.057
0.057
0.057
0.057
0.057
0.057
0.057
0.057
0.052
0.057
0.057
0.057
0.057
0.057
0.057
0.057
0.052
0.057
0.057
0.052
-1.221
0.057
0.057
0.057
0.057
0.057
0.057
0.057
-1.196
0.057
0.052
0.057
0.057
0.057
0.057
0.057
0.057
0.057
0.057
0.052
0.057
0.052
0.057
0.057
0.052
0.057
0.052
0.057
0.056
0.057
0.057
0.057
0.052
-1.226
0.052
0.057
0.057
0.057
0.053
0.057
0.052
0.057
0.057
0.057
0.057
0.057
0.057
0.057
0.057
-1.215
0.057
0.057
0.057
0.057
0.057
0.057
-1.196
0.052
0.057
0.057
0.052
0.057
-0.344
-0.344
-0.344
0.052
0.057
0.057
0.057
0.057
0.052
0.057
0.057
0.057
0.057
0.057
0.057
0.057
0.057
0.052
0.057
0.057
0.052
0.057
0.057
0.052
0.057
0.057
0.057
0.052
0.057
0.057
0.057
0.057
0.057
0.057
0.057
0.052
0.057
0.057
0.057
0.057
0.057
0.057
0.057
0.057
0.057
0.057
0.057
-1.204
0.057
0.057
0.057
0.057
0.057
0.057
0.057
0.057
0.057
-1.215
0.057
0.057
-1.226
0.057
0.057
0.052
0.057
-1.204
0.057
0.057
0.057
0.057
0.052
0.057
0.057
0.057
0.057
-1.190
0.057
0.052
0.057
0.057
0.057
0.057
0.057
0.057
0.057
0.057
0.057
0.057
0.057
0.057
0.057
0.057
0.057
0.057
0.057
0.057
0.057
0.057
0.057
0.057
0.057
0.057
0.057
0.057
0.052
0.057
0.057
0.057
0.057
-1.194
0.057
0.057
0.057
0.052
0.057
0.057
0.057
0.057
0.057
0.052
0.056
0.057
0.057
0.057
0.052
-1.211
0.057
0.057
0.057
0.057
0.057
0.057
0.057
0.057
0.057
0.057
0.057
0.057
0.057
0.057
0.057
0.057
0.057
0.057
0.057
0.057
0.057
0.057
0.056
0.057
0.057
0.057
0.057
0.057
0.057
0.057
0.057
0.057
-2.208
0.057
0.057
0.057
0.057
0.057
0.057
0.057
0.057
0.052
0.052
0.057
0.057
0.057
0.052
-1.200
0.052
0.052
0.057
0.057
0.057
0.057
0.052
0.057
0.057
0.057
0.057
0.053
0.056
0.052
0.057
0.057
0.057
0.057
0.057
0.052
0.057
0.057
0.057
-1.185
0.057
0.052
0.057
0.057
0.052
-1.207
0.057
0.057
0.057
-1.226
0.057
0.057
0.057
0.057
0.056
0.057
0.057
0.057
0.057
0.057
0.057
0.057
0.057
0.053
-1.221
0.057
-1.210
0.057
0.057
0.057
-1.216
0.057
0.057
0.057
0.057
0.057
0.057
0.057
0.057
0.052
0.057
0.057
0.057
0.057
0.053
0.057
0.057
0.057
0.057
0.057
0.057
0.057
0.056
0.057
0.057
0.057
0.052
0.057
0.057
0.057
0.052
0.057
0.057
0.057
0.057
0.052
0.057
0.057
0.057
0.057
0.057
0.057
0.052
0.057
-1.215
0.057
0.052
0.057
0.057
0.057
0.057
0.057
0.057
0.057
0.057
0.057
0.057
0.057
0.057
0.057
0.057
0.057
0.057
0.057
0.057
0.056
0.057
0.057
0.057
0.057
0.057
0.057
0.057
0.057
0.057
0.057
0.057
0.057
0.057
0.057
0.057
0.057
0.057
0.052
0.057
0.057
0.057
0.057
0.057
0.052
0.057
0.057
0.052
0.057
0.057
0.052
0.057
0.057
0.052
0.057
0.057
0.052
0.052
0.057
0.054
0.057
0.057
0.057
0.057
0.057
0.057
0.057
0.057
0.057
0.052
0.057
0.057
0.057
0.057
0.052
0.057
0.057
-2.157
0.057
0.057
0.057
0.057
0.057
-2.197
0.052
0.057
0.057
0.057
0.057
-2.211
0.057
0.057
0.057
0.057
0.057
0.057
0.057
0.057
0.057
0.057
0.057
0.052
0.057
0.057
0.052
0.057
0.057
0.057
0.052
0.057
-1.211
0.057
0.057
0.057
0.057
0.057
0.057
0.057
0.057
0.057
0.057
0.057
0.052
0.052
0.057
0.052
0.052
0.057
0.057
0.057
0.057
0.057
0.057
0.057
0.057
0.057
0.057
-1.172
0.057
0.057
0.057
0.057
0.057
0.052
0.057
0.057
0.057
0.057
0.057
0.057
0.057
0.057
0.057
0.057
0.057
0.057
0.057
0.057
0.052
0.057
0.057
0.053
0.057
0.057
-1.226
0.057
0.057
-2.208
0.057
0.057
-1.205
0.057
0.057
0.052
0.057
0.057
0.052
0.057
0.057
0.057
0.057
0.057
0.057
0.057
0.057
0.057
0.052
0.057
0.052
0.057
0.057
0.057
0.057
0.057
0.057
0.057
0.057
0.057
0.057
0.057
0.057
0.057
0.057
-2.189
0.057
0.057
-1.226
0.057
0.057
0.057
0.057
0.057
0.057
0.057
0.057
0.052
0.057
0.057
0.057
0.057
0.057
0.052
0.057
0.057
0.057
0.057
0.057
0.057
0.057
0.057
0.052
0.052
0.057
0.057
0.057
0.057
0.057
0.057
0.057
0.053
0.057
0.057
0.057
0.057
0.057
0.057
0.057
0.057
0.057
0.057
0.057
0.057
0.057
0.057
0.052
-1.207
0.057
0.057
0.057
0.057
0.052
0.057
0.057
0.057
0.057
0.057
0.057
0.052
0.057
0.057
0.057
0.057
0.057
0.057
0.057
0.057
0.057
0.057
0.057
0.057
0.057
0.057
0.057
0.057
0.057
0.057
0.057
0.057
0.057
0.057
0.057
0.057
0.057
0.057
0.057
0.055
0.057
0.057
0.056
0.057
0.052
0.052
0.057
0.057
0.057
0.057
0.057
0.052
0.057
0.057
0.054
0.052
0.057
0.057
0.057
-1.198
0.057
0.057
0.057
0.057
0.057
0.057
0.057
0.057
-1.205
0.057
0.057
0.057
0.052
-2.191
0.057
0.057
0.057
0.057
0.057
0.057
0.057
0.057
0.057
0.057
0.057
0.052
0.057
0.057
0.057
0.057
0.057
0.056
0.057
-1.206
0.057
0.057
0.057
0.057
0.057
0.057
-1.211
0.057
0.057
0.057
0.057
0.057
0.057
0.057
0.057
0.057
0.057
0.057
0.057
-1.207
0.057
0.045
0.057
0.057
0.057
0.057
0.057
0.057
0.057
0.052
0.057
0.057
0.057
0.057
