fixedStep chrom=ENSGT00390000010706 start=1 step=1
0.000
0.000
0.000
0.000
0.000
0.000
0.000
0.000
0.000
0.000
0.000
0.000
0.000
0.000
0.000
0.000
0.000
0.000
0.000
0.000
0.000
0.000
0.000
0.000
0.000
0.000
0.000
0.000
0.000
0.000
0.000
0.000
0.000
0.000
0.000
0.000
0.000
0.000
0.000
0.000
0.000
0.000
0.000
0.000
0.000
0.000
0.000
0.000
-1.015
-1.013
-1.015
-1.015
-1.015
-1.015
0.078
0.078
0.074
0.074
0.078
0.077
0.078
-1.685
0.078
0.078
0.078
0.078
-1.562
0.079
0.074
0.065
0.076
0.075
0.078
0.078
0.078
0.078
0.078
0.078
0.074
-1.564
-1.688
-1.577
0.078
0.078
0.076
0.075
0.056
-1.766
-1.541
0.078
0.075
0.078
0.078
0.074
0.078
0.075
0.078
0.078
0.078
0.078
0.078
0.078
0.078
0.074
0.075
0.078
0.078
0.056
0.078
-1.562
0.056
0.078
0.078
0.056
0.074
0.078
0.059
0.075
0.074
0.075
0.075
0.078
0.074
0.079
0.078
0.078
0.078
0.078
0.075
0.078
0.072
0.078
0.078
0.079
0.074
0.078
0.078
0.066
0.078
0.079
0.074
0.078
0.079
0.078
0.079
0.078
0.059
0.078
0.078
0.078
0.072
0.078
0.078
0.078
0.078
0.078
0.066
0.078
0.055
0.078
0.078
0.078
0.078
0.078
0.078
0.078
0.079
0.078
0.078
0.078
0.078
0.078
0.079
0.078
0.078
0.079
0.078
0.078
0.079
0.078
0.078
0.078
0.078
0.079
0.078
0.075
0.078
0.078
0.078
0.078
0.078
0.078
0.078
0.078
0.075
0.077
0.079
0.078
0.074
0.079
0.078
0.078
0.078
0.078
0.078
0.078
0.075
0.078
0.078
0.078
0.067
0.078
0.078
0.078
0.078
0.075
0.079
0.078
0.060
0.078
0.078
0.078
0.078
0.079
0.078
0.078
0.079
0.063
0.078
0.078
0.078
0.078
0.078
0.078
0.078
0.079
0.078
0.079
0.078
0.074
0.078
0.078
-1.546
0.063
0.079
-1.565
0.075
0.078
0.078
0.078
0.078
0.074
0.078
0.079
0.075
0.078
0.078
0.064
0.056
0.078
0.078
0.078
0.078
0.078
0.078
0.078
0.079
0.078
0.078
0.078
0.078
0.079
0.074
0.078
0.078
0.078
0.078
0.078
0.074
0.078
0.079
0.074
0.078
0.078
0.075
0.078
0.078
0.078
0.078
0.078
0.078
0.078
0.074
0.058
0.078
0.078
0.076
0.078
0.078
0.078
0.076
0.078
0.074
-1.572
0.078
0.078
0.078
0.078
0.078
0.078
0.078
0.074
0.075
0.078
0.063
0.078
0.079
0.078
0.078
0.078
0.078
-2.016
0.079
0.078
0.074
0.079
0.078
0.078
0.079
0.077
0.079
0.078
0.078
0.078
0.079
0.078
0.078
0.078
-2.590
0.078
0.075
0.063
0.056
0.078
0.068
0.078
0.078
0.078
-1.657
0.078
-1.576
0.078
0.078
0.078
0.063
0.074
0.075
0.078
0.078
0.078
0.079
0.078
0.074
0.078
0.079
0.078
0.078
0.078
0.071
0.078
0.078
0.056
0.078
0.079
0.078
0.078
0.079
0.072
0.078
0.078
0.075
0.075
0.074
0.056
0.078
0.078
0.074
0.078
0.078
0.079
0.078
0.079
0.078
0.078
0.078
0.078
0.078
0.078
0.078
0.078
0.078
0.071
0.078
0.078
0.074
0.078
0.079
0.078
0.078
0.078
0.074
0.078
0.078
0.078
0.078
0.078
0.078
0.079
0.079
0.078
0.078
0.079
0.078
0.078
0.079
0.078
0.078
0.078
-2.338
0.078
0.079
-1.690
0.078
0.078
0.075
0.078
0.078
0.078
0.056
0.078
0.078
0.078
0.078
-1.599
0.078
0.078
0.079
0.074
0.079
0.078
0.078
0.078
0.078
0.078
0.078
0.074
0.075
0.078
0.078
0.078
0.078
0.078
0.079
0.079
0.075
0.078
0.078
0.078
0.075
0.078
0.078
0.078
0.078
-2.193
0.078
0.078
0.065
0.074
0.078
0.078
0.078
0.078
0.078
0.079
0.078
0.078
0.078
0.078
0.078
0.078
0.078
0.071
0.079
0.078
0.074
0.079
0.079
0.078
0.078
0.078
0.077
0.078
0.078
0.078
0.078
0.078
0.078
0.078
0.078
0.078
0.078
0.078
0.078
0.078
0.079
0.078
0.078
0.078
0.078
0.078
0.078
0.075
0.078
0.078
0.074
0.078
0.079
0.078
0.078
0.078
0.068
0.078
0.078
0.075
0.061
0.071
0.074
0.078
0.079
0.078
0.079
0.079
0.077
0.079
0.078
0.063
0.075
0.078
0.072
0.078
0.078
0.078
0.078
0.078
0.078
0.078
0.078
0.062
0.078
0.078
0.074
0.075
0.075
0.078
0.078
0.079
0.078
0.056
0.078
0.078
0.078
0.078
0.078
0.078
0.078
0.078
0.078
0.079
0.078
0.078
0.067
0.065
0.078
0.078
0.065
0.078
0.078
0.063
0.078
0.079
0.078
0.055
0.075
0.078
0.078
0.078
0.074
0.078
0.078
0.067
0.078
0.076
0.077
0.071
0.078
0.078
0.078
0.078
0.071
0.078
0.065
0.057
0.078
0.075
0.071
0.078
0.075
0.074
0.078
0.078
0.078
0.078
0.079
0.078
0.063
0.078
0.078
0.078
0.078
0.071
0.078
0.079
0.078
0.078
0.078
0.074
0.078
0.078
0.075
0.078
0.079
0.078
0.078
0.079
0.078
0.078
0.079
0.078
0.078
0.078
0.074
0.078
0.078
-1.690
0.078
0.078
0.078
0.079
0.078
0.075
0.078
0.075
0.078
0.074
0.075
0.072
0.078
0.079
0.078
0.078
0.079
0.078
0.078
0.078
0.078
0.078
0.078
-1.562
0.078
0.065
0.078
0.078
0.078
0.074
0.078
0.078
0.077
0.079
0.078
0.078
0.078
0.078
0.078
0.065
0.075
0.078
0.074
0.074
0.064
0.078
0.072
0.078
0.078
0.076
0.078
0.078
0.078
0.056
0.074
0.079
0.063
0.078
0.079
0.078
0.078
0.078
0.075
0.078
0.078
0.056
0.078
0.079
0.078
0.078
0.079
0.078
0.078
0.079
0.078
0.079
0.078
0.075
0.078
0.079
0.078
0.078
0.078
0.078
0.078
0.079
0.073
0.078
0.079
0.078
0.078
0.078
-1.557
0.078
0.070
0.063
0.078
0.078
0.075
0.078
0.078
0.078
0.078
0.078
0.074
0.078
0.078
0.063
0.078
0.078
0.074
0.078
0.078
0.077
0.079
0.078
0.075
0.078
0.078
0.078
0.079
0.079
0.078
0.075
0.065
0.074
0.078
0.078
0.074
0.079
0.079
0.078
0.078
0.078
0.075
0.078
0.078
0.078
0.079
0.078
0.078
0.079
0.078
0.074
0.079
0.079
0.078
-1.573
0.078
-1.562
0.078
0.078
-1.550
0.078
0.078
-1.688
0.075
0.078
0.074
0.078
0.078
0.078
0.075
0.078
0.067
0.078
0.078
0.065
0.078
0.065
0.075
-1.693
0.079
0.067
0.078
0.078
-1.562
0.078
0.075
0.075
0.078
0.078
0.078
0.075
0.065
0.075
0.078
0.079
0.078
0.078
0.078
0.076
0.078
0.078
0.075
0.078
0.079
0.078
0.078
0.078
0.075
0.075
0.063
0.076
0.078
0.078
0.068
0.078
0.078
0.078
0.078
0.078
0.074
0.078
0.075
0.065
-0.114
-0.114
-0.114
-0.114
-0.114
-0.114
0.078
0.079
0.078
0.078
0.078
0.069
0.079
0.078
0.075
0.077
0.079
0.078
0.079
0.078
0.078
0.078
0.078
0.075
0.078
0.078
0.078
0.079
0.078
0.073
0.078
0.078
0.074
0.078
0.079
0.063
0.079
0.078
0.074
0.078
0.079
0.063
0.078
0.078
0.078
0.078
0.078
-3.539
0.078
0.078
0.078
0.078
0.078
0.078
0.079
0.078
0.075
0.074
0.078
0.078
0.078
0.079
0.078
0.079
0.078
0.075
0.078
0.078
0.078
0.078
0.079
0.078
0.078
0.075
0.074
0.074
0.079
0.078
0.078
0.079
0.078
0.078
0.078
0.078
0.077
0.078
-3.586
0.078
0.078
0.078
0.078
0.079
0.065
0.078
0.079
0.078
0.078
0.078
-2.348
0.078
0.079
0.078
0.079
0.079
0.078
0.079
0.078
0.077
0.078
0.078
0.063
0.078
0.078
0.065
0.078
0.078
0.078
0.079
0.078
0.076
0.078
0.078
0.074
0.078
0.078
0.073
0.078
0.078
0.075
0.078
0.078
0.074
0.078
0.079
0.078
0.078
0.078
0.078
0.078
0.078
0.074
0.078
0.078
0.078
0.079
0.079
0.078
0.078
0.078
0.078
0.078
0.079
0.078
0.078
0.078
0.078
0.075
0.078
-1.842
0.078
0.075
0.078
0.078
0.078
-3.395
0.078
0.078
0.078
0.078
0.079
0.078
0.078
0.078
0.078
0.078
0.078
0.078
0.078
0.074
0.078
0.079
0.079
0.078
0.078
0.078
0.078
0.078
0.079
0.074
0.079
0.079
0.078
0.078
0.078
0.074
0.078
0.078
0.065
0.078
0.079
0.078
0.078
0.079
0.078
0.078
0.078
0.075
0.078
0.078
-1.557
0.074
0.078
0.078
0.079
0.078
0.075
0.078
0.059
0.078
0.076
0.075
0.078
0.078
0.079
0.078
0.078
0.078
0.078
0.078
0.078
0.073
0.078
0.078
0.078
0.078
0.078
-2.432
