fixedStep chrom=ENSGT00530000066701 start=1 step=1
0.050
0.050
0.044
0.050
0.050
0.050
0.050
0.050
0.050
0.050
0.044
-1.253
0.050
0.050
0.050
0.050
0.050
0.050
0.044
0.050
0.050
0.050
0.050
0.050
0.050
0.050
0.044
0.044
0.044
0.050
0.050
0.050
0.044
0.050
0.044
0.050
0.050
0.047
0.050
0.050
0.050
0.050
0.050
0.050
0.050
0.050
0.050
0.044
0.050
0.050
0.050
0.050
0.049
0.043
0.050
0.050
0.050
0.047
-1.248
0.050
0.044
0.050
0.050
0.050
0.050
0.050
0.050
0.050
0.050
0.050
0.044
0.049
0.050
0.050
0.050
0.050
0.047
0.050
0.050
0.050
0.050
0.050
0.050
0.050
0.050
0.050
0.050
0.050
0.050
0.050
0.050
0.050
0.050
0.050
0.049
0.050
0.044
0.050
0.050
0.045
0.050
0.050
0.050
0.050
0.050
0.050
0.050
0.050
0.050
0.050
0.050
0.050
0.050
0.050
0.050
0.050
0.050
0.050
0.050
0.050
0.050
0.050
0.050
0.050
0.050
0.050
0.050
0.050
0.050
0.044
0.046
0.050
0.050
0.044
0.050
0.050
0.050
0.050
0.050
0.050
0.050
0.044
0.050
0.050
0.050
0.050
0.050
0.050
0.050
0.050
0.050
0.050
0.050
0.050
0.050
0.050
0.050
0.045
0.050
0.050
0.050
0.050
0.050
0.050
0.050
0.050
0.050
0.050
0.050
0.050
0.050
0.050
0.050
0.050
0.050
0.050
0.050
0.050
0.050
0.050
0.050
0.050
0.050
0.050
0.050
0.050
0.049
0.043
0.050
0.050
0.050
0.050
0.044
0.050
0.050
0.050
0.050
0.050
0.050
0.050
0.050
0.050
0.050
0.050
0.050
0.047
0.050
0.050
0.047
0.050
0.050
0.046
0.050
0.050
0.050
0.050
0.044
0.050
0.050
0.050
0.044
0.044
0.050
0.050
0.050
0.044
0.050
0.050
0.050
0.050
0.050
0.050
0.050
0.050
0.050
0.050
0.050
0.044
0.050
0.050
0.050
0.050
0.050
0.050
0.050
0.050
0.050
0.050
0.050
0.050
0.046
0.050
0.050
0.050
0.050
0.050
0.050
0.050
0.050
0.050
0.050
-2.912
-1.857
-2.308
0.050
0.050
0.050
0.050
0.050
0.050
0.050
0.050
0.050
0.050
0.050
-1.241
0.050
0.050
0.050
0.050
0.050
0.050
0.050
0.044
0.050
0.050
0.049
0.050
0.050
0.050
0.050
0.050
0.050
0.050
0.050
0.050
0.050
0.050
0.050
0.050
0.000
0.000
0.000
0.000
0.000
0.000
0.000
0.000
0.000
0.000
0.000
0.000
0.050
0.050
0.050
0.050
0.050
0.050
0.050
0.050
0.050
0.050
0.050
0.050
0.043
0.050
0.050
0.050
0.049
0.040
0.050
0.050
0.050
0.050
0.050
0.050
0.050
0.050
0.050
0.046
0.050
-1.256
0.050
0.050
0.050
0.050
0.050
0.050
0.050
0.050
0.050
0.050
0.050
0.050
