fixedStep chrom=ENSGT00390000003917 start=1 step=1
0.048
0.048
0.048
0.048
0.048
-1.263
0.044
0.048
0.048
0.048
0.048
0.048
0.048
0.048
0.048
0.048
0.048
0.048
0.048
0.048
0.048
0.048
0.048
-1.249
0.048
0.048
0.048
0.048
0.048
0.048
0.048
0.048
0.048
0.048
0.048
0.048
0.048
0.048
0.048
0.048
0.048
0.048
0.048
0.048
0.045
0.048
0.048
0.048
0.048
0.048
0.044
0.048
0.048
0.046
0.048
0.048
0.048
0.048
0.048
0.048
0.048
0.048
0.048
0.048
0.048
0.048
0.048
0.048
0.048
0.048
0.048
0.044
0.048
0.048
0.048
0.048
0.048
0.048
0.048
0.048
0.048
0.048
0.048
0.047
0.048
0.048
0.048
0.048
0.048
0.048
0.048
0.048
0.048
0.048
0.048
0.045
0.048
0.048
0.048
0.048
0.048
0.048
0.048
0.048
0.048
0.048
0.048
0.048
0.048
0.048
0.048
0.048
0.048
0.048
0.048
0.048
0.048
0.048
0.048
-1.245
0.048
0.048
0.048
0.048
0.048
0.048
0.048
0.048
0.048
0.048
0.048
0.044
0.048
0.048
0.048
0.048
0.048
0.048
0.048
0.048
0.048
0.048
0.048
0.048
0.048
0.048
0.048
0.048
0.048
0.048
0.048
0.048
0.048
0.048
0.048
0.048
0.048
0.048
0.048
0.048
0.048
0.047
0.048
0.048
0.048
0.048
0.048
0.048
0.048
0.048
0.045
0.048
0.048
0.048
0.048
0.048
0.048
0.046
0.048
0.045
0.048
0.048
0.048
0.048
0.048
0.048
0.048
0.048
0.048
0.048
0.048
0.048
0.048
0.048
0.048
0.048
0.048
-2.177
0.048
0.048
0.048
0.048
0.048
0.044
0.048
0.048
0.048
0.048
0.048
0.046
0.048
0.048
0.048
0.048
0.048
0.048
0.048
0.048
0.048
0.048
0.048
0.048
0.048
0.048
0.048
0.048
0.048
0.048
0.048
0.048
0.048
0.048
0.048
0.045
0.048
0.048
0.044
0.048
0.048
0.048
0.048
0.048
0.047
0.048
0.048
0.048
0.048
0.048
0.047
0.048
0.048
0.044
0.048
0.048
0.048
0.048
0.048
0.048
0.048
0.048
0.048
0.048
0.048
0.048
0.048
0.048
0.048
0.048
0.048
0.048
0.048
0.048
-2.140
0.048
0.048
0.044
0.048
0.048
0.044
0.048
0.048
0.048
0.048
0.048
0.048
0.048
0.048
0.048
0.048
0.048
0.048
0.048
0.048
0.047
0.048
0.048
0.048
0.048
0.048
0.048
0.048
0.048
-2.053
-2.097
-2.097
-2.108
0.048
0.048
0.048
0.048
0.048
0.047
0.048
0.048
0.048
0.048
0.048
0.048
-2.110
-2.097
-2.110
-2.108
-2.107
-2.108
-2.110
-2.097
-2.108
-2.097
-2.107
-2.108
