fixedStep chrom=ENSGT00390000003648 start=1 step=1
0.086
0.086
0.086
0.086
0.067
0.083
0.084
0.086
0.075
0.067
0.086
0.086
0.069
0.086
0.086
0.084
0.086
0.067
0.086
0.086
0.082
0.082
0.084
0.081
0.086
0.086
0.086
0.086
0.086
0.082
0.086
0.086
0.086
0.086
0.086
0.078
0.078
0.086
0.086
0.086
0.086
0.086
0.063
0.062
0.086
0.082
0.086
0.086
0.086
0.086
0.083
0.086
0.086
0.083
0.085
0.084
0.085
0.081
0.086
0.086
0.083
0.086
0.086
0.086
0.086
0.081
0.086
0.082
0.075
0.086
0.086
0.083
0.086
0.086
0.086
0.086
0.086
0.086
0.086
0.086
0.083
0.082
0.082
0.086
0.086
0.086
0.062
0.086
0.086
0.086
0.082
0.086
0.084
0.082
0.086
0.086
0.086
0.086
0.086
0.086
0.086
0.086
0.086
0.086
0.086
0.086
0.069
0.086
0.086
0.086
0.086
0.086
0.065
0.081
0.086
0.080
0.085
0.086
0.086
0.081
0.086
0.086
0.086
0.083
0.086
0.070
0.086
0.086
0.086
0.086
0.086
0.086
0.082
0.086
0.082
0.086
0.086
0.086
0.086
0.086
0.075
0.086
0.086
0.082
0.086
0.086
0.064
0.086
0.086
0.086
0.086
0.086
0.086
0.086
0.086
0.082
0.078
0.083
0.086
0.064
0.083
0.086
0.067
0.086
0.086
0.078
0.086
0.067
0.086
0.086
0.078
0.086
0.086
0.081
0.086
0.086
0.078
0.086
0.069
0.062
0.077
0.082
0.086
0.086
0.086
0.085
0.086
0.083
0.086
0.086
0.086
0.064
0.086
0.061
0.086
0.086
0.086
0.086
0.086
0.086
0.086
0.086
0.086
0.086
0.075
0.086
0.083
0.086
0.086
0.086
0.064
0.083
0.086
0.086
0.086
0.082
0.081
0.086
0.086
0.086
0.086
0.086
0.086
0.086
0.082
0.064
0.086
0.082
0.086
0.086
0.068
0.084
0.084
0.086
0.086
0.082
0.086
0.075
0.072
0.086
0.086
0.086
0.086
0.086
0.086
0.086
0.086
-1.923
0.086
0.086
0.086
0.078
0.086
0.086
0.083
0.086
0.086
0.082
0.084
0.069
0.086
0.086
0.086
0.086
0.080
0.086
0.086
0.086
0.086
0.086
0.086
0.086
0.083
0.082
0.080
0.086
-1.195
-1.193
-1.195
0.067
0.069
0.086
0.086
0.078
0.083
0.086
0.083
0.086
-1.923
0.086
0.082
0.086
0.082
0.084
0.082
0.083
0.084
0.086
0.086
0.083
0.086
0.086
0.073
0.082
0.084
0.075
