fixedStep chrom=ENSGT00410000029564 start=1 step=1
-0.571
-0.570
-0.571
-0.936
-0.934
0.083
0.083
0.083
0.083
0.083
0.083
0.083
0.083
0.083
0.083
0.083
0.083
0.083
0.083
0.083
0.083
0.083
0.083
0.083
0.083
0.083
0.083
0.083
0.083
0.083
0.083
0.083
0.083
0.083
0.070
0.083
0.083
0.083
0.080
-3.298
-3.335
-3.403
0.083
0.083
0.070
0.083
0.083
0.083
0.083
0.083
-0.936
0.083
0.083
0.083
0.083
0.083
0.083
0.070
0.083
0.083
-0.571
-0.570
-0.571
-0.570
-0.571
-0.571
-0.933
0.083
0.083
0.083
0.083
0.083
0.083
0.083
0.083
0.083
0.070
0.083
-0.935
0.083
0.083
0.083
0.083
0.083
0.083
0.083
0.083
0.083
0.083
0.083
0.070
0.083
-0.936
-0.936
0.083
0.083
-0.571
-0.571
-0.571
-0.571
-0.570
-0.571
-0.571
-0.571
-0.571
-0.571
-0.571
-0.571
-0.571
-0.571
-1.079
-0.570
-0.571
-0.571
0.083
0.083
0.083
-0.934
0.078
0.083
0.083
-0.936
-0.936
0.083
0.083
0.083
0.083
0.083
0.083
0.083
0.083
0.083
0.083
0.083
0.083
0.083
0.083
0.083
-0.934
0.070
-0.936
0.083
0.083
0.083
0.083
0.083
0.083
0.083
0.083
0.083
0.070
0.083
0.083
0.070
0.083
0.083
0.083
-0.933
0.083
0.083
0.083
0.083
0.083
0.083
0.083
0.083
0.083
-0.934
0.082
0.083
0.083
-0.934
0.083
0.083
-0.933
0.083
0.083
0.083
0.070
0.083
-0.934
0.070
0.070
-0.934
-0.933
0.083
0.070
-0.936
0.083
-0.936
0.083
0.083
0.077
-0.936
-0.936
0.083
0.083
0.083
0.083
-0.933
0.083
0.083
0.070
0.083
0.083
0.083
0.083
0.083
0.083
0.070
0.083
0.083
0.083
-1.691
-0.933
0.070
0.079
0.070
0.070
0.083
0.083
0.083
0.083
0.083
0.083
0.083
0.083
-0.936
0.070
0.070
0.083
0.083
0.083
0.083
0.080
-0.936
-0.934
0.083
0.077
0.083
0.083
0.083
0.083
0.083
0.083
0.070
0.083
0.083
0.083
0.070
0.083
0.083
0.083
0.083
0.083
-0.571
-0.571
-0.571
0.083
0.083
0.083
0.083
0.083
0.070
0.083
0.083
-0.936
0.083
0.083
0.083
0.083
0.083
0.083
0.083
0.083
0.083
0.083
0.083
0.083
-0.934
-0.934
0.070
0.083
0.083
0.083
0.083
0.083
0.070
0.082
0.083
0.083
0.083
0.083
0.083
-0.570
-0.571
-0.571
0.083
0.083
0.083
0.083
0.083
0.070
0.083
0.083
0.083
0.083
0.083
0.083
0.070
0.083
0.083
0.083
0.083
0.083
0.083
0.083
0.083
0.083
0.083
0.083
0.083
0.083
0.070
0.083
0.083
0.083
0.083
0.070
0.070
0.083
0.083
0.083
0.083
0.083
0.083
0.083
0.083
-0.936
0.083
0.083
0.083
0.083
0.083
0.083
0.083
0.083
0.083
0.083
0.070
0.083
0.083
0.083
0.070
0.083
0.083
0.083
0.083
0.083
0.083
0.083
0.083
0.083
0.083
0.083
0.083
0.083
0.070
0.083
0.083
0.083
0.083
0.083
0.083
0.070
0.070
0.083
-0.934
0.083
0.083
-0.936
-0.936
0.083
0.083
0.083
0.083
0.083
0.083
0.083
0.070
0.083
0.070
0.083
0.083
-0.936
0.078
-0.933
0.070
0.070
0.083
0.070
0.083
0.083
0.070
0.070
0.083
0.083
0.083
0.083
0.083
-0.934
0.083
0.083
0.083
0.083
0.070
0.083
0.083
0.083
0.083
0.083
0.082
0.070
0.083
-0.936
0.070
-0.571
-0.570
-0.571
-0.571
-0.571
-0.571
-0.571
-0.571
-0.571
-1.664
0.070
-0.936
-0.936
-0.936
-0.936
-0.933
-0.936
0.070
0.083
0.083
0.070
-0.933
0.070
-0.933
0.070
-0.933
-0.936
0.070
0.083
0.083
0.070
-0.933
-1.686
-0.936
-0.936
0.070
0.083
0.070
-0.936
-0.935
0.070
0.083
0.070
0.083
0.083
0.083
0.083
0.070
-0.934
0.083
0.083
0.083
0.083
0.083
0.070
0.070
0.070
0.083
-0.933
-0.936
0.070
0.083
0.083
-0.498
-0.498
-0.498
0.070
0.083
0.083
0.083
0.083
0.070
0.083
0.083
0.083
0.083
-0.936
0.083
0.070
0.083
0.083
0.083
0.083
0.083
-0.936
0.083
0.083
0.070
0.070
0.079
0.083
0.083
-0.936
0.070
0.070
0.083
0.083
0.083
0.083
-0.936
0.083
0.083
0.083
0.070
0.083
0.083
0.083
0.083
0.070
0.083
0.083
0.083
0.070
0.083
0.083
0.083
-0.936
0.083
0.083
0.083
0.083
0.083
0.070
0.070
0.083
0.083
0.083
0.083
0.083
0.083
0.070
0.083
0.083
0.083
0.070
0.083
0.083
0.070
0.078
-0.936
0.083
0.083
0.070
0.083
0.078
0.083
0.070
0.083
-0.936
0.083
0.083
0.083
0.083
0.083
-0.934
-0.934
0.083
0.083
0.070
0.070
0.083
0.083
-0.936
0.083
0.083
0.083
0.083
0.083
0.070
0.083
0.083
0.070
0.070
0.083
0.083
0.077
-0.936
0.083
0.083
0.083
0.083
0.083
-0.936
0.083
-0.936
0.083
