fixedStep chrom=ENSGT00390000001214 start=1 step=1
0.117
0.118
0.117
0.117
0.117
0.117
0.117
0.117
0.090
0.117
0.117
0.114
0.117
0.117
0.111
0.112
0.117
0.107
0.117
0.117
0.111
0.112
0.118
0.117
0.114
0.117
0.117
0.117
0.117
0.113
0.111
0.111
0.117
0.118
0.117
0.117
0.111
0.117
0.117
0.117
0.103
0.117
0.117
0.117
0.117
0.117
0.117
0.114
0.117
-1.525
0.117
0.117
0.114
0.118
0.117
0.107
0.117
0.111
0.117
0.117
0.117
0.117
0.112
0.114
0.117
0.117
0.117
0.117
0.118
0.117
0.115
0.117
0.117
0.089
0.117
0.117
0.117
0.089
0.117
0.114
0.089
0.090
0.117
0.117
0.102
0.089
0.117
0.111
0.117
0.115
0.107
0.111
0.117
0.111
0.100
0.111
0.118
0.089
0.114
0.102
0.088
0.106
0.106
0.115
0.111
0.089
0.107
0.106
0.107
0.115
0.117
0.117
0.117
0.115
-1.040
-1.174
-1.174
0.109
0.117
0.117
0.117
0.115
0.117
0.117
0.114
0.117
0.118
0.117
0.117
0.117
0.117
0.117
0.117
0.103
0.107
0.118
0.117
0.117
0.117
0.118
0.117
0.117
0.118
0.117
0.117
0.111
0.117
0.106
0.111
0.086
-0.775
-0.687
-0.686
-0.457
0.089
0.111
0.117
0.117
0.100
0.089
0.117
0.117
0.117
0.111
0.115
0.117
0.114
0.089
0.084
0.117
0.117
0.117
0.117
0.117
0.117
0.115
0.111
0.102
0.117
0.117
0.085
0.117
0.114
0.117
0.117
0.089
0.117
0.117
0.117
0.117
0.117
0.117
0.117
0.117
0.111
0.090
0.117
0.117
0.117
0.117
0.117
0.117
0.117
0.115
0.117
0.118
0.117
0.089
0.117
0.117
0.118
0.118
0.117
0.117
0.115
0.117
0.117
0.117
0.112
0.117
0.117
0.117
0.117
0.117
0.111
0.117
0.105
0.117
0.117
0.090
0.117
0.111
0.117
0.107
0.112
0.118
0.117
0.117
0.117
0.117
0.118
0.117
0.117
0.117
0.118
0.111
0.117
0.117
0.108
0.117
0.094
0.117
0.117
0.117
0.117
0.112
0.117
0.111
0.100
0.117
0.117
0.115
0.117
0.103
0.117
0.117
0.117
0.117
0.111
0.085
0.117
0.111
0.117
0.117
0.084
0.089
-0.687
-1.130
-1.224
0.000
0.000
0.000
0.000
0.000
0.000
0.000
0.000
0.000
0.000
0.000
0.000
0.000
0.000
0.000
0.000
0.000
0.000
0.000
0.000
0.000
0.000
0.000
0.000
0.000
0.000
0.000
0.000
0.000
0.000
0.000
0.000
0.000
0.000
0.000
0.000
0.000
0.000
0.000
0.000
0.000
0.000
0.000
0.000
0.000
0.117
0.117
-0.899
0.117
0.117
0.117
-1.491
0.107
0.107
-0.457
0.117
0.111
-0.893
0.089
-0.897
-0.457
-0.457
-1.482
-0.892
0.111
0.111
0.115
0.117
0.117
0.000
0.000
0.000
0.000
0.000
0.000
0.000
0.000
0.000
0.000
0.000
0.000
-0.687
-1.224
-1.223
-0.439
-0.457
0.117
0.117
0.107
0.107
-0.457
0.107
0.107
0.117
0.107
-0.460
0.117
0.104
0.117
0.117
0.107
-0.897
0.118
0.089
0.111
-0.460
0.107
-0.460
-0.439
-0.460
-0.900
-0.897
0.107
0.107
0.000
0.000
0.000
0.000
0.000
0.000
0.000
0.000
0.000
0.000
0.000
0.000
0.000
0.000
0.000
0.000
0.000
0.000
0.000
0.000
0.000
0.000
0.000
0.000
0.000
0.000
0.000
0.000
0.000
0.000
-0.686
-0.772
-1.033
-2.182
0.100
-1.487
-2.090
0.107
0.117
0.116
0.117
0.100
0.117
0.118
0.117
0.107
-0.460
-0.457
-0.457
-0.439
-1.547
-0.439
0.107
-0.457
-0.439
-0.460
-0.899
0.111
0.117
0.117
-0.457
0.111
0.117
0.102
0.117
0.103
-0.456
-0.456
-0.460
-0.457
-0.457
-0.654
0.100
-0.439
0.107
0.117
0.117
-0.456
-0.456
0.111
0.107
0.117
0.117
0.084
0.117
0.118
-0.460
-0.460
0.107
0.117
0.117
0.107
-0.457
0.117
0.118
-1.487
0.117
0.111
0.107
0.117
-0.457
0.117
-1.734
0.117
-0.460
0.117
0.118
-0.457
-0.514
-0.513
-0.873
-1.019
-1.077
-1.241
-0.514
-0.513
-1.060
-1.077
-0.513
-0.514
-0.514
-0.562
-0.564
-0.514
-0.564
-0.514
-0.514
-0.513
-0.514
-0.519
-1.019
-0.514
-0.457
0.107
0.111
-0.460
0.099
-0.460
0.117
-0.899
0.117
0.117
0.107
0.107
0.107
0.117
0.103
-1.464
-0.460
0.100
0.118
0.117
0.117
-0.514
-0.539
-0.762
-1.679
-0.514
-0.514
-0.514
-0.513
-1.075
-0.514
-0.513
-0.564
-0.548
-0.564
-0.514
-0.514
-0.513
-0.514
