fixedStep chrom=ENSGT00390000008992 start=1 step=1
0.000
0.000
0.000
0.000
0.000
0.000
0.000
0.000
0.000
0.000
0.000
0.000
0.000
0.000
0.000
0.000
0.000
0.000
0.000
0.000
0.000
0.000
0.000
0.000
0.000
0.000
0.000
0.000
0.000
0.000
0.000
0.000
0.000
0.000
0.000
0.000
0.000
0.000
0.000
0.000
0.000
0.000
0.000
0.000
0.000
0.000
0.000
0.000
0.000
0.000
0.000
0.000
0.000
0.000
0.000
0.000
0.000
0.000
0.000
0.000
0.000
0.000
0.000
0.000
0.000
0.000
0.000
0.000
0.000
0.000
0.000
0.000
0.000
0.000
0.000
0.000
0.000
0.000
0.000
0.000
0.000
0.000
0.000
0.000
0.000
0.000
0.000
0.000
0.000
0.000
0.000
0.000
0.000
0.000
0.000
0.000
0.000
0.000
0.000
0.000
0.000
0.000
0.000
0.000
0.000
0.000
0.000
0.000
0.000
0.000
0.000
0.000
0.000
0.000
0.000
0.000
0.000
0.000
0.000
0.000
0.000
0.000
0.000
0.000
0.000
0.000
0.000
0.000
0.000
0.000
0.000
0.000
0.000
0.000
0.000
0.000
0.000
0.000
0.000
0.000
0.000
0.000
0.000
0.000
0.000
0.000
0.000
0.000
0.000
0.000
0.000
0.000
0.000
0.000
0.000
0.000
0.000
0.000
0.000
0.000
0.000
0.000
0.000
0.000
0.000
0.000
0.000
0.000
0.000
0.000
0.000
0.000
0.000
0.000
0.000
0.000
0.000
0.000
0.000
0.000
0.000
0.000
0.000
0.000
0.000
0.000
0.000
0.000
0.000
0.000
0.000
0.000
0.000
0.000
0.000
0.000
0.000
0.000
0.000
0.000
0.000
0.000
0.000
0.000
0.000
0.000
0.000
-1.023
-1.021
-1.023
0.075
0.075
0.073
0.065
0.075
0.062
0.067
0.073
0.075
0.075
0.075
0.075
0.075
0.069
-0.991
0.073
0.075
0.075
0.075
0.075
0.075
0.075
0.065
0.075
0.075
0.075
0.075
0.075
0.075
0.065
0.075
0.075
0.072
0.075
0.075
0.073
0.075
0.075
0.075
0.075
0.072
0.075
0.075
0.075
0.075
0.073
0.075
0.075
0.075
0.075
0.075
0.075
0.075
0.075
0.073
0.073
0.075
0.052
0.075
0.070
0.075
0.075
0.075
0.075
0.075
0.063
0.075
0.075
0.075
0.075
0.075
0.075
0.075
0.075
0.075
0.068
0.075
0.075
0.075
0.075
0.073
0.075
0.075
0.075
0.075
0.075
0.075
0.075
0.075
0.075
0.075
0.052
0.070
0.075
0.075
0.075
0.075
0.075
0.073
0.075
0.075
0.075
0.075
0.075
0.073
0.075
0.075
0.075
0.075
0.075
0.075
0.075
0.075
-2.150
0.075
0.075
0.073
0.075
0.075
-1.545
0.075
0.075
0.075
0.075
0.075
0.075
0.075
0.075
0.075
0.075
0.075
-1.838
0.075
0.075
0.072
0.075
0.075
0.065
0.075
0.075
0.075
0.075
0.075
0.074
0.075
0.075
0.073
0.075
0.075
0.075
0.075
0.075
0.075
0.075
0.075
0.075
0.075
0.075
0.075
0.075
0.075
0.075
0.075
0.075
0.073
0.075
0.075
0.075
0.075
0.075
0.075
0.075
0.075
0.075
0.075
0.075
0.075
0.075
0.075
0.075
0.075
0.075
0.075
0.075
0.075
0.075
0.075
0.075
0.075
0.075
0.075
0.075
0.075
0.075
0.073
0.075
0.075
0.075
0.075
0.075
0.075
0.075
0.075
0.070
0.075
0.075
0.070
0.073
0.075
0.052
0.075
0.075
0.075
0.075
0.075
0.075
0.075
0.075
0.075
0.075
0.075
0.073
0.075
0.075
0.075
0.075
0.075
0.075
0.075
0.075
0.075
0.075
0.075
-1.695
0.075
0.075
0.075
0.075
0.075
0.075
0.075
0.075
0.072
0.075
0.075
0.075
0.075
0.075
0.073
0.075
0.075
0.075
0.075
0.075
0.075
0.075
0.075
0.075
0.075
0.075
0.075
0.075
0.075
0.075
0.075
0.075
0.075
0.075
0.075
0.070
0.073
0.075
0.073
0.075
0.075
0.052
0.075
0.075
0.075
0.075
0.075
0.075
0.075
0.070
0.070
0.075
0.075
0.065
0.075
0.075
0.069
0.075
0.075
0.070
0.075
0.075
0.073
0.075
0.075
0.052
0.075
0.075
0.070
0.075
0.075
0.071
0.075
0.075
0.075
0.075
0.075
0.075
0.075
0.075
0.075
0.075
0.075
0.068
0.075
0.075
0.073
0.075
0.075
0.075
0.075
0.075
0.075
0.075
0.075
0.075
0.075
0.075
0.075
0.075
0.075
0.075
0.075
0.075
0.075
0.075
0.075
-1.694
0.075
0.075
0.075
0.075
0.075
0.075
0.070
0.070
0.070
0.070
0.070
0.070
0.070
0.070
0.064
0.070
0.070
0.070
0.070
0.070
0.068
0.070
0.070
0.070
0.070
0.070
0.070
0.070
0.070
0.070
0.070
0.070
-0.932
0.070
0.070
0.070
0.070
0.070
0.070
0.068
0.070
0.064
0.070
0.070
0.062
0.070
0.070
-1.717
0.070
0.070
0.070
0.070
0.070
0.070
0.070
0.070
0.070
0.070
0.070
0.068
0.070
0.070
0.070
0.070
0.070
0.070
0.070
0.070
0.070
0.075
0.075
0.075
0.075
0.067
0.062
0.067
0.073
0.073
0.067
0.075
0.073
0.075
0.075
0.069
0.075
0.075
0.070
0.075
0.075
0.052
0.075
0.075
0.075
0.075
0.075
0.064
0.075
0.075
0.075
0.075
0.075
0.075
0.075
0.075
0.075
0.075
0.075
0.073
0.075
0.075
0.075
0.075
0.075
0.072
0.075
0.075
0.073
0.075
0.075
0.072
0.075
0.075
0.071
0.075
0.075
0.074
0.073
0.075
-2.380
0.075
0.075
0.075
0.075
0.075
0.075
0.075
0.075
0.075
0.075
0.075
0.075
0.075
0.075
0.070
0.075
0.075
0.075
0.075
0.075
0.075
0.075
0.075
0.072
0.075
0.075
0.072
0.075
0.075
0.075
0.075
0.065
0.070
0.075
0.075
0.075
0.075
0.075
0.075
0.075
0.075
0.075
0.075
0.075
0.075
