fixedStep chrom=ENSGT00410000027774 start=1 step=1
-0.547
-0.547
-0.547
0.081
0.081
0.081
0.081
0.081
0.081
0.081
0.081
0.081
0.081
0.081
0.081
0.082
0.081
0.081
0.081
0.081
0.081
0.081
0.081
0.077
0.081
0.081
0.082
0.081
0.067
0.068
0.081
-0.934
0.081
-0.935
-0.934
0.067
-0.935
-0.935
0.081
0.067
0.035
0.035
0.035
0.035
0.035
0.035
0.035
0.035
0.035
0.035
0.035
0.035
0.035
0.035
0.035
0.034
0.035
0.035
0.035
0.035
0.035
0.035
0.035
0.035
0.035
0.035
0.035
0.035
0.035
0.035
0.033
0.035
0.035
0.035
0.035
0.035
0.035
0.035
0.035
0.035
0.035
0.035
0.035
0.035
0.035
0.035
0.035
0.035
0.035
0.035
0.035
0.035
0.035
0.035
0.035
0.035
0.035
0.035
0.035
0.034
0.035
0.035
0.035
0.035
0.035
0.035
0.035
0.035
0.035
0.035
0.035
0.035
0.035
0.035
0.035
0.035
0.035
0.035
0.035
0.035
0.035
0.034
0.035
0.081
-0.933
0.067
-0.547
-0.547
-0.547
-0.547
-0.547
-0.547
-0.547
-0.547
-0.547
-0.583
-0.606
-0.547
-0.547
-0.547
-0.547
-0.547
-0.547
-0.547
-0.547
-0.547
-0.547
-0.547
-0.547
-0.547
0.067
0.067
0.068
0.067
-0.933
0.067
0.067
0.081
0.081
-0.933
0.068
0.068
0.067
0.081
0.081
0.081
-0.930
0.068
-0.934
0.068
0.081
0.081
0.081
0.081
0.068
-0.933
0.068
0.080
0.068
0.067
-0.930
-0.934
0.068
-0.547
-0.547
-0.547
0.081
0.067
0.081
0.067
0.081
-0.933
-0.935
-0.934
-0.934
-0.933
0.081
-0.934
-0.935
0.067
-1.011
0.067
0.081
0.081
-1.796
-1.820
-1.796
0.068
0.081
0.068
0.081
0.068
-0.933
-0.933
-0.934
0.081
-0.547
-0.547
-0.547
0.081
0.068
-0.934
0.082
0.081
0.081
0.081
0.081
0.068
0.082
0.081
0.081
0.081
0.082
0.081
0.081
0.081
0.067
0.081
0.082
0.081
0.081
0.081
0.081
0.081
0.082
0.081
0.081
0.081
0.082
0.081
0.081
0.081
0.081
0.081
-0.930
0.081
0.081
0.067
0.081
0.082
0.081
0.081
0.081
0.082
0.082
0.082
0.081
0.081
0.081
0.081
0.082
0.082
0.081
0.082
0.082
0.067
0.082
0.081
0.067
0.082
0.081
0.067
0.081
0.081
0.081
0.081
0.081
0.067
0.081
0.081
0.081
0.081
0.081
0.081
0.081
0.081
0.081
0.082
0.082
0.082
0.082
0.082
0.081
0.081
0.081
0.068
0.081
0.082
0.080
0.082
0.082
0.082
0.082
0.081
0.081
0.081
0.081
0.081
0.081
0.081
0.082
0.082
0.081
0.068
0.082
0.081
0.081
0.081
0.081
0.081
0.082
0.082
0.081
0.082
0.081
0.082
0.081
0.081
0.067
0.081
0.081
0.081
0.081
0.081
0.081
0.081
0.081
0.081
0.081
0.081
0.067
0.081
0.082
0.067
0.082
0.082
0.081
0.081
0.081
0.081
0.082
0.081
0.081
0.081
0.082
0.081
0.081
0.081
0.081
0.081
0.081
0.081
0.082
0.082
0.081
0.081
0.081
0.072
0.081
0.081
-0.934
0.081
0.081
0.081
0.081
0.081
0.067
0.082
0.081
0.081
0.081
0.081
0.082
0.081
0.081
0.067
0.081
0.082
0.081
0.081
0.081
0.067
0.081
0.081
0.081
0.081
0.081
0.082
0.067
0.081
-0.930
0.067
-0.934
-0.929
0.067
-1.691
0.067
-1.398
-0.935
0.081
-0.547
-0.547
-0.547
-0.547
-0.547
-0.547
-0.547
-0.547
-0.547
-0.547
-0.547
-0.547
-0.001
-0.547
-0.547
