fixedStep chrom=ENSGT00390000017874 start=1 step=1
0.074
0.074
0.074
0.074
0.074
0.069
0.074
0.074
0.074
0.074
0.059
0.074
0.074
0.074
0.074
0.074
0.074
0.074
0.074
0.074
0.074
0.073
0.074
0.074
0.074
0.074
0.070
0.074
0.074
0.074
0.067
0.074
0.074
0.074
0.074
0.074
0.074
0.074
0.074
0.074
0.074
0.074
0.056
0.074
0.070
0.074
0.074
0.074
0.074
0.074
0.073
0.074
0.074
0.072
0.067
0.074
0.074
0.070
0.074
0.074
0.074
0.074
0.074
0.074
0.074
0.067
0.074
0.074
0.074
0.074
0.074
0.074
0.074
0.074
0.074
0.074
0.074
0.074
0.074
0.074
0.074
0.074
0.067
0.074
0.074
0.074
0.074
0.074
0.074
0.074
0.074
0.074
0.073
0.074
0.070
0.070
0.074
0.074
0.074
0.074
0.074
0.074
0.074
0.074
0.074
0.074
0.074
0.074
0.074
0.074
0.071
0.070
0.074
0.074
0.074
0.074
0.074
0.074
0.074
0.074
0.074
0.074
0.074
0.074
0.074
0.074
0.074
0.074
0.074
0.074
0.074
0.067
0.073
0.074
0.074
0.074
0.074
0.070
0.074
0.074
0.074
0.074
0.074
0.070
0.074
0.074
0.074
0.074
0.074
0.070
0.074
0.074
0.074
0.074
0.074
0.070
0.074
0.074
0.074
0.074
0.074
0.074
0.074
0.074
0.074
0.074
0.074
0.070
0.074
0.074
0.074
0.074
0.074
0.070
0.074
0.074
0.059
0.059
0.074
0.073
0.073
0.074
0.074
0.074
0.074
0.074
0.074
0.074
-3.262
0.074
0.074
0.074
0.074
0.074
0.070
0.074
0.074
0.074
0.074
0.074
0.070
0.074
0.074
0.074
0.070
0.074
0.074
0.074
0.074
0.074
0.069
0.074
0.070
0.074
0.074
0.074
0.074
0.074
0.067
0.074
0.074
0.074
0.074
0.074
0.074
0.070
0.074
0.070
0.074
0.073
0.070
0.074
0.074
0.056
0.074
0.074
-1.854
0.074
0.074
0.074
0.061
0.070
0.059
0.074
0.074
-1.854
0.074
0.072
0.056
0.074
0.057
0.070
0.054
0.074
0.074
0.070
0.074
0.074
0.074
0.074
0.074
0.069
0.073
0.070
0.070
0.074
0.070
0.074
0.074
0.070
0.072
0.070
0.073
0.069
0.070
0.074
0.074
0.074
0.070
0.070
0.074
0.074
0.074
0.074
0.070
0.067
0.072
0.074
0.074
0.074
0.074
0.074
0.073
0.070
0.074
0.070
0.074
0.074
0.072
-1.886
0.070
0.070
0.074
0.070
0.067
0.070
0.074
0.074
0.059
0.074
0.074
0.074
0.074
0.070
0.074
0.056
0.070
0.074
0.073
0.067
0.073
0.074
0.074
0.073
0.052
0.072
0.070
0.074
0.068
0.074
0.074
0.074
0.070
0.074
0.073
0.074
0.063
0.056
0.074
0.059
0.074
0.070
0.059
0.070
0.074
0.068
0.073
0.074
0.074
0.074
0.074
0.070
0.053
0.073
0.074
0.074
0.074
0.074
0.074
0.074
0.074
0.074
0.074
0.074
0.070
0.074
0.074
0.074
0.067
0.074
0.074
0.070
0.074
0.074
0.073
0.074
0.074
0.074
0.074
0.074
0.059
0.074
0.074
0.072
0.074
0.074
0.058
0.074
0.074
0.074
0.074
0.074
0.074
0.074
0.074
0.072
0.074
0.074
0.074
0.074
0.074
0.074
0.074
0.074
0.058
0.059
0.074
0.067
0.074
0.074
0.070
0.074
0.074
0.074
0.074
0.074
0.074
0.074
0.074
0.074
0.074
0.067
0.074
0.059
0.070
0.070
0.074
0.072
0.074
0.074
0.074
0.074
0.074
0.070
0.074
0.072
0.074
0.074
0.070
0.074
0.074
0.074
0.069
0.074
0.074
0.074
0.070
0.074
0.074
0.074
0.056
0.074
0.073
0.074
0.074
0.070
0.074
0.074
0.067
0.074
0.074
0.074
0.068
0.074
0.072
0.074
0.070
0.074
0.070
0.071
0.056
-0.161
-0.161
-0.161
0.056
0.074
0.074
0.074
0.074
0.074
0.074
0.074
0.059
-2.936
0.074
0.063
0.072
0.063
0.074
0.070
0.068
0.074
0.074
0.070
0.070
0.070
0.067
0.072
0.068
0.070
0.074
0.074
0.068
0.074
0.074
0.074
-1.854
0.074
0.074
0.072
-1.192
-1.192
-1.222
-1.193
-1.751
-1.360
0.074
0.056
0.071
0.074
0.070
0.072
0.074
0.070
0.067
0.074
0.070
0.074
0.070
0.070
0.059
0.070
0.073
0.070
0.057
0.059
0.063
0.073
0.074
0.056
0.070
0.074
0.065
0.070
0.070
0.074
0.074
0.074
0.056
0.074
0.074
0.054
0.074
0.074
0.070
0.067
0.070
0.074
0.074
0.070
0.074
0.074
0.069
0.073
0.070
0.071
0.070
0.074
0.074
0.074
0.072
0.074
0.074
0.074
0.070
0.068
0.074
0.074
0.072
0.074
0.074
0.074
0.074
0.074
0.074
0.056
0.074
0.074
0.074
0.056
0.055
0.074
0.074
0.074
0.074
0.074
0.074
0.074
0.074
0.069
0.074
0.074
-2.294
0.074
0.074
0.074
0.074
0.074
0.072
0.074
0.074
0.074
0.074
0.074
0.070
0.074
0.074
0.074
0.074
0.074
0.074
0.074
0.074
0.070
0.072
0.074
0.074
0.074
0.074
0.070
0.059
0.074
0.070
0.072
0.070
0.074
0.074
0.074
0.067
0.074
0.074
0.070
0.070
0.074
0.056
0.074
0.062
0.074
0.070
0.074
0.074
0.070
0.074
0.074
0.074
0.074
0.069
0.071
0.074
0.073
0.074
0.074
0.070
0.074
0.074
0.074
0.074
0.074
0.074
0.074
0.059
0.074
0.074
0.074
0.074
0.072
0.074
0.070
0.000
0.000
0.000
0.000
0.000
0.000
0.000
0.000
0.000
0.000
0.000
0.000
0.000
0.000
0.000
-1.184
-1.418
-1.184
-1.184
-1.184
-1.418
0.074
0.070
0.070
0.074
0.074
0.074
0.074
0.070
0.052
0.074
0.074
0.072
0.070
0.070
0.068
0.074
0.074
0.059
0.068
0.070
0.074
0.074
0.059
0.074
0.067
0.074
0.074
0.074
0.073
0.070
0.072
0.074
0.073
0.074
0.059
0.070
0.074
0.074
0.074
0.074
0.074
0.074
0.074
0.072
0.074
0.061
0.074
0.074
0.074
0.074
0.074
0.069
0.074
0.073
0.067
0.074
0.074
0.074
0.074
0.074
0.074
0.074
0.070
0.074
0.074
0.074
0.074
0.074
0.074
0.056
0.074
0.074
0.074
0.074
0.070
0.074
0.074
0.056
0.074
0.067
0.074
0.059
0.070
0.058
0.074
0.074
0.070
0.071
0.068
0.060
0.069
0.074
0.074
-2.991
0.072
0.070
-2.959
0.074
0.059
-3.784
-2.266
-1.774
0.074
0.070
0.056
0.073
0.074
0.067
-3.408
0.070
0.074
0.074
0.074
0.056
0.074
0.059
0.059
0.073
0.074
0.070
0.074
0.074
0.067
0.067
0.072
0.074
0.067
0.067
0.070
0.072
0.074
0.074
0.074
0.074
0.074
0.074
0.070
0.070
0.074
0.069
0.072
0.074
0.070
0.074
0.074
0.074
0.056
0.074
0.074
0.071
0.074
0.074
0.074
0.070
0.073
0.059
0.074
0.074
0.074
0.073
0.074
0.070
0.073
0.074
0.074
0.074
0.073
0.069
0.074
0.074
0.074
0.074
0.074
0.070
0.074
0.074
0.070
0.074
0.059
0.070
0.056
0.074
0.072
-1.367
-1.944
-1.184
-1.907
-1.184
-1.184
0.074
0.074
0.073
0.056
0.059
0.070
0.074
0.074
0.070
0.052
0.074
0.074
0.074
0.074
0.067
0.073
0.074
0.074
-1.184
-1.184
-1.181
-1.184
-1.184
-1.184
0.074
0.074
0.070
0.074
0.059
0.059
0.059
0.070
0.074
0.070
0.074
0.074
0.074
0.074
0.056
0.074
0.074
0.070
-1.184
-1.184
-1.181
0.074
0.074
0.074
0.074
0.074
0.072
0.074
0.074
0.074
0.074
0.074
0.074
0.074
0.074
0.074
0.074
0.074
0.074
0.074
0.074
0.074
0.074
0.074
0.054
0.074
0.074
0.070
0.074
0.070
0.074
0.059
0.054
0.070
0.070
0.059
0.070
0.074
0.074
0.074
0.074
0.074
0.074
0.074
0.074
0.074
0.067
0.074
0.059
0.070
0.059
0.074
-1.349
-1.181
-1.184
-1.181
-1.184
-1.184
0.074
0.074
0.074
0.074
0.074
0.067
0.070
0.074
0.070
0.074
0.074
0.074
0.070
0.072
0.070
0.074
0.070
0.074
0.070
0.074
0.074
0.074
0.070
0.067
0.059
0.059
0.074
-1.181
-1.184
-1.367
-1.420
-1.184
-1.414
-1.986
-1.408
-1.184
0.073
0.074
0.073
0.070
0.070
0.054
0.059
0.069
0.055
0.070
0.070
0.054
0.059
0.074
0.070
0.074
0.059
0.071
0.074
0.074
0.074
0.074
0.074
0.070
0.056
0.074
0.073
0.074
0.074
0.074
0.074
0.074
0.074
0.074
0.074
0.072
0.074
0.073
0.070
0.074
0.074
0.067
0.074
0.074
0.057
0.074
0.074
0.073
0.074
0.074
0.074
0.074
0.074
0.074
0.074
0.074
0.074
0.074
0.074
0.074
0.074
0.074
0.064
0.074
0.074
0.074
0.074
0.074
0.074
0.074
0.074
0.073
0.074
0.074
0.074
0.074
0.074
-1.548
0.074
0.074
0.074
0.070
0.074
0.067
0.074
0.074
0.067
0.074
0.074
0.056
0.073
0.074
0.074
0.074
0.074
0.070
-1.135
-1.136
-1.133
0.074
0.074
0.070
0.074
0.074
0.070
0.059
-2.121
0.074
0.074
0.074
0.070
0.074
0.074
0.074
0.070
0.074
0.072
0.074
0.074
0.074
0.070
0.073
0.074
0.074
0.074
0.072
0.074
0.074
0.074
0.059
0.074
0.064
0.072
0.070
0.073
0.074
0.059
0.052
0.074
0.074
0.074
-2.148
0.071
0.072
0.074
0.070
0.063
0.074
0.074
0.074
0.070
0.052
0.070
-1.828
-1.520
-1.816
-1.520
-1.520
-3.075
-1.521
-2.742
-1.816
-0.201
-0.200
-0.201
-0.201
-0.201
-0.200
-0.959
-0.949
-0.959
-0.959
-0.959
-0.960
-2.371
-1.520
-1.519
0.074
0.056
0.074
0.074
0.074
0.056
0.059
0.074
0.058
0.074
0.056
0.074
0.059
0.067
0.070
0.059
0.074
0.074
0.073
0.059
-1.862
0.074
0.070
-2.181
0.072
0.055
0.067
0.074
0.074
0.074
0.074
0.074
0.059
0.059
0.059
0.067
0.074
0.074
0.070
-1.192
-1.192
-1.193
-3.390
-1.193
-1.190
0.074
0.072
0.068
0.059
0.074
0.059
0.074
0.063
0.074
0.070
0.059
0.055
0.074
0.067
0.069
0.059
0.070
0.068
0.074
0.057
0.059
0.074
0.074
0.074
0.074
0.074
0.071
0.070
0.070
0.074
0.074
0.067
0.074
0.074
0.074
0.074
0.074
0.074
0.074
0.074
0.074
0.067
0.072
0.074
0.074
0.070
0.072
0.067
0.070
0.074
0.074
0.069
-2.372
-2.360
0.074
0.074
0.070
-2.116
0.072
0.074
0.067
0.067
0.067
-1.582
0.070
0.074
0.074
0.074
0.059
0.000
0.000
0.000
0.000
0.000
0.000
0.000
0.000
0.000
0.000
0.000
0.000
0.000
0.000
0.000
0.000
0.000
0.000
0.074
0.074
0.067
0.074
0.069
0.068
0.074
0.074
0.071
0.067
0.074
0.074
0.059
0.074
0.074
0.072
0.072
0.074
0.059
0.074
0.070
0.070
0.074
0.073
0.074
0.074
0.074
0.074
0.074
0.054
0.074
0.074
0.070
0.070
0.074
0.072
0.074
0.074
0.074
0.074
0.074
0.070
0.074
0.074
0.074
0.074
0.074
0.054
0.074
0.059
0.069
0.074
0.074
0.074
0.074
0.070
0.074
0.074
0.074
0.069
0.074
0.070
0.067
0.055
0.074
0.070
0.074
0.072
0.074
0.074
0.074
0.072
0.074
0.067
0.072
-1.193
-1.193
-1.218
-1.192
-1.192
-1.193
0.074
0.074
0.068
0.074
0.074
0.070
0.074
0.074
0.064
0.074
0.074
0.074
0.074
0.074
0.074
0.074
0.074
0.070
0.074
0.074
0.074
0.074
0.056
0.074
-1.564
0.074
0.070
0.074
0.074
0.074
0.074
0.067
0.074
0.070
0.073
0.074
0.074
0.074
0.070
0.074
0.074
0.070
0.074
0.074
0.074
0.074
0.074
0.074
0.074
0.074
0.074
0.070
0.074
0.074
0.074
0.070
0.074
0.074
0.074
0.074
0.074
0.074
0.074
0.074
0.074
0.072
0.074
0.074
0.074
0.074
0.074
0.056
0.074
0.074
0.074
0.074
0.074
0.074
0.074
0.074
0.070
0.074
0.074
0.070
0.074
0.074
0.070
0.074
0.074
0.074
0.074
0.074
0.073
0.074
0.074
0.073
0.074
0.074
0.074
0.074
0.073
0.074
0.074
0.074
0.074
0.074
0.074
0.073
0.074
0.074
0.070
0.073
0.074
0.070
0.074
0.074
0.074
0.074
0.074
0.067
0.074
0.074
0.070
0.065
0.056
0.074
0.074
0.074
0.074
0.070
0.074
0.074
0.074
0.074
0.074
0.074
0.074
0.074
0.074
0.074
0.074
0.074
0.074
0.073
0.074
0.074
0.074
0.074
0.074
0.074
0.074
0.071
0.074
0.074
0.074
0.074
0.074
0.068
0.067
0.074
0.074
0.059
0.068
0.074
0.074
0.074
0.074
0.074
0.074
0.074
0.074
0.074
0.074
0.074
-1.563
0.074
0.072
0.074
0.074
0.070
0.074
0.074
0.070
0.074
0.074
0.070
0.069
0.074
0.074
0.067
0.074
0.070
0.074
0.074
0.070
0.074
0.070
0.072
0.074
0.074
0.072
0.074
0.074
0.074
0.074
0.074
0.074
0.074
0.074
0.068
0.074
0.074
-3.810
0.074
0.074
0.059
0.074
0.074
0.074
0.071
0.074
0.074
0.074
0.074
0.074
0.074
0.074
0.073
0.074
0.074
0.074
0.074
0.074
0.074
0.074
0.074
0.073
0.074
0.074
0.074
0.074
0.074
0.074
0.074
0.074
0.070
0.074
0.074
0.074
0.074
0.074
0.074
0.074
0.074
0.071
0.074
0.074
0.074
0.074
0.070
0.074
0.072
0.074
0.074
0.074
0.074
0.074
0.074
0.074
0.074
0.074
0.074
0.074
0.074
0.074
0.074
0.074
0.074
0.070
0.074
0.059
0.074
0.074
0.074
0.074
0.073
0.074
0.074
0.074
0.074
0.074
0.074
0.074
0.074
0.074
0.069
0.074
0.074
0.074
0.074
0.074
0.074
0.074
0.074
0.074
0.070
0.074
0.074
0.065
0.074
0.074
0.074
0.074
0.074
0.074
0.074
0.074
0.074
0.074
0.074
0.059
0.074
0.074
0.074
0.074
0.072
0.073
0.074
0.074
0.074
0.074
0.074
0.074
0.074
0.074
0.070
0.074
0.074
0.074
0.074
0.072
-3.052
0.074
0.074
0.074
0.074
0.074
0.074
0.074
0.074
0.070
0.074
0.074
0.074
0.074
0.074
0.074
0.074
0.074
0.070
0.074
0.074
0.074
0.074
0.074
0.074
0.074
0.074
0.073
0.074
0.074
0.067
0.074
0.074
0.074
0.074
0.074
0.072
0.072
0.070
0.070
0.074
0.074
0.070
0.074
0.074
0.067
0.074
0.074
0.074
0.074
0.072
0.074
0.074
0.074
0.074
0.074
0.074
0.074
0.074
0.074
0.074
0.074
0.074
0.074
0.074
0.074
0.074
0.074
0.074
0.074
0.074
0.074
0.074
0.074
0.074
0.074
0.070
0.074
0.074
0.074
0.074
0.074
0.074
0.074
0.074
