fixedStep chrom=ENSGT00390000002110 start=1 step=1
0.083
0.083
0.083
0.083
0.079
0.083
0.083
0.083
0.078
0.081
0.079
0.064
0.079
0.083
-2.962
0.066
0.083
0.083
0.083
0.078
0.075
0.066
0.079
0.083
-1.070
-1.610
-1.074
-1.074
-1.074
-1.070
0.075
0.066
0.079
0.083
0.066
-2.102
0.083
0.066
-1.991
0.083
0.083
0.079
0.083
0.083
0.077
0.079
0.083
0.079
0.083
0.066
0.079
0.083
0.083
0.083
-1.073
-1.074
-2.345
-1.073
-1.931
-1.074
0.079
0.083
0.066
0.083
0.083
0.079
0.079
0.066
-2.111
0.081
0.066
0.079
0.083
0.082
0.079
-1.156
-1.074
-1.356
0.000
0.000
0.000
0.000
0.000
0.000
0.000
0.000
0.000
0.000
0.000
0.000
0.000
0.000
0.000
0.000
0.000
0.000
0.074
0.074
0.074
0.074
0.074
0.074
0.074
0.074
0.074
0.074
0.074
0.067
0.074
0.074
0.065
0.074
0.074
0.069
0.073
0.074
0.069
0.074
0.074
0.074
0.074
0.074
-1.598
0.074
0.074
0.074
0.074
0.074
0.074
0.074
0.074
0.074
0.074
0.074
0.051
0.069
0.074
0.069
0.069
0.074
0.074
0.074
0.074
0.074
0.074
0.074
0.074
0.074
0.074
0.074
0.074
0.074
0.074
0.074
0.074
0.074
0.074
0.074
0.074
0.074
0.074
0.074
0.074
0.074
0.069
0.074
0.074
0.069
0.074
0.074
0.074
0.074
0.074
0.069
0.074
0.074
0.074
0.074
0.074
0.064
0.074
0.074
0.069
0.074
0.074
0.074
0.074
0.074
0.074
0.074
0.074
0.074
0.074
0.074
0.074
0.074
0.074
0.074
0.074
0.074
0.074
0.074
0.074
0.074
0.074
0.074
0.069
0.074
0.074
0.074
0.074
0.074
0.074
0.074
0.074
0.074
0.074
0.074
0.074
0.074
0.074
0.074
0.074
0.074
0.074
0.074
0.074
0.074
0.074
0.074
0.074
0.074
0.074
0.074
0.074
0.074
0.074
0.074
0.074
0.074
0.074
0.074
0.074
0.074
0.074
0.072
0.074
0.074
0.074
0.074
0.074
0.074
0.074
0.074
0.072
0.074
0.074
0.074
0.074
0.074
0.074
0.074
0.074
0.074
0.074
0.074
0.074
0.074
0.074
0.074
0.074
0.074
0.074
0.074
0.074
0.074
0.074
0.083
0.083
0.069
0.074
0.074
0.074
0.074
0.069
0.074
0.074
0.074
0.074
0.074
0.074
0.074
0.074
0.071
0.074
0.074
0.074
0.074
0.074
0.074
0.074
0.074
0.074
0.074
0.074
0.074
0.074
0.074
0.074
0.074
0.074
0.074
0.074
0.074
0.069
0.074
0.074
0.074
0.074
0.074
0.074
0.074
0.074
0.074
0.074
0.068
0.074
0.074
0.074
0.074
0.074
0.074
0.074
0.074
0.074
0.069
0.074
0.074
0.074
0.051
0.074
0.051
0.054
0.074
0.074
0.074
0.074
0.062
0.062
0.062
0.062
0.062
0.062
0.062
0.062
0.062
0.062
0.062
0.062
0.062
0.062
0.062
0.062
0.062
0.062
0.062
0.062
0.062
0.062
0.062
0.062
0.062
0.062
0.062
0.062
0.062
0.062
0.062
0.062
0.062
0.062
0.062
0.062
0.062
0.062
0.062
0.062
0.062
0.062
0.062
0.062
0.062
0.062
0.062
0.062
0.062
0.062
0.062
0.061
0.062
0.062
0.062
0.062
0.062
0.061
0.062
0.062
0.062
0.062
0.062
0.057
0.062
0.062
0.062
0.062
0.062
0.062
0.062
0.062
0.062
0.062
0.062
0.062
0.062
0.062
0.062
0.062
0.083
0.083
0.079
0.065
0.083
0.083
0.083
0.081
0.079
0.065
0.079
0.083
0.083
0.083
0.083
0.083
0.080
0.083
0.083
0.083
0.083
0.083
0.083
0.083
0.083
0.083
0.083
0.083
0.079
0.083
0.083
0.079
0.083
0.083
0.083
0.083
0.083
0.079
0.083
0.083
0.083
0.083
0.083
0.079
0.083
0.083
0.079
0.083
0.083
0.079
0.083
0.083
0.083
0.083
0.083
0.083
0.083
0.083
0.079
0.075
0.083
0.083
0.083
0.083
0.079
0.083
0.083
0.083
0.083
0.083
0.083
0.083
0.083
0.083
0.083
0.083
0.083
0.083
0.081
0.075
0.083
0.083
0.083
0.083
0.083
0.079
0.083
0.083
0.083
0.083
0.083
0.079
0.083
0.083
0.079
0.083
0.083
0.083
0.083
0.083
0.083
0.083
0.083
0.083
0.081
0.083
0.083
0.083
0.083
0.083
0.083
0.083
0.083
0.083
0.083
0.072
0.083
0.083
0.063
0.083
0.083
0.079
0.083
0.083
0.083
0.083
0.083
0.079
0.083
-1.983
0.083
0.083
0.083
0.083
0.060
0.066
0.079
0.083
0.083
-1.343
0.083
0.083
0.083
0.083
0.083
-1.357
0.083
0.083
0.077
0.083
0.083
0.077
0.083
0.070
0.075
0.079
0.081
0.077
0.083
0.083
0.083
0.063
0.083
0.079
0.083
0.083
0.075
0.083
0.083
0.079
0.079
0.083
0.079
0.083
0.083
0.083
0.072
0.067
0.067
0.072
0.081
0.072
0.072
0.072
0.083
0.081
0.080
0.072
0.079
-1.429
0.081
0.072
0.083
0.072
0.072
0.083
0.083
0.082
0.081
-1.391
0.000
0.000
0.000
0.000
0.000
0.000
0.000
0.000
0.000
0.000
0.000
0.000
0.000
0.000
0.000
0.000
0.000
0.000
0.000
0.000
0.000
0.000
0.000
0.000
0.000
0.000
0.000
0.083
0.083
0.068
0.071
0.072
0.083
0.072
0.083
0.062
0.000
0.000
0.000
0.000
0.000
0.000
0.000
0.000
0.000
0.000
0.000
0.000
0.000
0.000
0.000
0.000
0.000
0.000
0.000
0.000
0.000
0.000
0.000
0.000
0.000
0.000
0.000
0.000
0.000
0.000
0.000
0.000
0.000
0.000
0.000
0.000
