fixedStep chrom=ENSGT00390000002453 start=1 step=1
0.053
0.053
0.053
0.053
0.053
-1.316
0.053
0.053
0.045
0.053
0.053
-1.329
0.053
0.053
-1.328
0.053
0.053
0.053
0.053
0.053
0.045
0.053
0.053
0.053
0.053
0.053
0.053
0.053
0.053
0.053
0.053
0.050
0.052
0.053
-1.325
-1.316
0.053
-1.328
0.053
0.053
0.045
0.053
0.053
0.045
0.053
0.053
0.053
0.053
0.053
0.053
0.053
0.053
0.053
0.053
0.053
0.053
0.053
0.053
0.045
0.053
0.053
0.053
0.053
0.053
0.053
0.053
-1.316
0.053
0.053
0.053
0.053
0.053
0.045
0.053
0.053
0.045
0.053
0.045
0.053
0.053
0.045
0.053
0.053
-1.325
0.053
0.053
0.053
-1.325
0.053
0.053
0.045
0.053
0.053
0.045
0.045
0.052
0.053
0.053
-1.316
0.053
-1.795
-1.328
0.053
0.053
0.053
0.053
0.053
0.053
0.053
0.053
0.053
0.045
0.053
0.053
0.053
-1.329
0.053
0.053
0.053
0.053
0.053
0.053
0.053
-1.328
-1.329
0.045
0.045
0.053
0.053
0.045
0.053
0.053
0.045
0.045
0.053
0.053
-1.328
0.053
0.045
-1.316
0.053
0.053
0.053
0.053
0.053
-1.329
0.045
0.053
0.053
0.053
0.053
0.053
0.053
0.053
0.053
0.045
0.053
0.045
0.053
0.053
0.053
0.053
0.053
0.053
0.053
0.053
0.045
0.053
0.053
0.053
0.053
0.053
0.053
-1.316
0.053
0.053
0.053
0.053
0.053
0.053
0.053
0.053
0.053
0.053
0.053
0.053
0.053
0.053
0.053
0.053
0.053
0.053
0.053
0.053
0.053
0.053
0.053
0.053
0.053
0.053
0.053
0.053
0.053
0.053
0.053
0.053
-1.325
0.053
0.053
0.053
0.053
0.053
0.053
0.053
0.053
0.053
0.053
0.053
0.053
0.053
0.053
0.053
0.053
0.053
0.053
0.053
0.053
0.052
0.053
0.053
0.053
0.053
0.053
0.053
0.053
0.053
0.053
0.053
0.053
0.053
0.053
0.053
0.053
0.053
0.053
0.045
0.053
0.053
0.053
0.053
0.053
0.045
0.053
0.053
0.053
0.053
0.053
0.053
0.053
0.053
0.053
0.053
0.053
0.053
0.053
0.053
0.053
0.053
0.053
0.045
0.053
0.053
0.053
0.053
0.053
0.053
0.053
0.053
0.053
0.053
0.053
0.053
0.053
0.053
0.053
0.053
0.053
0.053
0.053
0.053
0.053
0.053
0.053
0.053
0.053
0.053
0.053
0.053
0.053
0.053
0.053
0.053
-1.325
0.053
0.053
0.053
0.053
0.053
0.053
0.053
0.053
0.053
0.053
0.053
0.053
0.053
0.053
0.053
0.053
0.053
0.053
0.053
0.053
0.053
0.053
0.053
0.053
0.053
0.053
0.053
0.053
0.053
0.053
0.053
0.053
0.053
0.053
0.053
0.053
0.053
0.053
0.053
0.045
0.053
0.053
0.053
0.053
0.053
0.053
0.053
0.053
0.053
0.053
0.053
0.053
0.053
0.053
0.053
0.053
0.053
0.053
0.053
0.053
0.053
0.053
0.053
0.053
0.053
0.053
0.053
0.053
0.053
0.053
0.053
0.053
0.053
0.045
0.053
0.053
0.053
0.053
0.053
0.053
0.053
-1.328
0.053
0.053
0.053
0.053
0.053
0.053
0.053
0.053
0.053
0.045
-1.306
0.053
0.053
0.053
0.045
0.053
0.053
0.053
0.053
0.053
0.053
0.053
0.045
0.053
0.053
0.053
0.053
0.053
0.053
0.053
-1.329
0.053
0.053
0.053
0.053
0.045
0.053
0.045
-1.960
0.053
0.053
-0.829
-0.829
-0.829
0.053
0.053
0.053
0.053
0.053
0.053
0.053
0.053
0.053
0.045
0.053
0.053
0.053
0.053
0.053
0.045
0.053
0.045
0.053
0.053
0.053
-1.328
-1.325
0.045
0.053
0.053
0.053
0.053
0.053
0.045
0.053
0.053
0.053
0.000
0.000
0.000
0.000
0.000
0.000
0.000
0.000
0.000
0.000
0.000
0.000
-1.329
0.045
-1.316
0.045
0.053
0.045
0.053
0.053
0.053
0.053
0.053
0.053
0.053
0.045
0.053
0.053
0.053
0.053
0.053
0.053
0.053
0.053
0.053
0.053
0.053
0.053
0.053
0.053
-1.325
0.053
0.053
0.053
0.053
0.053
0.053
0.053
0.053
0.053
-1.329
-1.325
0.053
0.053
0.053
0.053
0.053
0.051
0.045
-1.316
0.053
0.053
0.053
0.053
0.053
0.045
0.045
0.053
0.045
0.053
0.053
0.053
0.053
0.053
-1.325
0.053
0.053
0.053
0.053
0.053
0.053
0.053
0.053
0.053
0.053
0.053
0.053
0.053
0.053
0.053
0.045
0.053
0.053
0.053
-1.007
0.053
0.002
0.053
0.052
0.045
0.053
0.053
0.045
0.053
0.053
0.053
0.045
0.053
0.053
-1.325
0.053
0.053
0.053
0.053
0.053
0.053
0.053
0.053
0.053
-1.316
-1.316
0.053
0.053
0.053
0.053
0.053
0.053
0.053
-1.325
0.053
0.053
0.053
0.053
-1.316
-1.328
0.053
0.053
0.053
0.045
0.053
0.053
0.045
0.053
0.045
0.053
0.053
0.053
0.053
0.053
0.053
0.053
0.052
0.053
0.053
0.053
0.053
0.053
0.053
0.053
0.053
0.053
0.053
0.053
0.053
0.053
0.053
0.053
0.053
0.053
0.053
-1.325
0.053
0.053
-1.329
0.053
0.053
0.053
0.053
0.053
0.053
0.053
0.053
0.045
0.053
0.053
0.053
0.045
0.053
0.053
0.053
0.053
0.053
0.053
0.053
0.045
0.053
0.053
0.045
0.053
0.053
0.053
0.053
0.053
0.053
0.053
0.045
0.053
0.053
0.053
0.053
0.053
0.053
0.053
0.053
0.053
0.053
0.053
0.053
0.053
0.053
0.053
0.053
0.053
0.053
-1.328
0.053
0.053
0.053
-1.316
0.053
-1.325
0.053
-1.325
0.053
0.053
0.053
0.053
0.053
0.053
0.051
0.053
0.053
0.053
0.053
0.053
0.053
0.045
0.053
0.052
0.053
-1.329
0.053
0.053
0.045
0.053
0.053
-1.325
0.045
