fixedStep chrom=ENSGT00390000005685 start=1 step=1
0.077
0.077
0.077
0.077
0.077
0.077
0.077
0.069
-0.864
0.077
0.077
0.077
0.077
0.077
0.077
0.077
0.077
0.077
0.077
0.077
0.077
0.077
-1.777
0.064
0.064
0.069
0.077
0.077
0.077
0.077
0.077
0.077
0.077
0.077
0.077
0.077
0.077
0.077
0.075
0.077
0.077
0.077
0.077
0.077
0.077
0.077
0.077
0.073
0.077
0.077
0.077
0.077
0.077
0.077
0.077
0.077
0.077
0.077
0.077
0.077
0.069
0.077
0.077
0.077
0.077
0.077
0.064
0.058
0.074
0.077
0.074
0.077
0.077
0.077
0.069
0.077
0.077
0.066
0.074
0.073
0.077
-1.186
-1.186
-1.181
0.077
0.076
0.074
0.077
0.077
0.077
0.077
0.069
0.073
0.077
0.077
0.077
0.077
0.077
0.074
0.077
0.077
-0.866
0.074
0.069
0.077
0.077
0.077
0.077
0.077
0.077
0.077
0.077
0.077
-1.598
0.077
0.077
0.077
0.070
0.062
-0.862
0.077
0.077
0.077
0.062
0.069
0.077
0.077
0.077
0.073
0.077
0.077
0.077
0.073
0.076
0.077
0.077
0.077
0.077
-1.601
0.077
0.077
0.077
0.071
0.063
0.071
0.070
0.071
-1.023
0.062
0.071
0.062
0.071
0.071
0.071
0.077
0.077
0.077
0.077
0.077
0.077
0.077
0.077
0.077
0.074
-2.247
-1.261
-1.261
-1.261
-0.843
0.077
0.077
-0.862
-0.866
-0.866
-0.866
0.077
0.077
0.077
0.062
0.077
0.077
0.077
0.073
-1.762
-1.262
-1.262
0.073
0.077
-2.659
0.077
0.077
0.073
0.062
0.077
0.077
0.077
0.077
0.077
0.077
0.077
0.073
0.064
-0.864
0.074
0.065
0.077
0.077
0.076
0.077
-0.843
0.077
0.077
0.077
0.077
0.077
0.077
0.077
0.062
0.077
0.069
0.077
0.077
-1.501
-1.257
-1.257
0.077
0.077
-0.843
0.077
0.077
0.077
0.073
0.077
0.077
-1.792
0.077
0.077
0.077
0.077
0.077
0.064
0.077
0.069
0.077
0.069
0.077
0.077
0.077
0.068
0.077
0.077
0.073
-0.866
-2.227
0.069
0.077
0.074
0.075
0.077
0.077
0.069
0.077
0.077
0.077
0.077
0.077
0.077
0.074
-0.843
0.077
-0.301
-0.525
-0.301
-0.301
-0.300
-0.300
-0.301
-0.300
-0.300
-0.301
-0.300
-0.301
-0.301
-0.300
-0.300
-0.301
-0.301
-0.384
-0.301
-0.301
-0.301
-0.301
-0.300
-0.301
-0.301
-0.301
0.000
