fixedStep chrom=ENSGT00730000111274 start=1 step=1
0.000
0.000
0.000
-2.572
-1.905
-3.176
-1.909
-1.348
-3.200
-1.363
-1.166
-2.828
0.061
0.072
0.056
0.054
0.070
0.063
0.067
0.072
0.057
0.068
-3.427
0.065
0.072
0.068
0.068
0.055
0.068
0.068
0.068
0.068
0.053
0.067
0.068
0.063
0.068
0.068
0.068
0.068
0.068
0.068
0.068
0.068
0.068
0.065
0.068
0.068
0.068
0.068
0.068
0.064
0.068
0.068
0.068
0.068
0.068
0.068
0.067
0.064
-0.927
0.049
0.068
0.064
-2.319
0.068
0.068
0.068
-0.905
0.065
0.049
0.065
0.068
0.068
0.068
0.068
0.058
0.063
0.068
0.068
0.068
0.068
0.068
0.064
0.068
0.068
0.068
0.068
0.068
0.068
0.068
0.068
0.068
0.068
0.068
0.063
0.064
0.068
0.063
0.049
-2.435
0.068
0.068
0.068
0.061
0.061
0.049
0.068
0.068
0.068
0.068
0.068
0.068
0.068
0.068
0.068
0.068
0.068
0.064
0.066
-0.927
-0.925
0.068
0.068
0.068
-1.940
0.068
0.068
0.068
0.063
0.063
0.068
0.066
0.068
0.049
0.068
0.068
0.068
0.068
0.068
0.068
0.049
0.068
0.068
0.068
0.068
0.068
0.068
0.068
0.065
0.065
0.066
0.064
0.068
0.068
0.064
0.068
0.068
-0.925
0.068
0.072
0.072
0.072
0.072
0.072
0.072
0.072
0.072
0.064
0.072
0.072
0.063
0.070
0.072
0.072
0.072
0.069
0.072
0.072
0.072
0.072
0.071
0.072
0.072
0.067
0.072
0.072
0.072
0.072
0.071
0.072
0.072
0.072
0.072
0.056
0.071
0.072
0.072
0.072
0.072
0.071
0.069
0.072
0.069
0.056
0.056
0.072
0.071
0.064
0.072
0.072
0.072
0.072
0.072
0.070
0.072
0.071
0.059
0.068
0.072
0.072
0.056
0.072
0.072
0.072
0.072
0.072
0.072
0.072
0.072
0.072
0.072
0.072
0.072
0.068
0.072
0.070
0.072
0.054
0.070
0.068
0.072
0.055
0.072
0.072
0.072
0.072
0.072
0.072
0.072
0.072
0.072
0.064
0.072
0.071
0.072
0.072
0.072
0.072
0.072
0.072
0.071
0.071
0.072
0.072
0.072
0.070
0.065
0.072
0.072
0.069
0.063
0.069
0.072
0.072
0.072
0.072
0.072
0.072
0.072
0.072
0.072
0.072
0.072
0.072
0.072
0.068
0.072
0.071
0.072
0.055
0.072
0.072
0.072
0.072
0.072
0.069
0.072
0.072
0.069
0.071
0.068
0.072
0.072
0.072
0.071
0.071
0.072
0.072
0.072
0.072
0.072
0.070
0.070
0.072
0.072
0.072
0.072
0.072
0.072
0.072
0.072
0.072
0.068
0.071
0.072
0.068
0.061
0.071
0.069
0.072
0.072
0.072
0.068
0.068
0.072
0.065
0.056
0.069
0.072
0.072
0.070
0.072
0.072
0.072
0.072
0.067
0.072
0.070
0.072
0.072
0.072
0.065
0.072
0.072
-2.148
0.072
0.056
0.055
0.066
0.072
0.056
0.072
0.072
0.072
0.070
0.072
0.072
0.064
0.072
0.072
0.071
0.072
0.070
0.072
0.072
0.072
0.072
0.069
0.072
0.056
0.066
0.072
0.072
0.069
0.069
0.066
0.072
0.072
0.072
0.072
0.072
0.072
0.072
0.072
0.072
0.072
0.072
0.072
0.072
0.072
0.072
0.072
0.072
0.072
0.072
0.069
0.072
0.068
0.072
0.072
0.072
0.069
0.071
0.072
0.072
0.072
0.072
0.072
0.070
0.072
0.071
0.069
0.072
0.072
0.069
0.072
0.072
0.072
0.072
0.072
0.055
0.072
0.072
0.072
0.072
0.072
0.072
0.072
0.072
0.072
0.072
0.072
0.072
0.072
0.072
0.072
0.072
0.072
0.072
0.071
0.072
0.072
0.072
0.072
0.069
0.072
0.072
0.072
0.072
0.072
0.072
0.072
0.072
0.072
0.072
0.072
0.070
0.072
0.072
0.072
0.072
0.072
0.072
0.072
0.072
0.072
0.072
0.072
0.055
0.072
0.072
0.072
0.068
0.072
0.072
0.072
0.072
0.072
0.072
0.072
0.072
0.072
0.072
0.072
0.072
0.072
0.069
0.072
0.069
0.065
0.072
0.072
0.072
0.072
0.072
0.072
0.072
0.072
0.068
0.072
0.072
0.072
0.072
0.072
0.072
0.072
0.072
0.072
0.072
0.072
0.072
0.072
0.072
0.072
0.072
0.072
0.072
0.072
0.072
0.072
0.072
0.072
0.072
0.055
0.069
0.071
0.072
0.072
0.072
0.072
0.072
0.072
0.072
0.072
0.072
0.072
0.072
0.072
0.072
0.072
0.072
0.072
0.072
0.072
0.072
0.072
0.072
0.072
0.072
0.072
0.072
0.072
0.072
0.072
0.072
0.055
0.072
0.072
0.072
0.072
0.072
0.072
0.072
0.072
0.069
0.064
0.072
0.072
0.072
0.055
0.070
0.072
0.072
0.068
0.072
0.072
0.072
0.072
0.072
0.072
0.072
0.072
0.068
0.072
0.072
0.072
0.072
0.072
0.072
0.072
0.072
0.072
0.072
0.072
0.072
0.072
0.072
0.068
0.072
0.072
0.072
0.072
0.072
0.055
0.072
0.072
0.072
0.072
0.072
0.072
0.070
0.072
0.072
0.072
0.072
0.072
0.071
0.072
0.072
0.072
0.072
0.072
0.072
0.072
0.072
0.060
0.072
0.072
0.072
0.072
0.072
0.071
0.067
0.051
0.072
0.072
0.072
0.070
0.072
0.069
0.072
0.072
0.072
0.072
0.072
0.072
0.072
0.072
0.072
0.072
0.072
0.068
0.072
0.072
0.072
0.072
0.070
0.072
0.072
0.072
0.072
0.072
0.072
0.070
0.072
0.071
0.072
0.072
0.072
0.072
0.072
0.072
0.072
0.072
0.071
0.072
0.072
0.072
0.072
0.072
0.072
0.072
0.072
0.072
0.072
0.072
0.072
0.072
0.072
0.072
0.072
0.072
0.072
0.072
0.072
0.072
0.072
0.072
0.051
0.072
0.072
0.072
0.072
0.072
0.072
0.067
0.072
0.064
0.072
0.072
0.072
0.072
0.072
0.072
0.072
0.072
0.072
0.072
0.072
0.072
0.064
0.072
0.072
0.072
0.072
0.072
0.072
0.072
0.063
0.072
0.072
0.070
-2.709
0.072
0.072
0.072
0.072
0.069
0.056
0.068
0.072
0.072
0.072
0.072
0.072
0.072
0.072
0.068
0.072
0.072
0.072
0.072
0.072
0.072
0.072
0.072
0.072
0.072
0.072
0.072
0.072
-2.163
0.071
0.072
0.072
0.072
0.056
0.072
0.067
0.068
0.072
-2.403
0.070
0.072
0.072
0.072
0.072
0.072
0.072
0.072
0.072
0.072
0.072
0.072
0.072
0.069
0.072
0.072
0.072
0.072
0.072
0.072
0.072
0.072
0.072
0.063
0.072
0.072
0.071
0.072
0.072
0.070
0.072
0.070
0.072
0.072
0.053
0.072
0.072
0.072
0.072
0.072
0.072
0.072
0.072
0.072
0.072
0.072
0.072
0.072
0.072
0.072
0.055
0.072
0.072
0.067
0.072
0.072
0.072
0.072
0.072
0.064
0.072
0.071
0.069
0.072
0.071
0.072
0.072
0.072
0.065
0.072
0.072
0.072
0.072
0.072
0.056
0.053
0.068
0.072
0.072
0.072
0.072
0.072
0.072
0.072
0.072
0.069
0.069
0.072
0.072
0.071
0.072
0.072
0.069
0.072
0.067
0.072
0.072
0.072
0.070
0.072
0.072
0.072
0.070
0.056
0.072
0.072
0.072
0.072
0.055
0.056
0.072
0.072
0.063
0.072
0.072
0.072
0.070
0.072
0.072
0.071
0.072
0.072
0.072
0.072
0.072
0.072
0.072
0.072
0.072
0.072
0.072
0.072
0.072
0.072
0.072
0.072
0.072
0.072
0.072
0.072
0.072
0.072
0.072
0.072
0.072
0.072
0.071
0.072
0.072
0.072
0.072
0.072
0.072
0.072
0.072
0.072
0.072
0.072
0.072
0.072
0.072
0.068
0.072
0.072
0.072
0.072
0.072
0.072
0.072
0.072
0.072
0.064
0.072
0.069
0.072
0.072
0.072
0.070
0.072
0.052
-2.210
0.072
0.072
0.072
0.072
0.072
0.051
0.072
0.069
0.072
0.072
0.069
0.069
0.072
0.072
0.072
0.072
0.072
0.071
0.068
0.072
0.072
0.072
0.066
0.072
0.072
0.072
0.070
0.072
0.072
0.072
0.055
0.055
0.071
0.066
0.069
0.072
0.072
0.072
0.072
0.072
0.072
0.072
0.072
0.072
0.071
0.056
0.069
0.072
0.071
0.070
0.071
0.068
0.068
0.072
0.072
0.072
0.072
0.072
0.064
0.072
0.072
0.071
0.072
0.072
0.072
0.072
0.072
0.056
0.072
0.072
0.072
0.072
0.069
0.067
0.072
0.072
0.072
0.072
0.072
0.068
0.072
0.072
0.072
0.072
0.072
0.055
0.072
0.072
0.072
0.072
0.072
0.055
0.072
0.072
0.072
0.072
0.072
0.072
0.072
0.072
0.072
0.072
0.072
0.063
0.071
0.071
0.072
0.072
0.072
0.072
0.072
0.072
0.072
0.072
0.072
0.072
0.068
0.072
0.072
0.072
0.072
0.072
0.072
0.070
0.072
0.072
0.072
0.072
0.072
0.072
0.068
0.070
0.072
0.072
0.072
0.072
0.072
0.072
0.072
0.070
0.072
0.072
0.072
0.069
0.069
0.072
0.071
0.072
0.069
0.071
0.072
0.071
0.069
0.069
0.068
0.071
0.069
0.062
0.072
0.072
0.072
0.072
0.072
0.071
0.072
0.068
0.072
0.072
0.070
0.070
0.072
0.072
0.068
0.072
0.072
0.069
0.072
-2.503
0.072
0.066
0.072
0.072
0.071
0.072
0.072
0.072
0.072
0.072
0.072
0.072
-2.543
0.072
0.072
0.056
0.056
0.072
0.072
0.072
0.071
0.071
0.056
0.063
0.072
0.072
0.072
0.055
0.071
0.072
0.056
0.072
0.064
0.072
0.072
0.072
0.072
0.068
0.069
0.068
0.072
0.072
0.051
