fixedStep chrom=ENSGT00390000000592 start=1 step=1
0.045
0.045
0.045
0.045
0.045
0.045
0.045
0.045
0.045
0.045
0.045
0.045
0.042
0.045
0.045
0.045
0.045
0.045
0.045
0.045
0.045
0.045
0.045
0.045
0.045
0.045
0.045
0.045
0.045
0.045
0.045
0.045
0.045
0.045
0.045
0.032
0.045
0.045
0.045
0.042
0.045
0.045
0.042
0.045
0.045
0.045
0.045
0.044
0.045
0.045
0.045
0.045
0.045
0.045
0.045
0.042
0.045
0.045
0.045
0.045
0.045
0.045
0.045
0.045
0.045
0.045
0.045
0.045
0.045
0.045
0.045
0.045
0.045
0.045
0.045
0.032
0.045
0.045
0.042
0.045
0.045
0.045
0.045
0.045
0.045
0.045
0.045
0.045
0.045
0.045
0.045
0.045
0.045
0.045
0.045
0.045
0.045
0.045
0.045
0.045
0.045
0.045
0.045
0.045
0.045
0.045
0.045
0.045
0.045
0.045
0.045
0.045
0.045
0.045
0.045
0.045
0.045
0.045
0.045
0.045
0.045
0.045
0.045
0.045
0.045
0.045
0.045
0.045
0.045
0.045
0.045
0.045
0.045
0.045
0.045
0.045
0.045
0.045
0.045
0.045
0.045
0.045
0.045
0.045
0.045
0.045
0.045
0.045
0.045
0.045
0.045
0.045
0.045
0.045
-1.318
0.042
0.045
0.045
0.045
0.045
0.045
0.045
0.042
0.045
0.045
0.045
0.043
0.042
0.045
0.045
0.045
0.045
0.045
0.045
0.045
0.045
0.045
0.045
0.045
0.045
0.045
0.045
0.045
0.045
0.045
0.045
0.045
0.045
0.045
0.045
0.045
0.042
0.045
0.045
0.042
0.045
0.045
0.045
0.045
0.045
0.043
0.045
0.045
0.042
0.045
0.045
0.045
0.045
0.045
0.045
0.045
0.045
0.045
0.045
0.045
0.045
0.045
0.045
0.042
0.045
0.045
0.045
0.045
0.045
0.045
0.045
0.045
0.045
0.045
0.045
0.045
0.045
0.045
0.043
0.045
0.045
0.045
0.045
0.045
0.045
0.045
0.045
0.045
0.045
0.045
0.045
0.045
0.045
0.045
0.045
0.045
0.045
0.045
0.045
0.042
0.045
0.045
0.042
0.045
0.045
0.043
0.045
0.045
0.045
0.045
0.045
0.042
0.045
0.045
0.042
0.045
0.045
0.045
0.045
0.045
0.045
0.045
0.045
0.041
0.044
0.045
-2.384
0.045
0.045
0.035
0.045
0.045
0.045
0.043
0.045
0.045
0.045
0.045
0.045
0.045
0.045
0.045
0.045
0.045
0.032
0.045
0.045
0.044
0.045
0.045
-1.288
-1.288
0.045
0.042
0.045
0.045
0.045
0.045
0.045
0.045
0.045
0.045
0.042
0.045
0.045
0.045
0.045
0.045
0.045
0.045
0.045
0.045
0.045
0.045
0.045
0.045
0.045
0.042
0.045
0.045
0.045
0.045
0.045
0.045
0.045
0.045
0.045
0.045
0.045
0.045
0.045
0.045
0.045
0.045
0.045
0.045
0.045
0.045
0.045
0.045
0.045
0.045
0.045
0.045
0.045
0.045
0.045
0.045
0.045
0.045
0.045
0.045
0.045
-1.288
0.045
0.045
0.045
0.045
0.045
0.045
0.045
0.045
0.045
0.045
0.045
0.045
0.045
0.045
0.042
0.045
0.045
0.032
0.045
0.045
-1.330
0.045
0.045
0.045
0.045
0.045
0.045
0.045
0.045
0.045
0.045
0.045
0.043
0.045
0.045
0.042
0.045
0.045
0.045
0.045
0.045
0.043
0.045
0.045
-1.330
0.045
0.045
0.045
0.045
0.045
0.043
0.045
0.045
0.045
0.045
0.045
0.045
0.045
0.045
0.045
0.045
0.045
0.045
0.045
0.045
-1.289
0.045
0.044
0.045
0.045
0.045
0.045
0.045
0.045
0.045
0.045
0.045
0.045
0.045
0.045
0.045
0.045
0.045
0.045
0.045
0.045
0.045
