fixedStep chrom=ENSGT00730000111483 start=1 step=1
-1.096
-1.094
-1.096
-1.096
-1.096
-1.411
-1.096
-1.096
-1.094
-1.094
-1.096
-1.325
-1.096
-1.094
-1.096
-1.096
-1.094
-1.096
-2.033
-1.096
-1.096
-1.096
-1.108
-1.096
-1.096
-1.094
-1.096
0.067
0.067
0.056
0.056
0.055
0.055
0.055
0.056
0.045
0.055
0.055
0.055
0.055
0.055
0.055
0.055
0.055
0.056
0.055
0.055
0.055
0.055
0.055
0.055
0.055
0.055
0.055
0.055
0.055
0.055
0.055
0.053
0.053
0.055
0.055
0.053
0.045
0.055
0.055
0.055
0.055
0.055
0.055
0.055
0.055
0.055
0.055
0.056
0.055
0.055
0.055
0.055
0.055
0.055
0.055
0.045
0.055
0.055
0.055
0.055
0.053
0.055
0.067
0.059
0.067
0.067
0.067
0.067
0.067
0.063
0.067
0.067
0.067
0.067
0.067
0.065
0.061
0.065
0.067
0.067
0.047
0.067
0.067
0.067
0.067
0.067
0.067
0.067
0.067
0.047
0.047
0.063
0.066
0.067
0.067
0.067
0.063
0.063
0.067
0.067
0.067
0.067
0.067
0.067
0.067
0.067
0.067
0.067
0.067
0.067
0.067
0.067
0.063
0.067
-0.945
0.067
0.063
-0.948
-0.942
0.067
-0.252
-0.252
-0.252
-0.947
0.067
-1.741
0.067
0.067
-0.942
-0.922
0.067
0.058
-0.942
-0.945
0.067
0.063
0.058
-0.922
-0.942
-0.942
-0.922
0.063
-0.942
0.067
0.067
0.067
0.067
0.067
0.047
0.063
0.067
0.067
0.067
0.067
0.067
0.067
0.067
0.067
0.067
0.067
0.067
0.067
0.067
0.067
0.063
0.067
0.067
0.067
0.067
0.067
0.067
0.067
0.067
0.067
0.067
0.067
0.067
0.067
0.067
0.067
0.067
0.067
0.067
0.067
0.067
0.066
0.067
0.067
0.067
0.067
0.067
0.067
0.067
0.067
0.067
0.063
0.067
0.067
0.059
0.067
0.067
0.067
0.067
0.067
0.067
0.067
0.067
0.066
0.067
0.067
0.067
0.067
0.066
0.063
0.067
0.061
0.067
0.067
0.067
0.067
0.067
0.067
0.067
0.063
0.067
0.067
0.067
0.067
0.067
0.067
0.063
0.067
0.067
0.067
0.063
0.067
0.067
0.067
0.067
0.063
0.067
0.067
0.067
0.067
0.067
0.067
0.067
0.067
0.067
0.067
0.067
0.067
0.067
0.067
0.067
0.067
0.067
0.067
0.047
0.063
0.067
0.067
0.067
0.067
0.067
0.067
0.067
0.067
0.065
0.067
0.065
0.067
0.067
0.067
0.067
0.067
-2.314
0.067
0.063
0.067
0.067
0.067
0.067
0.061
0.067
0.067
0.067
0.067
0.067
0.067
0.067
0.063
0.067
0.067
0.067
0.067
0.063
0.067
0.067
0.047
0.067
0.067
0.067
0.067
0.067
0.067
0.067
0.067
0.067
0.067
0.067
0.067
0.067
0.067
0.067
0.067
0.066
0.067
0.067
0.067
0.062
0.067
0.067
0.067
0.067
0.067
0.067
0.067
-2.011
0.063
0.067
0.067
0.067
0.067
0.067
0.067
0.063
-3.215
0.067
0.067
0.067
0.063
0.067
-3.251
0.067
0.067
0.067
0.067
0.067
0.067
0.047
0.067
0.067
0.067
0.059
0.067
0.067
0.067
0.067
0.063
0.067
0.067
0.063
0.067
0.067
0.067
0.047
0.067
0.067
0.067
0.067
0.067
0.067
0.067
0.067
0.067
0.067
0.067
0.067
0.067
0.067
