fixedStep chrom=ENSGT00390000000860 start=1 step=1
0.000
0.000
0.000
0.000
0.000
0.000
0.000
0.000
0.000
0.000
0.000
0.000
0.000
0.000
0.000
0.000
0.000
0.000
0.000
0.000
0.000
0.000
0.000
0.000
0.000
0.000
0.000
0.000
0.000
0.000
0.000
0.000
0.000
0.000
0.000
-1.915
-2.805
0.150
0.165
-0.243
-0.774
-0.797
0.132
-1.296
-0.853
0.218
0.211
0.211
0.221
0.221
0.221
0.147
-0.718
0.162
-0.659
-1.864
-0.325
0.168
-1.291
-0.690
-0.133
-0.183
0.148
0.169
0.169
0.163
0.148
-0.855
0.169
0.148
-0.335
0.163
-0.852
-0.848
0.153
-1.227
-1.681
-1.096
-0.704
-0.726
0.000
0.000
0.000
0.000
0.000
0.000
0.000
0.000
0.000
0.000
0.000
0.000
0.000
0.000
0.000
0.000
0.000
0.000
0.000
0.000
0.000
0.000
0.000
0.000
0.000
0.000
0.000
0.000
0.000
0.000
0.000
0.000
0.000
0.125
0.148
-0.338
0.141
0.221
0.211
0.221
0.068
0.077
0.067
0.166
0.156
0.157
-0.338
-1.811
-2.389
0.152
-0.133
-0.338
0.146
0.169
0.147
-0.133
0.157
0.169
0.157
-0.339
-0.467
-0.806
0.169
-1.060
-0.131
-0.678
0.133
0.162
0.162
-0.339
-0.926
-0.698
-0.925
-0.740
-0.925
-0.724
-0.767
-0.926
-0.740
-0.698
-0.925
-1.150
0.167
0.169
0.164
-1.259
-0.803
0.146
0.146
0.147
0.162
-3.457
-3.457
-3.342
-5.175
-3.035
-3.894
-3.768
-4.257
-6.335
-3.353
-3.013
-4.757
-4.250
-4.254
-4.379
-3.807
-3.822
-2.917
0.000
0.000
0.000
0.000
0.000
0.000
0.000
0.000
0.000
0.000
-3.331
-3.346
-3.978
-2.894
-3.870
-3.435
-3.870
-3.741
-3.783
-3.286
-3.986
-3.331
-3.883
-4.550
-3.355
-3.426
-3.353
-3.618
-3.618
-3.626
-2.894
-2.849
-3.822
-0.133
0.168
0.167
0.168
0.168
0.167
0.169
0.168
-0.133
0.169
0.167
0.167
0.167
0.168
-0.159
0.168
0.170
0.167
0.167
0.169
0.169
-0.133
0.156
0.167
0.156
-0.133
-0.133
0.167
-0.130
0.156
0.157
0.157
-0.133
0.169
-0.131
0.167
0.168
0.156
0.156
0.168
0.168
-0.485
0.167
0.167
0.169
0.168
-0.130
-0.133
-2.639
-2.637
-2.640
-1.115
-1.117
-1.115
0.167
0.167
-0.766
0.156
-0.133
0.164
0.157
0.169
-0.131
0.221
0.221
0.221
-0.133
-0.133
-0.133
-0.133
0.168
-0.133
0.169
0.156
-0.673
0.169
0.169
-0.772
0.156
0.168
0.000
0.000
0.000
0.000
0.000
0.000
0.000
0.000
0.000
0.000
0.000
0.000
0.000
0.000
0.000
0.000
0.000
0.169
-0.133
-0.133
0.167
0.157
0.168
-0.133
0.156
0.168
0.167
0.167
0.147
0.157
0.136
0.163
0.170
-1.549
0.136
-0.850
-0.149
0.153
0.137
0.157
0.168
0.149
0.157
0.149
0.163
0.136
0.148
0.163
0.169
0.170
0.149
0.157
-0.846
0.150
0.155
-0.131
0.169
-1.388
0.169
0.152
0.152
0.152
0.156
0.164
0.164
0.149
0.148
0.149
0.143
0.137
0.169
0.169
-0.441
0.163
0.163
0.152
0.163
0.168
0.136
0.149
0.168
-0.849
-0.101
-0.101
-0.101
0.164
0.170
0.148
0.148
0.166
0.136
-0.834
0.169
0.164
0.169
0.170
0.156
0.148
0.149
0.169
-0.833
0.169
-1.756
0.163
0.149
0.150
0.000
0.000
0.000
0.000
0.000
0.000
0.000
0.000
0.000
0.167
0.168
0.170
0.167
0.156
-0.131
0.167
0.168
-0.251
0.157
0.170
-0.131
0.167
0.168
-0.158
0.221
0.221
0.221
0.170
0.169
0.168
0.168
0.167
0.168
0.170
0.168
0.168
0.170
0.169
0.169
0.221
0.221
0.221
0.170
0.169
0.154
0.167
0.167
-0.133
0.170
0.168
0.157
0.170
0.169
0.147
0.170
0.169
0.170
0.167
0.169
-0.130
0.167
0.168
0.167
0.255
0.255
0.255
-3.165
-3.152
-2.089
0.156
0.170
-0.133
0.168
0.168
0.169
0.169
0.168
0.156
0.167
0.168
0.170
-0.131
0.170
0.166
0.168
0.156
0.169
-0.133
-0.131
-0.133
0.169
0.168
0.167
0.169
0.170
0.167
0.169
0.170
-0.566
-0.133
0.168
0.167
0.167
0.168
0.156
0.167
0.167
-0.133
0.221
0.221
0.220
0.078
0.078
0.078
0.169
0.156
-0.133
0.156
0.170
0.156
0.167
0.168
0.170
0.167
0.168
0.167
0.168
0.170
0.157
0.169
0.169
-0.133
0.167
0.168
0.157
0.167
0.168
0.162
0.167
0.168
0.166
0.167
0.168
0.169
0.157
0.170
0.162
0.167
0.168
0.169
0.169
0.170
0.169
0.168
0.170
0.162
0.169
0.169
0.166
0.169
0.169
0.157
0.168
0.168
0.167
0.078
0.078
0.076
-0.201
0.157
-0.335
0.167
0.157
-0.188
-0.129
-0.133
0.157
0.157
0.169
-0.133
0.166
0.169
-3.079
0.170
0.167
0.168
-0.129
0.157
-0.250
0.170
0.167
0.169
0.170
0.167
0.169
0.157
0.156
0.167
-0.130
-0.133
0.169
0.000
0.000
0.000
0.000
0.000
0.000
0.000
0.000
0.000
0.000
0.000
0.169
0.170
0.169
0.157
-0.129
0.169
0.162
-0.130
0.169
0.169
0.170
0.167
0.157
-0.133
-0.133
0.169
-0.133
0.170
0.157
0.169
0.168
0.167
