fixedStep chrom=ENSGT00390000012178 start=1 step=1
0.000
0.000
0.000
0.106
0.106
0.106
0.106
0.106
0.106
0.105
0.105
0.104
0.105
0.106
0.106
0.106
0.105
0.106
0.106
0.100
0.105
0.106
0.106
0.098
0.106
0.106
0.099
0.106
0.106
0.105
0.084
0.105
0.097
-1.440
0.106
0.106
0.106
0.106
0.106
-1.659
-1.101
-1.255
0.100
0.106
0.106
0.106
0.101
0.084
0.100
0.104
0.106
0.106
0.106
0.106
0.106
0.103
0.106
0.106
0.106
0.106
0.106
0.075
-1.574
0.106
0.106
0.106
0.106
0.106
0.106
0.106
0.106
0.098
0.093
0.100
0.105
0.084
0.106
0.106
0.101
0.100
0.099
-0.951
0.077
0.100
0.106
0.106
0.106
0.101
0.098
0.089
0.077
0.106
0.106
0.106
0.084
-0.935
0.106
0.106
0.106
0.106
0.106
0.106
0.106
0.106
0.106
0.106
0.106
0.098
0.106
0.106
0.106
0.106
0.106
0.105
0.106
0.106
0.084
0.106
0.106
0.104
0.106
0.105
0.106
0.105
0.106
0.100
0.099
0.106
0.101
0.106
0.106
0.100
0.104
0.096
0.106
0.106
0.106
0.094
0.098
0.101
0.103
0.099
0.106
0.106
0.106
0.106
0.106
0.106
0.106
0.106
0.100
0.106
0.106
0.094
0.101
0.106
0.098
0.100
0.105
0.106
0.106
0.106
0.100
0.100
0.100
0.106
0.077
0.106
0.100
0.099
0.081
0.098
0.100
0.072
0.106
0.106
0.086
0.106
0.106
0.100
0.106
0.106
0.105
0.106
0.106
0.106
0.106
0.106
0.106
0.096
0.106
0.106
0.106
0.106
0.106
0.106
0.106
0.106
0.106
0.101
0.100
0.106
0.106
0.106
0.106
0.106
0.106
0.106
0.106
0.084
0.106
0.106
0.106
0.106
0.106
0.106
0.106
0.106
0.075
0.106
0.106
0.106
0.106
0.106
0.084
0.106
0.106
0.099
0.106
0.106
0.098
0.106
0.106
0.106
0.106
0.100
0.106
-3.273
0.101
0.089
-1.309
-0.850
-0.851
0.000
0.000
0.000
