fixedStep chrom=ENSGT00550000076294 start=1 step=1
0.049
0.049
0.049
-1.279
0.049
0.049
0.049
0.049
0.049
0.049
0.049
0.049
0.049
0.049
0.049
0.049
0.049
0.049
0.049
0.049
0.049
0.049
0.049
0.049
0.049
0.049
0.048
0.049
0.049
0.049
0.049
0.049
0.049
0.049
0.049
0.049
0.049
0.049
0.049
0.049
0.049
0.049
0.049
0.049
0.049
0.049
0.049
0.049
0.049
0.049
0.049
0.043
0.049
0.049
0.049
0.049
0.049
0.049
0.049
0.049
0.049
0.048
0.049
0.049
0.048
0.049
0.049
0.049
0.049
0.049
0.049
0.049
0.049
0.049
0.049
0.049
0.049
0.049
0.049
0.049
0.049
0.049
0.048
0.049
0.049
0.049
0.045
-0.657
-0.657
-0.657
0.049
0.045
-1.264
0.049
0.049
0.049
0.045
0.049
0.049
0.049
0.049
0.045
0.049
0.049
0.049
0.049
0.049
-1.271
-1.271
0.049
0.049
0.049
0.049
0.049
0.049
0.049
0.048
0.049
0.049
0.049
0.049
0.049
0.049
0.049
0.049
0.049
0.049
0.049
0.045
0.048
0.049
0.049
0.049
0.049
0.049
0.049
0.045
0.049
0.049
-1.285
0.049
0.049
0.049
0.049
0.049
0.049
0.049
0.049
0.049
0.043
0.049
0.049
0.049
0.045
0.049
0.049
0.049
0.049
0.049
0.049
0.049
0.049
-1.231
-1.231
-1.231
-1.300
-1.300
0.000
0.000
0.000
0.000
0.000
0.000
0.000
0.000
0.000
0.000
0.000
0.000
0.000
0.000
0.000
0.000
0.000
0.000
0.000
0.000
0.000
0.000
0.000
0.000
0.000
0.000
0.000
0.000
0.000
0.000
0.000
0.000
0.000
0.000
0.000
0.000
0.000
0.000
0.000
0.000
0.000
0.000
0.000
0.000
0.000
0.000
0.000
0.000
0.000
0.000
0.000
0.000
0.000
0.000
0.000
0.000
0.000
0.000
0.000
0.000
0.000
0.000
0.000
0.000
0.000
0.000
0.000
0.000
0.000
0.000
0.000
0.000
0.000
0.000
0.000
0.000
0.000
0.000
0.000
0.000
0.000
0.000
0.000
0.000
-1.300
-1.298
-2.087
-1.300
-1.300
-1.300
-1.893
-1.300
-1.500
-2.087
-1.300
-1.298
-2.597
-1.300
-1.912
-1.893
-1.893
-1.300
0.000
