fixedStep chrom=ENSGT00390000014309 start=1 step=1
0.053
0.053
0.053
0.053
0.053
0.045
0.053
0.053
0.053
0.053
0.053
0.053
0.053
0.044
0.053
0.044
0.053
0.048
0.053
0.053
-1.194
0.048
0.053
0.053
0.053
0.051
0.053
0.053
0.053
0.053
0.044
0.053
0.053
0.053
0.053
0.052
0.053
0.051
0.053
0.053
0.053
0.051
0.053
0.053
0.053
0.053
0.053
0.051
0.053
0.053
0.053
0.053
0.053
0.053
0.053
0.053
0.053
0.053
0.052
-1.194
0.053
0.053
0.052
0.053
0.053
0.053
0.053
0.053
0.053
0.053
0.053
0.053
0.053
0.053
0.053
0.053
0.053
0.053
0.051
0.053
0.048
0.053
0.053
0.053
0.053
0.053
0.053
0.053
0.053
0.052
0.053
0.053
0.053
0.053
0.053
0.053
0.053
0.053
0.053
0.053
0.053
0.053
0.053
0.053
0.053
0.053
0.051
0.053
0.053
0.053
0.053
0.053
0.053
0.053
0.053
0.053
0.053
0.053
0.053
0.053
0.053
0.053
0.051
0.053
0.053
0.053
0.053
0.053
0.051
0.053
0.053
0.053
0.053
0.053
0.053
0.053
0.053
0.053
0.053
0.053
0.048
0.053
0.053
0.051
0.053
0.053
0.053
0.053
0.053
0.048
0.048
0.053
0.053
0.053
0.053
0.038
0.053
0.053
0.053
0.053
0.053
0.053
0.053
0.053
0.053
0.053
0.053
0.053
0.048
0.053
0.053
0.053
0.053
0.048
0.053
0.053
0.053
0.048
-1.194
0.051
0.053
0.053
0.053
0.053
0.053
0.053
0.053
0.053
0.053
0.053
0.053
0.053
0.044
0.053
0.053
0.053
0.053
0.053
0.053
0.053
0.053
0.053
0.053
0.053
0.053
0.053
0.053
0.053
0.053
0.048
0.053
0.053
0.053
0.053
0.053
0.052
0.053
0.053
0.053
0.051
0.053
-1.182
0.051
0.053
0.053
0.053
0.053
0.053
0.053
0.053
0.053
0.053
0.053
0.053
0.053
0.053
0.053
0.053
0.053
0.048
0.053
0.053
0.053
0.053
0.053
0.052
0.053
0.053
0.053
0.044
0.053
0.053
0.053
0.053
0.053
0.053
0.052
0.053
0.048
0.053
0.053
0.053
0.053
0.053
0.053
0.053
0.053
0.053
0.053
0.053
0.053
0.053
0.053
0.053
0.053
0.053
0.053
0.053
0.053
-1.194
0.053
0.053
0.053
0.053
0.053
0.053
0.053
0.053
0.053
0.053
0.053
0.053
0.053
0.053
0.048
0.053
0.053
0.053
0.053
0.053
0.053
0.053
0.053
0.053
0.053
0.053
0.053
0.048
-1.194
0.053
0.053
0.053
0.053
0.053
0.053
0.051
0.053
0.053
0.053
0.053
0.053
0.053
0.053
0.053
0.053
0.053
0.053
0.053
0.053
0.053
-1.201
0.053
0.053
0.053
0.053
0.048
0.053
0.053
0.053
0.053
0.053
0.053
0.053
0.053
0.053
0.051
0.053
0.053
0.053
0.053
0.053
0.053
0.053
-1.201
0.053
0.053
-2.754
0.053
0.053
0.053
0.053
0.053
0.053
0.053
0.053
-1.182
0.053
0.053
0.053
0.053
0.053
0.053
0.053
0.053
0.053
0.053
0.053
0.053
0.048
0.053
0.052
0.053
0.053
0.048
0.053
0.053
0.053
-1.184
0.053
0.053
0.053
-1.193
-1.187
0.053
0.053
0.053
0.053
0.053
0.051
0.053
0.053
0.053
-1.184
0.053
-1.184
-1.190
0.053
0.048
0.053
-1.201
0.053
