fixedStep chrom=ENSGT00390000001407 start=1 step=1
0.064
0.064
0.064
0.064
0.064
0.060
0.064
0.064
0.064
0.064
0.064
0.064
0.064
0.064
0.064
0.062
0.063
0.059
0.059
0.064
-2.551
0.064
0.064
0.064
0.064
0.064
0.064
0.064
0.064
-3.523
0.064
0.064
0.064
0.064
0.064
0.064
0.064
0.064
0.064
0.064
0.064
0.064
0.064
0.064
0.064
0.064
0.064
0.064
0.064
0.064
0.064
-0.998
0.064
-3.370
0.064
0.064
0.064
0.064
0.064
0.064
0.064
0.064
0.063
0.064
0.064
0.064
0.064
0.064
0.064
0.064
0.064
0.064
0.064
0.064
0.064
0.064
0.064
0.064
0.049
0.064
0.062
0.059
0.064
0.061
0.064
0.064
0.049
0.064
0.064
0.064
0.064
0.059
0.064
0.064
0.061
0.064
0.064
0.064
0.064
-1.002
0.064
0.057
0.064
0.064
0.064
0.064
0.064
0.064
0.064
0.064
0.055
0.064
0.064
0.059
0.059
0.064
0.057
0.064
0.058
0.064
0.064
0.064
0.064
0.064
0.064
0.064
-1.147
-1.147
-1.147
-1.147
-1.147
-1.147
-1.147
-1.147
-1.145
0.064
0.064
0.064
0.064
0.064
0.060
0.064
0.064
0.064
0.064
0.059
0.064
0.064
0.064
0.064
0.064
0.064
0.049
0.064
0.064
0.057
0.064
0.064
0.059
0.064
0.064
0.064
0.064
0.064
0.064
0.064
0.064
0.064
0.057
0.060
0.064
0.064
0.064
0.064
0.063
0.064
0.062
0.064
0.064
0.064
0.064
0.064
0.064
0.064
0.064
0.063
0.064
0.064
0.064
0.064
0.064
0.064
0.064
0.064
0.060
0.064
0.064
0.059
-0.999
0.064
0.064
0.064
0.064
0.064
0.064
0.064
0.064
0.064
0.064
0.058
0.064
0.063
0.064
0.064
0.064
0.063
0.064
0.060
0.061
0.064
0.064
0.063
0.064
0.064
0.064
0.064
0.064
0.064
0.059
0.064
0.061
0.064
0.059
0.058
0.064
0.064
0.064
0.064
0.064
-1.002
0.064
0.064
0.064
0.064
0.064
-1.433
0.064
0.064
0.064
0.064
0.061
0.064
0.064
0.064
0.064
0.064
0.064
0.064
0.064
0.064
0.064
0.064
0.064
0.064
0.064
0.064
0.064
0.064
0.064
0.064
0.064
0.064
0.064
0.064
0.064
0.058
0.064
0.064
0.064
0.064
0.064
0.064
0.064
0.064
0.064
0.064
0.064
0.064
0.064
0.064
0.064
0.064
0.064
0.060
0.064
0.064
0.064
0.064
0.064
0.064
0.064
0.064
0.064
0.064
0.064
0.064
0.064
0.059
0.064
0.064
0.064
0.060
0.064
0.064
0.064
0.064
0.064
0.060
0.064
0.064
0.064
0.064
0.064
-1.002
0.064
0.064
0.061
0.064
0.064
0.064
0.049
0.057
0.059
0.064
-0.999
0.064
0.064
0.064
0.064
0.064
0.064
-1.002
0.064
0.064
0.064
0.064
0.064
0.064
0.064
0.064
0.064
0.064
-1.002
0.063
0.064
0.064
0.060
0.064
0.064
0.063
0.064
0.064
-0.982
0.064
0.064
-0.982
0.064
0.064
0.064
0.064
0.064
0.064
0.064
0.064
0.064
0.064
0.064
0.060
0.064
0.064
0.064
0.064
0.064
0.064
0.064
0.064
0.063
