fixedStep chrom=ENSGT00390000013169 start=1 step=1
0.000
0.000
0.000
0.000
0.000
0.000
0.000
0.000
0.000
0.000
0.000
0.000
0.000
0.000
0.000
0.000
0.000
0.000
0.000
0.000
0.000
0.000
0.000
0.000
0.000
0.000
0.000
0.000
0.000
0.000
0.000
0.000
0.000
0.000
0.000
0.000
0.000
0.000
0.000
0.000
0.000
0.000
0.000
0.000
0.000
0.000
0.000
0.000
0.000
0.000
0.000
0.000
0.000
0.000
0.000
0.000
0.000
0.000
0.000
0.000
0.000
0.000
0.000
0.000
0.000
0.000
0.000
0.000
0.000
0.000
0.000
0.000
0.000
0.000
0.000
0.000
0.000
0.000
0.062
0.062
0.062
0.062
0.062
0.062
0.062
0.062
0.059
0.062
0.062
0.062
0.062
0.062
0.053
0.062
0.062
0.059
0.062
0.062
0.062
0.043
0.062
0.062
0.062
0.062
0.062
0.062
0.062
0.060
0.058
0.062
0.062
0.062
0.062
0.062
0.062
0.062
0.062
0.062
0.062
0.058
0.062
0.062
0.062
0.062
0.062
0.059
0.062
0.062
0.062
0.062
0.062
0.062
0.062
0.062
0.060
0.062
0.062
0.062
0.062
0.062
0.060
0.062
0.062
0.062
0.062
0.062
0.062
0.062
0.062
0.062
0.062
0.062
0.062
0.062
0.062
0.060
0.062
0.062
0.060
0.062
0.062
0.058
0.062
0.062
0.062
0.062
0.043
0.062
0.062
0.062
0.060
0.062
0.043
0.062
0.062
0.062
0.053
0.043
0.062
0.062
0.062
0.062
0.062
0.062
0.043
0.062
0.062
0.062
0.062
0.062
0.062
0.062
0.062
0.062
-2.234
0.062
0.062
0.062
0.062
0.058
0.060
0.062
0.058
0.062
0.062
0.062
0.043
0.062
0.062
0.062
0.062
0.062
0.062
0.062
0.043
0.062
0.062
0.062
0.062
0.062
0.062
0.043
0.062
0.062
0.062
0.062
0.062
0.062
0.062
0.062
0.062
0.062
0.062
0.062
0.062
0.062
0.062
0.062
0.062
0.043
0.062
0.062
0.062
0.062
0.062
0.062
0.062
0.062
0.062
0.058
0.058
0.060
0.062
0.043
-1.646
0.062
0.043
0.043
0.043
0.043
0.052
0.062
0.043
0.058
0.062
0.062
0.062
0.062
0.062
0.060
0.062
0.062
0.062
0.062
0.062
0.062
0.062
0.062
0.062
0.062
0.062
0.062
0.062
0.062
0.062
0.062
0.062
0.060
0.062
0.062
0.043
0.062
0.062
0.062
0.062
0.062
0.060
0.062
0.062
0.058
0.062
0.062
0.060
0.062
0.062
0.062
0.062
0.062
0.062
0.062
0.062
0.062
0.062
0.062
0.060
0.062
0.062
0.062
0.062
0.062
0.062
0.062
0.062
0.062
0.062
0.062
0.062
0.062
0.062
0.059
0.062
0.062
0.053
0.062
0.062
0.062
0.060
0.062
0.062
0.062
0.062
0.062
0.062
0.062
0.062
0.062
0.062
0.062
0.062
0.062
0.062
0.062
0.062
0.053
0.062
0.062
0.062
0.062
0.062
0.062
0.062
0.062
0.062
0.062
0.062
0.062
0.062
0.062
0.060
0.062
0.062
0.062
0.062
0.062
0.062
0.062
0.062
0.062
0.062
0.062
-2.124
0.062
0.062
0.062
0.053
0.053
0.047
0.053
0.062
0.060
-1.846
0.062
0.062
0.062
0.062
0.062
0.062
0.058
0.062
0.043
0.062
0.062
0.062
0.060
0.060
0.062
0.053
0.060
0.060
0.062
0.062
0.062
0.062
0.060
0.062
0.062
0.062
0.062
0.059
-2.570
0.000
0.000
0.000
0.000
0.000
0.000
0.000
0.000
0.000
0.062
0.062
0.057
0.062
0.062
0.062
0.062
0.062
0.062
0.062
0.062
0.060
0.062
0.062
0.062
0.062
0.062
0.060
0.062
0.062
0.053
0.062
0.062
0.056
0.062
0.062
0.062
0.062
0.062
0.062
0.062
0.062
0.062
0.062
0.062
0.062
0.062
0.062
0.062
0.062
0.062
0.062
0.062
0.062
0.062
0.062
0.062
0.062
0.062
0.062
0.061
0.062
0.062
0.062
0.062
0.062
0.062
0.062
0.062
0.062
0.062
0.062
0.062
0.062
0.062
0.062
0.062
0.062
0.045
0.062
0.062
0.060
0.062
0.062
0.062
0.056
0.062
0.062
0.062
0.062
0.062
0.053
0.062
0.062
0.062
0.062
0.061
0.060
0.062
0.062
0.062
0.062
0.062
0.062
0.062
0.062
0.061
0.062
0.062
0.062
0.060
0.062
0.062
0.062
0.053
0.060
0.062
0.062
0.062
0.062
0.062
0.062
0.062
0.062
0.062
0.062
0.062
0.062
0.062
0.062
-1.904
0.062
0.062
0.062
0.062
0.059
0.062
0.062
0.062
0.060
0.062
0.062
0.062
0.062
0.062
0.062
0.062
0.062
0.062
0.062
0.062
0.060
0.062
0.062
0.062
0.062
0.062
0.062
0.062
0.062
0.062
0.062
0.053
0.062
0.062
0.060
0.062
0.062
0.060
0.062
0.062
0.062
0.062
0.062
0.060
0.043
0.061
0.062
0.062
0.062
0.062
0.062
0.062
0.053
0.062
0.062
0.062
0.062
0.062
0.062
0.062
0.062
0.062
0.062
0.062
0.062
0.062
0.062
0.062
0.062
0.062
0.062
0.062
0.062
0.062
0.062
0.062
0.062
0.062
0.062
0.062
0.062
0.062
0.062
0.062
0.062
0.062
0.062
0.062
0.062
0.062
0.062
0.058
0.062
0.062
0.058
0.062
0.062
0.062
0.062
0.062
0.060
0.062
0.062
0.060
0.062
0.062
0.059
0.060
0.062
0.062
0.058
0.060
0.062
0.062
0.062
0.062
0.062
0.062
0.062
0.062
0.062
0.062
0.062
0.062
0.062
0.062
0.062
0.062
0.062
0.062
0.062
0.062
0.062
0.062
