fixedStep chrom=ENSGT00390000002325 start=1 step=1
0.000
0.000
0.000
0.000
0.000
0.000
0.000
0.000
0.000
0.000
0.000
0.000
0.000
0.000
0.000
0.000
0.000
0.000
0.000
0.000
0.000
0.000
0.000
0.000
0.000
0.000
0.000
0.000
0.000
0.000
0.000
0.000
0.000
0.000
0.000
0.000
0.000
0.000
0.000
0.000
0.000
0.000
0.000
0.000
0.000
0.000
0.000
0.000
0.000
0.000
0.000
0.000
0.000
0.000
0.000
0.000
0.000
0.000
0.000
0.000
0.000
0.000
0.000
0.000
0.000
0.000
0.000
0.000
0.000
0.000
0.000
0.000
0.000
0.000
0.000
0.000
0.000
0.000
0.000
0.000
0.000
0.000
0.000
0.000
0.000
0.000
0.000
0.000
0.000
0.000
0.000
0.000
0.000
0.000
0.000
0.000
0.000
0.000
0.000
0.000
0.000
0.000
0.000
0.000
0.000
0.000
0.000
0.000
0.000
0.000
0.000
0.000
0.000
0.000
0.000
0.000
0.000
0.000
0.000
0.000
0.095
0.095
0.095
0.095
0.095
0.095
0.095
0.095
0.086
0.095
0.095
0.095
0.086
0.095
0.095
0.095
0.095
0.086
0.086
0.095
0.095
0.095
0.095
0.095
0.089
0.095
0.095
0.095
0.095
-0.667
-0.667
-0.669
0.095
0.095
0.086
0.086
-0.669
-0.653
-0.669
0.086
0.095
-0.667
0.095
0.095
-0.669
-0.669
0.095
0.086
-0.670
-0.669
-0.670
0.092
0.095
0.095
0.086
0.095
0.095
0.095
0.095
-0.669
-0.669
0.095
0.095
0.095
0.086
-0.669
0.095
0.095
0.095
0.095
0.095
0.095
0.095
0.094
0.095
0.095
0.095
0.095
0.095
0.095
0.095
-0.667
-1.217
0.095
0.095
0.095
0.095
-0.667
0.092
0.095
0.095
0.095
0.095
0.095
0.095
0.095
0.095
0.094
0.092
0.095
0.095
0.086
-0.670
-0.679
-0.670
0.095
0.095
0.095
0.095
0.095
0.086
0.086
0.095
0.095
0.095
0.095
0.095
0.095
0.095
0.095
0.095
0.095
0.085
0.095
0.095
0.095
0.095
0.095
0.084
0.095
0.095
0.086
-0.669
0.093
0.095
0.095
0.093
0.095
0.095
0.086
-0.667
0.083
0.095
0.083
-0.667
0.095
0.095
0.095
0.095
0.095
0.095
0.095
0.095
0.095
0.095
0.086
0.095
0.095
0.095
-0.669
-0.670
-0.670
0.095
0.095
0.095
0.095
0.095
0.095
0.095
0.095
0.095
0.095
0.095
0.095
0.095
0.095
0.083
-0.667
0.095
0.095
0.095
0.083
0.095
0.095
0.095
0.095
0.095
0.095
0.095
0.095
0.095
0.095
0.095
0.095
0.095
0.095
0.095
0.095
0.095
0.095
0.095
0.095
0.095
0.095
0.095
0.095
0.095
0.095
0.095
0.095
0.086
0.095
0.095
0.086
0.086
0.095
0.095
0.095
0.095
0.086
-0.669
0.095
0.095
0.095
0.086
0.095
0.095
0.095
0.095
0.095
0.086
0.095
0.095
0.094
0.086
0.095
0.095
0.095
0.092
0.095
0.095
-1.104
0.095
0.095
0.095
0.095
0.092
-0.669
0.095
0.095
0.095
0.070
0.070
0.070
0.070
0.070
0.070
0.070
0.070
0.070
0.070
0.070
0.070
0.070
0.070
0.070
0.070
0.066
0.070
0.070
0.070
0.070
0.070
0.053
0.070
0.070
0.069
0.070
0.070
0.064
0.070
0.070
0.070
0.069
0.070
0.070
0.070
0.066
0.070
0.070
0.070
0.070
0.070
0.070
0.070
0.069
0.070
0.070
0.070
0.070
0.070
0.070
0.070
0.066
0.070
0.070
0.070
0.070
0.070
0.070
0.070
0.055
0.070
0.070
0.070
0.070
0.070
0.070
0.070
0.070
0.070
0.070
0.070
0.070
0.055
0.055
0.053
0.070
0.055
0.055
0.055
0.067
0.070
0.000
0.000
0.000
0.000
0.000
0.000
0.000
0.000
0.000
0.000
0.000
0.000
0.000
0.000
0.000
0.000
0.000
0.000
0.000
0.000
0.000
0.000
0.000
0.000
0.000
0.000
0.000
0.000
0.000
0.000
0.000
0.000
0.000
0.000
0.000
0.000
0.000
0.000
0.000
0.000
0.000
0.000
0.095
0.090
0.095
-1.885
0.081
-2.003
0.095
0.095
0.095
0.090
0.094
0.090
0.090
0.075
0.075
0.090
0.095
0.095
0.095
-1.261
0.095
0.090
-1.886
0.090
0.075
0.075
0.095
0.095
0.081
0.095
0.086
0.075
0.090
-1.943
0.095
0.075
0.000
0.000
0.000
0.000
0.000
0.000
0.000
0.000
0.000
0.000
0.000
0.000
0.000
0.000
0.000
0.000
0.000
0.000
0.000
0.000
0.000
0.000
0.000
0.000
0.000
0.000
0.000
0.000
0.000
0.000
0.000
0.000
0.000
0.000
0.000
0.000
0.000
0.000
0.000
0.000
0.000
0.000
0.000
0.000
0.000
0.000
0.000
0.000
0.000
0.000
0.000
0.000
-0.669
-0.670
-0.670
-0.670
-0.873
-0.670
-1.479
-0.670
-1.492
-0.670
-1.479
-1.491
-1.491
-1.479
-0.670
-1.491
-1.343
-1.486
-1.490
-0.670
-0.670
-0.670
-0.670
-0.670
-1.491
-1.490
-2.779
-1.383
0.000
0.000
0.000
0.000
0.000
0.000
0.000
0.000
0.000
0.000
0.000
0.000
0.000
0.000
0.000
0.000
0.000
0.000
0.000
0.000
0.000
0.000
0.000
0.000
0.000
0.000
0.000
0.000
0.000
0.000
0.000
0.000
0.000
0.000
0.000
0.000
0.000
0.000
0.000
0.000
0.000
0.000
0.000
0.000
0.000
0.000
0.000
0.000
0.000
0.000
0.000
0.000
0.000
0.000
0.000
0.000
0.000
0.000
0.000
0.000
0.000
0.000
0.000
0.000
0.000
0.000
0.000
0.000
0.000
0.000
0.000
0.000
0.000
0.000
0.000
0.000
0.000
0.000
0.000
0.000
0.000
0.000
0.000
0.000
0.000
0.000
0.000
0.000
0.000
0.000
0.000
0.000
0.000
0.000
0.000
0.000
0.000
0.000
0.000
0.000
0.000
0.000
0.000
-1.134
-1.141
-1.691
0.080
-1.263
0.090
-1.670
0.080
-1.241
-1.878
0.080
0.076
-2.728
-1.871
-2.680
-0.952
-0.953
-0.952
-0.953
-0.952
-0.953
-0.952
-0.952
-0.953
-0.953
0.000
0.000
0.000
0.000
0.000
0.000
0.000
0.000
0.000
0.000
0.000
0.000
0.000
0.000
0.000
0.000
0.000
0.000
0.000
0.000
0.000
0.000
0.000
0.000
0.000
0.000
0.000
0.000
0.000
0.000
0.000
0.000
0.000
0.000
0.000
0.000
0.000
0.000
0.000
0.000
0.000
0.000
0.000
0.000
0.000
0.000
0.000
0.000
0.000
0.000
0.000
0.000
0.000
0.000
0.000
0.000
0.000
0.000
0.000
