fixedStep chrom=ENSGT00510000048987 start=1 step=1
0.069
0.069
0.069
0.069
0.069
0.069
0.067
0.069
0.066
0.069
0.068
0.069
0.069
0.069
0.048
0.069
0.069
0.069
0.069
0.069
0.069
0.066
0.069
0.069
0.069
0.069
0.069
0.069
0.069
0.052
0.067
0.069
0.069
0.067
0.069
0.065
0.054
0.063
-1.662
0.069
0.065
0.069
0.065
0.069
0.069
0.069
0.069
0.058
0.069
0.069
0.069
0.066
0.069
0.069
0.069
0.069
-2.235
0.069
0.069
0.069
0.069
0.069
0.069
0.069
0.064
0.068
0.069
0.069
0.067
0.068
0.066
0.068
-0.489
-0.792
-0.792
0.069
0.069
0.067
0.068
0.066
0.069
0.056
0.069
0.069
0.069
0.067
0.065
0.066
0.069
0.069
0.069
0.058
0.054
0.063
0.069
0.069
0.069
0.069
0.069
0.069
0.069
0.054
0.054
0.069
0.069
0.065
0.069
0.069
0.066
0.069
0.069
0.068
0.069
0.059
0.066
0.065
0.048
0.069
0.069
0.067
0.048
0.068
0.069
0.069
0.064
0.049
0.069
0.069
-1.684
0.066
0.054
0.069
-1.203
-1.203
-1.378
-1.450
-3.318
-1.203
-1.393
-1.204
-1.204
-2.151
-1.215
-1.203
-1.867
-2.029
-1.378
-1.203
-1.203
-2.031
0.052
0.054
0.069
0.069
0.066
0.069
0.069
0.069
0.069
0.067
0.054
0.060
0.069
0.069
0.069
0.069
0.068
0.069
0.069
0.069
0.069
0.066
0.069
0.069
0.068
0.069
0.066
0.069
0.069
0.069
0.063
0.068
0.069
0.053
0.069
0.069
0.069
0.054
0.069
0.069
0.052
0.069
0.069
0.069
0.057
0.069
0.068
0.069
0.069
0.069
0.065
0.069
0.069
0.069
0.069
0.069
0.069
0.069
0.069
0.069
0.069
0.069
0.069
0.065
0.069
0.066
0.069
0.069
0.069
0.069
0.069
0.069
0.069
0.069
0.069
0.069
0.069
0.069
0.063
0.069
0.063
0.066
0.069
0.069
0.069
0.069
0.066
0.069
0.069
0.069
0.069
0.069
0.069
0.066
0.069
0.069
0.069
0.069
0.068
0.063
0.069
0.066
0.069
0.069
0.069
0.068
0.069
0.065
0.069
0.069
0.063
0.065
0.069
0.067
-0.501
-0.500
-0.500
-1.641
0.069
0.067
0.067
0.069
0.069
0.069
0.054
0.068
0.054
0.069
0.069
0.063
0.069
0.069
0.069
0.069
0.069
0.069
0.069
0.058
0.069
0.069
0.069
0.069
0.069
0.069
0.065
0.069
0.066
0.068
0.069
0.052
0.069
0.069
0.069
0.058
0.069
0.052
0.069
0.058
0.069
0.069
0.063
0.065
0.065
0.054
0.069
-2.630
-1.964
-1.629
-1.630
-1.887
-3.324
-1.629
-1.619
-1.630
0.069
0.066
0.069
0.066
0.069
0.069
0.069
0.069
0.069
0.069
0.065
0.067
0.069
0.069
0.069
0.069
0.069
0.065
0.069
0.069
0.069
0.068
0.069
0.049
0.065
0.062
0.066
0.069
0.069
0.069
0.069
-2.008
0.066
0.068
0.069
0.069
0.063
0.069
0.066
0.067
0.069
0.069
0.058
0.069
0.069
0.069
0.069
0.066
0.069
0.069
0.069
0.069
0.069
0.069
0.069
0.051
0.069
0.069
0.069
0.051
0.069
0.054
0.065
0.066
0.068
0.069
0.067
0.069
0.065
0.067
0.069
0.066
0.068
0.069
0.053
0.052
0.068
0.065
0.069
0.065
0.069
0.067
0.059
0.069
0.069
0.068
0.069
0.069
0.068
0.069
0.067
0.069
0.069
0.069
0.066
0.052
0.069
0.069
0.069
0.069
0.069
0.054
0.068
0.069
0.067
0.069
0.069
0.069
0.050
0.069
0.067
0.069
0.069
0.052
0.069
0.069
0.069
0.069
0.069
0.069
0.069
0.069
0.069
0.069
-1.635
0.069
0.069
0.069
0.069
0.069
0.069
0.053
0.069
0.069
0.063
0.069
0.069
0.069
0.068
0.069
0.069
0.066
0.069
0.066
0.058
0.069
0.069
0.068
0.069
0.069
0.069
0.069
0.065
0.067
0.069
0.069
0.065
0.069
0.058
0.069
0.069
0.052
0.069
0.069
0.069
0.067
0.069
0.068
0.066
0.067
0.069
0.069
0.069
0.069
0.069
0.067
0.069
0.069
0.069
0.069
0.069
0.065
0.069
0.069
0.065
0.052
0.065
0.058
0.065
0.069
0.069
0.054
0.069
0.063
0.054
0.069
0.054
0.065
0.069
0.068
0.065
0.067
0.069
0.069
0.069
0.069
0.067
0.069
0.069
0.069
0.069
0.069
0.069
0.069
0.069
0.069
0.069
0.069
0.069
0.069
0.069
0.068
0.066
0.069
0.069
-1.684
0.067
0.066
0.069
0.069
0.067
0.069
0.051
0.068
0.069
0.069
0.052
0.066
0.069
0.069
0.069
0.069
0.065
0.066
0.069
0.069
0.067
0.069
0.069
0.069
0.069
0.069
0.069
0.052
-1.643
0.052
0.069
0.069
0.069
0.067
0.069
0.058
0.069
0.069
0.069
0.069
0.069
0.069
0.069
0.069
0.069
0.069
0.065
0.069
0.069
0.069
0.069
0.069
0.066
0.069
0.069
0.069
0.069
0.069
0.069
0.066
0.066
0.069
0.069
0.069
0.067
0.069
0.065
0.069
0.069
0.069
0.069
0.069
0.069
0.058
0.068
0.069
0.069
0.069
0.069
0.053
0.065
0.067
0.069
0.067
0.069
0.069
0.065
0.069
0.066
0.069
0.069
0.069
0.064
0.069
0.069
0.069
0.068
0.069
0.069
0.062
0.069
0.069
0.052
0.068
0.069
0.068
0.069
0.069
0.069
0.068
0.069
0.069
0.066
0.069
0.069
0.069
0.069
0.069
0.069
0.069
0.069
0.069
0.069
0.066
0.069
0.069
0.068
0.052
0.068
0.069
0.067
0.065
0.052
0.069
0.069
0.050
0.065
0.069
0.069
0.065
0.069
0.069
0.069
0.058
0.069
0.069
0.067
0.069
0.053
0.069
0.069
0.068
0.066
0.067
0.069
0.069
0.066
0.067
0.069
0.069
0.068
0.063
0.066
0.069
0.065
0.065
0.069
0.069
0.069
0.066
0.069
0.069
0.069
0.069
0.069
0.069
0.069
0.052
0.068
0.052
-1.962
0.066
0.069
0.069
0.069
0.069
0.063
0.069
0.069
0.069
0.069
0.069
0.069
0.065
0.065
0.066
0.065
0.069
0.069
0.063
0.069
0.068
0.068
0.069
0.054
0.064
0.069
0.066
0.069
0.068
0.058
0.063
0.069
0.066
0.063
0.066
0.069
0.067
0.064
0.069
0.068
0.069
0.069
0.069
0.053
0.067
0.069
0.065
0.069
0.069
0.068
0.069
0.069
0.069
0.054
0.069
0.066
0.059
0.059
0.069
0.069
0.069
0.069
0.069
0.069
0.054
0.066
0.068
0.069
0.069
0.066
0.069
0.058
0.054
0.065
0.069
0.069
0.069
0.069
0.069
0.069
0.069
0.049
0.069
0.066
0.069
0.069
0.067
0.069
0.069
0.069
0.069
0.069
0.069
0.065
0.054
0.069
0.058
0.057
0.065
0.069
0.065
0.069
-3.159
0.069
0.069
0.069
0.069
0.066
0.067
0.069
0.069
0.069
0.069
0.069
0.065
0.069
0.060
0.056
0.060
0.060
0.056
0.060
0.060
0.060
0.060
0.060
0.060
0.060
0.059
0.060
0.060
0.060
0.060
0.060
0.052
0.057
0.060
0.060
0.060
0.060
0.060
0.060
0.060
0.060
0.058
0.060
0.060
0.056
0.060
0.060
0.060
0.060
0.060
0.060
0.060
0.060
0.060
0.060
0.059
0.056
0.060
0.060
0.060
0.060
0.060
0.060
0.060
0.060
0.060
0.060
0.060
0.060
0.060
0.060
0.059
0.057
0.060
0.060
0.060
0.060
0.060
0.060
0.060
0.060
0.060
0.060
0.060
0.060
0.060
0.060
0.060
0.060
0.060
0.060
0.060
0.056
0.060
0.060
0.060
0.060
0.060
0.056
0.060
0.060
0.059
0.060
0.060
0.060
0.060
0.060
0.059
0.060
0.060
0.056
0.060
0.060
0.060
0.060
0.060
0.060
0.060
0.060
0.060
0.060
0.060
0.060
0.060
0.060
0.059
0.060
0.060
0.060
-2.375
0.060
0.060
0.060
0.060
0.060
0.060
0.060
0.060
0.060
0.060
0.069
0.069
0.069
0.069
0.069
0.069
0.065
0.069
0.069
0.069
0.069
0.069
0.069
0.069
0.069
0.065
0.069
0.069
0.052
-1.160
-1.972
-1.160
0.069
0.069
0.069
0.069
0.069
0.069
0.069
0.065
0.069
0.069
0.069
0.069
0.065
0.069
0.066
0.067
0.069
0.069
0.069
0.066
0.069
0.069
0.069
0.069
0.069
0.069
0.069
-1.419
-1.161
-1.225
0.065
0.065
0.069
0.063
0.069
0.063
-2.238
0.052
0.052
0.069
0.069
0.069
0.069
0.069
0.052
0.069
0.052
0.069
0.069
0.052
0.069
0.069
0.069
0.068
0.052
0.052
0.069
0.069
0.066
0.068
0.069
0.068
0.069
0.069
0.063
0.069
0.069
0.069
0.069
0.069
0.069
-2.210
0.069
0.065
0.069
0.069
0.052
0.069
0.069
0.069
0.065
0.069
0.069
0.069
0.069
0.069
0.069
0.067
0.068
0.067
0.066
0.069
0.069
0.069
0.069
0.067
0.069
0.069
0.069
0.069
0.065
0.069
0.054
0.069
0.058
0.069
0.069
0.069
0.069
0.069
0.069
0.069
0.069
0.068
0.069
0.066
0.069
0.067
0.064
0.069
0.069
0.069
0.068
0.064
0.069
0.069
0.065
0.069
0.052
0.069
0.058
0.054
0.069
0.069
0.066
0.069
0.069
0.069
0.065
0.066
0.069
0.069
0.065
0.069
0.068
0.069
0.069
0.063
0.065
0.052
0.062
0.069
0.058
0.069
0.067
0.060
0.068
0.069
0.069
0.069
0.069
0.069
0.069
0.069
0.069
0.069
0.069
-3.199
0.069
0.069
0.067
0.066
0.054
0.069
0.069
0.069
0.069
0.067
0.067
0.069
0.069
0.069
0.066
0.065
0.069
0.069
0.069
0.058
0.069
0.069
0.069
0.068
0.069
0.065
0.069
0.069
0.069
0.069
0.067
0.065
0.069
0.069
0.069
0.069
0.069
0.069
0.069
0.069
0.068
0.069
0.069
0.069
0.058
0.069
0.052
0.066
0.065
0.069
0.068
0.069
0.069
0.066
-1.204
-1.203
-1.353
-1.200
-1.203
-1.203
-1.200
-1.203
-1.853
-1.450
-2.025
-1.459
-1.600
-0.664
-0.669
-2.056
-1.380
-1.203
0.069
0.069
0.054
0.069
0.069
0.069
0.069
0.069
0.066
-1.160
-1.160
-1.932
0.053
0.069
0.069
0.069
0.069
0.069
0.063
0.069
0.069
0.069
0.069
0.069
0.069
0.069
0.052
0.069
0.069
0.058
0.069
0.069
0.069
0.069
0.066
0.069
0.069
0.069
0.069
0.069
0.066
0.069
0.066
0.069
0.065
0.069
0.069
0.069
0.069
0.069
0.069
0.069
0.069
0.069
0.069
0.069
0.069
0.069
0.069
0.069
0.069
0.069
0.066
0.069
0.069
0.069
0.069
0.069
0.069
0.069
0.069
0.063
0.069
0.069
0.069
0.069
0.069
0.069
0.066
0.069
0.065
0.069
0.069
0.069
0.065
0.069
0.065
0.069
0.069
0.069
0.069
0.069
0.068
0.069
0.069
0.069
0.068
0.069
0.065
0.069
0.069
0.069
0.069
0.065
0.069
0.069
0.069
0.052
0.069
0.067
0.069
0.069
0.069
0.069
0.069
0.069
0.069
0.069
0.069
0.069
0.069
0.069
0.069
-0.206
-0.206
-0.206
0.069
0.069
0.069
0.069
0.069
0.069
0.069
0.069
0.069
0.069
0.069
0.069
0.069
0.069
0.058
0.069
0.069
0.069
0.069
0.069
0.069
0.069
0.069
0.069
0.069
0.069
0.069
0.065
0.066
0.069
0.069
0.069
0.069
0.069
0.069
0.069
0.069
0.069
0.069
0.069
0.058
0.063
0.069
0.069
0.069
0.069
0.069
0.069
0.069
0.069
0.068
0.069
0.069
0.068
0.069
0.069
0.069
0.069
0.069
0.069
0.068
0.069
0.069
0.069
0.069
0.069
0.069
0.069
0.069
0.069
0.069
0.069
0.069
0.069
0.069
0.069
0.069
0.069
0.069
0.069
0.069
0.069
0.069
0.069
0.069
0.069
0.069
0.069
0.069
0.067
0.069
0.069
0.069
0.069
0.069
0.069
0.069
0.069
0.069
0.069
0.069
0.069
0.069
0.069
0.069
0.069
0.069
0.066
0.069
0.069
0.069
0.069
0.069
0.065
0.069
0.069
0.068
0.069
0.069
0.069
0.069
0.069
0.066
0.069
0.069
0.066
0.069
0.069
0.066
0.069
0.069
0.069
0.069
0.069
0.069
0.069
0.069
0.069
0.069
0.069
0.069
0.065
0.069
0.069
0.069
0.069
0.069
0.069
0.069
0.065
0.069
0.069
0.069
0.069
0.069
0.069
0.067
0.069
0.069
0.069
0.069
0.069
0.069
0.052
0.065
0.054
0.067
0.069
0.069
0.067
0.069
0.069
0.069
0.054
0.069
0.069
0.069
0.069
0.069
0.069
0.069
0.069
0.058
0.069
0.069
0.069
0.069
0.066
0.066
0.069
0.069
0.069
0.069
0.068
0.066
0.065
0.067
0.069
0.069
0.069
0.069
0.069
0.069
0.067
0.066
0.069
0.069
0.069
0.069
0.069
0.069
0.069
0.069
0.069
0.069
0.069
0.069
0.069
0.069
-0.206
-0.206
-0.206
-0.206
-0.206
-0.206
0.054
0.054
0.066
-2.210
0.054
0.062
0.054
0.054
0.052
0.054
0.054
0.066
0.049
0.054
0.054
0.054
0.069
0.066
0.054
0.054
0.053
0.054
-1.999
0.069
0.069
0.069
0.069
0.066
0.066
0.063
0.066
0.054
0.069
0.063
0.063
0.054
0.054
0.054
0.054
0.052
0.066
0.066
0.069
0.069
0.054
0.069
0.069
0.065
0.069
0.069
0.068
0.069
0.069
0.065
0.069
0.069
0.069
0.069
0.069
0.069
0.069
0.066
0.069
0.069
0.069
0.069
0.069
0.069
0.069
0.069
0.069
0.069
0.069
0.069
0.069
0.069
0.069
0.067
0.069
0.069
0.069
0.069
0.069
0.066
0.069
0.069
0.069
0.052
0.069
0.069
0.069
0.069
0.058
0.069
0.069
0.069
0.069
0.069
0.069
0.069
0.069
0.068
0.069
0.069
0.069
0.069
0.069
0.069
0.069
0.069
0.069
0.069
0.069
0.066
0.065
0.069
0.069
0.069
0.069
0.065
0.069
0.069
0.057
0.069
0.069
0.069
0.069
0.069
0.069
0.069
0.068
0.069
0.069
0.069
0.069
0.069
0.069
0.069
0.069
0.069
0.069
0.069
0.069
0.069
0.069
0.069
0.069
0.069
0.069
0.069
0.069
0.069
0.069
0.069
0.069
0.069
0.069
0.069
0.069
0.069
0.069
0.069
0.069
0.069
0.069
0.068
0.068
0.069
0.069
0.069
0.066
0.067
0.069
0.069
0.069
0.069
0.069
0.069
0.065
0.069
0.069
0.058
0.069
0.067
0.059
0.069
0.069
0.069
0.069
0.058
0.069
0.067
0.069
0.069
0.069
0.068
0.063
0.066
0.069
0.067
0.066
0.067
0.063
0.069
0.052
0.069
0.065
0.069
0.069
0.065
0.069
0.069
0.069
0.069
0.069
0.069
0.069
0.058
0.069
0.069
0.069
0.069
0.069
0.069
0.069
0.069
0.069
0.058
0.069
0.058
0.069
0.067
0.067
0.069
0.069
0.069
0.069
0.069
0.069
0.069
0.069
0.069
0.069
0.069
0.069
0.069
0.069
0.069
0.066
0.069
0.069
0.067
0.069
0.069
0.069
0.069
0.069
0.068
0.069
0.069
0.049
0.065
0.069
0.068
0.069
0.069
0.069
0.069
0.065
0.069
0.069
0.069
0.069
0.069
0.069
0.069
0.069
0.067
0.069
0.069
0.067
0.069
0.069
0.069
0.069
0.069
0.069
0.069
0.069
0.069
0.069
0.069
0.069
0.069
0.069
0.069
0.069
0.069
0.066
0.069
0.069
0.052
0.069
0.069
0.069
0.060
0.069
0.066
0.069
0.069
0.069
0.066
0.069
0.069
0.069
0.069
0.065
0.069
0.069
0.068
0.069
-0.173
-0.173
-0.173
0.069
0.069
0.069
0.069
0.069
0.062
0.065
0.069
0.063
0.068
0.052
0.069
0.068
0.069
0.069
0.069
0.069
0.069
0.069
0.069
0.069
0.069
0.068
0.069
0.069
0.069
0.069
0.069
0.069
0.069
0.069
0.069
0.069
0.069
0.069
0.069
0.069
0.069
0.069
0.069
0.069
0.069
0.069
0.069
0.069
0.065
0.069
0.069
0.069
0.069
0.069
0.069
0.069
0.069
0.069
0.069
0.069
0.069
0.069
0.069
0.069
0.069
0.069
0.069
0.069
0.069
0.069
0.065
0.069
0.069
0.069
0.069
0.069
0.069
0.069
0.069
0.069
0.069
0.069
0.069
0.069
0.069
0.069
0.069
0.069
0.069
0.069
0.069
0.069
0.069
0.069
0.069
0.069
0.069
0.069
0.069
0.069
0.069
0.069
0.069
0.069
0.069
0.069
0.069
0.069
0.069
0.069
0.069
0.069
0.069
0.069
0.069
0.052
0.069
0.069
0.069
0.069
0.069
0.069
0.069
0.069
0.069
0.069
0.069
0.069
0.066
0.069
0.069
0.069
0.069
0.069
0.069
0.069
0.069
0.069
0.069
0.069
0.069
0.069
0.069
0.069
0.069
0.069
0.069
0.069
0.069
0.069
0.069
0.069
0.069
0.069
0.069
0.069
0.069
0.069
0.069
0.069
0.069
0.069
0.069
0.069
0.069
0.069
0.069
0.069
0.069
0.069
0.069
0.069
0.069
0.069
0.069
0.069
0.069
0.069
0.069
0.069
0.069
0.069
0.069
0.069
0.069
0.069
0.069
0.069
0.066
0.069
0.069
0.069
0.063
0.069
0.067
0.069
0.058
0.069
0.069
0.069
0.069
0.069
0.069
0.069
0.069
0.069
0.065
0.069
0.069
0.069
0.069
0.066
0.069
0.069
0.065
0.069
0.069
0.069
0.065
0.069
0.069
0.069
0.069
0.069
0.069
0.069
0.069
0.069
0.065
0.069
0.069
0.065
0.069
0.067
0.065
0.069
0.069
0.051
0.069
0.063
0.051
0.069
0.069
0.069
0.069
0.069
0.069
0.069
0.069
