fixedStep chrom=ENSGT00390000000801 start=1 step=1
0.070
0.070
0.070
0.070
0.070
0.070
0.070
0.070
0.070
0.068
0.069
0.070
-0.219
-0.219
-0.219
0.066
0.070
0.070
0.070
0.070
0.070
0.070
0.066
0.070
0.070
0.070
0.068
0.070
0.070
0.070
0.070
0.070
0.065
0.070
0.070
0.070
0.070
0.070
0.070
0.070
0.070
0.061
0.070
0.070
0.064
0.070
0.068
-2.101
0.067
0.070
0.070
0.070
0.070
0.070
-1.848
0.070
0.070
0.066
0.070
0.070
0.070
0.070
0.070
0.070
0.070
0.070
0.070
0.070
0.070
0.070
0.070
0.070
0.070
0.067
0.070
0.070
0.070
0.070
0.070
0.070
0.068
0.068
0.065
0.070
0.070
0.070
0.070
0.070
0.070
0.065
0.070
0.070
0.070
0.070
0.070
0.066
0.050
0.069
0.070
0.070
0.070
0.070
0.065
0.070
0.070
0.070
0.070
0.065
0.070
0.070
0.070
0.070
0.070
0.070
0.070
0.070
0.070
0.061
0.070
0.070
0.066
0.070
0.069
0.070
0.070
0.070
0.070
0.070
0.070
0.070
0.065
0.070
0.070
0.070
0.066
0.070
0.070
0.070
0.070
0.070
0.061
0.070
0.065
0.070
0.070
0.070
0.070
0.070
0.070
0.070
0.070
0.070
0.070
0.070
0.070
0.070
0.070
0.070
0.070
0.070
0.070
0.068
0.061
0.070
0.070
0.070
0.070
0.066
0.070
0.070
0.070
0.070
0.070
0.070
0.070
0.070
0.070
0.070
0.069
0.070
0.049
0.070
0.070
0.065
0.065
0.049
0.070
0.070
0.066
0.070
0.070
0.069
0.070
0.070
0.065
0.068
0.070
0.070
0.070
0.070
0.070
0.070
0.070
0.070
0.049
0.065
0.070
0.070
0.070
0.069
0.070
0.066
0.070
0.070
0.070
0.070
0.070
0.065
0.061
0.070
0.070
0.070
0.066
0.070
0.050
0.070
0.070
0.070
0.070
0.070
0.070
0.070
0.049
0.070
0.066
0.070
0.061
0.066
0.067
0.066
0.070
0.056
0.070
0.070
0.070
0.049
0.070
0.070
0.066
0.070
0.070
0.066
0.050
0.070
0.061
0.068
0.070
0.065
0.070
0.070
0.070
0.068
0.070
0.066
0.070
0.070
0.070
-0.219
-0.219
-0.219
0.070
0.070
0.070
0.070
0.065
0.070
0.070
0.070
0.070
0.070
0.070
0.070
0.070
0.070
0.068
0.070
0.070
0.065
0.070
0.070
0.065
0.070
0.070
0.065
0.065
0.070
0.065
0.070
0.070
0.070
0.070
0.070
0.070
0.070
0.070
0.066
0.061
0.070
0.070
0.070
0.070
0.070
0.070
0.070
0.070
0.066
0.070
0.070
0.070
0.067
0.070
0.070
0.070
0.070
0.070
0.070
0.070
0.070
0.070
0.070
0.070
0.070
0.065
0.065
0.068
0.061
0.070
0.070
0.061
0.070
0.070
0.061
0.070
0.070
0.070
0.070
0.070
0.070
0.070
0.070
0.070
0.070
0.070
0.065
0.070
0.070
0.070
0.070
0.070
0.070
0.070
0.070
0.070
0.061
0.070
0.070
0.070
0.049
0.068
-0.572
-0.572
-0.888
0.070
0.067
0.070
0.049
0.070
0.070
0.070
0.058
0.066
0.066
0.070
0.070
0.070
0.069
0.070
0.070
0.070
0.070
0.070
0.070
0.070
0.070
0.070
0.070
0.070
0.070
0.070
0.070
0.070
0.070
0.070
0.070
0.070
0.070
0.070
0.070
0.070
0.070
0.069
0.050
0.070
0.049
0.070
0.070
0.070
0.070
0.070
0.070
0.070
0.070
-3.530
0.070
0.070
0.070
0.070
0.049
0.066
0.070
0.070
0.070
0.070
0.070
0.070
0.070
0.070
0.070
0.066
0.050
0.070
0.050
0.070
0.070
0.070
0.070
0.070
0.070
0.070
0.070
0.070
0.070
0.070
0.069
0.070
0.069
-1.705
0.070
0.070
0.070
0.050
0.061
0.070
0.065
-1.987
0.066
0.070
0.070
0.070
0.070
0.066
0.066
0.065
0.070
0.070
0.070
0.049
0.070
0.061
0.070
0.070
0.049
0.069
0.049
0.070
0.070
0.067
0.070
0.070
0.070
0.067
0.049
0.070
0.050
0.070
0.070
0.070
0.070
0.064
0.070
0.066
0.070
0.065
0.070
0.070
0.070
0.065
0.070
0.070
0.070
0.059
0.059
0.059
0.059
0.059
0.059
0.054
-1.097
0.054
0.059
0.059
0.059
0.059
0.056
0.053
0.059
0.059
0.059
0.059
0.059
0.059
0.059
0.059
0.059
0.059
0.059
0.054
0.059
0.059
0.057
0.057
0.059
0.059
0.059
0.059
0.059
0.059
0.059
0.059
0.059
0.059
0.059
0.059
0.059
0.059
0.059
0.059
0.059
0.057
0.051
0.059
0.059
0.059
0.059
0.059
0.059
0.059
0.059
-1.097
0.059
0.059
0.059
0.059
0.059
0.059
0.059
0.059
0.059
0.059
0.059
0.059
0.059
0.059
0.059
0.054
0.059
0.056
0.059
0.054
0.059
0.054
0.059
0.059
0.059
0.059
0.069
0.070
0.064
0.069
0.070
0.070
0.070
-2.208
0.068
0.068
0.070
0.000
0.000
0.000
0.000
0.000
0.000
0.000
0.000
0.000
0.000
0.000
0.000
0.000
0.000
0.000
0.000
0.000
0.000
0.000
0.000
0.000
0.000
0.000
0.000
0.000
0.000
0.000
0.000
0.000
0.000
