fixedStep chrom=ENSGT00390000015973 start=1 step=1
-1.002
-0.996
-1.004
-1.004
-1.004
-1.003
-1.003
-1.004
-1.003
-1.002
-1.002
-1.003
0.107
0.094
0.107
0.104
0.107
0.094
0.094
0.104
0.094
-2.082
-2.342
-2.278
0.147
0.147
0.147
0.091
0.104
0.104
0.107
0.093
0.108
0.107
0.107
0.102
0.107
0.107
0.106
0.094
0.094
0.107
0.107
0.107
0.107
0.107
0.107
0.107
0.107
0.107
0.103
-1.530
0.107
0.107
0.107
0.108
0.085
0.107
0.108
0.108
0.107
0.108
0.098
0.104
0.107
0.107
0.108
0.108
0.107
0.107
0.107
0.092
0.107
0.107
0.099
0.107
0.107
0.107
0.107
0.107
0.107
-1.527
-1.004
-1.004
0.093
0.107
-0.974
0.083
0.083
0.099
0.108
0.107
0.104
0.083
0.083
0.107
0.083
0.083
0.102
0.102
0.107
0.083
0.102
0.108
0.107
0.107
0.107
0.102
0.102
0.083
0.083
-1.579
0.083
0.083
0.083
0.102
0.107
0.102
0.108
-2.883
0.107
0.107
0.107
0.102
0.083
0.082
0.083
0.083
0.083
0.083
0.083
0.083
0.107
0.083
0.083
0.083
0.102
0.102
0.102
0.102
0.083
0.107
0.083
0.098
0.083
0.102
0.107
0.107
0.108
0.102
0.107
0.083
0.104
0.083
0.102
0.107
0.107
0.083
0.093
0.102
0.083
0.082
0.083
0.083
0.104
0.083
-1.561
0.104
0.083
0.107
0.104
0.102
0.083
0.083
0.083
-1.631
0.107
0.083
0.083
0.083
0.083
0.108
0.073
0.102
0.107
0.104
0.083
0.083
0.079
-1.577
0.107
0.107
0.107
0.107
0.107
0.107
0.107
0.107
0.107
0.107
0.107
0.107
0.107
0.104
0.108
0.107
0.107
0.108
0.108
0.107
0.107
0.107
0.107
0.107
0.108
0.107
0.107
0.108
0.107
0.107
0.107
0.107
0.107
0.107
0.107
0.107
0.107
0.107
0.107
0.107
0.104
0.107
0.107
0.107
0.107
0.107
0.100
0.107
0.108
0.107
-0.628
-0.628
-0.628
-0.628
-0.628
-0.628
0.107
-0.510
0.100
0.099
0.107
-0.492
0.107
0.099
-0.512
0.099
0.108
0.107
0.107
0.107
-3.020
-0.510
-0.911
0.099
-1.476
-0.492
-0.512
-0.512
0.108
-0.512
-0.508
0.107
-1.061
-0.512
0.099
0.099
-0.508
0.099
-0.512
0.107
-0.905
-0.983
-0.512
-0.508
-0.512
0.108
-0.510
-1.062
-0.512
0.108
-1.496
-0.510
0.099
0.104
-0.492
-0.508
-1.548
0.107
0.107
0.099
0.000
0.000
0.000
0.000
0.000
0.000
0.000
0.000
0.000
0.000
0.000
0.000
0.107
0.107
0.099
0.107
0.107
-0.510
0.107
0.099
-0.510
0.107
-0.508
0.099
-0.508
0.107
-0.508
-0.512
0.108
-1.491
0.099
0.099
0.099
-0.512
0.099
0.099
-0.508
0.107
0.107
-0.508
-0.510
-0.510
0.099
0.099
0.107
-0.508
0.107
0.105
0.107
0.107
0.099
-0.510
0.099
0.099
0.107
-0.508
-0.510
-0.510
-0.492
-0.510
0.108
0.107
-1.580
-0.512
-0.512
-0.982
-0.512
-0.510
-0.905
0.107
-0.911
0.099
0.107
0.108
0.104
0.107
0.108
0.082
-0.911
0.099
-0.512
-1.494
0.108
0.099
-1.530
-0.510
0.099
0.107
-0.510
-0.975
0.099
-0.510
0.105
-0.512
-0.508
-0.512
0.094
0.087
0.104
0.107
0.094
0.093
0.090
0.107
0.105
0.104
0.107
0.089
0.144
0.144
0.144
0.144
0.144
0.144
0.093
0.093
0.099
0.095
0.102
0.107
0.108
0.107
0.099
0.107
0.107
0.104
0.107
0.107
0.107
0.107
0.105
0.104
0.107
0.104
0.097
0.108
0.107
0.107
0.108
0.107
0.107
0.107
0.107
0.102
0.107
0.107
0.107
0.107
0.107
0.098
0.107
0.107
0.100
0.107
0.107
0.107
0.107
0.104
0.107
0.107
0.107
0.107
0.108
0.108
0.099
0.107
0.107
0.107
0.107
0.107
0.107
0.107
0.107
0.107
0.108
0.107
0.107
0.107
0.104
0.107
0.107
0.107
0.107
0.107
0.107
0.107
0.107
0.108
0.107
0.107
0.108
0.107
0.108
0.107
0.108
0.107
0.107
0.107
0.107
0.107
0.107
0.107
0.108
0.104
0.108
0.107
0.107
0.107
0.107
0.107
0.107
0.108
0.107
0.107
0.107
0.107
0.107
0.107
0.101
0.101
0.107
0.107
0.107
0.108
0.107
0.107
0.107
0.104
0.107
0.107
0.107
0.107
0.107
0.107
0.144
0.144
0.144
0.093
0.107
0.107
0.089
0.104
0.093
0.107
0.107
0.099
0.107
0.107
0.107
0.093
0.105
0.107
0.107
0.107
0.106
0.107
0.107
0.104
0.107
0.107
0.104
0.107
0.107
0.108
0.107
0.104
0.107
0.107
0.107
0.097
0.100
-3.876
0.107
0.107
0.107
0.107
0.107
0.107
0.107
0.107
0.107
0.107
0.108
0.107
0.107
-0.346
-0.346
-0.346
0.107
0.107
0.106
0.107
0.107
0.107
0.107
0.107
0.104
0.107
0.107
0.099
0.107
0.107
0.093
0.107
0.107
0.107
0.105
0.107
0.108
0.107
0.107
0.087
0.107
0.107
0.107
0.107
0.107
0.107
0.107
0.106
0.107
0.099
0.107
0.107
0.107
0.104
0.107
0.104
0.107
0.106
0.107
0.107
0.107
0.107
0.107
-1.489
0.106
0.108
0.106
0.107
0.107
0.107
0.107
0.107
0.094
0.107
0.104
0.107
0.104
0.107
-3.058
0.107
0.100
0.107
0.107
0.107
0.104
0.107
0.107
0.104
0.100
0.107
0.107
0.107
0.107
0.107
