fixedStep chrom=ENSGT00400000024769 start=1 step=1
0.000
0.000
0.000
0.000
0.000
0.000
0.000
0.000
0.000
0.000
0.000
0.000
0.000
0.000
0.000
0.000
0.000
0.000
0.000
0.000
0.000
0.000
0.000
0.000
0.000
0.000
0.000
0.000
0.000
0.000
0.000
0.000
0.000
0.065
0.071
0.065
0.065
0.057
0.069
0.063
0.070
0.063
0.071
0.070
0.070
0.059
0.071
0.067
0.070
0.070
0.070
-0.938
0.071
0.070
0.070
0.066
0.063
0.070
0.071
0.063
0.070
0.071
0.063
0.063
0.071
0.070
0.054
0.071
0.071
0.070
0.071
0.070
0.067
0.067
0.063
0.070
0.071
0.070
0.071
0.070
-1.684
0.070
0.070
0.070
0.070
0.071
0.070
0.070
0.070
0.071
0.070
0.071
0.063
0.071
0.071
-0.926
0.071
0.069
0.070
0.071
0.070
0.071
0.071
0.068
0.071
0.070
0.070
0.063
0.070
0.071
0.071
0.070
0.070
0.069
0.071
0.070
0.071
0.071
0.070
0.067
0.070
0.070
0.070
0.070
0.071
0.070
0.063
0.070
0.071
0.070
0.070
0.063
0.070
0.070
0.070
0.071
0.063
0.071
0.070
0.070
0.071
-0.926
0.070
0.070
0.071
0.071
0.071
0.070
0.071
0.063
-0.937
0.071
0.063
0.070
0.071
0.070
-0.939
0.071
0.070
0.063
0.070
0.070
0.070
-1.696
0.070
0.071
0.070
0.063
0.070
0.063
-0.938
0.067
0.070
0.067
0.070
0.070
0.070
0.063
0.071
0.070
0.070
0.070
0.070
0.070
0.070
0.070
0.061
0.063
0.070
0.063
0.070
0.063
0.070
0.063
0.067
0.070
0.071
0.070
0.070
0.065
0.071
0.071
0.071
0.071
0.070
0.071
0.054
0.070
0.070
0.070
0.070
0.067
0.070
0.063
0.071
0.071
0.071
0.067
0.070
0.070
0.070
0.070
0.070
0.070
0.070
0.063
0.063
0.062
0.071
0.071
0.071
-1.711
0.071
0.070
0.070
0.070
0.070
0.070
0.070
0.070
0.071
0.070
0.070
0.071
0.071
0.071
0.070
0.070
0.070
0.070
0.070
0.071
0.070
0.070
0.070
0.070
0.071
0.071
0.070
0.070
0.070
0.070
0.070
0.063
0.070
0.070
0.070
0.070
0.071
0.070
0.070
0.070
0.070
0.070
0.070
0.068
0.070
0.070
0.071
0.071
0.070
0.070
0.071
0.063
0.071
0.070
0.070
0.070
0.070
0.070
0.070
0.070
0.070
0.070
0.070
0.070
0.070
0.071
0.070
-0.938
