fixedStep chrom=ENSGT00390000010760 start=1 step=1
0.076
0.076
0.076
0.076
0.076
0.076
0.076
0.076
0.076
0.076
0.071
0.076
0.076
0.076
0.076
0.076
0.076
0.069
0.076
0.076
0.076
0.076
0.076
0.073
0.076
0.076
0.076
0.076
0.076
0.076
0.074
0.076
0.065
0.076
0.076
0.075
0.076
0.076
0.076
0.068
0.076
0.074
0.067
0.076
0.072
0.076
0.076
0.076
0.076
0.076
0.076
0.076
0.076
0.076
0.076
0.076
0.064
0.076
0.076
0.072
0.076
0.076
0.073
0.076
0.076
0.074
0.076
0.076
0.074
0.076
0.076
0.076
0.076
0.076
0.075
0.076
0.076
0.074
0.076
0.076
0.076
0.076
0.076
0.076
0.076
0.076
0.074
0.076
0.076
0.072
0.076
0.076
0.072
0.076
0.076
0.076
0.076
0.076
0.076
0.074
0.076
0.074
0.076
0.076
0.076
0.076
0.076
0.073
0.076
0.076
0.076
0.076
0.076
0.076
0.076
0.076
0.076
0.076
0.076
0.076
0.075
0.076
0.076
0.076
0.076
0.076
0.076
0.076
0.076
0.076
0.076
0.067
0.076
0.076
0.076
0.076
0.076
0.076
0.076
0.076
0.076
0.076
0.064
0.076
0.076
0.076
0.076
0.076
0.076
0.076
0.076
0.076
0.076
0.076
0.076
0.066
0.076
0.076
0.075
0.072
0.076
0.076
0.076
0.076
0.076
0.074
0.076
0.074
0.076
0.076
0.076
0.076
0.076
0.069
0.076
0.076
0.076
0.076
0.076
0.076
0.076
0.076
0.073
0.076
0.076
0.076
0.076
0.076
0.076
0.076
0.074
0.076
0.076
0.076
0.076
0.076
0.076
0.076
0.076
0.076
0.076
0.076
0.076
0.076
0.076
0.076
0.074
0.076
0.076
0.076
0.076
0.076
0.076
0.076
0.076
0.072
0.076
0.076
0.076
0.076
0.076
0.076
0.076
0.076
0.076
0.076
0.076
0.076
0.076
0.076
0.076
0.076
0.076
0.076
0.076
0.076
0.076
0.076
0.076
0.073
0.076
0.076
0.069
0.076
0.076
0.064
0.076
0.064
0.073
0.076
0.076
0.076
0.076
0.076
0.076
0.076
0.076
0.076
0.076
0.076
0.076
0.064
0.076
0.076
0.076
0.076
0.076
0.076
0.076
0.076
0.076
0.076
0.076
0.076
0.076
0.076
0.076
0.076
0.076
0.076
0.076
0.076
0.076
0.076
0.076
0.076
0.076
0.076
0.071
0.076
0.076
0.076
0.076
0.076
0.076
0.076
0.076
0.076
0.076
0.076
0.076
0.076
0.076
0.076
0.076
0.076
0.076
0.076
0.076
0.076
0.076
0.076
0.076
0.076
0.074
0.076
0.076
0.076
0.076
0.076
0.064
0.076
0.076
0.076
0.076
0.076
0.074
0.076
0.076
0.064
0.076
0.076
0.076
0.076
0.076
0.075
0.076
0.076
0.074
0.076
0.076
0.067
0.076
0.076
0.076
0.076
0.076
0.076
0.076
0.076
0.076
0.076
0.076
0.076
0.076
0.076
0.076
0.076
0.076
0.076
0.076
0.076
0.076
0.076
0.076
0.068
0.076
0.076
0.076
0.076
0.076
0.076
0.076
0.076
0.072
0.076
0.076
0.076
0.076
0.076
0.076
0.076
0.076
0.076
0.076
0.076
0.074
0.076
0.076
0.076
0.076
0.076
0.076
0.076
0.076
0.074
0.076
0.076
0.076
0.076
0.076
0.076
0.076
0.076
0.076
0.076
0.076
0.076
0.076
0.076
0.076
0.076
0.076
0.075
0.076
0.076
0.074
0.076
0.076
0.070
0.076
0.076
0.076
0.076
0.076
0.076
0.076
0.076
0.076
0.076
0.076
0.076
-0.182
-0.182
-0.182
-0.182
-0.182
-0.182
0.069
0.076
0.074
0.076
0.076
-0.828
0.076
0.076
0.076
-0.833
-0.828
-2.129
-0.815
-0.828
0.069
-0.832
0.069
0.069
-0.833
0.076
0.074
0.069
-0.829
0.069
0.076
0.076
0.076
0.076
0.076
0.076
0.069
0.069
0.076
0.076
0.076
0.069
-0.829
0.069
-0.833
0.076
-0.829
-0.832
-0.828
0.076
-0.833
0.075
0.076
-0.815
-0.815
0.076
0.069
-0.182
-0.182
-0.182
0.076
0.076
0.074
0.076
0.076
0.074
0.076
0.076
0.076
-0.833
0.076
0.076
0.076
0.076
0.069
0.069
0.076
0.066
-0.829
-0.815
0.062
0.069
-0.833
0.076
0.069
-0.833
0.074
0.069
0.069
0.076
-0.829
0.069
0.072
0.069
-0.832
0.073
-0.828
-0.832
0.069
-0.815
-0.815
0.076
0.076
0.076
0.076
-0.833
0.076
-0.828
-0.833
0.069
-0.833
-0.833
0.076
-0.828
0.076
0.076
0.076
0.076
0.076
0.076
0.076
0.076
0.076
0.076
0.076
0.076
0.076
0.076
0.076
0.076
0.076
0.076
0.076
0.076
0.076
0.076
0.076
0.076
0.076
0.076
0.076
0.076
0.076
0.076
0.076
0.076
0.067
0.076
0.076
0.076
0.076
0.076
0.076
0.076
0.076
0.072
0.076
0.076
0.076
0.073
0.076
0.076
0.076
0.076
0.074
0.076
0.076
0.076
0.076
0.076
0.074
0.076
0.076
0.076
0.076
0.073
0.074
0.076
0.076
0.074
