fixedStep chrom=ENSGT00730000111580 start=1 step=1
0.073
0.073
0.073
0.073
0.073
0.073
0.073
0.073
0.073
0.073
0.073
0.073
0.073
0.073
0.073
0.073
0.073
0.073
0.073
0.073
0.073
-0.955
0.073
0.073
0.073
0.073
0.064
-0.946
0.073
0.073
0.064
0.064
0.064
0.073
0.073
0.073
0.073
0.073
0.073
0.073
0.073
0.073
0.073
0.073
0.072
0.073
0.073
0.073
0.073
0.073
0.067
0.073
0.073
-1.720
0.073
0.073
0.073
0.073
0.073
0.064
0.073
-0.955
0.073
0.073
0.073
0.073
0.073
-0.955
0.071
0.073
0.073
0.064
0.064
0.073
0.073
0.071
0.066
0.073
-0.953
0.073
-0.946
0.073
0.073
0.073
0.073
0.073
0.064
0.073
0.073
-0.946
0.073
0.073
0.073
0.073
0.073
0.073
-0.946
0.073
0.073
0.073
0.073
0.073
-0.955
0.064
0.064
0.064
0.073
-0.953
-0.946
0.073
-0.955
-0.955
0.073
0.073
0.073
0.064
-0.955
0.067
0.073
0.073
0.064
0.073
0.064
0.064
0.073
0.064
-0.946
0.073
0.073
-0.779
-0.779
-0.779
-0.779
-0.779
-1.088
0.073
0.073
-0.955
0.073
0.073
-0.946
0.073
0.073
0.073
0.073
0.073
-0.953
0.073
0.073
0.073
-0.779
-0.779
-0.786
-0.953
-0.955
-0.946
-0.955
-0.953
0.064
0.073
0.073
0.073
0.073
0.073
0.064
0.073
0.071
0.073
0.073
0.073
0.073
0.073
0.064
0.073
0.073
-0.953
0.073
0.073
0.064
0.073
0.073
0.073
-0.953
0.073
0.073
0.073
-0.779
-0.779
-0.779
-0.779
-0.779
-0.779
0.073
0.073
0.064
0.073
0.073
-0.955
0.073
0.073
0.073
0.064
-0.946
0.073
0.073
0.073
0.073
0.073
0.073
0.073
0.073
0.073
0.073
0.073
0.073
0.073
0.073
0.073
0.073
0.073
0.073
0.073
0.073
0.073
0.073
0.073
0.061
-1.717
0.073
0.073
-0.955
0.073
0.073
0.073
0.073
0.073
0.073
0.073
0.073
0.064
0.073
0.064
0.073
0.073
0.073
0.073
0.064
0.073
0.071
0.073
0.073
-0.955
0.073
0.065
0.073
0.073
0.073
0.064
-0.392
-0.392
-0.392
0.073
0.073
-1.670
0.073
0.073
0.070
0.073
0.073
0.073
0.073
0.073
0.073
0.073
0.073
0.073
0.073
0.073
0.073
0.073
0.073
0.073
0.073
0.073
-0.955
0.073
0.073
0.073
0.073
0.073
0.073
0.073
0.069
0.000
0.000
0.000
0.000
0.000
0.000
0.000
0.000
0.000
0.000
0.073
0.073
-0.955
0.073
0.073
0.073
0.073
0.073
0.069
0.073
0.073
0.062
0.073
0.072
0.073
0.073
0.073
0.073
0.064
0.073
0.073
0.073
0.073
-0.955
0.073
0.073
0.073
0.073
0.073
0.064
-0.392
-0.392
-0.392
0.073
0.073
-0.955
0.073
0.073
0.063
0.073
0.073
0.073
0.073
0.073
0.073
0.073
0.073
0.071
0.073
0.073
0.073
0.065
0.073
0.064
0.072
0.073
-0.955
0.073
0.073
0.073
0.073
0.073
0.073
0.073
0.067
-0.955
0.073
0.073
-0.955
0.073
0.073
0.064
0.064
0.073
-3.087
0.073
0.073
0.064
-0.953
0.071
0.064
0.071
0.073
0.073
0.073
0.073
0.073
0.073
0.073
-0.955
0.073
0.073
0.073
0.073
0.073
0.073
0.073
0.073
-0.955
0.073
0.073
0.073
0.073
0.073
0.073
0.073
0.064
0.073
0.073
0.071
0.073
0.073
0.073
0.073
0.073
0.073
0.073
-0.955
0.073
0.073
-0.955
0.073
0.071
0.073
0.073
0.073
0.073
0.073
0.073
-0.946
0.073
0.072
0.073
0.073
0.073
0.073
0.073
0.073
0.073
-0.953
0.064
0.069
0.064
0.072
0.073
0.073
0.064
0.073
-0.953
0.073
0.071
0.073
0.073
0.073
0.073
0.066
0.073
0.073
0.064
-0.779
-0.779
-0.779
-0.392
-0.392
-0.392
0.073
0.073
0.073
0.073
0.073
0.073
0.064
0.073
0.073
0.073
0.073
0.073
0.073
0.073
0.071
-0.946
-0.953
0.073
0.073
0.073
0.069
0.073
0.067
0.064
0.072
0.073
0.073
0.073
0.073
0.073
0.073
0.073
0.073
0.073
0.073
0.073
0.073
0.073
0.073
0.073
0.073
-0.946
0.073
0.073
0.064
0.073
0.072
0.064
0.073
0.073
0.073
0.073
0.073
0.073
0.073
0.073
0.073
0.073
0.073
0.073
0.073
0.073
0.071
0.073
0.073
0.064
0.073
0.073
0.073
0.073
0.073
0.073
0.073
0.073
0.073
0.073
0.073
0.073
0.073
0.073
0.073
0.073
0.073
0.071
0.073
0.073
0.067
0.073
0.073
0.073
0.073
0.073
0.064
0.073
0.073
0.073
0.073
0.073
0.073
0.073
0.073
0.073
0.073
0.073
0.071
0.073
0.073
0.073
0.064
0.073
0.064
0.073
0.073
0.073
0.073
0.073
0.064
0.073
0.073
0.073
0.073
0.073
0.072
0.072
0.073
0.064
0.072
0.073
0.073
0.073
0.073
0.073
0.064
0.073
0.064
0.073
0.073
0.073
0.073
0.073
-1.151
0.073
0.073
0.073
0.073
0.073
0.064
0.073
0.073
0.064
0.073
0.072
0.073
0.073
0.073
0.067
0.073
0.064
0.064
0.073
0.073
-1.717
0.073
0.073
0.064
-0.978
-0.779
-0.779
-0.779
-0.779
-0.958
-0.779
-1.149
-0.779
0.073
0.073
0.071
0.073
0.073
0.064
0.073
0.073
0.064
0.073
0.073
0.073
0.073
0.073
0.073
0.073
0.073
0.073
0.073
0.073
0.073
-2.087
-2.087
-2.086
-2.085
-2.087
-2.086
-2.086
-2.087
-2.489
-0.392
-0.392
-0.392
-0.392
-0.392
-0.392
-2.085
-2.087
-2.085
0.073
0.073
-0.953
0.073
0.073
0.073
0.073
0.073
0.073
0.064
0.073
0.073
0.000
0.000
0.000
0.000
0.000
0.000
0.000
0.000
0.000
0.000
0.000
0.000
0.000
0.000
0.000
0.073
0.073
0.064
0.073
0.073
0.064
0.073
0.073
0.073
0.073
0.073
0.073
0.073
0.073
0.073
0.073
0.073
0.073
0.073
0.073
0.073
0.073
0.073
0.067
0.073
0.073
0.073
0.073
0.073
0.073
0.073
0.073
0.073
0.073
0.073
0.073
0.073
0.073
0.065
0.073
0.073
0.073
0.073
0.073
0.073
0.073
0.073
0.073
0.073
0.073
0.073
0.073
0.073
0.073
0.073
0.073
0.073
0.073
0.073
0.073
0.073
0.073
0.073
0.073
0.073
0.073
0.073
0.073
0.064
0.073
0.073
0.073
0.073
0.073
0.073
0.073
0.073
0.073
0.073
0.073
0.073
