fixedStep chrom=ENSGT00730000111316 start=1 step=1
0.127
0.127
0.127
0.127
0.127
0.127
0.127
0.127
0.127
0.101
0.127
0.090
0.127
0.127
0.124
-1.497
0.125
-0.790
0.127
0.127
0.095
0.127
0.127
0.127
0.090
0.120
0.117
0.127
0.127
0.127
0.088
0.127
0.124
0.090
0.127
-0.826
0.127
0.127
-2.174
-0.828
0.127
0.125
0.127
0.127
0.127
0.127
0.127
0.127
0.116
0.090
0.117
0.127
0.127
0.117
0.127
0.127
0.127
0.127
0.114
0.090
0.097
0.125
0.122
0.127
0.119
0.090
0.127
0.127
0.124
0.127
0.127
0.127
0.127
0.127
0.119
0.127
0.127
0.119
0.097
0.120
-1.937
0.127
0.127
0.090
0.119
0.119
0.095
0.127
0.127
0.119
0.127
0.127
0.127
0.120
0.127
0.127
0.119
0.120
-1.386
0.127
0.127
0.125
0.127
0.127
0.127
0.102
0.122
0.127
0.127
0.119
0.122
0.090
0.127
0.088
0.118
0.127
0.090
0.119
0.119
0.090
0.119
0.127
-0.909
0.124
0.127
-0.909
0.127
0.127
0.124
0.119
0.127
0.090
0.090
0.117
0.115
0.090
-0.790
0.124
0.119
0.090
0.127
0.127
0.090
0.116
0.090
0.090
-1.673
-0.768
0.105
-1.468
0.127
0.118
0.117
0.120
0.088
0.125
0.127
0.127
0.101
-1.096
0.117
0.098
-2.937
0.090
0.117
0.120
0.127
0.088
0.127
0.127
0.119
0.090
0.127
0.119
0.127
0.127
0.127
0.119
0.127
-0.828
0.115
0.127
0.127
-1.667
0.127
0.124
0.120
0.127
0.098
0.127
0.127
0.090
0.127
0.127
-0.826
0.127
0.127
0.127
0.127
0.120
0.090
0.115
0.127
0.119
0.127
0.127
0.105
0.125
0.120
0.125
0.127
0.127
0.119
0.119
0.127
-1.348
0.127
0.127
0.090
0.127
0.127
0.119
0.119
0.127
0.087
0.127
0.124
0.120
0.127
0.127
0.126
0.127
0.127
0.125
0.127
0.127
-0.790
0.127
0.127
0.127
0.127
0.127
0.115
-0.790
0.124
0.120
0.127
0.127
0.116
0.117
0.127
0.127
0.127
0.097
-0.790
0.127
0.125
0.088
0.127
0.127
0.119
0.127
0.127
-1.389
0.127
0.117
0.101
0.090
0.127
0.127
0.127
0.120
0.127
0.127
0.127
0.127
0.127
0.127
0.127
0.124
0.127
-1.703
0.127
0.097
0.116
0.090
0.127
0.127
0.115
0.120
0.125
0.127
0.120
0.125
0.094
0.127
0.127
0.127
0.127
0.118
-0.768
0.120
-0.826
0.127
0.127
-2.536
0.127
0.127
0.127
0.119
0.119
0.119
0.098
0.119
0.119
0.124
0.127
0.127
0.127
0.127
0.117
0.097
0.127
0.118
0.127
0.127
0.090
0.127
0.127
0.119
0.117
0.120
0.118
0.127
0.127
0.127
0.127
0.127
0.127
0.127
0.127
0.114
0.127
0.127
0.127
0.127
0.127
0.123
0.090
0.127
0.090
0.127
0.127
0.117
0.127
0.127
0.119
0.127
0.127
0.120
0.117
0.127
0.101
0.127
0.127
0.119
0.127
0.127
0.127
0.116
0.127
0.090
0.127
0.127
0.106
0.127
0.127
-1.293
0.127
0.127
0.119
0.127
0.127
0.124
0.127
0.127
0.090
0.125
0.127
0.125
0.118
0.126
0.116
0.127
0.127
0.116
0.127
0.127
0.119
0.127
0.127
-0.790
0.097
0.120
0.114
0.127
0.127
0.118
0.127
0.127
0.116
0.127
0.127
0.119
0.127
0.127
0.121
-1.096
0.127
0.116
0.120
0.127
0.124
0.127
0.127
0.087
0.124
0.127
0.094
0.127
0.127
0.120
0.127
0.124
0.087
0.120
0.127
0.115
0.090
0.119
-1.090
0.127
0.127
0.119
0.127
0.127
0.124
0.119
0.127
0.127
0.127
0.127
0.119
0.127
0.127
0.118
0.127
0.127
0.118
0.127
0.127
0.127
0.118
0.120
-1.090
0.127
0.127
-1.327
0.127
0.127
-0.790
0.127
0.127
0.095
0.127
0.127
0.127
0.119
0.127
0.127
0.127
0.127
0.124
0.127
0.127
0.124
0.120
0.120
-1.417
0.124
0.127
0.090
0.119
0.098
0.117
0.117
0.127
0.116
0.127
0.127
0.122
0.117
0.127
0.090
0.127
0.127
0.119
0.090
-0.828
0.127
0.094
0.120
0.127
0.127
0.127
0.090
0.127
0.127
0.124
0.120
0.127
0.114
0.127
0.127
0.122
0.127
0.127
0.088
0.101
0.120
0.127
0.088
0.127
0.090
0.090
0.090
-1.390
0.127
0.127
0.095
0.127
0.127
0.122
0.127
0.119
-2.361
0.116
-0.828
0.090
0.127
-0.824
0.116
0.118
0.119
-0.824
0.127
0.127
0.090
-2.135
0.127
-1.323
0.124
0.097
0.127
-1.348
0.127
0.119
0.127
0.127
0.119
0.118
0.127
-0.790
0.097
0.127
0.119
0.127
0.116
0.127
0.085
0.127
-1.090
0.090
0.120
0.101
0.127
0.127
0.119
0.119
0.127
0.116
0.127
0.127
-2.956
0.127
0.118
0.127
0.127
0.119
0.125
0.127
0.127
0.125
0.127
0.127
0.117
0.127
0.127
0.122
0.127
0.127
0.118
0.120
0.120
0.124
0.127
0.127
0.125
0.127
0.127
0.127
0.127
0.127
0.114
0.127
0.127
-1.293
0.127
0.127
0.119
0.127
0.127
0.094
0.127
0.127
-1.546
0.127
0.127
0.127
0.125
0.127
0.120
0.127
0.127
0.127
0.127
0.127
-0.790
0.127
0.127
0.127
0.127
0.127
0.124
0.127
0.127
0.127
0.127
0.127
0.127
0.127
0.127
0.111
0.127
0.127
0.124
0.127
0.127
0.127
0.127
0.127
0.087
0.127
0.127
0.126
0.127
0.127
-2.053
0.127
0.127
-2.258
0.127
0.127
0.090
0.127
0.127
0.122
0.124
0.127
0.097
0.127
0.127
0.121
0.127
0.127
-1.430
0.127
0.127
0.090
0.119
0.127
-0.824
0.127
0.127
0.090
0.119
0.127
0.090
0.127
0.127
0.127
0.122
0.127
0.090
0.127
0.127
0.088
0.127
0.127
-0.826
0.127
0.127
0.124
0.127
0.127
-1.609
0.127
0.127
0.127
0.127
0.127
0.127
0.127
0.127
0.101
0.090
0.127
0.124
0.127
0.120
-1.580
0.090
0.117
0.119
0.127
0.127
0.118
0.127
0.127
-1.343
0.127
0.127
0.116
0.127
0.127
0.127
0.120
0.119
0.125
0.127
0.119
0.114
0.118
0.127
0.127
0.119
0.127
0.125
0.127
0.127
0.119
0.127
0.127
0.117
0.127
0.127
0.115
0.127
0.127
0.094
0.127
0.127
0.124
0.114
0.127
0.088
0.122
0.125
0.113
0.118
0.127
0.087
0.127
0.127
0.124
0.115
0.127
0.127
0.127
0.127
0.117
0.127
0.127
0.115
0.127
0.127
0.127
0.127
0.127
0.117
0.127
0.127
0.127
0.127
0.127
0.090
0.120
0.127
0.127
0.120
0.120
0.097
0.127
0.120
0.097
0.127
0.127
0.127
0.124
0.127
0.095
0.127
0.127
0.087
0.127
0.127
0.127
0.127
0.127
0.114
0.127
0.127
0.117
0.116
0.127
0.127
0.127
0.127
0.127
0.127
0.127
0.124
0.127
0.127
0.120
0.127
0.127
0.117
0.127
0.127
0.090
0.127
0.127
0.127
0.125
0.127
0.117
0.127
0.127
-0.830
0.122
0.127
-1.412
0.127
0.127
0.127
0.127
0.127
0.127
0.127
0.127
0.120
0.127
0.127
0.104
0.127
0.127
0.126
0.127
0.127
-1.347
0.118
0.127
0.103
0.125
0.119
0.119
0.127
0.127
-1.422
0.097
0.120
0.117
0.127
0.127
0.116
0.127
0.127
0.124
0.127
0.127
0.127
0.127
0.127
0.127
0.127
0.127
0.090
0.127
0.127
0.127
0.127
0.127
0.119
0.127
0.127
0.120
0.097
0.119
0.119
0.127
0.127
0.090
0.127
0.127
0.090
0.122
0.124
0.122
0.124
0.116
0.115
0.127
0.127
0.118
0.127
0.127
0.127
0.127
0.127
0.118
0.127
0.127
0.120
0.127
0.127
0.116
0.127
0.127
0.088
0.127
0.127
0.124
0.127
0.127
0.101
0.127
0.127
0.109
0.127
0.127
0.118
-1.080
0.127
0.120
0.122
0.098
0.090
0.127
0.125
0.119
0.127
0.127
0.127
0.127
0.127
0.127
0.127
0.127
0.097
0.127
0.127
0.119
0.090
0.127
0.127
0.127
0.127
0.125
0.127
0.127
0.118
0.127
0.127
0.127
0.127
0.127
0.088
0.119
0.119
0.125
0.127
0.127
0.127
0.127
0.127
0.117
0.127
0.127
-0.790
0.127
0.119
0.090
0.127
0.127
0.127
-0.830
0.119
-2.073
0.127
0.127
-1.096
0.090
0.127
0.116
0.127
0.118
0.090
0.127
0.127
-1.357
0.127
0.127
0.125
0.127
0.127
0.127
0.127
0.120
0.117
0.127
0.127
0.127
0.119
0.127
0.090
0.127
0.127
-1.417
0.127
0.127
0.090
0.119
0.119
0.127
0.127
0.127
0.088
-1.386
0.119
-0.909
0.127
0.127
0.127
0.127
0.127
0.127
0.120
0.127
-1.361
0.097
0.120
-1.430
0.127
0.127
0.090
0.127
0.127
0.127
0.119
0.127
-0.790
0.124
0.127
0.116
0.127
0.127
0.127
0.127
0.127
-0.894
0.127
0.127
0.127
0.122
0.127
-0.790
0.127
0.127
0.114
0.127
0.127
0.087
0.127
0.127
-1.367
0.127
0.127
0.117
0.127
0.127
0.116
0.119
0.127
0.117
0.090
0.127
0.088
0.127
0.127
-1.686
0.127
0.127
0.124
0.127
0.127
0.090
0.127
0.120
0.118
0.127
0.127
0.125
0.101
0.127
0.097
0.124
0.120
0.120
0.116
0.127
0.090
-2.023
0.124
0.125
0.127
0.127
0.119
0.127
0.127
-0.826
0.127
0.127
0.119
0.127
0.127
-1.584
0.101
0.127
0.117
0.090
0.123
0.090
0.127
0.127
0.117
0.118
0.127
0.118
0.097
0.127
-0.790
0.119
0.127
0.102
0.119
0.119
0.127
0.127
0.127
-0.790
0.122
0.125
0.118
0.127
0.127
0.120
0.127
0.119
0.090
0.127
0.127
0.090
0.125
0.127
0.117
0.127
0.127
-0.790
0.123
0.127
0.127
0.127
0.127
0.089
0.127
0.127
0.119
0.127
0.127
0.117
0.127
0.127
0.087
0.120
0.127
0.118
0.127
0.127
0.125
0.119
0.127
-0.909
0.127
0.119
0.120
0.127
0.119
0.127
0.127
0.127
-0.790
0.127
0.127
0.127
0.124
0.127
0.125
0.127
0.127
-1.319
0.112
-0.790
0.127
0.119
0.085
0.120
0.127
0.127
0.122
0.119
0.127
0.116
0.127
0.127
0.119
0.127
0.124
0.094
0.127
-1.460
0.125
0.127
0.125
0.119
0.127
0.127
0.090
0.127
0.090
0.116
0.127
0.127
0.124
0.119
0.127
0.106
0.127
0.127
0.124
0.127
0.127
0.090
0.127
0.127
0.114
0.127
0.127
0.127
0.127
0.127
0.119
0.127
0.117
0.098
0.119
0.127
0.101
0.127
0.127
0.121
0.085
0.127
0.125
0.117
0.127
0.124
0.127
0.127
0.127
0.127
0.127
0.097
0.098
0.119
0.119
0.127
0.127
0.097
0.090
0.127
-1.369
0.101
0.127
0.127
0.127
0.127
-1.348
0.124
0.127
0.117
0.127
0.127
0.119
0.090
0.119
0.127
0.127
0.127
0.118
0.127
0.127
0.125
0.124
0.124
-1.430
0.090
0.127
0.087
0.127
0.127
0.117
0.090
0.119
-2.072
0.127
0.127
0.122
0.090
0.119
0.114
0.116
0.119
0.090
0.127
-1.360
0.125
