fixedStep chrom=ENSGT00390000016811 start=1 step=1
0.070
0.070
0.070
0.070
0.068
0.070
0.070
0.070
0.068
0.070
0.070
0.068
0.070
0.070
0.068
0.070
0.068
0.070
0.070
0.070
0.070
0.068
0.070
0.062
0.070
0.070
0.064
0.070
0.070
0.070
0.070
0.068
0.070
0.070
0.070
0.070
0.068
0.070
0.070
0.070
0.070
0.070
0.070
0.065
0.069
0.070
0.070
0.070
0.070
0.070
0.070
0.070
0.070
0.069
0.070
0.070
0.070
0.070
0.065
0.070
0.070
0.070
0.070
0.070
0.070
0.070
0.070
0.070
0.070
0.070
0.070
0.068
0.070
0.070
0.070
0.070
0.070
0.070
0.070
0.070
0.070
0.070
0.070
0.070
0.070
0.070
0.070
0.070
0.070
0.070
0.070
0.070
0.068
0.070
0.070
0.070
0.070
0.070
0.070
0.070
0.070
0.070
0.070
0.070
0.070
0.068
0.070
0.068
0.070
0.070
0.070
0.070
0.070
0.070
0.070
0.070
0.060
0.070
0.070
0.070
0.068
0.070
0.070
0.070
0.070
0.070
0.070
0.070
0.070
0.070
0.070
0.070
0.070
-0.878
0.065
0.065
0.070
-1.616
0.070
0.070
0.065
0.070
0.069
0.065
0.070
-0.880
0.070
-1.021
-1.022
-1.022
0.070
0.070
0.065
0.060
0.068
0.065
0.068
0.065
-0.880
0.069
-0.860
-0.880
0.065
-0.880
-0.274
0.054
-0.880
0.061
0.070
0.070
0.070
0.070
0.070
0.053
0.070
0.070
-4.853
0.065
0.070
-0.882
0.070
0.065
0.065
-0.880
0.070
-3.927
0.065
0.065
-1.377
0.060
0.070
0.068
0.065
0.065
-2.994
0.065
0.070
-0.880
0.044
0.057
0.057
0.057
0.057
0.057
0.070
0.069
-3.430
0.069
0.070
0.070
0.070
0.070
0.070
0.070
0.070
0.070
0.070
0.070
0.070
0.070
0.070
0.068
0.070
0.070
0.070
0.070
0.070
0.070
0.070
0.070
0.070
0.070
0.070
0.070
0.070
0.070
0.070
0.068
0.070
0.070
0.070
0.070
0.070
0.070
0.070
0.070
0.070
0.070
0.070
0.070
0.070
0.070
-1.598
-1.595
-1.597
0.070
0.070
-1.785
0.070
0.070
0.069
0.070
0.070
0.068
0.062
0.070
0.070
0.070
0.070
0.070
0.070
0.070
0.068
-1.264
-1.022
-1.058
0.070
0.070
0.068
0.070
0.060
0.070
0.065
0.070
0.070
0.059
0.066
0.066
-0.928
-0.928
-0.928
-1.090
-1.088
-1.546
-2.178
-2.244
-2.175
-2.097
-1.650
-2.068
0.070
0.066
0.068
0.057
0.066
0.070
0.062
0.068
0.060
0.057
0.068
0.062
0.066
0.068
0.053
0.070
0.070
0.070
0.070
0.060
0.016
0.060
0.068
0.054
0.068
0.070
0.065
0.068
0.070
0.066
0.070
0.070
0.068
0.070
0.070
0.068
0.070
0.068
0.070
0.068
0.070
0.070
0.070
0.053
0.070
0.070
-2.211
0.070
0.066
0.060
0.060
0.070
0.070
0.068
0.070
0.066
0.066
0.070
0.068
0.068
0.060
0.070
0.070
0.070
0.070
-0.880
0.070
0.068
0.062
0.056
0.070
0.070
0.070
0.070
0.070
0.066
0.070
0.012
-1.619
0.070
0.070
0.070
0.070
0.070
0.070
0.070
0.055
0.070
0.070
0.070
0.070
0.070
0.070
0.070
0.070
0.070
0.070
0.070
0.059
0.070
0.070
0.070
0.070
0.060
0.070
0.070
0.070
0.070
0.070
0.070
0.070
0.070
0.070
0.070
0.070
0.070
0.070
0.070
0.070
0.068
0.070
0.070
0.070
0.070
0.070
0.070
0.070
0.070
0.070
0.070
0.070
0.070
0.070
0.070
0.070
0.070
0.070
0.070
0.070
0.070
0.070
0.070
0.070
0.070
0.070
0.070
0.070
0.070
0.070
0.070
0.070
0.070
0.070
0.070
0.070
0.070
0.070
0.070
0.070
0.070
0.070
0.070
0.070
0.070
0.070
0.070
0.070
0.070
0.070
0.070
0.060
0.070
0.070
0.070
0.070
0.070
0.070
0.070
0.070
0.070
0.070
0.070
0.070
0.070
0.070
0.070
0.070
0.070
0.070
0.068
0.070
0.070
0.070
0.070
0.070
0.070
0.070
0.070
0.068
0.070
0.070
0.070
0.070
0.070
0.060
0.070
0.060
0.070
0.070
0.070
0.070
0.070
0.070
0.070
0.070
0.070
0.070
0.070
0.070
0.070
0.070
0.070
0.060
0.070
0.066
0.070
0.070
0.070
0.070
0.070
0.070
0.070
0.068
0.070
0.070
0.070
0.070
0.070
0.070
0.070
0.068
0.069
0.070
0.068
0.061
0.070
0.070
0.068
0.070
0.070
0.068
0.070
0.057
0.070
0.070
0.070
0.060
0.070
0.066
0.058
0.068
0.070
-1.451
0.070
0.070
0.066
0.066
0.066
0.067
0.068
0.070
0.068
0.060
0.070
0.070
0.070
0.070
0.070
0.068
0.066
0.068
0.070
0.062
0.070
0.070
0.068
0.070
0.070
-0.931
-0.928
-1.384
0.070
0.070
0.066
0.062
0.068
0.061
0.070
0.062
-1.554
0.060
0.062
0.070
0.059
0.061
0.053
0.061
0.063
0.070
0.070
0.070
0.070
0.070
0.070
0.070
0.070
0.070
0.062
0.070
0.070
0.070
0.060
0.070
0.000
0.065
0.070
0.070
0.070
0.070
0.065
0.060
0.060
0.070
0.060
0.070
0.070
0.070
0.070
0.068
0.070
0.057
0.068
0.070
0.068
0.070
0.070
0.070
0.070
0.070
0.070
0.068
0.070
0.070
0.070
0.070
0.070
0.059
0.070
0.070
0.054
0.070
0.070
0.061
0.070
0.070
0.070
0.070
0.070
0.070
0.070
0.070
0.070
0.070
0.070
0.070
0.070
0.070
0.070
0.070
0.070
0.070
0.070
0.070
0.070
0.070
0.070
0.070
0.070
0.070
0.070
0.070
0.070
0.070
0.070
0.070
0.070
0.070
0.070
0.070
0.070
0.070
0.070
0.070
0.070
0.070
0.070
0.070
0.070
0.070
0.070
0.070
0.070
0.070
0.070
0.070
0.070
0.070
0.070
0.070
0.065
0.070
0.070
0.070
0.070
0.070
0.070
0.070
0.070
0.070
0.070
0.070
0.060
0.070
0.070
0.070
0.070
0.070
0.069
0.070
0.062
0.065
0.070
0.070
0.070
0.070
0.070
0.068
0.070
0.070
0.070
0.070
0.070
0.070
0.070
0.070
0.070
0.070
0.070
0.070
0.070
0.070
0.060
0.070
0.070
0.070
0.070
0.070
0.070
0.070
0.070
0.070
0.070
0.070
0.070
0.070
0.070
0.066
0.068
0.070
0.070
0.070
0.070
0.070
0.070
0.068
0.068
0.070
0.070
0.060
0.068
0.070
0.068
0.070
0.070
0.070
0.070
0.070
0.070
0.070
0.070
0.070
-1.487
0.070
0.070
