fixedStep chrom=ENSGT00390000011379 start=1 step=1
0.083
0.083
0.083
0.083
0.083
0.083
0.083
0.083
0.083
0.083
0.083
0.083
0.083
0.083
0.083
0.080
0.083
0.081
0.083
0.083
0.083
0.083
0.083
0.081
0.083
0.083
0.083
0.083
0.083
0.083
0.083
0.083
0.083
0.083
0.083
0.081
0.083
0.083
0.083
0.083
0.083
0.083
0.083
0.083
0.083
0.083
0.083
0.083
0.083
0.083
0.083
0.083
0.083
0.083
0.083
0.083
0.083
0.083
0.083
0.083
0.083
0.083
0.082
0.083
0.083
0.081
0.083
0.083
-1.680
0.083
0.083
0.081
0.083
0.083
0.083
0.083
0.083
0.083
0.083
0.083
0.079
0.083
0.083
0.083
0.083
0.083
0.083
0.083
0.083
0.083
0.083
0.083
0.083
0.067
0.083
0.083
0.083
0.083
0.083
0.079
0.083
0.083
0.067
0.080
0.083
0.083
0.083
0.083
0.083
0.083
0.081
0.083
0.083
0.083
0.083
0.083
0.083
0.083
0.083
0.083
0.083
0.083
0.083
0.083
0.083
0.083
0.083
0.083
0.080
0.083
0.083
0.083
0.083
0.083
0.080
0.072
0.083
0.083
0.083
0.083
0.083
0.083
0.083
0.081
0.083
0.083
0.083
0.083
0.083
0.083
0.083
0.083
-1.967
0.083
0.083
0.083
0.083
0.083
0.083
0.067
0.083
0.083
0.083
0.083
0.079
0.083
0.081
0.083
0.083
0.074
0.083
0.083
0.083
0.080
0.083
0.083
0.083
0.083
0.067
0.083
0.083
0.083
0.083
0.083
0.083
0.083
0.083
0.083
0.083
0.083
0.083
0.083
0.083
0.083
0.083
0.083
0.083
0.083
0.083
0.083
0.067
0.083
0.083
0.083
0.083
0.083
0.083
0.083
0.083
0.083
0.083
0.083
0.080
0.083
0.083
0.081
0.083
0.083
0.081
0.083
0.083
0.083
0.083
0.083
0.081
0.083
0.083
0.081
0.083
0.083
0.083
0.081
0.083
0.083
0.083
0.083
0.064
0.083
0.083
0.083
0.083
0.083
0.081
0.083
0.067
0.083
0.083
0.083
0.083
0.083
0.083
0.083
0.083
0.083
0.083
0.083
0.083
0.083
0.083
0.083
0.083
0.083
0.083
0.082
0.081
0.083
0.067
0.083
0.083
0.083
0.083
0.083
0.083
0.083
0.083
0.083
0.083
0.083
0.083
0.083
0.083
0.083
0.083
0.083
0.083
0.081
0.083
0.083
0.083
0.083
0.082
0.083
0.083
0.083
0.075
0.083
0.074
0.083
0.083
0.080
0.083
0.083
0.074
0.083
0.083
0.083
0.083
0.083
0.083
0.083
0.083
0.080
0.083
0.083
0.083
0.081
0.083
0.083
0.083
0.083
0.074
0.083
0.083
0.074
0.083
0.083
0.083
0.083
0.083
0.083
-0.215
-0.214
-0.286
0.083
0.079
0.080
0.063
0.083
0.067
0.083
0.083
0.083
0.083
0.083
0.083
0.083
0.083
0.083
0.083
0.080
0.080
0.081
0.083
0.078
0.083
0.083
0.083
0.083
0.083
0.083
0.083
0.083
0.083
0.083
0.083
0.083
0.083
0.083
0.079
0.081
0.083
0.080
0.083
0.083
0.080
0.083
0.083
0.083
0.083
0.083
0.083
0.083
0.083
0.078
0.083
0.083
0.083
0.083
0.083
0.079
0.083
0.083
0.083
0.083
0.083
0.083
0.083
0.083
0.083
0.083
0.083
0.083
0.083
0.083
0.081
0.083
0.083
0.083
0.083
0.083
0.083
0.083
0.083
0.079
0.083
0.083
0.083
0.083
0.083
0.083
0.083
0.083
0.083
0.083
0.083
0.083
0.083
0.083
0.083
0.083
0.083
0.083
0.083
0.083
0.083
0.083
0.083
0.083
0.083
0.083
0.083
0.083
0.083
0.078
0.083
0.083
0.083
0.083
0.083
0.083
0.083
0.083
-1.399
0.080
0.083
0.083
0.083
0.083
0.083
0.083
0.083
0.083
0.083
0.083
0.083
0.083
0.083
0.083
0.083
0.083
0.083
0.067
0.083
0.083
0.083
0.083
0.083
0.083
0.083
0.083
0.083
0.083
0.083
0.081
0.083
0.083
0.083
0.080
0.078
0.072
0.079
0.078
0.083
0.083
0.067
0.083
0.083
0.083
0.083
0.083
0.083
0.083
0.083
0.083
-0.215
-0.214
-0.214
0.083
0.072
0.081
0.083
0.083
0.083
0.083
0.083
0.083
0.083
0.083
0.083
0.083
0.083
0.078
0.083
0.083
0.083
0.083
0.083
0.071
0.083
0.083
0.083
0.080
0.080
0.080
0.083
0.083
0.080
0.083
0.083
0.083
0.083
0.083
0.083
0.080
0.083
0.083
0.083
0.083
0.083
0.083
0.080
-4.518
0.083
0.076
0.083
0.083
0.067
0.067
0.083
0.058
0.067
0.080
0.067
-1.395
-0.066
-0.066
-0.066
-0.066
-0.066
-0.066
0.080
0.067
0.083
0.083
0.081
0.081
0.072
0.083
0.075
0.081
0.083
0.075
0.083
0.083
0.083
0.083
0.083
0.083
0.083
0.080
0.083
0.083
0.083
0.083
0.083
0.083
0.070
0.069
0.083
0.083
0.083
-5.448
0.083
0.083
0.083
0.083
0.083
0.067
0.083
0.083
0.083
0.083
0.083
0.083
0.079
0.083
0.083
0.072
0.083
0.083
0.074
0.067
0.083
0.074
0.083
0.083
0.079
0.081
0.074
0.082
0.083
0.083
0.081
0.083
0.083
0.083
0.083
0.083
0.083
0.083
0.083
0.083
0.079
0.075
0.083
0.083
0.083
0.058
0.075
0.083
0.083
0.083
0.083
0.083
0.083
0.083
0.083
0.081
0.083
0.083
0.083
0.083
0.083
0.083
0.083
0.083
0.083
0.083
0.080
0.083
0.083
0.069
0.082
0.083
0.083
0.083
0.083
0.082
0.083
0.083
0.065
0.083
0.083
0.083
0.083
0.083
0.082
0.083
0.083
0.081
0.083
0.083
0.083
0.083
0.083
0.083
-1.799
-1.793
-5.866
0.083
0.083
0.083
0.083
0.083
0.083
0.082
0.083
0.083
0.083
0.083
0.083
0.081
0.083
0.083
0.083
0.083
0.081
0.000
0.000
0.000
0.000
0.000
0.000
0.000
0.000
0.000
0.000
0.000
0.000
0.000
0.000
0.000
0.000
0.000
0.000
0.000
0.000
0.000
0.000
0.000
0.000
0.000
0.000
0.000
0.000
0.000
0.000
0.000
0.000
0.000
0.000
0.000
0.000
0.000
0.000
0.000
0.000
0.000
0.000
0.000
0.000
0.000
0.000
0.000
0.000
0.000
0.000
0.000
0.000
0.000
0.000
0.000
0.000
0.000
0.000
0.000
0.000
0.000
0.000
0.000
0.000
0.000
0.000
0.000
0.000
0.000
0.000
0.000
0.000
0.000
0.000
0.000
0.000
0.000
0.000
0.000
0.000
0.000
0.000
0.000
0.000
0.000
0.000
0.000
0.000
0.000
0.000
0.000
0.000
0.000
0.000
0.000
0.000
0.000
0.000
0.000
0.000
0.000
0.000
0.000
0.000
0.000
0.000
0.000
0.000
0.000
0.000
0.000
0.000
0.000
0.000
0.000
0.000
0.000
0.000
0.000
0.000
0.082
0.083
0.081
0.083
0.083
0.080
0.083
0.074
0.081
0.075
0.083
0.083
0.082
0.083
0.081
0.083
0.083
0.083
0.083
0.083
0.083
0.083
0.083
0.083
0.083
0.083
0.083
0.081
0.081
0.083
0.074
0.080
0.080
0.083
0.083
0.081
0.083
0.083
0.083
0.083
0.083
0.081
0.083
0.083
0.083
0.083
-3.952
0.083
0.083
0.083
0.080
0.079
0.080
0.083
0.000
0.000
0.000
0.000
0.000
0.000
0.000
0.000
0.000
0.000
0.000
0.000
0.000
0.000
0.000
0.072
0.083
0.081
0.083
-1.931
0.080
0.083
0.083
0.083
0.083
0.083
0.083
0.083
0.083
0.083
0.083
0.083
0.083
0.083
0.081
0.083
0.083
0.077
0.080
0.083
0.078
0.067
-1.101
-1.101
-1.101
0.083
0.083
0.083
0.083
0.083
0.083
0.083
0.083
0.081
0.080
0.080
0.083
0.067
0.081
0.083
0.083
0.081
0.081
0.083
0.083
0.074
0.081
0.081
0.074
0.083
0.083
0.083
0.083
0.083
0.083
0.083
0.083
-1.395
0.083
0.083
0.067
0.083
0.083
0.077
0.074
0.072
0.080
0.083
0.083
0.076
0.083
0.083
0.075
0.083
0.083
0.083
0.083
0.083
0.083
0.083
0.083
0.083
0.083
0.083
0.083
0.083
0.083
0.083
0.083
0.083
0.067
0.083
0.083
0.083
0.083
0.083
0.083
0.083
0.083
0.083
0.000
0.000
0.000
0.000
0.000
0.000
0.000
0.000
0.000
0.000
0.000
0.000
0.000
0.000
0.000
0.000
0.000
0.000
0.000
0.000
0.000
0.000
0.000
0.000
0.000
0.000
0.000
0.000
0.000
0.000
0.000
0.000
0.000
0.000
0.000
0.000
0.000
0.000
0.000
0.000
0.000
0.000
0.000
0.000
0.000
0.000
0.000
0.000
0.000
0.000
0.000
-4.216
-3.457
-2.691
-1.831
0.083
0.083
0.083
0.083
0.083
0.083
0.081
0.081
0.083
0.080
0.067
-0.084
-0.084
-0.084
-1.253
-1.253
-1.970
0.083
0.083
-2.045
0.083
0.083
0.068
-1.876
-1.876
-1.875
-0.066
-0.066
-0.066
-1.675
-1.097
-2.449
0.000
0.000
0.000
0.000
0.000
0.000
0.000
0.000
0.000
0.000
0.000
0.000
0.067
0.067
0.081
-1.253
-1.254
-1.384
-0.047
-0.047
-0.047
0.083
0.083
0.081
0.083
0.083
0.081
0.083
0.083
0.081
0.075
0.078
0.081
0.083
0.083
0.083
0.083
0.083
0.079
0.083
0.083
0.078
0.083
0.083
0.083
0.083
0.083
0.079
0.081
0.083
0.080
0.083
0.083
0.081
0.083
0.083
0.075
0.083
0.083
0.083
0.083
0.083
0.083
0.083
0.083
0.081
0.067
0.078
0.075
0.083
0.083
0.083
0.072
0.083
0.083
0.083
0.083
0.083
0.083
0.079
0.083
0.081
0.082
0.083
0.083
0.083
0.083
0.083
0.083
0.081
0.083
0.083
0.083
0.083
0.083
0.083
0.083
0.080
0.083
0.083
0.081
0.083
0.083
0.083
0.083
0.083
0.083
0.083
0.061
0.083
0.083
0.083
0.083
0.081
0.083
0.083
0.083
0.083
0.083
0.074
0.083
-1.747
0.083
0.083
0.083
0.083
0.083
0.083
0.083
0.083
0.083
0.083
0.083
0.083
0.078
0.083
0.083
0.083
0.083
0.083
0.083
0.083
0.083
0.074
0.072
0.083
0.083
0.083
0.079
0.081
0.082
0.083
0.083
0.083
0.083
0.083
0.083
0.074
0.076
0.083
0.083
0.083
0.083
0.083
0.083
0.083
0.083
0.083
0.074
0.083
0.083
0.083
0.083
0.081
0.083
0.083
0.083
0.083
0.083
0.083
0.083
0.074
0.075
0.074
0.083
0.083
0.067
0.083
0.080
0.083
0.083
0.083
0.083
0.083
0.083
0.083
0.083
0.080
0.082
0.061
0.074
0.083
0.083
0.083
0.083
0.083
0.083
0.067
0.083
0.080
0.083
0.074
0.081
0.081
0.083
0.067
0.083
0.083
0.083
0.083
0.072
0.070
0.081
0.072
0.082
0.073
0.083
0.083
0.083
0.083
0.083
0.083
0.072
0.083
-1.722
-1.722
-1.720
0.083
0.083
0.080
0.083
0.083
-1.694
0.083
0.078
0.062
0.081
-1.395
0.076
0.083
0.083
0.067
0.083
0.067
0.066
0.067
0.076
0.083
0.081
0.081
0.083
-1.101
-1.097
-1.101
-2.449
-2.710
0.000
0.000
0.000
0.000
0.000
0.000
0.000
0.000
0.000
0.000
0.000
0.000
0.000
0.000
0.000
0.000
0.000
0.000
-1.388
-3.239
-3.252
-3.239
-3.239
-2.877
-2.910
-3.239
-3.246
-3.025
-2.521
-2.519
-2.508
-2.093
-2.096
-2.093
-2.093
-2.096
-2.093
0.083
0.083
0.082
0.081
0.078
0.081
0.081
0.081
0.083
0.083
0.081
0.083
0.078
0.076
0.083
0.083
0.083
0.083
0.081
0.080
0.083
0.083
0.083
0.080
0.083
0.083
0.083
0.083
0.083
0.083
0.083
0.083
0.081
0.083
0.083
0.081
0.083
0.083
0.058
0.058
0.081
0.058
0.078
0.058
0.078
0.058
0.058
0.077
0.058
0.083
0.078
-1.329
0.068
0.058
0.083
0.058
-1.370
0.078
0.058
0.083
0.083
0.058
0.078
0.083
0.057
0.078
0.083
0.083
0.058
0.058
0.083
-2.846
0.058
0.078
0.078
0.058
0.080
0.083
0.077
0.083
0.083
-2.680
0.058
0.058
0.058
0.083
0.078
0.077
0.083
0.058
-0.084
-0.084
-0.084
0.059
0.083
0.083
0.081
0.083
-2.183
0.058
0.058
-1.385
0.058
0.058
0.058
0.058
0.058
0.083
0.083
0.083
0.078
0.083
0.078
0.058
0.058
0.083
0.078
0.058
0.083
0.083
0.070
0.058
0.083
0.058
0.083
-2.146
0.058
0.083
0.083
0.083
0.058
0.074
-0.084
-0.084
-0.084
0.083
0.083
0.060
0.078
0.083
0.058
0.083
0.083
0.058
0.078
0.083
0.058
0.083
0.083
0.078
0.083
0.058
0.058
0.083
0.083
0.078
0.059
0.058
0.058
-0.084
-0.084
-0.084
-0.084
-0.084
-0.084
0.083
0.083
0.078
0.083
0.075
0.083
0.079
0.058
0.083
0.058
0.058
0.058
0.076
-1.365
-1.414
0.058
0.058
0.058
-1.626
-1.586
0.058
0.078
0.080
0.058
0.058
0.058
-1.432
-3.027
0.080
0.076
0.083
0.081
0.078
0.078
0.058
0.078
0.079
0.078
0.058
0.083
0.058
-1.334
0.083
-1.327
0.080
0.078
0.059
0.083
0.083
0.083
0.075
0.058
0.078
0.078
0.058
0.059
0.083
0.083
0.083
-1.287
0.083
0.058
0.081
0.083
0.083
0.058
0.083
0.083
0.081
-2.168
0.083
0.074
0.058
0.078
0.058
0.058
0.059
0.080
0.058
0.083
0.059
-0.943
-0.943
-1.668
-0.945
-1.662
-0.945
0.058
0.083
0.082
0.058
0.058
0.058
0.083
0.081
0.080
-2.002
0.058
0.078
0.083
0.075
0.064
0.058
-1.400
0.078
0.083
0.078
0.078
0.083
0.083
0.058
0.083
0.083
0.058
0.083
0.059
0.081
0.083
0.083
0.081
0.066
0.083
0.080
0.078
0.083
0.082
0.058
0.083
0.058
0.078
0.058
0.083
0.083
0.083
0.083
0.083
0.083
0.083
0.083
0.083
0.074
0.083
0.079
0.083
0.083
0.083
0.083
0.083
0.083
0.083
0.083
0.083
0.083
0.083
0.083
0.082
0.083
0.083
0.083
0.083
0.083
0.083
0.081
0.083
0.083
0.075
0.083
0.078
0.083
0.083
0.083
0.083
0.083
0.083
0.083
0.083
0.083
0.083
0.080
0.083
0.083
0.083
0.081
0.083
0.083
0.083
0.081
0.083
0.083
0.083
0.083
0.061
0.083
0.083
0.083
0.083
0.083
0.083
0.083
0.083
0.072
0.083
0.083
0.083
0.083
0.083
0.083
0.083
0.083
0.083
0.083
0.083
0.081
0.083
0.083
0.074
0.083
0.083
0.067
0.083
0.083
0.083
0.083
0.083
0.083
0.083
0.083
0.083
0.058
0.083
0.067
0.083
0.083
0.080
0.083
0.083
0.081
0.083
0.083
0.082
0.083
0.083
0.083
0.083
0.083
0.083
0.081
0.083
0.080
0.083
0.083
0.082
0.083
0.083
0.083
0.083
0.083
0.081
0.083
0.083
0.080
0.083
0.077
0.081
0.083
0.083
0.083
0.083
0.083
0.083
0.083
0.083
0.083
0.083
0.083
0.081
0.080
0.083
0.081
0.083
0.083
0.081
0.083
0.083
0.080
0.083
0.083
0.074
0.083
0.083
0.083
0.083
0.083
0.082
0.083
0.083
0.083
0.083
0.083
0.083
0.083
0.081
0.083
0.083
0.083
0.080
0.083
0.083
0.083
0.083
0.083
0.083
0.083
0.082
0.080
0.083
0.083
0.083
0.079
0.083
0.083
0.000
0.000
0.000
0.000
0.000
0.000
