fixedStep chrom=ENSGT00510000048454 start=1 step=1
0.000
0.000
0.000
0.000
0.000
0.000
0.076
-2.215
0.089
0.089
0.089
0.089
0.085
0.089
0.085
0.089
0.089
0.085
0.089
0.089
-1.397
0.062
0.089
0.089
0.078
0.089
0.085
0.089
0.089
0.085
0.083
0.089
0.089
0.074
0.089
0.089
0.089
0.089
0.062
0.089
0.085
0.089
0.089
0.086
0.073
-1.383
0.089
-1.397
0.082
0.083
0.083
0.089
0.089
0.089
0.086
-2.193
0.062
0.089
0.062
0.062
0.089
0.083
0.088
0.086
0.088
0.083
-1.095
-1.095
-1.095
0.089
0.089
0.089
0.089
0.089
0.089
0.089
0.089
0.074
0.089
0.089
0.089
0.089
0.089
0.078
0.089
0.089
-1.938
0.073
0.062
0.089
0.089
0.089
0.089
0.074
0.089
-2.720
0.089
0.089
0.089
0.089
0.083
0.089
0.089
0.086
0.076
-1.095
-1.245
-1.095
0.089
0.089
0.089
0.089
0.083
0.089
0.089
0.089
0.062
0.089
0.089
0.089
0.089
0.088
0.089
0.089
0.062
0.062
0.062
0.062
0.063
0.088
0.062
0.085
0.089
0.062
0.062
-0.983
-1.141
-0.978
-0.965
-1.803
-1.808
-0.018
-0.018
-0.018
-0.018
-0.018
-0.018
-1.994
-1.346
-1.347
-2.503
0.073
0.074
0.074
0.074
0.082
0.087
0.082
0.062
0.089
0.089
0.062
0.089
0.089
0.089
0.089
0.089
0.083
0.089
0.089
0.089
0.089
0.089
0.086
0.089
0.089
0.089
0.089
0.083
0.089
0.089
0.089
0.083
0.089
0.089
0.089
0.082
0.085
-1.391
0.089
0.089
0.085
0.073
0.083
0.083
0.083
0.083
0.074
0.089
0.089
0.089
0.089
0.089
0.089
0.089
0.089
0.089
0.089
0.089
0.089
0.089
0.089
0.078
0.089
0.089
0.089
0.089
0.089
0.089
0.089
0.089
0.089
0.089
0.089
0.083
0.089
0.089
0.088
0.089
0.089
0.089
0.089
0.089
0.083
0.089
0.089
0.062
0.089
0.089
0.089
0.089
0.089
0.089
0.089
0.089
0.068
0.089
0.089
0.089
0.089
0.089
0.089
0.089
0.089
0.089
0.089
0.089
0.089
0.062
0.076
0.087
0.086
0.089
0.089
0.089
0.078
0.089
0.089
0.086
0.083
0.089
0.089
0.089
0.089
0.089
0.085
0.089
0.089
0.087
0.089
0.089
0.089
0.089
0.089
0.089
0.089
0.089
0.089
0.089
0.078
0.089
0.089
0.089
0.089
0.089
0.089
0.089
0.089
0.089
0.083
0.072
0.088
0.083
0.089
0.089
0.086
-1.377
0.089
0.078
0.089
0.089
0.089
0.073
0.085
0.088
0.089
0.085
-2.849
0.073
0.083
0.076
0.089
0.089
0.089
0.089
0.089
0.089
0.089
0.089
0.083
0.089
0.089
0.089
0.089
0.089
0.089
0.089
0.089
0.089
0.089
0.089
0.089
0.089
0.089
0.089
0.089
0.089
0.089
0.089
0.089
0.087
0.089
0.089
0.089
0.089
0.089
0.085
0.089
0.089
0.089
0.089
0.089
0.089
0.089
0.089
0.089
0.085
0.089
0.089
0.089
0.089
0.089
0.089
0.089
0.089
0.085
0.089
0.083
0.085
0.089
0.083
0.089
0.089
0.087
0.089
0.073
0.085
0.073
0.086
0.089
0.089
0.089
0.078
0.089
0.087
0.078
0.089
0.089
0.089
0.086
0.084
0.089
0.089
0.089
0.089
0.089
0.089
0.089
0.089
0.085
0.083
0.089
0.089
0.089
0.063
0.086
0.078
0.089
0.089
-2.300
0.089
0.089
0.089
0.089
0.089
0.085
0.089
0.089
0.089
0.089
0.089
0.089
0.089
0.089
0.089
0.089
0.089
0.089
0.089
0.089
0.085
0.089
0.089
0.089
0.089
0.089
0.089
0.089
0.089
0.089
0.089
0.089
0.089
0.089
0.089
0.086
0.089
0.073
0.089
0.062
0.089
0.089
0.089
0.089
0.089
0.089
0.089
0.089
0.089
0.089
0.089
0.089
0.089
0.078
0.089
0.089
0.089
0.089
0.089
0.089
0.089
0.089
0.089
0.089
0.089
0.089
0.089
0.089
0.089
0.089
0.089
0.089
0.089
0.089
0.083
0.089
0.089
0.089
0.089
0.089
0.089
0.089
0.089
0.089
0.089
0.089
0.089
0.087
0.089
0.088
0.089
0.089
-1.391
0.089
0.089
0.089
0.089
0.089
0.089
0.089
0.089
0.089
0.089
0.086
0.089
0.078
0.089
0.089
0.089
0.089
0.074
0.089
0.089
0.089
0.089
0.086
0.089
0.089
0.089
0.089
0.089
0.089
0.089
0.089
0.089
0.089
0.089
0.089
0.083
0.089
0.089
0.089
0.089
0.089
0.078
0.089
0.089
0.089
0.089
0.089
0.089
0.078
0.089
0.089
0.089
0.089
0.089
0.089
0.089
0.087
0.089
0.089
0.089
0.089
0.089
0.089
0.089
0.089
0.089
0.089
0.089
0.087
0.089
0.089
0.089
0.062
0.062
0.089
0.089
0.089
0.089
0.089
0.089
0.089
0.089
0.089
0.089
0.062
0.089
0.089
0.089
0.089
0.089
0.086
0.078
0.085
0.089
0.089
0.089
0.089
0.089
0.089
0.089
0.089
0.089
0.089
0.089
0.089
0.089
0.089
0.089
0.081
0.081
0.081
0.081
0.081
0.074
0.081
0.081
0.078
0.081
0.081
0.081
0.081
0.081
0.081
0.081
0.081
0.081
0.081
0.081
0.073
0.081
0.081
0.081
0.081
0.081
0.081
0.081
0.081
0.074
-0.779
0.081
0.081
0.081
0.081
0.081
0.081
0.081
0.066
0.081
0.081
0.081
0.081
0.081
-0.779
0.081
0.081
0.081
0.081
0.081
0.074
0.075
0.081
0.074
0.081
0.081
0.081
0.081
0.081
0.078
0.081
0.081
-0.798
0.081
0.081
0.061
0.081
0.081
0.073
0.081
0.081
0.081
0.081
0.081
0.081
0.081
0.081
0.081
0.081
0.073
0.081
-0.798
0.074
0.078
0.081
0.081
0.081
0.081
0.081
0.074
-0.796
0.081
0.081
0.081
0.081
0.081
0.081
0.081
0.074
0.081
0.081
0.081
0.073
0.081
0.081
0.081
0.081
0.081
0.081
0.081
0.081
0.081
0.081
0.079
-0.798
0.081
-0.796
0.081
0.081
0.081
0.081
0.081
-0.798
0.081
0.081
0.081
0.081
-0.796
0.073
0.081
0.081
0.081
0.081
0.081
0.081
0.081
0.081
0.081
0.081
0.071
0.081
0.081
0.081
0.078
0.079
0.081
0.078
0.081
0.081
0.081
0.081
0.081
0.079
0.081
0.081
0.079
0.081
-0.796
0.081
0.081
0.079
0.078
0.081
0.081
0.074
0.081
0.081
-0.798
0.081
0.081
0.081
0.081
0.081
0.081
-0.796
0.074
0.071
0.081
0.081
0.081
0.081
0.074
-1.434
0.081
0.081
-0.796
0.073
0.081
0.081
0.081
0.081
0.081
0.081
0.081
0.081
0.081
0.081
0.081
0.081
0.073
0.081
0.073
-0.796
0.081
0.081
0.081
0.080
-0.798
0.081
0.069
0.081
0.081
0.073
0.081
0.074
0.074
0.081
0.081
0.081
0.081
-0.794
0.073
0.081
0.081
0.081
0.081
0.081
0.081
0.081
0.081
0.081
0.081
-2.025
0.081
0.081
0.081
-0.796
0.081
0.081
0.081
0.081
0.081
0.081
-2.082
0.081
0.077
0.081
0.081
0.074
0.089
0.085
0.067
0.065
-1.893
0.074
-1.028
-1.741
-1.028
-1.631
-1.025
-1.029
0.062
0.072
0.089
0.089
0.089
0.088
0.089
0.089
0.089
0.089
0.089
0.089
0.082
0.089
0.083
0.083
0.089
0.062
0.089
0.089
0.083
0.089
0.089
0.089
-0.017
-0.017
-0.017
0.085
0.085
0.089
0.072
0.072
-0.507
0.072
0.072
0.089
0.082
0.072
-3.310
0.080
0.078
0.087
0.089
0.089
0.074
0.089
0.089
0.089
0.062
0.089
0.089
0.089
0.089
0.089
0.089
0.089
0.089
0.089
0.089
0.085
0.087
0.089
0.083
0.089
0.073
0.089
0.089
0.089
0.089
-1.029
-1.028
-3.168
0.089
0.089
-1.442
0.089
0.083
0.089
0.089
0.089
0.089
0.089
0.089
0.089
0.078
0.089
0.089
0.089
0.089
0.089
0.083
0.089
0.088
0.083
0.089
0.086
0.083
0.063
0.089
-1.028
-1.025
-2.406
0.089
0.089
0.089
0.089
0.089
0.089
0.089
0.089
0.089
0.089
0.089
0.089
0.089
0.083
0.073
0.089
0.089
0.083
0.086
0.089
0.089
0.083
0.083
0.089
0.089
0.089
0.085
0.089
0.089
0.089
0.089
0.085
0.089
0.089
0.079
0.089
-1.028
-1.025
-1.029
0.085
0.083
0.072
0.086
0.089
0.089
0.089
0.062
0.087
0.089
0.089
0.062
0.089
0.089
0.062
0.089
0.089
0.089
0.089
0.089
0.089
0.089
0.089
0.089
0.089
0.089
0.083
0.062
0.089
0.089
0.089
0.089
0.089
0.089
0.089
0.089
0.089
0.089
0.089
0.087
0.089
0.086
0.089
0.089
0.089
0.089
0.089
0.089
0.089
0.089
0.062
0.078
0.089
0.089
0.089
0.089
0.087
0.089
0.089
0.089
0.083
0.089
0.089
0.089
0.089
0.087
0.087
0.089
0.089
0.083
0.085
-1.376
0.089
0.067
0.085
-0.017
-0.017
-0.017
0.085
0.085
0.089
-1.278
0.085
0.069
0.089
0.089
0.089
0.089
0.089
0.089
0.089
-1.307
0.089
0.089
0.083
0.089
0.089
0.089
0.089
0.089
0.089
0.087
0.083
0.089
-1.247
0.089
0.089
0.089
0.089
0.083
0.089
0.089
0.089
0.072
0.089
0.089
0.087
0.083
0.089
0.071
0.089
0.089
0.087
0.017
0.017
0.017
0.017
0.017
0.017
0.089
0.089
0.089
0.089
0.089
0.089
0.089
0.089
0.083
0.089
0.086
0.089
0.089
0.086
0.089
0.089
0.089
0.089
0.089
0.089
0.089
0.062
0.089
0.087
0.089
0.062
0.089
0.089
0.089
0.089
0.089
0.078
0.089
0.089
0.089
0.085
0.078
0.089
0.089
0.089
0.089
0.089
0.089
0.089
0.072
0.089
0.089
0.089
0.085
0.089
0.062
0.089
0.088
0.089
0.089
0.087
0.089
0.087
0.080
0.087
0.080
0.077
0.087
0.078
0.087
-2.662
0.080
-1.864
0.089
0.080
0.085
-1.872
0.073
0.086
0.080
0.080
0.089
0.087
0.087
0.089
0.073
-0.001
-0.001
-0.001
-0.890
-0.890
-1.510
-0.890
-1.510
-0.890
-1.517
-0.890
-0.888
-2.152
-0.976
-1.512
-1.509
-1.517
-1.512
-1.856
0.080
0.087
0.089
0.086
0.087
0.089
0.089
0.089
0.089
0.085
-1.795
-4.226
0.080
0.083
-2.790
-3.431
-1.743
0.076
-1.788
0.072
0.067
-3.270
0.080
0.089
0.089
0.080
0.073
0.085
0.080
0.089
0.089
0.086
0.089
0.089
0.089
0.089
0.089
0.089
0.085
0.083
0.073
-1.245
-1.245
-1.245
-0.038
-0.038
-0.038
-1.094
-1.095
-1.094
-1.095
-1.091
-1.095
-1.245
-1.094
-1.095
-1.383
-1.377
0.074
-0.018
-0.018
-0.018
-0.018
-0.018
-0.018
0.089
0.089
0.089
0.085
0.085
0.068
0.089
0.089
0.089
0.089
0.089
0.073
-1.246
-1.277
0.089
0.089
0.078
0.075
0.000
0.000
0.000
0.000
0.000
0.000
0.000
0.000
0.000
0.000
0.000
0.000
0.089
0.089
0.089
0.089
0.089
0.085
0.089
0.089
0.089
0.083
0.062
0.089
0.089
0.089
0.082
0.083
0.062
0.085
0.083
0.089
0.089
0.089
0.089
0.078
0.089
0.089
0.089
0.089
0.089
0.085
0.089
0.089
0.089
0.089
0.089
-1.301
0.089
0.089
0.082
0.089
0.089
-1.376
0.089
0.089
0.089
0.089
0.089
0.089
0.089
0.089
0.089
0.089
0.089
0.087
0.083
0.063
0.089
0.089
0.089
0.085
0.086
0.085
0.089
0.089
0.073
0.086
0.089
0.089
0.089
0.089
0.063
0.089
0.089
0.089
0.089
0.089
0.089
0.089
0.089
0.085
0.089
0.089
0.086
0.085
-1.376
0.089
0.084
0.089
0.089
0.089
0.089
0.089
0.088
0.082
0.089
0.089
0.089
0.089
0.089
0.089
0.089
0.067
0.079
0.072
0.085
0.065
0.072
0.072
0.072
0.072
-1.849
0.085
0.083
0.085
0.068
0.085
0.071
0.079
0.065
-2.057
-2.011
0.064
0.072
0.072
0.089
0.085
0.072
0.072
0.072
0.089
0.089
0.089
0.072
0.072
0.072
0.073
-2.838
0.072
-1.955
0.064
0.070
0.072
0.089
0.065
0.072
0.072
0.065
0.062
0.072
0.065
0.089
0.072
0.085
0.072
0.085
0.072
0.085
0.089
0.077
0.089
0.089
0.089
-1.991
0.072
0.085
0.072
0.089
0.072
-1.028
-1.028
-1.029
0.072
0.089
0.072
0.089
0.089
0.070
0.072
0.089
0.085
0.072
0.072
0.072
0.072
0.072
0.072
0.089
0.068
0.062
0.072
0.072
0.072
0.072
0.072
0.065
0.072
0.089
0.070
0.085
0.065
0.089
0.085
0.089
0.072
0.089
0.072
0.081
0.085
0.078
0.072
0.089
0.065
0.072
0.072
0.085
0.089
0.065
0.072
-1.938
0.089
0.089
0.089
0.089
0.072
0.072
0.089
0.089
0.089
-1.028
-1.029
-1.029
-1.028
-1.028
-1.131
-1.028
-1.029
-1.028
0.089
0.085
0.072
0.072
0.072
0.087
0.089
0.065
0.089
0.089
0.089
0.072
0.072
0.072
0.089
0.089
0.089
0.067
0.089
0.072
0.085
0.089
0.089
0.089
0.067
0.081
0.089
-1.028
-1.025
-1.029
0.085
0.085
0.068
0.085
0.089
0.071
0.072
0.088
0.072
0.072
0.072
0.070
0.089
0.069
0.072
0.082
0.089
0.083
0.087
0.082
0.089
0.072
-1.278
0.072
0.072
0.072
0.085
-2.793
0.064
0.089
0.089
-2.263
0.067
0.089
0.086
0.072
0.083
-1.986
0.072
0.072
0.089
-1.398
-2.179
0.085
0.065
-1.827
-1.349
0.089
0.065
0.081
0.079
0.072
0.079
0.072
0.072
0.089
0.085
0.072
0.072
0.089
0.072
0.065
0.089
0.085
0.072
0.087
0.072
-2.057
0.072
0.086
0.085
0.085
0.068
0.065
0.068
-1.968
-2.067
-1.967
-0.018
-0.018
-0.018
-3.262
-1.196
-1.174
-1.029
-1.198
-1.029
-1.029
-1.028
-1.029
-1.029
-1.028
-1.028
0.089
0.089
0.089
0.083
0.089
0.061
0.083
0.089
0.089
0.086
0.089
0.086
0.062
0.089
0.062
0.089
0.089
0.089
0.089
0.089
0.089
0.089
0.089
0.089
0.089
0.089
0.089
0.089
0.089
0.089
0.089
0.089
0.089
0.089
0.089
0.089
0.089
0.089
0.089
0.089
0.089
0.085
0.089
0.089
0.062
0.089
0.089
0.089
0.078
0.089
0.089
0.089
0.089
0.089
0.089
0.089
0.089
0.085
0.073
0.073
0.073
0.085
0.085
-1.095
-1.094
-1.095
-1.095
-1.244
-1.749
0.089
0.089
0.086
0.089
0.089
0.089
0.089
0.089
0.089
0.089
0.089
0.089
0.089
0.089
0.088
0.089
0.089
0.089
0.089
0.089
0.089
0.089
0.089
0.089
0.089
0.089
0.089
0.074
0.081
0.081
0.081
0.081
0.073
0.081
0.081
0.081
0.081
0.081
-1.449
0.073
0.081
0.081
0.081
0.081
0.081
0.081
0.071
0.079
0.000
0.000
0.000
0.000
0.000
0.000
-0.794
-1.890
0.081
0.081
0.081
0.081
0.074
0.081
0.081
0.081
0.081
0.081
0.081
0.081
0.081
0.081
0.081
0.079
0.079
0.081
0.081
0.081
0.078
0.081
0.081
0.081
0.078
0.073
0.081
0.078
0.081
0.081
0.081
0.079
0.074
0.081
0.081
0.077
0.081
0.081
0.081
0.081
0.081
0.081
0.081
0.081
0.081
0.079
0.081
0.081
0.078
0.081
0.081
0.074
0.081
0.081
0.081
0.081
0.081
0.081
0.081
0.081
0.081
0.081
0.081
0.081
0.081
0.081
0.081
0.081
0.081
0.081
0.081
0.081
0.081
0.073
0.081
0.081
0.081
0.081
0.081
0.081
0.081
0.081
0.081
0.081
0.081
0.081
0.081
0.081
0.081
0.081
0.081
0.081
0.081
0.081
0.081
0.081
0.081
0.081
0.081
0.081
0.081
0.081
0.081
0.081
0.081
0.081
0.081
0.081
-1.713
0.081
0.081
-1.625
0.081
0.081
0.073
0.081
0.081
0.074
0.081
0.071
0.081
0.081
0.081
0.081
0.081
0.081
0.081
0.081
0.081
0.081
0.081
0.081
0.074
0.081
0.081
0.077
0.081
0.081
0.081
0.073
0.081
0.081
0.081
0.081
0.081
-0.796
0.081
0.081
0.081
0.081
0.080
-1.159
-1.094
-1.158
-1.095
-1.095
-1.158
-0.779
0.074
0.081
0.081
-0.779
0.081
0.081
-0.798
0.074
0.081
0.079
0.081
0.081
0.081
0.081
0.081
0.081
0.081
0.081
0.081
0.079
0.081
0.081
0.069
0.081
0.081
-0.798
0.073
0.081
0.081
0.081
0.081
0.081
0.081
0.081
0.081
0.081
0.081
0.081
0.081
0.081
0.081
0.081
0.081
0.081
-0.796
0.081
0.081
0.081
0.081
0.081
0.081
0.081
0.081
-0.796
0.081
0.081
0.081
0.073
0.081
0.081
0.081
0.078
0.081
0.081
0.081
0.079
0.081
0.074
0.081
0.081
0.081
0.081
0.081
0.081
0.081
0.081
0.062
0.074
0.081
0.081
0.081
0.081
0.078
0.081
0.081
0.081
0.074
0.081
0.081
0.081
0.074
0.081
-0.779
0.081
0.081
0.081
0.073
0.074
0.081
0.081
0.081
0.081
0.081
0.073
0.081
0.081
0.081
0.081
0.081
0.081
0.081
0.081
0.081
0.081
0.073
0.081
0.081
0.081
0.081
0.081
0.074
0.081
0.081
0.081
0.081
0.081
0.081
0.081
0.081
0.081
0.081
0.074
0.079
0.079
0.081
0.081
0.079
0.081
0.081
0.081
0.081
0.081
0.079
0.081
0.081
0.081
0.081
0.081
0.081
0.081
0.081
0.081
0.081
0.073
0.081
0.081
0.081
0.071
0.081
0.081
0.081
0.081
0.081
0.081
0.081
0.081
0.074
0.081
0.081
0.081
0.081
0.081
0.081
0.081
0.081
0.081
0.081
0.079
0.081
0.081
0.081
0.074
0.081
0.081
0.081
0.081
0.081
0.074
0.081
0.081
0.071
0.081
0.081
0.081
0.081
0.081
0.081
0.081
-0.779
0.081
0.081
0.081
0.081
0.081
0.081
0.081
0.081
0.081
0.081
0.081
0.079
0.081
0.073
0.081
0.081
0.074
0.081
0.074
0.081
0.081
0.073
0.081
0.081
0.074
0.081
0.081
0.081
0.081
0.081
0.081
0.081
0.081
0.081
0.081
0.081
0.081
0.081
0.081
0.081
0.081
0.081
0.081
0.081
0.081
0.081
0.081
0.081
0.073
0.081
0.081
0.074
0.081
0.081
0.081
0.081
0.081
0.081
0.074
0.081
0.081
0.081
0.081
0.081
0.081
0.081
0.081
0.081
0.081
0.079
0.081
0.081
-1.460
-0.794
0.081
0.081
0.081
0.081
0.081
0.081
0.081
0.081
0.081
0.081
0.081
0.073
0.081
0.081
0.081
0.071
0.079
0.081
0.081
0.071
0.081
0.081
0.081
0.081
0.081
0.081
0.081
0.081
0.078
0.073
0.081
0.074
0.081
0.081
0.081
0.081
0.081
0.081
0.081
0.081
0.081
0.081
0.081
0.081
0.081
0.081
0.079
0.081
0.081
0.081
0.081
0.081
0.081
0.081
0.081
0.081
0.081
0.073
0.081
0.081
0.081
0.081
0.071
0.081
0.079
0.081
0.081
-0.798
0.079
0.081
0.071
0.081
0.081
0.081
0.081
0.081
0.081
0.081
0.081
-0.796
0.089
0.089
0.089
0.089
0.089
0.089
0.083
0.089
0.083
0.089
0.089
0.089
0.089
0.089
0.089
0.089
0.089
0.086
0.085
0.089
0.089
0.089
0.089
0.089
0.089
0.089
0.089
0.089
0.089
0.083
0.083
0.089
0.089
0.089
-2.064
0.089
0.089
0.089
0.089
0.089
0.089
0.089
0.089
0.089
0.089
0.089
0.089
0.086
0.089
0.086
0.062
0.089
0.089
0.085
0.089
0.089
0.089
0.089
0.089
0.062
0.089
0.089
-1.397
0.089
0.089
0.089
0.089
0.089
0.089
0.089
0.085
0.089
0.089
0.085
0.076
-2.078
0.089
0.077
0.086
0.089
0.089
0.089
0.089
0.089
0.074
0.089
0.089
0.083
0.089
0.089
0.089
0.089
0.086
0.089
0.089
0.089
0.089
0.089
0.062
0.089
0.089
0.089
0.089
0.089
0.062
0.089
0.089
0.089
0.089
0.089
0.087
0.089
0.089
0.071
0.062
0.087
0.089
0.087
0.082
0.087
0.089
0.089
0.062
0.089
0.089
0.089
0.089
0.089
0.089
0.074
0.089
0.089
0.089
0.089
0.087
0.089
0.089
0.089
0.089
0.089
0.089
0.078
0.089
0.088
0.089
0.089
0.062
0.086
0.089
0.089
0.089
0.089
0.089
0.089
0.085
-1.368
0.089
0.089
0.089
0.089
0.070
0.089
0.080
0.089
0.089
0.089
0.062
0.062
0.089
0.089
0.089
0.089
0.089
0.089
0.089
0.089
0.089
0.089
0.085
0.089
0.089
0.089
0.089
0.089
0.082
0.087
0.086
0.089
0.089
0.089
0.089
0.085
0.089
0.089
0.082
0.089
0.089
0.089
0.089
0.089
0.089
0.089
0.087
0.089
0.078
0.089
0.083
0.085
0.083
-1.303
0.087
0.086
0.089
0.089
0.086
0.089
0.089
-1.881
0.089
0.089
0.089
-1.439
0.087
0.062
0.089
0.089
0.089
0.089
0.089
0.089
0.074
0.089
0.073
0.085
0.082
0.089
0.089
0.089
0.086
-1.397
0.089
0.089
0.085
0.089
0.089
0.089
0.089
0.089
0.063
0.089
0.089
0.062
0.086
0.082
0.087
0.073
-1.541
0.089
0.089
0.089
0.089
0.089
0.089
0.083
0.089
0.089
0.089
0.085
0.089
0.089
0.083
0.089
0.085
-0.937
-0.888
-0.890
-0.939
-0.890
-0.890
-0.890
-0.890
-1.328
-0.890
-0.976
-1.349
0.089
0.087
0.078
0.086
0.085
0.085
0.089
0.089
0.089
0.083
0.085
0.089
0.089
0.062
-2.753
0.089
0.089
0.068
0.089
0.083
0.079
0.085
0.089
0.089
0.074
-1.867
0.086
-1.308
0.089
0.086
-0.890
-0.890
-0.899
0.089
0.089
0.086
0.083
0.079
0.089
0.089
0.089
0.089
0.089
0.089
0.086
0.083
0.085
0.089
0.089
0.089
0.089
0.089
0.089
0.089
0.089
0.083
-1.307
0.085
0.089
0.083
0.083
0.089
-1.247
0.089
0.083
0.087
0.089
0.089
0.089
-1.377
0.083
0.089
0.089
0.089
0.089
