fixedStep chrom=ENSGT00390000017390 start=1 step=1
0.088
0.088
0.088
0.088
0.088
0.088
0.088
0.084
0.088
0.086
0.084
0.088
0.084
0.088
0.081
0.088
0.066
0.088
0.088
0.088
0.088
0.088
0.088
0.085
0.081
0.088
0.088
0.088
0.077
0.088
0.088
0.088
0.086
0.081
0.087
0.088
0.088
0.088
0.086
0.088
0.088
0.088
0.074
0.088
0.088
0.069
0.085
0.088
0.079
0.088
0.088
0.088
0.088
0.069
0.088
0.088
0.088
0.088
0.081
0.077
0.088
0.088
0.064
0.086
0.082
0.086
0.088
0.086
0.067
0.085
0.088
0.088
0.088
0.088
0.086
0.088
0.088
0.088
0.088
0.087
0.074
0.088
0.088
0.085
0.088
0.088
0.085
0.088
0.088
0.081
0.086
0.074
0.088
0.088
0.088
0.084
0.088
0.084
0.088
0.088
0.088
0.087
0.088
0.088
0.072
0.088
0.088
0.088
0.088
0.088
0.084
0.088
0.070
0.088
0.070
0.069
0.066
-1.006
-1.003
-1.477
-1.006
-1.006
-1.006
0.088
0.088
0.088
0.088
0.088
0.086
0.088
0.088
0.085
-2.701
0.070
0.077
0.081
0.088
0.088
0.088
0.085
0.071
0.087
0.088
0.088
0.088
0.086
0.081
0.088
0.081
0.086
0.088
0.088
0.088
0.080
0.088
-1.806
0.081
0.088
0.088
0.088
0.088
0.088
0.067
0.088
0.074
0.088
0.088
0.070
-2.913
0.088
0.088
0.088
0.088
0.088
0.088
0.088
0.088
0.088
0.088
0.084
0.088
0.088
0.088
0.088
0.088
0.088
0.088
0.088
0.088
0.065
0.081
0.077
-2.718
0.088
0.077
0.088
0.088
0.084
0.088
0.088
0.088
0.079
0.088
0.082
0.088
0.088
0.088
0.088
0.088
0.088
0.088
0.088
0.088
0.088
0.088
0.088
0.088
0.088
0.088
0.077
0.088
0.088
0.088
0.088
0.081
0.088
0.088
0.085
0.077
0.088
0.088
0.066
0.068
0.070
0.088
0.088
0.088
0.084
0.081
0.088
0.068
0.074
0.079
0.085
0.088
0.088
0.088
0.086
0.088
0.088
0.087
0.081
0.085
0.088
0.088
0.000
0.000
0.000
0.000
0.000
0.000
0.000
0.000
0.000
0.088
0.088
0.082
0.088
0.088
0.088
0.088
0.088
0.088
0.088
0.088
0.088
0.085
0.084
0.086
0.077
0.088
0.088
0.085
0.088
0.077
0.088
0.088
0.087
0.088
0.088
0.086
0.081
0.088
0.088
0.088
0.088
0.088
0.081
0.074
0.088
0.088
0.088
0.088
0.084
0.088
0.088
0.085
0.088
0.084
0.088
0.088
0.088
0.088
0.088
0.082
0.084
0.088
0.088
0.088
0.074
0.088
0.088
0.088
0.088
0.086
0.086
0.088
0.088
0.088
0.088
0.088
0.088
0.088
0.088
0.088
0.088
0.088
0.085
0.088
0.088
0.088
-2.415
0.088
0.088
0.088
0.088
0.088
0.085
0.088
0.088
0.084
0.088
0.088
0.085
0.070
0.085
0.088
0.088
0.085
0.086
0.074
0.088
0.070
0.086
0.088
0.070
0.087
0.078
0.081
0.088
0.085
0.088
0.072
0.077
0.079
0.081
0.070
0.088
0.088
0.088
0.088
0.063
0.079
0.088
0.088
0.088
0.084
0.088
0.088
0.088
0.088
0.088
0.088
0.084
0.084
0.088
0.081
0.088
0.086
0.079
0.088
0.088
0.072
0.074
0.088
0.088
0.088
0.088
0.088
0.070
0.088
0.088
0.078
0.078
-1.554
0.075
0.078
0.060
0.064
0.072
0.078
0.078
0.078
0.075
0.078
0.078
0.078
0.078
0.075
0.078
-1.549
0.078
0.064
0.078
0.078
0.078
0.078
0.078
0.078
0.075
0.078
0.074
0.078
0.078
0.078
0.078
0.056
0.078
0.078
0.075
0.075
0.078
0.078
0.078
0.078
0.062
0.075
0.076
0.078
0.078
0.065
0.078
0.078
0.078
0.059
0.078
0.078
0.078
0.078
0.078
0.075
0.074
0.078
0.064
0.078
0.078
0.078
0.078
0.078
0.078
0.078
0.078
0.075
0.078
0.075
0.078
0.060
0.078
0.078
0.078
0.078
0.078
0.078
0.078
0.078
0.078
0.062
0.078
0.078
0.078
0.074
0.078
0.075
0.078
0.078
0.078
0.078
0.078
0.078
0.078
0.078
0.078
0.075
-0.207
-0.207
-0.206
-2.166
0.075
0.078
0.078
0.078
0.075
0.075
0.074
0.062
0.078
0.062
0.075
0.075
0.075
-2.020
0.074
0.078
0.075
0.078
-1.556
0.075
-1.119
-1.831
-1.122
-1.122
-1.119
-1.123
-1.122
-1.123
-1.122
-1.122
-1.123
-1.123
0.078
0.062
0.061
0.077
0.062
0.078
0.078
0.088
0.086
0.086
0.088
0.086
0.069
0.088
0.088
0.088
0.088
0.079
0.086
0.088
0.086
0.088
0.088
0.081
0.088
0.069
0.085
0.088
0.088
0.082
0.088
0.088
0.088
0.087
0.077
0.072
-1.340
-1.203
-1.384
0.085
0.085
0.088
0.088
0.088
0.077
0.088
0.088
0.088
0.088
0.074
0.088
-1.883
0.088
0.088
0.060
0.083
0.060
0.060
0.060
0.083
0.083
0.061
0.078
0.078
0.059
0.078
-0.530
-0.655
-0.530
-0.401
-0.530
-0.530
0.083
0.083
0.083
0.083
0.079
0.079
0.083
0.083
0.083
0.083
0.083
0.078
0.067
0.083
0.083
0.083
0.078
0.076
0.083
0.083
0.081
0.078
-1.451
0.079
0.079
0.078
0.083
0.083
0.083
0.077
0.077
0.083
0.078
0.083
0.083
0.081
0.083
0.083
0.083
0.083
0.083
0.078
0.083
0.083
0.083
0.079
0.079
0.083
0.074
0.083
0.083
0.083
0.079
0.083
0.083
0.083
0.079
0.083
0.083
0.083
0.083
0.067
0.079
0.083
0.078
0.083
0.083
0.083
0.083
0.083
0.083
0.083
0.083
0.083
0.083
0.083
0.083
0.083
0.062
0.083
0.075
0.078
0.083
0.083
-1.203
-1.201
-1.636
-2.035
-1.395
-1.196
0.083
0.083
0.071
0.083
0.083
0.083
0.062
0.083
0.078
0.083
0.083
0.083
0.083
0.083
0.078
0.083
0.078
0.083
0.083
0.078
0.083
0.083
0.083
0.083
0.083
0.083
0.083
0.083
0.083
0.083
0.083
0.083
0.083
0.083
0.083
0.083
0.060
0.083
-1.426
0.079
0.083
0.083
0.083
0.078
0.083
0.083
0.083
0.076
0.083
0.083
0.083
0.083
0.083
0.083
0.083
0.083
0.083
0.083
0.083
0.078
0.083
0.071
0.078
0.067
0.083
0.078
0.083
0.083
0.083
0.081
0.083
0.083
0.083
0.083
0.083
0.083
0.083
0.083
0.083
0.083
0.083
0.083
0.083
0.081
0.083
0.083
0.083
0.083
0.083
0.083
0.083
0.083
0.076
0.076
0.083
0.083
0.083
0.083
0.083
0.083
0.075
0.083
-2.100
0.077
0.082
0.069
0.088
0.072
0.086
0.088
0.064
0.088
0.085
0.088
0.088
0.087
0.074
0.088
0.069
0.088
0.088
0.088
0.088
0.074
0.074
0.088
0.085
0.085
0.082
0.081
0.069
0.088
0.088
0.088
0.088
0.086
0.088
0.069
0.088
0.088
0.084
0.088
0.088
0.088
0.088
0.088
0.088
0.088
0.088
0.088
0.088
0.088
0.072
0.088
0.088
0.088
0.088
0.088
0.088
0.088
0.088
0.088
0.088
0.088
0.088
0.088
0.088
0.085
0.088
0.086
0.085
