fixedStep chrom=ENSGT00520000060793 start=1 step=1
0.058
0.058
0.058
0.058
0.058
0.058
0.058
0.057
0.058
0.058
0.058
0.058
0.050
0.058
0.050
0.058
0.058
0.058
0.058
0.058
0.058
0.058
0.058
0.058
0.058
0.058
0.058
0.050
0.050
0.058
0.058
0.058
0.058
0.058
0.058
0.058
-1.205
0.058
0.058
0.058
0.058
0.058
0.058
0.058
0.058
0.050
0.058
0.058
0.058
0.058
0.050
0.058
0.058
0.058
0.058
0.058
0.050
0.058
0.050
0.058
0.058
0.058
0.058
0.058
0.050
0.058
0.058
0.058
0.050
0.058
0.058
-1.202
0.050
0.058
0.058
0.058
0.058
0.058
0.058
0.056
-1.205
0.058
0.058
0.058
0.058
0.058
0.050
0.058
0.058
0.058
0.058
0.058
0.056
0.058
0.054
0.058
0.053
0.058
0.058
0.058
0.058
0.058
0.058
0.058
0.058
0.050
0.058
0.058
0.058
0.058
0.058
0.058
0.058
0.058
0.058
0.058
0.050
0.058
0.058
0.058
0.058
0.058
0.058
0.058
0.058
0.058
0.058
0.056
0.058
0.058
0.058
0.050
0.058
0.058
0.058
0.058
0.058
0.058
0.058
0.058
0.050
0.058
0.058
0.058
0.058
0.058
0.058
0.058
0.058
0.058
0.058
0.058
0.058
0.058
0.058
0.058
0.058
0.058
0.058
0.058
0.057
0.050
0.058
0.058
0.058
0.058
0.058
0.058
0.058
0.058
0.058
0.058
0.058
0.058
-1.201
0.058
0.058
0.058
0.058
0.050
0.058
0.058
0.058
0.058
0.058
0.058
0.058
0.058
0.050
0.058
0.058
0.058
0.058
0.058
0.058
0.058
0.058
0.058
0.058
0.058
0.058
0.058
0.058
0.058
0.058
0.050
0.058
0.050
0.058
0.050
0.058
0.058
0.058
0.058
0.058
0.058
0.058
0.058
0.058
0.058
0.058
0.058
0.058
0.058
-1.205
0.058
0.058
0.058
0.058
0.053
0.058
0.058
0.058
0.058
0.058
0.058
0.058
0.058
0.050
0.058
0.058
0.058
0.058
0.058
0.058
0.058
0.058
0.058
0.058
-1.198
0.050
0.058
0.058
0.058
0.050
0.058
0.058
0.050
0.058
0.058
0.058
0.058
0.058
0.058
0.058
0.058
0.050
-1.205
0.058
0.058
0.050
0.058
0.058
0.058
0.058
0.058
0.058
0.058
0.058
0.058
0.058
0.058
0.058
0.050
0.058
0.058
0.058
0.050
-1.202
0.058
0.058
0.058
0.058
0.058
0.058
0.058
0.058
0.058
0.058
0.058
0.058
0.058
0.057
0.058
0.058
0.058
0.058
0.058
0.050
0.058
0.058
0.058
0.058
0.058
0.050
0.058
0.058
0.058
0.058
0.058
0.058
0.058
-1.203
-1.198
0.058
0.058
0.058
0.058
0.058
0.058
0.058
0.058
0.050
-1.949
-2.802
-1.949
-1.949
-1.955
-1.958
-1.955
-1.958
-2.289
-1.939
-2.467
-2.291
-1.949
-1.939
-1.958
0.058
0.058
-2.023
0.058
0.058
0.058
0.050
0.058
0.050
0.050
-1.198
0.056
0.058
0.058
0.050
0.058
0.050
0.058
0.058
0.058
0.050
0.058
0.058
0.058
-1.205
0.050
0.050
0.058
0.058
0.058
0.058
0.058
-1.195
0.058
0.058
0.058
0.058
0.058
0.058
-2.309
0.058
0.058
0.058
0.058
0.058
0.058
0.058
0.050
0.058
0.058
0.050
0.058
0.058
0.050
0.050
0.058
0.050
0.058
0.058
0.058
0.058
0.058
0.058
0.058
0.058
0.058
0.058
0.058
0.058
0.058
0.058
-1.205
0.058
0.058
0.058
0.058
0.058
0.058
0.058
0.058
0.053
0.058
0.058
0.058
0.058
0.058
0.058
0.058
0.058
-1.203
0.058
0.058
0.058
0.058
0.050
0.050
-1.196
0.058
0.058
-1.203
0.050
0.058
0.050
0.058
0.058
0.058
0.058
0.058
0.058
0.053
0.058
0.058
0.058
-1.205
0.058
0.058
0.058
0.058
0.058
-1.195
0.058
0.058
0.058
0.058
0.058
0.058
0.058
0.058
0.058
0.058
0.058
0.050
-1.198
0.058
0.058
0.058
0.050
0.058
-1.201
0.058
-1.198
0.058
0.058
0.058
0.056
0.058
0.058
0.058
0.058
0.058
0.058
0.058
0.058
0.058
0.058
0.058
0.058
0.058
0.058
0.056
0.058
0.058
0.058
0.058
0.050
-1.195
0.058
0.058
0.058
0.058
0.058
0.058
-1.198
0.058
0.058
0.058
0.058
0.058
0.058
0.058
0.058
0.058
0.058
0.058
0.058
0.056
0.058
0.058
0.058
0.058
0.058
0.058
0.058
0.058
0.058
0.058
0.058
0.058
0.058
0.058
0.058
0.058
0.058
0.058
0.058
0.058
0.058
0.058
0.058
0.058
0.058
0.058
0.058
0.058
0.058
0.058
0.050
0.058
0.058
0.058
0.058
0.058
0.058
0.058
0.058
0.058
0.058
0.058
0.058
0.058
0.058
0.058
0.058
0.050
-1.889
-1.873
-1.889
-1.385
-2.389
-1.372
-0.956
-0.956
-0.956
-0.956
-0.956
-0.956
-0.956
-0.956
-0.956
-0.956
-0.956
-0.956
-0.956
-0.956
-0.956
