fixedStep chrom=ENSGT00390000012501 start=1 step=1
0.000
0.000
0.000
0.000
0.000
0.000
0.000
0.000
0.000
-1.214
-1.212
-1.214
-1.162
-1.180
0.057
0.057
0.057
-1.189
0.057
0.057
0.057
0.057
0.057
0.057
0.053
0.057
0.057
0.057
0.057
0.057
0.057
0.057
0.057
0.057
0.057
0.052
0.057
0.057
-1.189
0.057
0.053
0.057
-1.155
0.057
0.057
0.057
0.057
0.053
0.057
0.057
0.057
0.057
0.057
0.057
0.057
0.057
0.057
0.052
0.057
0.057
0.057
0.057
0.052
-1.161
0.053
0.057
0.057
0.057
0.057
0.057
0.057
0.057
0.057
0.057
0.057
0.057
0.053
0.053
0.057
0.057
-1.187
0.057
0.057
-1.187
-1.198
0.057
0.057
0.057
0.057
0.052
0.057
0.057
0.052
0.057
0.057
0.057
0.053
0.057
0.057
0.057
0.057
0.052
0.057
0.057
-1.161
0.057
0.057
0.057
0.057
0.057
0.057
0.057
0.057
0.057
0.057
0.057
0.057
0.057
0.057
0.057
0.057
0.057
0.057
0.057
0.057
0.057
0.057
0.057
0.052
0.057
0.057
0.052
0.057
0.057
0.057
0.057
0.057
-1.187
0.057
0.057
0.057
0.057
0.057
0.057
0.057
0.057
0.057
0.057
0.057
0.057
0.057
0.057
-2.110
0.057
0.057
0.057
0.057
0.057
-1.233
0.057
0.052
0.057
0.057
0.057
0.057
0.057
0.057
0.057
0.057
0.057
0.057
0.057
0.057
-1.197
0.057
0.057
0.057
0.057
0.057
-1.206
0.057
0.057
0.057
0.057
0.057
0.057
0.057
0.057
0.053
0.057
0.057
0.057
0.057
0.057
0.057
0.057
0.057
-1.180
-1.168
0.057
0.053
0.057
0.057
0.052
-0.726
0.057
0.057
0.057
0.057
0.057
-1.180
0.053
0.057
0.057
0.057
0.057
0.057
0.057
0.057
0.057
0.057
0.057
0.057
0.057
0.057
0.057
0.057
0.052
0.057
0.057
0.057
0.057
0.057
0.057
0.057
0.057
0.057
0.057
0.053
0.052
0.057
0.057
0.052
0.057
0.057
0.057
0.057
0.057
0.057
-1.206
0.057
0.056
0.057
0.057
-1.024
0.057
0.057
0.057
0.052
0.057
0.057
0.057
0.057
-1.189
0.053
0.057
0.057
-1.206
0.057
-2.213
0.057
0.057
0.057
0.057
0.057
0.057
0.057
0.053
-1.161
0.057
0.057
0.057
0.053
0.057
-1.233
0.057
0.057
0.057
0.057
0.057
0.057
0.053
0.057
0.057
0.057
-1.215
0.057
0.057
0.057
0.057
0.057
0.057
0.057
0.057
0.057
0.053
0.057
0.057
0.057
0.053
0.057
0.057
0.057
0.057
0.053
0.057
0.057
0.057
0.057
0.057
0.057
0.057
0.057
0.057
0.057
0.057
0.057
0.057
0.057
0.057
0.057
-1.157
0.057
0.057
0.057
0.057
0.057
0.057
0.057
0.053
0.052
0.057
0.057
0.057
0.057
0.057
0.057
0.057
0.057
0.057
-1.198
0.057
0.057
0.057
-1.964
-1.985
-1.985
