fixedStep chrom=ENSGT00390000005732 start=1 step=1
0.000
0.000
0.000
0.000
0.000
0.000
0.000
0.000
0.000
0.000
0.000
0.000
0.000
0.000
0.000
0.000
0.000
0.000
0.000
0.000
0.000
0.000
0.000
0.000
0.000
0.000
0.000
0.000
0.000
0.000
0.000
0.000
0.000
0.000
0.000
0.000
0.000
0.000
0.000
0.000
0.000
0.000
0.000
0.000
0.000
0.000
0.000
0.000
0.000
0.000
0.000
0.000
0.000
0.000
0.000
0.000
0.000
0.000
0.000
0.000
0.000
0.000
0.000
0.000
0.000
0.000
0.000
0.000
0.000
0.000
0.000
0.000
0.000
0.000
0.000
0.000
0.000
0.000
0.000
0.000
0.000
0.000
0.000
0.000
0.000
0.000
0.000
0.000
0.000
0.000
0.000
0.000
0.000
0.000
0.000
0.000
0.000
0.000
0.000
0.000
0.000
0.000
0.000
0.000
0.000
0.000
0.000
0.000
0.000
0.000
0.000
0.000
0.000
0.000
0.000
0.000
0.000
0.000
0.000
0.000
0.000
0.000
0.000
0.000
0.000
0.000
0.000
0.000
0.000
0.000
0.000
0.000
0.000
0.000
0.000
0.000
0.000
0.000
0.000
0.000
0.000
0.000
0.000
0.000
0.000
0.000
0.000
0.060
0.060
0.060
0.060
0.060
0.059
0.060
0.060
0.060
0.060
0.060
-2.771
0.060
0.060
0.053
0.060
0.060
0.060
0.060
0.060
0.060
0.060
0.056
0.060
0.060
0.060
0.060
0.060
0.060
0.060
0.060
0.060
0.060
0.060
0.060
0.060
0.060
0.060
0.059
0.056
0.060
0.060
0.060
0.060
0.060
0.060
0.060
0.060
0.060
0.060
0.060
0.060
0.060
0.060
0.060
0.060
0.060
0.060
0.060
0.060
0.060
0.060
0.050
0.060
0.057
0.057
0.057
0.057
0.044
0.057
0.057
0.057
0.057
0.057
-1.083
0.057
0.057
0.057
0.057
0.057
0.057
0.057
0.057
0.057
0.057
0.057
0.052
0.057
0.057
0.052
0.057
0.057
0.057
0.057
0.057
0.057
0.057
0.057
0.057
0.057
0.057
0.057
0.057
0.057
0.057
0.057
0.057
0.057
0.057
0.057
0.057
0.057
0.060
0.060
0.060
0.056
0.060
0.060
0.056
0.060
0.060
0.060
0.060
0.060
0.060
0.056
0.058
0.060
0.058
0.060
0.060
0.060
0.060
0.060
0.058
0.060
0.060
0.060
0.060
0.060
0.059
0.060
0.060
0.060
-2.432
0.060
0.060
0.060
0.060
0.050
0.058
0.060
0.059
0.060
0.060
0.060
0.060
0.060
0.060
0.060
0.060
0.054
0.060
0.060
0.060
0.060
0.060
0.060
0.060
0.060
0.056
0.060
0.060
0.060
0.060
0.060
0.060
0.060
0.060
0.060
0.060
0.060
0.060
0.060
0.060
0.060
0.060
0.060
0.060
0.060
0.060
0.060
0.060
0.060
0.056
0.060
0.060
0.060
0.060
0.060
0.060
0.060
0.060
0.060
0.060
0.060
0.057
0.060
0.060
0.060
0.060
0.060
0.060
0.060
0.060
0.060
0.060
0.060
0.060
0.060
0.060
0.060
0.059
-2.174
0.056
-1.180
-1.180
-1.961
-1.335
-1.965
-1.180
-1.360
-1.331
-1.946
0.000
0.000
0.000
0.000
0.000
0.000
0.000
0.000
0.000
0.000
0.000
0.000
0.000
0.000
0.000
0.000
0.000
0.000
0.000
0.000
0.000
0.000
0.000
0.000
0.000
0.000
0.000
0.000
0.000
0.000
0.000
0.000
0.000
0.000
0.000
0.000
