fixedStep chrom=ENSGT00390000001502 start=1 step=1
-1.452
-1.786
-1.796
0.088
0.087
0.087
0.073
0.088
0.087
0.087
0.088
0.087
0.087
0.087
0.087
0.087
0.087
0.087
0.000
0.000
0.000
0.000
0.000
0.000
0.000
0.000
0.000
0.000
0.000
0.000
0.000
0.000
0.000
-0.527
-0.527
-0.527
0.088
0.088
-1.429
0.087
0.088
0.087
0.087
0.087
0.087
0.087
0.088
0.088
0.087
0.087
0.087
0.087
0.088
0.087
0.073
0.088
0.088
0.072
0.088
0.087
0.087
0.074
0.087
0.087
0.088
0.087
0.087
0.077
0.088
0.087
0.073
0.087
0.087
0.087
0.087
0.087
0.086
-0.788
0.087
0.087
0.087
0.087
0.087
0.088
0.087
0.073
0.087
0.087
0.088
0.087
0.088
0.088
0.087
-0.796
0.087
0.087
0.088
0.087
0.087
0.087
0.087
-0.797
0.087
0.087
0.088
0.087
0.087
0.087
0.087
0.087
0.073
-0.527
-0.527
-0.527
-0.527
-0.922
-0.527
-0.527
-0.527
-0.527
-0.527
-0.527
-0.527
0.088
0.087
0.087
0.087
0.087
0.073
0.087
0.087
-0.796
0.088
0.087
0.088
0.087
0.087
0.087
0.087
0.088
-0.788
0.088
0.087
0.073
-0.797
0.087
-0.796
0.087
-0.798
0.087
0.087
0.072
0.086
0.088
0.087
0.087
0.087
0.087
0.087
-0.796
-0.796
0.087
0.087
-0.797
0.087
0.088
0.087
0.087
0.087
0.087
0.073
0.087
0.073
0.087
0.088
0.087
0.088
0.087
0.087
0.087
0.087
0.088
0.082
0.087
0.087
0.087
0.073
0.087
0.073
0.088
0.088
0.087
0.087
-0.797
0.087
-1.437
-1.455
-1.452
0.074
0.087
0.087
0.087
-0.796
0.088
0.087
0.073
0.088
0.087
0.087
0.087
0.087
0.086
0.087
0.088
0.087
0.087
0.088
0.087
0.087
0.087
0.088
0.087
0.087
0.087
0.087
0.073
0.088
0.084
0.084
0.087
0.088
0.087
-0.788
-0.798
0.087
0.087
-1.647
0.073
-1.484
0.087
-0.796
-1.650
0.087
0.087
0.087
0.088
0.088
-1.495
0.088
0.087
0.087
0.072
0.087
0.087
0.081
0.083
-0.788
0.073
0.087
0.087
0.087
0.073
0.087
0.073
0.073
0.087
-0.788
-0.788
-0.796
-2.312
-0.798
0.087
0.073
0.088
0.086
0.079
-0.796
-0.796
0.073
0.088
0.087
-0.797
-0.796
0.073
0.073
-0.788
0.088
0.087
0.088
-0.797
-0.796
-0.798
0.088
0.088
-1.223
0.087
0.073
-0.796
-0.796
0.073
0.073
-1.831
-0.788
-0.788
-0.797
-0.796
0.087
0.087
0.073
0.073
0.073
0.082
0.081
0.074
0.074
-1.650
-1.647
-1.493
-1.199
-1.192
-1.831
