fixedStep chrom=ENSGT00420000029848 start=1 step=1
0.000
0.000
0.000
0.000
0.000
0.000
0.000
0.000
0.000
0.000
0.000
0.000
0.000
0.000
0.000
0.000
0.000
0.000
0.000
0.000
0.000
0.000
0.000
0.000
0.000
0.000
0.000
0.000
0.000
0.000
0.000
0.000
0.000
0.000
0.000
0.000
0.000
0.000
0.000
0.000
0.000
0.000
0.000
0.000
0.000
0.000
0.000
0.000
0.000
0.000
0.000
0.000
0.000
0.000
0.000
0.000
0.000
0.000
0.000
0.000
0.000
0.000
0.000
0.178
0.179
0.178
0.164
0.164
0.168
0.164
0.179
0.128
0.149
0.168
0.143
0.153
0.164
0.138
-3.504
-2.798
-2.557
0.000
0.000
0.000
0.000
0.000
0.000
0.000
0.000
0.000
0.000
0.000
0.000
0.000
0.000
0.000
0.000
0.000
0.000
0.000
0.000
0.000
0.000
0.000
0.000
-0.927
-0.734
-0.969
0.155
0.179
0.178
0.115
0.159
0.163
0.115
0.179
0.115
0.132
0.128
0.147
0.150
0.179
0.126
0.152
0.132
0.175
-1.493
0.176
0.128
0.155
0.120
0.149
0.158
0.178
0.172
-1.403
0.159
0.164
0.165
0.178
0.163
0.178
0.178
0.179
0.168
0.177
0.169
0.178
0.178
0.168
0.179
0.179
0.178
0.169
0.179
0.142
0.134
0.179
0.132
0.168
0.173
0.171
0.000
0.000
0.000
0.000
0.000
0.000
0.000
0.000
0.000
0.000
0.000
0.000
-3.067
-2.657
-2.636
0.132
0.175
0.166
-3.050
0.132
0.132
0.178
0.172
0.171
0.174
0.169
0.000
0.000
0.000
0.000
0.000
0.000
0.000
0.000
0.000
0.000
-2.784
-4.533
-3.772
-3.937
-3.342
-4.097
-4.220
-3.664
-4.124
-3.448
-3.923
-3.760
0.000
0.000
0.000
0.000
0.000
0.000
0.000
0.000
0.000
0.000
0.000
0.000
0.000
0.000
0.000
0.000
0.000
0.000
0.000
0.000
0.000
0.000
0.000
0.000
0.000
0.000
0.000
0.000
0.000
0.000
0.000
0.000
0.000
0.000
0.000
0.000
0.000
0.000
0.000
0.000
0.000
0.000
0.158
0.174
0.129
0.175
0.178
0.143
0.000
0.000
0.000
0.000
0.000
0.000
0.000
0.000
0.000
0.000
0.000
0.000
0.000
0.000
0.000
0.000
0.000
0.000
0.000
0.000
0.000
0.000
0.000
0.000
0.000
0.000
0.000
0.178
0.156
0.174
0.078
0.112
0.112
0.981
0.981
0.981
0.128
0.168
0.174
0.173
0.178
0.150
0.121
-1.712
0.173
0.143
0.127
0.176
0.136
0.179
0.132
0.168
0.178
0.168
0.178
0.170
0.126
0.154
0.179
0.168
0.178
0.178
0.171
0.175
0.165
0.168
0.146
0.179
0.132
0.178
0.179
0.176
0.166
0.126
0.114
0.177
0.127
0.166
0.174
0.179
0.135
0.178
0.178
0.146
0.176
0.179
0.168
0.168
0.178
0.137
0.178
0.179
0.128
0.171
0.178
0.154
0.178
0.178
0.175
0.178
0.179
0.168
0.159
0.179
0.165
0.174
0.165
0.168
0.178
0.178
0.132
0.161
0.168
0.127
0.132
0.167
0.178
0.178
0.178
0.178
0.179
0.178
0.176
0.174
0.179
0.174
0.167
0.132
0.162
0.178
0.178
0.178
0.178
0.179
0.178
0.178
0.178
0.131
0.178
0.178
0.123
0.177
0.178
0.178
0.175
0.178
0.168
0.127
0.168
0.119
0.178
0.000
0.000
0.000
0.000
0.000
0.000
0.000
0.000
0.000
0.000
0.000
0.129
0.178
0.152
0.124
0.179
0.178
0.178
0.178
0.174
0.169
0.127
-1.023
0.178
0.179
0.168
0.178
0.179
0.178
0.178
0.166
0.175
0.178
0.175
0.171
0.178
0.179
0.168
0.130
0.178
0.173
-1.177
0.132
-1.025
0.179
0.179
0.132
0.178
0.000
0.000
