fixedStep chrom=ENSGT00390000001905 start=1 step=1
0.068
0.068
0.068
0.068
0.068
0.063
0.065
0.068
0.065
0.068
0.068
0.063
0.068
0.068
0.068
0.068
0.068
0.064
0.068
0.068
0.065
0.068
0.068
0.068
0.068
0.068
0.068
0.068
0.068
0.066
0.064
0.068
0.068
0.068
0.068
0.068
0.068
0.068
0.065
0.068
0.068
0.068
0.068
0.068
0.055
0.068
0.068
0.068
0.068
0.068
0.055
0.068
0.068
0.068
0.068
0.068
0.068
0.068
0.068
0.068
0.068
0.068
0.068
0.068
0.068
0.068
0.068
0.068
0.068
0.068
0.068
0.065
0.068
0.068
0.068
0.068
0.068
0.068
0.068
0.068
0.068
0.068
0.068
0.068
0.068
0.068
0.065
0.068
0.068
0.067
0.068
0.068
0.064
0.068
0.068
0.064
0.068
0.068
0.065
0.068
0.068
0.065
0.068
0.068
0.068
0.068
0.068
0.068
0.068
0.068
0.068
0.068
0.068
0.068
0.068
0.068
0.068
0.068
0.068
0.064
0.068
0.068
0.068
0.068
0.068
0.068
0.068
0.068
0.065
0.057
0.068
0.068
0.068
0.068
0.068
0.068
0.068
0.065
0.068
0.068
0.065
0.068
0.068
0.065
0.068
0.068
0.056
0.068
0.068
0.052
0.068
0.068
0.068
0.068
0.068
0.068
0.068
0.068
0.066
0.068
0.068
0.066
0.068
0.068
0.066
0.068
0.068
0.068
0.068
0.068
0.068
0.068
0.068
0.068
0.068
0.068
0.065
0.068
0.068
0.065
0.068
0.068
0.068
0.068
0.068
0.068
0.068
0.068
0.068
0.068
0.068
0.068
0.068
0.068
0.065
0.068
0.068
0.068
0.068
0.068
0.068
0.068
0.065
0.065
0.068
0.068
0.068
0.068
0.068
0.068
0.068
0.068
0.067
0.068
0.068
0.064
0.068
0.068
0.062
0.068
0.068
0.068
0.068
0.068
0.068
0.068
0.068
0.067
0.068
0.068
0.068
0.068
0.068
0.068
0.068
0.068
0.068
0.068
0.068
0.068
0.068
0.068
0.068
0.068
0.068
0.065
0.068
0.065
0.065
0.065
0.068
0.057
0.068
0.068
0.066
0.068
0.068
0.066
0.068
0.068
0.068
0.068
0.068
0.065
0.068
0.068
0.068
0.068
0.068
0.068
0.068
0.068
0.068
0.060
0.068
0.068
0.068
0.068
0.065
0.068
0.066
0.068
0.068
0.068
0.068
0.068
0.068
0.068
0.068
0.068
0.068
0.068
0.068
0.068
0.068
0.068
0.068
0.068
0.068
0.065
0.068
0.068
0.067
0.068
0.068
0.068
0.068
0.062
0.065
0.068
0.068
0.064
0.068
0.068
-2.453
0.065
0.068
0.068
0.068
0.068
0.064
0.068
0.068
0.051
0.068
0.068
0.068
0.064
0.065
0.062
0.068
0.068
0.068
0.057
0.068
0.068
0.068
0.068
0.068
0.068
0.068
0.064
0.068
0.068
0.066
0.068
0.068
0.066
-1.693
0.068
-3.828
0.068
0.068
0.068
-2.272
0.068
0.057
0.067
0.068
0.068
0.068
0.068
0.064
0.068
0.068
0.062
0.068
0.068
0.065
0.064
0.067
0.068
0.068
0.068
0.051
0.057
0.068
0.068
0.064
0.068
0.068
0.068
0.068
0.063
0.068
0.068
0.068
0.068
0.068
0.068
0.068
0.068
0.054
-1.274
-1.274
-1.274
-1.274
-1.274
-1.274
-1.571
-1.274
-1.274
-1.274
-1.274
-1.274
-1.274
-1.274
-1.274
-1.274
-1.274
-1.341
-1.270
-1.274
-1.270
0.068
0.068
0.068
0.068
0.068
0.065
0.068
0.068
0.068
0.068
0.068
0.064
0.068
0.068
0.051
0.068
0.068
0.068
0.068
0.055
0.054
0.068
0.068
0.066
0.068
0.068
0.068
0.068
0.068
0.065
0.068
0.068
0.065
0.068
0.068
0.051
0.068
0.068
0.068
0.068
0.068
0.068
0.068
0.068
0.068
0.068
0.068
0.065
0.051
0.068
0.065
0.068
0.068
0.068
0.068
0.068
0.068
0.068
0.068
0.068
0.068
0.068
0.050
0.068
0.068
0.068
0.068
0.068
0.068
0.068
0.068
0.051
0.068
0.068
0.062
0.068
0.068
0.054
0.068
0.068
0.068
0.068
0.068
0.068
0.068
0.068
0.065
0.068
0.068
0.057
0.068
0.068
0.051
0.068
0.068
0.068
0.068
0.068
0.068
0.068
0.068
0.064
0.064
0.068
0.068
0.068
0.068
0.068
0.068
0.068
0.068
0.068
0.068
0.054
0.068
0.068
0.068
0.068
0.068
0.068
0.068
0.068
0.068
0.068
0.068
0.068
0.068
0.068
-1.742
0.068
0.068
0.068
0.068
0.068
0.064
0.068
0.068
0.068
0.068
0.068
0.068
0.068
0.068
0.065
0.068
0.068
0.068
0.068
0.068
0.055
0.068
0.068
0.064
0.068
0.064
0.068
0.068
0.068
0.068
0.068
0.068
0.068
0.068
0.065
0.065
0.068
0.061
0.068
0.068
0.065
0.064
0.068
0.068
0.068
0.068
0.068
0.068
0.068
0.068
0.064
0.068
0.068
0.068
0.068
0.068
0.068
0.068
0.068
0.068
0.068
0.068
0.068
0.068
0.068
-2.272
0.068
0.068
0.068
0.068
0.068
0.068
0.068
0.068
0.065
0.068
0.068
0.068
0.068
0.068
0.068
0.068
0.068
0.068
0.068
0.068
0.065
0.068
0.068
0.064
0.068
0.068
0.052
0.068
0.068
0.068
0.068
0.068
0.068
0.068
0.068
0.067
0.068
0.068
0.065
0.068
0.068
0.068
0.068
0.068
0.068
0.068
0.068
0.066
0.068
0.068
0.068
0.068
0.068
0.068
0.068
0.068
0.065
0.068
0.068
0.068
0.068
0.068
0.068
0.068
0.068
0.061
0.068
0.068
0.068
0.068
0.068
0.065
0.068
0.068
0.068
0.068
0.068
0.053
0.068
0.068
0.065
0.068
0.068
0.068
0.068
0.068
0.068
0.068
0.068
-3.359
0.068
0.068
0.068
0.068
0.068
0.068
0.068
0.068
0.068
0.068
0.068
0.060
0.068
0.068
0.067
0.068
0.068
0.064
0.068
0.068
0.068
0.068
0.068
0.068
0.068
0.068
0.064
0.068
0.068
0.057
0.068
0.068
-2.457
0.068
0.068
0.065
0.068
0.068
0.054
0.068
0.068
0.054
0.068
0.068
0.055
0.068
0.068
0.065
0.068
0.068
0.068
0.068
0.068
0.064
0.068
0.068
0.067
0.068
0.068
0.066
0.068
0.068
0.068
0.068
0.068
0.065
0.068
0.068
-2.648
0.068
0.068
0.068
0.068
0.068
0.051
0.068
0.068
0.065
0.068
0.068
0.068
0.068
0.068
0.068
0.068
0.068
0.068
0.068
0.068
0.068
0.068
0.068
0.062
0.068
0.068
0.065
