fixedStep chrom=ENSGT00640000091610 start=1 step=1
-1.184
-1.182
-1.184
-1.184
-1.184
-1.652
-1.182
-1.184
-1.184
-1.184
-1.184
-1.184
0.070
0.066
0.070
0.070
0.070
0.065
0.069
0.070
0.068
0.070
0.070
0.070
0.069
0.070
0.070
0.070
0.065
0.070
0.066
0.070
0.070
0.070
0.070
0.070
0.070
0.070
0.069
0.070
0.070
0.070
0.070
0.070
0.070
0.069
0.070
0.070
0.070
0.070
0.066
0.070
0.070
0.068
0.070
0.070
0.066
0.070
0.070
0.068
0.070
0.070
0.070
0.070
0.070
0.070
0.070
0.070
0.070
0.070
0.070
0.067
0.063
0.070
0.070
0.068
0.070
0.070
0.070
0.070
0.070
0.070
0.070
0.070
0.070
0.070
0.068
0.070
0.070
0.070
0.070
0.070
0.070
0.070
0.070
0.065
0.070
0.067
0.068
0.070
0.070
0.070
0.070
0.053
0.068
0.070
0.067
0.070
0.070
0.067
0.068
0.053
0.070
0.070
0.070
0.070
0.068
0.070
0.070
0.070
0.070
0.070
0.070
0.070
0.070
0.069
0.070
0.070
0.070
0.066
0.070
0.067
0.070
0.070
0.070
0.070
0.070
0.070
0.070
0.070
0.070
0.070
0.070
0.066
0.070
0.068
0.070
0.070
0.068
0.070
0.062
0.070
0.070
0.070
0.070
0.068
0.070
0.070
0.070
0.070
0.070
0.070
0.070
0.070
0.068
0.070
0.070
0.069
-1.660
-1.658
-3.895
-1.658
-1.658
-1.659
