fixedStep chrom=ENSGT00490000044099 start=1 step=1
-3.172
-1.912
-3.182
-3.184
-3.181
-1.920
-3.181
-1.923
-1.923
0.046
0.046
0.046
0.046
0.046
0.046
0.046
0.046
0.046
0.046
0.046
0.046
0.046
0.046
0.046
0.046
0.046
0.046
0.046
0.046
0.046
0.046
0.046
0.046
0.046
0.046
0.046
0.046
0.046
0.046
0.046
0.046
0.046
0.046
0.046
-1.306
0.046
0.046
0.046
0.046
0.046
0.046
0.046
0.046
0.046
0.046
0.042
0.046
0.046
0.046
0.046
0.046
0.046
0.046
0.046
0.046
0.046
0.046
0.046
0.046
0.046
0.041
0.046
0.046
0.042
0.046
0.046
0.046
0.046
0.046
0.042
0.046
0.046
0.046
0.046
0.046
0.046
0.044
0.046
0.046
0.046
0.045
0.046
0.046
0.046
0.046
0.046
0.046
0.046
0.042
0.046
0.042
0.046
0.046
0.046
0.046
0.046
0.046
0.046
0.046
0.046
0.046
0.046
0.046
0.046
0.046
0.046
0.046
0.046
0.046
0.042
0.046
0.046
0.046
0.046
0.046
0.046
0.046
0.046
0.046
0.046
0.046
0.046
0.046
0.046
0.046
0.046
0.046
0.046
0.046
0.046
0.046
0.046
0.046
0.046
0.045
0.046
0.046
0.046
0.046
0.046
0.046
0.046
0.046
0.046
0.046
0.042
0.046
0.046
0.042
0.046
0.046
0.046
0.046
0.046
-1.306
0.046
0.046
0.046
-1.294
0.046
0.046
0.046
0.046
0.046
0.046
0.046
0.046
0.046
0.046
0.042
0.046
0.046
0.046
0.046
0.046
0.046
0.046
0.046
0.046
0.046
0.046
0.045
-1.308
0.046
0.046
0.046
0.046
0.046
0.046
0.046
0.046
0.046
0.046
0.046
0.046
0.046
0.046
0.046
0.046
0.046
0.046
0.046
0.046
0.046
0.046
0.046
0.046
0.046
0.046
0.046
0.046
0.046
0.046
0.046
0.042
0.046
0.046
0.046
0.046
0.046
0.046
0.046
0.046
0.046
0.046
-1.306
0.046
0.046
0.046
0.041
0.046
0.046
0.046
0.046
0.046
0.046
0.046
0.046
0.046
0.046
0.046
0.046
0.046
0.046
0.046
0.046
0.046
0.046
0.046
0.046
0.046
0.046
0.046
0.046
0.046
0.046
0.046
0.046
0.046
0.046
0.046
0.046
0.046
0.046
0.046
0.046
0.046
0.046
0.046
0.046
0.046
0.046
0.046
0.044
0.046
0.046
0.046
0.046
0.046
0.046
0.045
0.046
0.046
0.046
0.046
0.046
0.046
0.046
0.046
0.046
0.046
0.046
0.046
0.042
0.046
0.046
0.046
0.046
0.042
0.046
0.046
0.046
0.042
0.046
0.046
0.046
0.046
0.045
0.046
0.046
0.046
0.042
0.042
0.042
0.046
0.046
0.046
0.046
0.046
0.046
0.046
0.046
0.046
0.046
0.046
0.046
0.046
0.046
0.046
0.046
0.046
0.046
0.046
0.046
0.046
0.046
0.046
0.046
0.046
0.046
0.046
0.046
0.046
0.046
0.046
0.046
0.046
0.046
0.046
0.046
0.046
0.042
0.046
0.044
0.046
0.046
0.046
0.046
0.046
-1.308
0.046
0.046
0.046
0.046
0.046
0.046
0.046
0.046
0.046
0.046
0.046
0.046
0.046
0.046
0.046
0.046
0.046
0.045
0.046
0.046
0.046
0.046
0.046
0.046
0.046
0.042
0.046
0.046
0.046
0.046
0.046
0.046
0.046
0.046
0.046
0.046
0.046
0.046
0.046
0.046
-1.308
0.046
-1.306
0.046
0.046
0.046
0.046
