fixedStep chrom=ENSGT00390000002124 start=1 step=1
-1.321
-1.321
-1.322
-1.322
-1.322
-1.322
-1.322
-1.322
-1.321
-1.321
-1.321
-1.321
-1.321
-1.321
-1.322
-1.717
-1.322
-1.322
-1.322
-1.321
-1.322
-1.322
-1.321
-1.322
0.042
0.042
0.042
0.042
0.042
0.042
0.042
0.042
0.042
0.037
0.042
0.042
0.041
0.042
0.042
0.042
0.042
0.042
0.042
-1.452
0.042
0.042
0.037
0.042
0.042
0.042
0.042
0.042
0.042
0.042
0.042
0.042
0.042
0.042
0.042
0.042
0.042
0.042
0.042
0.042
0.042
0.042
0.042
0.042
0.042
0.042
0.042
0.042
0.042
0.042
0.042
0.042
0.042
0.042
0.042
0.042
0.042
0.042
0.042
0.042
0.042
0.042
0.042
0.042
0.042
0.042
0.042
0.042
0.042
0.042
0.042
0.042
0.042
0.042
0.042
0.042
0.042
0.042
0.042
0.042
0.042
0.042
0.041
0.042
-1.440
0.042
0.042
0.042
0.042
0.042
0.042
0.042
0.042
-1.436
0.042
0.042
0.042
0.042
0.042
0.042
0.042
0.042
0.042
0.042
0.042
0.042
0.037
0.042
0.042
0.042
0.042
0.042
0.042
0.042
0.042
0.042
0.037
0.042
0.037
0.042
0.042
0.042
0.042
0.042
0.042
0.037
0.042
0.041
0.042
0.042
0.037
0.042
0.042
0.042
0.041
0.042
0.042
0.042
0.042
0.041
0.042
0.042
0.042
0.037
0.042
0.042
0.042
0.042
0.037
0.037
0.042
0.042
0.042
0.042
0.042
0.042
0.042
0.042
0.042
-1.454
0.042
0.042
0.042
0.042
0.042
0.037
0.042
0.037
0.042
0.042
0.042
0.042
0.042
0.042
-1.321
-1.321
-1.321
0.042
0.042
0.042
0.042
0.042
0.042
0.042
0.042
0.042
0.042
0.042
0.041
0.042
0.042
0.042
0.042
0.042
0.042
0.042
0.042
0.042
0.042
0.042
0.042
0.042
0.042
0.042
0.042
0.042
0.042
0.042
0.042
0.042
0.037
0.042
0.042
0.042
0.042
0.042
0.042
0.042
0.042
0.037
0.037
0.042
0.042
0.042
0.042
-1.440
0.042
0.042
0.042
0.042
0.042
0.042
0.042
0.042
0.042
0.042
0.042
0.042
0.042
0.042
0.042
0.037
0.042
0.042
0.042
0.042
-1.463
0.042
0.042
0.042
0.042
0.042
0.042
0.042
0.042
0.042
0.042
0.042
