fixedStep chrom=ENSGT00390000008446 start=1 step=1
0.074
0.074
0.074
0.074
0.074
0.074
0.074
0.074
0.074
0.074
0.074
0.074
0.074
0.074
0.071
0.058
0.074
0.074
0.074
0.071
0.074
0.074
0.074
0.074
0.074
0.074
0.070
0.074
0.074
0.074
0.058
0.074
0.074
0.074
0.074
0.074
0.074
0.074
0.074
0.074
0.074
0.063
0.074
0.074
0.074
0.074
0.074
0.074
0.074
0.074
0.074
0.071
0.074
0.074
0.074
0.074
0.074
0.074
0.074
0.074
0.074
0.074
0.074
0.074
0.074
0.074
0.074
0.074
0.074
0.074
0.074
0.074
0.074
0.063
0.074
0.071
0.074
0.074
0.074
0.074
0.074
0.074
0.074
0.058
0.074
0.074
0.063
0.074
0.074
0.074
0.072
0.074
0.074
0.072
0.074
0.074
0.074
0.074
0.074
0.063
0.074
0.072
0.074
0.074
0.063
0.074
0.074
0.071
0.074
0.074
0.074
0.071
0.074
0.074
0.074
0.074
0.074
0.074
0.074
0.074
0.074
0.074
0.074
0.074
0.074
0.074
-1.664
0.074
0.074
0.074
0.074
0.074
0.074
0.074
0.071
0.074
0.074
0.074
0.074
0.074
0.069
0.074
0.071
0.074
0.074
0.074
0.074
0.074
0.074
0.074
0.074
0.074
0.074
0.074
0.074
0.072
0.074
0.074
0.071
0.074
0.074
0.062
0.074
0.074
0.073
0.074
0.074
0.072
0.074
0.074
0.074
0.074
0.074
0.072
0.074
0.074
0.074
0.074
0.074
0.074
0.072
0.069
0.074
0.074
0.074
0.074
0.074
0.074
0.063
0.074
0.074
0.074
0.074
0.074
0.074
0.074
0.074
0.072
0.074
0.074
0.074
0.074
0.074
0.058
0.074
0.074
0.074
0.074
0.071
0.074
0.074
0.074
0.074
0.074
0.074
-1.576
0.072
0.074
0.074
0.074
0.074
0.074
0.074
0.074
0.074
0.074
0.074
0.072
0.074
0.063
0.072
0.074
0.074
0.074
0.074
0.074
0.074
0.074
0.074
0.074
0.074
0.074
0.074
0.072
0.074
0.074
0.074
0.074
0.072
0.074
0.074
0.070
0.074
0.074
0.072
0.074
0.074
0.074
0.074
0.074
0.074
0.074
0.074
0.074
0.074
0.074
0.074
0.074
0.074
0.074
0.072
0.072
0.065
0.063
0.074
0.071
0.074
0.074
0.073
0.074
0.074
0.071
0.074
0.074
0.072
0.074
0.074
0.074
0.074
0.074
0.074
0.074
0.074
0.074
0.074
0.074
0.069
0.074
0.074
0.071
0.074
0.074
0.074
0.074
0.074
0.074
0.074
0.074
0.069
0.074
0.074
0.074
0.074
0.074
0.072
0.074
0.074
0.074
0.074
0.074
0.074
0.074
0.074
0.074
0.074
0.074
0.074
0.074
0.074
0.074
0.074
0.074
0.072
0.074
0.074
0.071
0.074
0.074
0.071
0.074
0.074
0.074
0.074
0.074
0.071
0.074
0.074
0.074
0.074
0.074
0.074
0.074
0.071
0.070
0.074
0.074
0.074
0.074
0.074
0.074
0.074
0.074
0.072
0.074
0.074
0.074
0.074
0.074
0.072
0.074
0.074
0.074
0.074
0.074
0.072
0.074
0.074
0.074
0.074
0.074
0.071
0.074
0.074
0.074
0.074
0.072
0.072
0.074
0.074
0.067
0.074
0.072
0.074
0.074
0.074
0.074
0.074
0.074
0.074
0.074
0.074
0.074
0.074
0.074
0.071
0.074
0.074
0.074
0.074
0.074
0.074
0.074
0.074
0.069
0.074
0.074
0.071
0.074
0.074
0.072
0.074
0.074
0.074
0.074
0.074
0.072
0.074
0.071
0.074
0.074
0.074
0.074
0.074
0.074
0.074
0.074
0.074
0.074
0.074
0.074
0.074
0.074
0.074
0.074
0.074
0.074
0.074
0.074
0.074
0.074
0.074
0.074
0.074
0.074
0.074
0.074
0.074
0.074
0.074
0.074
0.074
0.072
0.072
0.074
0.074
0.063
0.074
0.074
0.071
0.074
0.070
0.074
0.074
0.074
0.074
0.074
0.074
0.074
0.074
0.071
0.072
0.074
0.074
0.074
0.074
0.074
0.074
0.074
0.074
0.074
0.074
0.074
0.074
0.074
0.074
0.074
0.074
0.074
0.074
0.064
0.071
0.074
0.074
0.074
0.074
0.074
0.074
0.074
0.074
0.071
0.074
0.071
0.074
0.074
0.074
0.062
0.074
0.074
0.069
0.072
0.074
0.074
0.074
0.074
0.071
0.074
0.074
0.074
0.074
0.074
0.074
0.074
0.074
0.074
0.074
0.074
0.072
0.074
0.074
0.074
0.074
0.074
0.070
0.074
0.074
0.074
0.074
0.074
0.074
0.074
0.074
0.074
0.074
0.074
0.074
0.074
0.074
0.074
0.074
0.074
0.074
0.074
0.074
0.072
0.074
0.074
0.074
0.074
0.074
0.074
0.063
0.074
0.074
0.074
0.074
0.070
0.074
0.072
0.054
0.065
0.072
0.065
0.065
0.065
0.072
0.072
0.074
0.072
0.072
0.074
0.065
-0.132
-0.132
-0.132
0.065
0.074
0.074
0.065
0.065
0.072
0.074
0.074
0.065
0.072
0.074
0.072
0.064
0.065
0.074
0.062
0.065
0.074
0.062
0.074
0.065
0.074
0.072
-2.729
0.072
0.052
-2.168
0.072
0.065
0.064
0.074
0.072
0.072
0.064
0.065
0.071
0.074
0.065
-3.054
0.074
0.065
0.065
0.065
0.070
0.062
0.074
0.074
0.065
0.072
0.072
0.072
0.072
0.072
0.072
0.074
0.063
0.060
0.074
0.071
0.074
0.074
0.074
0.074
0.063
0.074
0.071
0.063
0.063
0.074
-1.615
-1.329
-2.146
0.063
0.074
0.070
0.071
0.058
0.072
0.074
0.072
0.074
0.074
0.074
0.074
0.074
0.074
0.074
0.000
0.000
0.000
0.000
0.000
0.000
0.000
0.000
0.000
0.000
0.000
0.000
0.000
0.000
0.000
0.000
0.000
0.000
0.000
0.000
0.000
0.000
0.000
0.000
0.000
0.000
0.000
0.000
0.000
0.000
0.000
0.000
0.000
0.000
0.000
0.000
0.000
0.000
0.000
0.000
0.000
0.000
0.000
0.000
0.000
0.000
0.000
0.000
0.000
0.000
0.000
0.000
0.000
0.000
0.000
0.000
0.000
0.000
0.000
0.000
0.000
0.000
0.000
0.000
0.000
0.000
0.000
0.000
0.000
0.000
0.000
0.000
0.000
0.000
0.000
0.000
0.000
0.000
0.000
0.000
0.000
0.000
0.000
0.000
0.000
0.000
0.000
0.000
0.000
0.000
0.000
0.000
0.000
0.000
0.000
0.000
0.000
0.000
0.000
0.000
0.000
0.000
0.000
0.000
0.000
0.000
0.000
0.000
0.000
0.000
0.000
0.000
0.000
0.000
0.000
0.000
0.000
0.000
0.000
0.000
0.000
0.000
0.000
0.074
0.074
0.074
0.074
0.074
0.072
0.074
0.074
0.074
0.074
0.072
0.074
0.071
0.074
0.074
0.074
0.074
0.074
0.074
0.074
0.074
0.074
0.074
0.074
0.074
0.071
0.069
0.071
0.074
0.054
0.074
0.074
0.072
0.072
0.074
0.074
0.074
0.074
0.074
0.074
0.074
0.074
0.074
0.071
0.074
0.074
0.074
0.063
0.074
0.074
0.074
0.071
0.074
0.071
0.074
0.072
0.071
0.074
0.074
0.074
0.074
0.074
0.074
0.058
0.055
0.070
0.074
0.074
0.072
0.072
0.071
0.074
0.074
0.074
0.074
0.074
0.072
0.069
0.071
0.074
0.072
0.074
0.074
0.074
0.074
0.074
0.074
0.074
0.074
0.074
0.074
0.074
0.074
0.074
0.074
0.074
0.071
0.074
0.071
0.074
0.072
0.072
0.071
0.058
0.074
-0.487
-0.487
-0.536
0.074
0.074
0.074
0.074
0.074
0.073
0.074
0.074
0.074
0.074
0.072
0.072
0.073
0.074
0.074
0.000
0.000
0.000
0.000
0.000
0.000
0.000
0.000
0.000
0.074
0.074
0.074
0.074
0.074
0.074
0.064
0.072
0.064
0.060
0.074
0.074
0.074
0.074
0.074
0.074
0.074
0.074
0.064
0.074
0.074
0.074
0.074
0.074
0.074
0.074
0.074
0.074
0.074
0.074
0.074
0.074
0.071
0.074
0.074
0.072
0.074
0.074
0.074
0.074
0.074
0.074
0.074
0.074
0.072
0.074
0.074
0.072
0.074
0.074
0.074
0.074
0.074
0.074
0.074
0.074
0.074
0.074
0.074
0.074
0.074
0.074
0.074
0.063
0.072
0.063
0.074
0.074
0.074
0.074
0.074
0.074
0.072
0.074
0.063
0.074
0.074
-2.225
0.074
0.074
0.072
0.074
0.074
0.074
0.074
0.074
0.074
0.074
0.074
0.074
0.074
0.074
0.072
0.074
0.074
0.074
0.074
0.074
0.070
0.074
0.074
0.074
0.074
0.074
0.070
0.074
0.074
0.074
0.074
0.064
0.064
0.074
0.074
0.074
0.074
0.074
0.074
0.074
0.074
0.074
0.072
0.074
0.063
0.074
0.074
0.072
0.074
0.074
0.072
0.074
0.074
0.074
0.074
0.074
0.059
0.074
0.074
0.074
0.074
0.074
0.074
0.074
0.074
0.071
0.074
0.074
0.072
0.074
0.074
0.072
0.074
0.074
0.074
0.074
0.074
0.074
0.074
0.074
0.071
0.074
0.074
0.073
0.074
0.074
0.071
0.074
0.074
0.074
0.074
0.074
0.063
0.074
0.074
0.074
0.074
0.074
0.074
0.074
0.074
0.074
0.074
0.074
0.074
0.074
0.074
0.074
0.074
0.074
0.074
0.074
0.074
0.074
0.074
0.074
0.063
0.074
0.074
0.074
0.074
0.074
0.074
0.074
0.074
0.074
0.074
0.074
0.074
0.074
0.074
0.071
0.072
0.074
-2.407
0.074
0.074
0.072
0.074
0.074
0.074
0.074
0.074
0.074
0.074
0.074
0.071
0.074
0.074
0.073
0.074
0.074
0.055
0.074
0.074
0.074
0.074
0.074
0.071
0.074
0.074
0.074
0.074
0.074
0.058
0.074
0.074
0.074
0.071
0.074
0.074
0.074
0.074
0.074
0.074
0.074
0.058
0.074
0.074
0.074
0.074
0.074
0.072
0.074
0.074
0.074
0.072
0.074
0.055
0.074
0.074
0.074
0.074
0.074
0.072
0.074
0.074
0.074
0.074
0.074
0.074
0.074
0.074
0.068
0.074
0.074
0.074
0.074
0.072
0.069
0.074
0.071
0.074
0.074
0.074
0.074
0.074
0.074
0.074
0.074
0.074
0.073
0.074
0.074
0.069
0.074
0.074
0.058
0.074
0.074
0.074
0.074
0.074
0.074
0.074
0.074
0.074
0.074
0.063
0.074
0.074
0.074
0.074
0.074
0.074
0.063
0.074
0.074
0.074
0.074
0.074
0.074
0.074
0.074
0.074
0.074
0.074
0.074
0.074
0.074
-2.431
0.074
0.074
0.070
0.074
0.074
0.074
0.074
0.074
0.071
0.074
0.074
0.074
0.074
0.074
0.071
0.074
0.074
0.071
0.074
0.074
0.074
0.074
0.074
0.074
0.074
0.074
0.074
0.074
0.074
0.074
0.074
0.074
0.074
0.074
0.074
0.074
0.068
0.068
0.068
0.068
0.068
0.068
0.068
0.069
0.064
0.068
0.068
0.068
0.068
0.068
0.068
0.068
0.069
-0.942
0.069
0.068
0.068
0.069
0.069
0.068
0.068
0.068
0.068
0.068
0.068
0.063
0.063
0.068
0.068
0.068
0.068
0.064
0.068
0.068
0.068
0.068
0.068
0.063
0.068
0.068
0.068
0.068
0.069
0.068
0.069
0.069
0.068
0.068
0.068
0.068
0.068
0.068
0.068
0.069
0.068
0.066
0.069
0.068
0.069
0.068
0.068
0.068
0.068
0.068
0.068
0.068
0.068
0.068
0.068
0.069
0.066
0.068
0.069
0.068
0.068
0.069
0.058
0.069
0.068
0.068
0.068
0.068
0.068
0.068
0.069
0.060
0.068
0.068
0.058
0.063
0.069
0.068
0.068
0.068
0.068
0.068
0.068
0.068
0.068
0.068
-0.942
0.068
0.068
0.068
0.069
0.068
0.066
0.068
0.068
0.068
0.069
0.069
0.068
0.068
0.068
0.068
0.068
0.068
0.068
0.068
0.068
0.072
0.074
0.074
0.074
0.074
0.074
0.074
0.074
0.074
0.074
0.074
0.074
0.069
0.074
0.074
0.063
0.074
0.074
0.074
0.074
0.074
0.074
0.074
0.074
0.074
0.074
0.063
0.074
0.074
0.071
0.071
0.072
0.074
0.062
0.074
0.074
0.074
0.074
0.074
0.074
0.074
0.074
0.071
0.074
0.074
0.072
0.074
0.074
0.053
0.074
0.074
0.070
0.074
0.074
0.058
0.074
0.074
0.074
0.074
0.074
0.074
0.074
0.074
0.072
0.074
0.074
0.069
0.074
0.074
0.072
-1.582
-1.594
-1.329
0.065
0.072
0.065
0.063
0.072
0.065
0.065
0.074
-1.599
0.074
0.074
0.074
0.074
0.074
0.067
0.074
0.074
0.074
0.074
0.074
0.059
0.074
0.074
0.074
0.074
0.074
0.074
0.074
0.074
0.074
0.074
0.074
0.074
0.074
0.074
0.074
0.074
0.074
0.070
0.074
0.074
0.074
0.074
0.074
0.074
0.074
0.074
0.074
0.074
0.074
0.074
0.074
0.074
0.074
0.074
0.074
0.074
0.074
0.074
0.071
0.074
0.074
0.074
0.074
0.072
0.074
0.074
0.074
0.072
0.074
0.074
0.074
0.074
0.074
0.074
0.074
0.074
0.074
0.074
0.074
0.072
0.074
0.074
0.072
0.074
0.074
0.074
0.054
0.074
0.072
0.074
0.074
0.074
0.074
0.074
0.072
0.074
0.074
0.074
0.074
0.074
0.074
0.074
0.074
0.069
0.074
0.074
0.074
0.074
0.074
0.064
0.074
0.074
0.074
0.074
0.063
0.074
0.074
0.074
0.074
0.074
0.074
0.074
0.074
0.074
0.074
0.074
0.074
0.074
0.074
0.074
0.074
0.074
0.074
0.072
0.074
0.074
0.074
0.074
0.074
0.072
0.058
0.074
0.074
0.074
0.071
0.074
0.074
0.074
-1.600
0.074
0.074
0.072
0.074
0.074
-1.599
0.074
0.074
0.074
0.074
0.074
0.074
0.074
0.074
0.074
0.074
0.074
0.074
0.074
0.074
0.064
0.074
0.072
0.074
0.072
0.074
0.071
0.074
0.074
0.058
0.074
0.074
0.074
0.074
0.074
0.074
0.074
0.074
0.074
0.074
0.071
0.074
0.074
0.074
0.074
0.074
0.074
0.074
0.074
0.074
0.074
0.074
0.074
0.074
0.074
0.074
0.058
0.074
0.074
0.074
0.074
0.074
0.072
0.074
0.074
0.074
0.074
0.063
0.064
0.074
0.074
0.074
0.074
0.074
0.072
0.074
0.074
0.074
0.063
0.072
0.074
0.074
0.074
0.074
0.058
0.074
0.074
0.074
0.074
0.072
0.074
0.074
0.071
0.074
0.074
0.074
0.074
0.074
0.074
0.074
0.074
-3.398
0.071
0.074
0.063
0.074
0.074
0.072
0.074
0.074
0.062
0.074
0.069
0.063
0.074
0.074
0.072
0.074
0.074
0.074
0.074
0.074
0.074
0.074
0.074
-2.407
0.074
0.074
0.074
0.074
0.074
-1.644
0.074
0.074
0.058
0.072
0.074
0.074
0.074
0.074
0.063
0.074
0.074
0.074
0.074
0.074
0.074
0.074
0.074
0.072
0.074
0.074
0.074
0.074
0.074
0.074
0.069
0.071
0.071
0.074
0.074
0.072
0.074
0.074
0.074
0.074
0.074
0.074
0.072
0.074
0.072
0.074
0.074
0.063
0.074
0.074
0.074
0.074
0.074
0.074
0.074
0.074
0.063
0.074
0.074
0.072
0.074
0.074
0.074
0.074
0.074
0.072
0.074
0.074
0.069
0.074
0.074
0.074
0.074
0.074
0.074
0.074
0.072
0.074
0.074
0.074
0.074
0.074
0.074
0.074
0.063
0.074
0.074
0.074
0.074
0.070
0.074
0.074
0.074
0.074
0.074
0.074
0.074
0.072
0.063
0.072
0.072
0.071
0.071
0.074
0.074
0.071
0.074
0.074
0.074
0.074
0.072
0.074
0.074
0.074
0.074
0.074
0.055
0.074
0.074
0.072
0.074
0.068
0.067
0.074
0.074
0.074
0.072
0.074
0.072
0.074
0.074
0.074
-1.155
-1.155
-1.155
-1.155
-1.193
-1.355
-1.155
-1.155
-1.259
0.074
0.074
0.074
0.074
0.074
0.071
0.074
0.074
0.068
0.074
0.074
0.074
0.074
0.074
0.074
0.074
0.074
0.063
0.074
0.074
0.074
0.074
0.074
0.074
0.074
0.074
0.063
0.074
0.074
0.074
0.074
0.074
0.074
0.074
0.074
0.074
0.074
0.074
0.074
0.074
0.063
0.072
0.072
0.071
0.074
0.074
0.074
0.074
0.072
0.074
0.072
0.074
0.074
0.074
0.058
0.074
0.071
0.074
0.074
0.074
0.074
0.074
0.074
0.074
0.074
0.074
0.074
0.074
0.074
0.074
0.074
0.074
0.074
0.074
0.070
0.074
0.074
0.074
0.074
0.074
0.074
0.074
0.074
0.074
0.074
0.074
0.072
0.063
0.074
0.074
0.071
0.074
0.071
0.074
0.074
0.072
0.074
0.074
0.074
0.074
0.074
0.074
0.074
0.074
0.074
-1.287
-1.287
-1.661
0.074
0.074
0.072
0.074
0.074
0.074
0.074
0.074
0.066
0.074
0.074
0.074
0.074
0.074
0.074
0.074
0.074
0.074
0.074
0.074
0.072
0.074
0.074
-1.599
0.074
0.074
0.074
0.074
0.074
0.074
0.074
0.074
0.074
-1.413
-1.413
-1.287
-1.287
-1.287
-1.413
-1.865
-1.552
-1.287
