fixedStep chrom=ENSGT00390000011958 start=1 step=1
0.053
0.053
0.053
0.046
0.053
0.053
0.053
0.053
0.050
0.053
0.053
0.053
0.053
0.053
0.053
0.053
0.053
0.053
0.051
0.051
0.053
0.053
0.053
0.053
0.051
0.053
0.043
0.053
0.053
0.053
0.053
0.053
0.053
0.053
0.053
0.053
0.053
0.053
0.053
0.053
0.053
0.053
0.053
0.053
0.053
0.053
0.053
0.041
0.052
0.053
0.053
0.053
0.053
0.050
0.053
0.053
0.053
0.053
0.046
0.053
0.053
0.053
0.053
0.053
0.042
0.053
0.053
0.053
0.053
0.053
0.053
0.053
0.053
0.053
0.053
0.053
0.053
0.053
0.053
0.053
0.053
0.053
0.053
0.053
0.053
0.053
0.053
0.053
0.053
0.053
0.053
0.053
0.053
0.053
0.053
0.052
0.053
0.053
0.053
0.053
0.053
0.053
0.051
0.053
0.053
0.053
0.053
0.053
0.053
0.053
0.053
0.053
0.053
0.053
0.053
0.053
0.053
0.053
0.053
0.053
0.053
0.053
0.053
0.053
0.053
0.053
0.053
0.053
0.053
0.053
0.053
0.053
0.000
0.000
0.000
0.000
0.000
0.000
0.000
0.000
0.000
0.000
0.000
0.000
0.000
0.000
0.000
0.000
0.000
0.000
0.000
0.000
0.000
0.000
0.000
0.000
0.000
0.000
0.000
0.000
0.000
0.000
0.000
0.000
0.000
0.000
0.000
0.000
0.000
0.000
0.000
0.000
0.000
0.000
0.000
0.000
0.000
0.000
0.000
0.000
0.000
0.000
0.000
0.000
0.000
0.000
0.000
0.000
0.000
0.000
0.000
0.000
0.000
0.000
0.000
0.000
0.000
0.000
0.000
0.000
0.000
0.000
0.000
0.000
0.000
0.000
0.000
0.000
0.000
0.000
0.000
0.000
0.000
0.000
0.000
0.000
0.000
0.000
0.000
0.000
0.000
0.000
0.000
0.000
0.000
0.000
0.000
0.000
0.000
0.000
0.000
0.000
0.000
0.000
0.000
0.000
0.000
0.000
0.000
0.000
0.000
0.000
0.000
0.000
0.000
0.000
0.000
0.000
0.000
0.000
0.000
0.000
0.000
0.000
0.000
0.000
0.000
0.000
0.000
0.000
0.000
0.000
0.000
0.000
0.000
0.000
0.000
0.000
0.000
0.000
0.053
0.053
0.053
0.053
0.053
0.053
0.053
0.053
0.053
0.053
0.053
0.049
0.053
0.053
0.053
0.053
0.053
0.053
0.053
0.053
0.053
0.053
0.053
0.053
0.053
0.053
0.050
0.053
0.053
0.053
0.053
0.053
0.053
0.053
0.053
0.053
0.050
0.053
0.053
0.053
0.053
0.050
0.053
0.053
0.053
0.053
0.053
0.052
0.053
0.053
0.053
0.052
0.053
0.053
0.053
0.053
0.053
0.053
0.040
0.051
0.053
0.053
0.053
0.053
0.053
0.053
0.053
0.053
0.051
0.053
0.053
0.053
0.053
0.053
0.053
0.053
0.053
0.053
0.053
0.053
0.053
0.053
0.051
0.051
0.053
0.053
0.053
0.053
0.053
0.053
0.051
0.053
0.053
0.053
0.053
0.053
0.050
0.053
0.046
0.051
0.053
0.041
0.051
0.053
0.040
0.053
0.053
0.053
0.053
0.053
0.053
0.053
0.053
0.053
0.053
0.053
0.050
0.053
0.053
0.053
0.053
0.053
0.053
-1.944
0.053
0.053
0.053
0.053
0.053
0.053
0.053
0.046
0.053
0.053
0.053
0.053
0.053
0.053
0.053
0.053
0.052
0.053
0.053
0.053
0.053
0.052
0.040
0.053
0.053
0.053
0.053
0.053
0.053
0.053
0.053
0.053
0.053
0.053
0.041
0.053
0.053
0.053
0.041
0.041
0.053
0.053
0.053
0.041
0.053
0.053
0.053
0.053
0.053
0.053
0.053
0.053
0.053
0.053
0.053
0.053
0.053
0.053
0.053
0.053
0.053
0.053
0.053
0.053
0.053
0.053
0.050
0.053
0.053
0.053
0.053
0.053
0.053
0.048
0.053
0.053
0.050
0.053
0.053
0.053
0.053
0.053
0.053
0.053
0.053
0.053
0.053
0.053
0.053
0.053
0.053
0.053
0.053
0.053
0.053
0.053
0.053
0.053
0.053
0.053
0.050
0.053
0.053
0.051
0.053
0.053
0.053
0.053
0.053
0.053
