fixedStep chrom=ENSGT00390000005242 start=1 step=1
0.000
0.000
0.000
0.000
0.000
0.000
0.000
0.000
0.000
0.000
0.000
0.000
0.000
0.000
0.000
0.000
0.000
0.000
0.000
0.000
0.000
0.000
0.000
0.000
0.000
0.000
0.000
0.000
0.000
0.000
0.000
0.000
0.000
0.000
0.000
0.000
0.000
0.000
0.000
0.000
0.000
0.000
0.000
0.000
0.000
0.000
0.000
0.000
0.000
0.000
0.000
0.000
0.000
0.000
0.000
0.000
0.000
0.000
0.000
0.000
0.000
0.000
0.000
0.000
0.000
0.000
0.000
0.000
0.000
0.000
0.000
0.000
0.000
0.000
0.000
0.000
0.000
0.000
0.000
0.000
0.000
0.064
0.065
0.064
0.062
0.064
0.048
0.065
0.064
0.061
0.064
0.064
0.060
0.057
0.064
0.064
0.052
0.064
0.064
0.064
0.064
0.060
0.064
0.064
-3.891
0.064
0.064
0.061
0.064
0.064
0.064
0.064
0.065
0.057
0.064
0.064
0.064
0.064
0.064
0.065
0.064
0.064
0.063
0.064
0.064
0.064
0.064
0.064
0.057
0.064
0.064
0.064
0.064
0.065
0.064
0.064
0.065
0.064
0.064
0.065
0.061
0.064
0.064
0.060
0.064
0.064
0.064
0.064
0.065
0.064
0.064
0.065
0.064
0.064
0.064
0.064
0.064
0.064
0.064
0.065
0.065
0.064
0.065
0.064
0.055
0.064
0.064
0.064
0.064
0.064
-3.339
0.064
0.064
0.064
0.064
0.064
0.063
0.064
0.064
0.058
0.064
0.065
0.064
0.055
0.064
0.062
0.064
0.065
0.064
0.064
0.064
0.064
0.064
0.064
0.064
0.064
0.064
0.065
0.064
0.064
0.064
0.064
0.064
0.063
0.064
0.064
0.063
0.064
0.064
0.057
0.065
0.064
0.064
0.064
0.064
0.064
0.064
0.064
0.064
0.064
0.065
0.064
0.064
0.064
0.063
0.064
0.064
0.064
0.064
0.065
0.064
0.064
0.065
0.064
0.064
0.064
0.062
0.065
0.065
0.064
0.064
0.065
0.064
0.064
0.065
0.064
0.064
0.064
-2.425
0.064
0.065
0.064
0.064
0.064
0.064
0.064
0.064
0.064
0.064
0.064
0.064
0.064
0.065
0.064
0.064
0.064
0.064
0.064
0.064
0.064
0.064
0.064
0.061
0.064
0.065
0.065
0.064
0.065
0.064
0.064
0.064
0.064
0.064
0.064
0.048
0.065
0.064
0.065
0.064
0.064
0.064
0.065
0.065
0.064
0.064
0.064
0.064
0.065
0.064
0.064
0.064
0.064
0.064
0.064
0.064
0.064
0.064
0.064
0.064
0.064
0.064
0.048
0.064
0.065
0.064
0.064
0.065
0.062
0.064
0.064
0.061
0.065
0.065
0.065
0.064
0.064
0.063
0.064
0.064
0.064
0.065
0.065
0.064
0.064
0.065
0.064
0.064
0.064
0.062
0.065
0.064
0.062
0.065
0.064
0.063
0.064
0.064
0.061
0.064
0.064
0.064
0.064
0.064
0.061
0.064
0.064
0.063
0.064
0.064
0.062
0.064
0.064
0.064
0.064
0.065
0.062
0.064
0.064
0.064
0.064
0.064
0.064
0.064
0.065
0.061
0.065
0.064
0.064
0.064
0.064
0.055
0.064
0.064
0.064
0.064
0.065
0.064
0.064
0.064
0.064
0.064
0.064
0.063
0.061
0.065
0.064
0.065
0.065
0.064
0.064
0.065
0.064
0.064
0.064
0.053
0.064
0.064
0.061
0.064
0.065
0.064
0.064
0.064
0.050
0.064
0.065
0.061
0.064
0.064
0.064
0.064
0.064
0.062
0.064
0.064
0.063
0.064
0.064
0.060
0.064
0.064
0.065
0.064
0.064
0.065
0.058
0.064
0.065
0.064
0.064
0.065
0.064
0.064
0.064
0.064
0.064
0.061
0.064
0.065
0.064
0.064
0.064
0.063
0.064
0.064
0.062
0.065
0.064
0.064
