fixedStep chrom=ENSGT00390000014396 start=1 step=1
0.000
0.000
0.000
0.000
0.000
0.000
0.000
0.000
0.000
0.000
0.000
0.000
0.000
0.000
0.000
0.000
0.000
0.000
0.000
0.000
0.000
0.000
0.000
0.000
0.000
0.000
0.000
0.048
0.049
0.049
0.049
0.049
0.049
0.049
0.042
0.049
0.049
0.049
0.049
0.049
0.049
0.049
0.049
0.049
0.049
0.049
0.049
0.049
0.049
0.049
0.049
0.048
0.049
0.049
0.049
0.049
0.049
0.049
0.049
0.049
0.049
0.049
0.049
0.049
0.049
0.049
0.049
0.049
-1.285
0.048
0.049
0.049
-2.168
-2.186
-2.182
0.039
0.049
0.049
0.049
0.049
0.049
0.049
0.049
0.044
0.049
0.049
0.049
0.049
0.049
0.049
0.049
0.049
0.049
0.049
0.049
0.049
0.049
0.049
0.049
0.049
0.049
0.049
0.049
0.049
0.049
0.049
0.049
0.049
0.049
0.049
0.049
-1.823
-2.417
-1.822
-1.823
-1.822
-1.823
-1.822
-1.824
-1.822
0.049
0.049
0.048
0.049
0.049
0.044
0.044
0.049
0.049
0.049
0.049
0.049
0.049
0.049
0.049
0.049
0.044
0.049
0.049
0.044
0.049
0.049
0.049
0.049
0.049
0.049
0.049
0.049
0.049
0.049
0.049
0.049
0.049
0.049
0.049
0.049
0.043
0.049
0.049
0.049
0.049
0.049
0.049
0.049
0.049
0.048
0.049
0.049
0.049
0.049
0.049
0.047
0.049
-1.401
0.049
0.049
0.049
0.049
0.049
0.049
0.049
0.049
0.049
0.049
0.049
0.049
0.049
0.049
0.049
0.049
0.049
0.049
0.049
0.049
-1.285
0.049
0.049
0.049
0.049
0.049
0.044
0.049
0.049
0.049
0.049
0.049
0.049
0.049
0.049
0.049
0.049
0.049
0.049
0.049
0.049
0.049
0.049
0.049
0.044
0.049
0.049
0.049
0.049
0.044
0.044
0.049
0.049
0.049
0.048
0.044
0.049
0.049
0.049
0.049
0.049
0.042
0.049
0.049
0.049
-1.299
-1.285
0.044
-1.299
0.044
0.049
0.049
0.049
-1.289
0.049
0.049
0.049
0.049
0.049
0.049
0.049
0.044
0.049
0.049
0.049
0.049
0.049
0.049
0.049
0.049
0.049
0.049
0.049
0.044
0.049
0.049
0.049
0.049
0.044
0.049
0.044
0.044
0.049
0.049
0.049
0.044
0.049
0.049
0.049
0.049
0.049
-1.672
-1.679
-1.679
0.049
0.049
0.049
0.049
0.049
0.049
0.049
0.049
0.049
0.044
0.049
0.044
0.044
0.049
0.049
0.049
0.049
0.049
-1.959
-1.973
-3.292
0.049
0.049
0.049
0.049
0.049
0.044
0.049
0.049
0.049
0.049
0.049
0.049
0.049
0.049
-1.299
0.049
0.049
0.049
0.049
0.049
0.049
0.049
0.049
0.048
0.049
0.049
0.049
0.049
0.049
0.049
0.049
0.049
0.049
0.049
0.049
0.049
0.049
0.049
0.049
0.049
0.049
0.049
0.049
0.049
0.049
0.049
0.049
0.049
0.049
0.049
0.049
0.049
0.049
0.049
0.049
0.049
0.049
0.049
0.049
0.049
0.049
0.049
0.049
0.049
0.044
0.049
0.049
0.049
0.049
0.049
0.049
0.049
0.049
0.049
0.049
0.049
0.049
0.049
0.049
0.049
0.049
0.049
0.049
0.049
0.049
0.047
0.049
0.048
0.049
0.049
0.049
0.049
0.049
0.049
0.049
0.049
