fixedStep chrom=ENSGT00390000010734 start=1 step=1
-2.973
-2.966
-2.975
0.062
0.062
0.059
0.048
0.062
0.062
0.062
0.062
0.061
0.062
0.062
0.062
0.062
0.063
0.063
0.062
0.062
0.062
0.063
0.062
0.055
-3.841
0.062
0.062
0.062
0.063
0.054
0.062
0.059
0.062
0.062
0.062
0.062
0.062
0.062
0.063
0.062
0.063
0.063
0.062
0.062
0.062
0.062
0.063
0.063
0.062
0.062
0.054
0.062
0.062
0.062
0.062
0.063
0.063
0.063
0.062
0.062
0.062
0.062
0.062
0.062
0.062
0.063
0.062
0.062
0.062
0.062
0.062
0.063
0.063
0.063
0.063
0.062
0.062
0.062
0.062
0.062
0.063
0.062
0.062
0.060
0.062
0.062
0.063
0.062
0.063
0.063
0.062
0.063
0.063
0.062
0.062
0.062
0.062
0.062
0.061
0.062
0.062
0.056
0.056
0.056
0.056
0.056
0.056
0.056
0.056
0.056
0.056
0.056
0.056
0.056
0.056
0.056
0.056
0.056
0.056
0.056
0.056
0.056
0.056
0.056
0.056
0.056
0.053
0.056
0.056
0.056
0.056
0.056
0.056
0.056
0.056
0.056
0.056
0.056
0.056
0.056
0.056
0.056
0.056
0.054
0.056
0.056
0.053
0.056
0.056
0.056
0.056
0.056
0.056
0.056
0.056
0.056
0.056
0.056
0.056
0.056
0.056
0.056
0.056
0.056
0.056
0.056
0.056
0.052
0.056
0.056
0.056
0.056
0.056
0.056
0.056
0.056
0.056
0.056
0.056
0.056
0.056
0.056
0.054
0.056
0.056
0.056
0.056
0.056
0.056
0.056
0.056
0.056
0.053
0.056
0.053
-1.856
-1.857
-2.931
0.056
0.056
0.056
0.056
0.056
0.056
0.056
0.056
0.055
0.056
0.056
0.054
0.056
0.056
0.050
0.056
0.056
0.056
0.056
0.056
0.054
0.056
0.056
0.056
0.056
0.056
0.056
0.056
0.056
0.056
0.056
0.056
0.053
0.056
0.056
0.053
0.054
0.056
0.056
0.056
0.056
0.052
0.056
0.056
0.056
0.056
0.056
0.056
0.056
0.056
0.056
0.056
0.056
0.056
0.056
0.056
0.056
0.056
0.056
0.056
0.056
0.056
0.056
0.056
0.056
0.056
0.062
0.063
0.063
0.062
0.062
0.062
0.062
0.062
0.063
0.062
0.063
0.063
0.062
0.062
0.062
0.063
0.063
0.063
0.062
0.063
0.063
0.058
0.062
0.060
0.062
0.062
0.061
0.063
0.062
0.062
0.062
0.062
0.058
0.062
0.063
0.063
0.063
0.062
0.062
0.061
0.063
0.062
0.062
0.062
0.063
0.062
0.063
0.059
0.060
0.063
0.062
0.062
0.059
0.061
0.062
0.062
0.063
0.062
0.062
0.060
0.062
0.062
0.063
0.062
0.062
0.062
0.062
0.062
0.048
0.062
0.063
0.063
0.062
0.062
0.062
0.063
0.063
0.063
0.062
0.062
0.057
0.062
0.062
0.063
0.062
0.063
0.063
0.062
0.063
0.061
0.062
0.062
0.063
0.062
0.062
0.063
0.062
0.062
0.059
0.063
0.062
0.062
0.062
0.062
0.061
0.062
0.062
0.060
0.062
0.062
0.062
0.060
0.063
-3.775
0.062
0.063
0.062
0.062
0.062
0.062
0.062
0.062
0.055
0.062
0.062
0.062
0.062
0.062
0.062
0.046
0.063
0.062
0.062
0.063
0.062
0.062
0.063
0.062
0.062
0.062
0.062
0.063
0.062
0.063
0.062
0.062
0.062
0.062
0.063
0.048
0.057
0.061
0.061
0.063
0.057
0.057
0.000
0.000
0.000
0.000
0.000
0.000
0.000
0.000
0.000
0.000
0.000
0.000
0.000
0.000
0.000
0.000
0.000
0.000
0.000
0.000
0.000
0.000
0.000
0.000
0.000
0.000
0.000
0.000
0.000
0.000
0.000
0.000
0.000
0.000
0.000
0.000
0.000
0.000
0.000
0.000
0.000
0.000
0.000
0.000
0.000
0.000
0.000
0.000
0.000
0.000
0.000
0.000
0.000
0.000
0.000
0.000
0.000
0.000
0.000
0.000
0.000
0.000
0.000
