fixedStep chrom=ENSGT00390000003062 start=1 step=1
0.000
0.000
0.000
0.000
0.000
0.000
0.000
0.000
0.000
0.000
0.000
0.000
0.000
0.000
0.000
0.000
0.000
0.000
0.000
0.000
0.000
0.000
0.000
0.000
0.000
0.000
0.000
0.000
0.000
0.000
0.000
0.000
0.000
0.000
0.000
0.000
0.000
0.000
0.000
0.089
-0.803
0.076
-2.051
0.089
-0.797
0.076
-0.802
-1.532
0.089
0.076
-0.803
-0.800
-0.802
-0.797
-0.803
0.076
0.076
0.089
0.089
0.076
-0.802
0.089
0.076
-0.802
0.076
0.076
0.089
0.089
0.076
0.076
0.089
0.076
0.076
-0.797
0.073
0.076
0.089
-0.803
0.076
0.089
0.073
-0.802
-0.797
-0.803
-1.323
0.088
-0.802
-0.797
0.089
0.076
-0.802
0.076
-2.176
-0.803
-0.802
-0.803
-0.797
-0.797
-0.803
0.089
0.089
-0.803
0.089
0.089
-1.539
-0.802
0.076
0.076
-0.287
-0.287
-0.287
0.089
-0.802
-0.803
0.089
0.089
0.077
0.089
0.089
0.087
0.089
0.089
0.089
0.089
0.086
0.089
0.089
0.089
0.089
0.089
0.089
0.089
0.089
0.089
0.089
0.089
0.089
0.086
0.089
0.089
0.086
0.089
0.089
0.087
0.089
0.089
0.086
0.089
0.089
0.089
0.089
0.089
0.089
0.089
0.089
0.089
0.086
0.089
0.089
0.089
0.089
0.089
0.089
0.089
0.089
0.089
0.089
0.089
0.089
0.089
0.089
0.089
0.089
0.089
0.089
0.089
0.089
0.089
0.089
0.089
0.089
0.089
0.089
0.089
0.089
0.089
0.089
0.089
0.089
0.089
0.089
0.089
0.089
0.089
0.089
0.089
0.089
0.089
0.089
0.089
0.077
0.089
0.089
0.089
0.089
0.089
0.089
0.089
0.089
0.089
0.089
0.089
0.089
0.089
0.089
0.089
0.089
0.089
0.089
0.088
0.089
0.089
0.089
0.089
0.089
0.089
0.089
0.089
0.076
0.089
0.086
0.089
0.086
0.089
0.089
0.089
0.089
0.089
0.089
0.089
0.089
0.089
0.089
0.089
0.089
0.089
0.089
0.089
0.089
0.089
0.089
0.089
0.089
0.089
0.089
0.089
0.089
0.087
0.089
0.089
0.089
0.089
0.089
0.089
0.089
0.089
0.089
0.089
0.089
0.089
0.089
0.089
0.089
0.089
0.089
0.089
0.089
0.089
0.089
0.089
0.089
0.088
0.089
0.089
0.089
0.089
0.089
0.089
0.089
0.089
0.089
0.089
0.089
0.089
0.089
0.089
0.089
0.089
0.089
0.089
0.089
0.086
0.077
0.089
0.079
0.089
0.089
0.089
0.089
