fixedStep chrom=ENSGT00440000033499 start=1 step=1
0.000
0.000
0.000
0.000
0.000
0.000
0.000
0.000
0.000
0.000
0.000
0.000
0.000
0.000
0.000
0.000
0.000
0.000
0.000
0.000
0.000
0.000
0.000
0.000
0.000
0.000
0.000
0.068
-0.758
0.068
-1.900
0.067
-0.769
-0.770
0.067
-1.179
-1.409
-1.436
0.068
0.068
-0.757
-1.368
-1.944
0.067
0.083
-0.770
0.083
0.079
0.079
0.083
0.068
0.074
0.083
0.067
0.079
0.067
-1.409
0.067
0.079
-1.409
-0.769
-1.431
-1.484
0.000
0.000
0.000
0.000
0.000
0.000
0.000
0.000
0.000
0.000
0.000
0.000
0.000
0.000
0.000
0.000
0.000
0.000
0.000
0.000
0.000
0.000
0.000
0.000
0.000
0.000
0.000
0.000
0.000
0.000
0.000
0.000
0.000
0.000
0.000
0.000
0.000
0.000
0.000
0.000
0.000
0.000
0.000
0.000
0.000
0.000
0.000
0.000
0.000
0.000
0.000
0.000
0.000
0.000
0.000
0.000
0.000
0.000
0.000
0.000
0.000
0.000
0.000
0.000
0.000
0.000
0.000
0.000
0.000
0.000
0.000
0.000
0.000
0.000
0.000
0.000
0.000
0.000
0.000
0.000
0.000
0.000
0.000
0.000
0.000
0.000
0.000
0.000
0.000
0.000
0.000
0.000
0.000
0.000
0.000
0.000
0.000
0.000
0.000
0.000
0.000
0.000
0.000
0.000
0.000
0.000
0.000
0.000
0.000
0.000
0.000
0.000
0.000
0.000
0.000
0.000
0.000
0.000
0.000
0.000
0.000
0.000
0.000
0.000
0.000
0.000
0.000
0.000
0.000
0.000
0.000
0.000
0.000
0.000
0.000
0.000
0.000
0.000
0.000
0.000
0.000
0.000
0.000
0.000
0.000
0.000
0.000
0.000
0.000
0.000
0.000
0.000
0.000
0.000
0.000
0.000
0.000
0.000
0.000
0.000
0.000
0.000
0.000
0.000
0.000
0.000
0.000
0.000
0.000
0.000
0.000
0.000
0.000
0.000
0.000
0.000
0.000
0.000
0.000
0.000
0.000
0.000
0.000
0.000
0.000
0.000
0.000
0.000
0.000
0.000
0.000
0.000
0.000
0.000
0.000
0.000
0.000
0.000
0.000
0.000
0.000
0.000
0.000
0.000
0.000
0.000
0.000
0.083
0.083
0.083
0.083
-0.769
0.083
0.082
0.083
-1.420
-0.757
0.083
-0.765
0.082
0.083
-0.769
0.083
-0.772
0.083
0.083
0.082
0.074
-0.772
0.074
-0.768
0.082
0.074
-0.770
0.074
0.074
-0.768
-0.765
-0.770
0.074
0.083
-0.770
-0.758
-0.772
-0.770
-1.397
-0.772
-0.769
0.083
-0.768
-0.765
0.074
-0.770
-0.757
-1.427
-0.758
-0.765
0.083
0.083
-0.770
-0.769
0.083
0.082
0.079
-0.769
-0.890
-1.326
-1.370
-0.765
-0.757
0.082
0.083
0.081
-0.770
0.083
-0.770
-0.770
0.083
0.074
-0.765
0.083
0.083
0.082
0.083
-0.768
-0.765
0.074
-1.427
-0.758
0.082
-0.768
-0.769
0.083
0.074
0.083
-0.758
-0.772
0.074
0.083
-0.765
0.083
0.083
0.083
0.000
0.000
0.000
0.000
0.000
0.000
0.000
0.000
0.000
0.000
0.000
0.000
0.000
0.000
0.000
0.000
0.000
0.000
0.000
0.000
0.000
0.000
0.000
0.000
0.000
0.000
0.000
0.000
0.000
0.000
0.000
0.000
0.000
0.000
0.000
0.000
0.000
0.000
0.000
0.000
0.000
0.000
0.000
0.000
0.000
0.000
0.000
0.000
0.000
0.000
0.000
0.083
0.074
-0.757
0.082
0.083
0.083
0.083
-0.770
0.074
0.074
0.069
0.074
-0.770
-0.769
0.076
-0.769
0.074
-0.765
-0.772
-0.757
0.081
0.083
0.083
0.074
0.083
0.083
-0.758
0.083
0.074
0.083
0.082
0.083
-0.757
-0.772
0.083
-0.758
-0.765
0.083
-0.758
-0.540
-0.541
-0.541
-0.541
-0.541
-0.540
0.083
0.074
-2.738
0.082
0.083
0.074
-1.474
0.074
-0.757
0.083
0.083
0.083
0.083
0.082
0.082
0.000
0.000
0.000
0.000
0.000
0.000
0.000
0.000
0.000
0.000
0.000
0.000
0.000
0.000
0.000
0.000
0.000
0.000
0.000
0.000
0.000
0.000
0.000
0.000
0.000
0.000
0.000
0.000
0.000
0.000
0.000
0.000
0.000
0.000
0.000
0.000
0.000
0.000
0.000
0.000
0.000
0.000
0.000
0.000
0.000
0.000
0.000
0.000
0.000
0.000
0.000
0.000
0.000
0.000
0.000
0.000
0.000
0.000
0.000
0.000
0.000
0.000
0.000
0.000
0.000
0.000
0.000
0.000
0.000
0.000
0.000
0.000
0.000
0.000
0.000
0.000
0.000
0.000
0.000
0.000
0.000
0.000
0.000
0.000
0.000
0.000
0.000
0.000
0.000
0.000
0.000
0.000
0.000
0.000
0.000
0.000
0.000
0.000
0.000
0.000
0.000
0.000
0.000
0.000
0.000
0.000
0.000
0.000
0.000
0.000
0.000
0.000
0.000
0.000
0.000
0.000
0.000
0.000
0.000
0.000
0.000
0.000
0.000
0.000
0.000
0.000
0.000
0.000
0.000
0.000
0.000
0.000
0.000
0.000
0.000
0.000
0.000
0.000
0.000
0.000
0.000
0.000
0.000
0.000
0.000
0.000
0.000
0.000
0.000
0.000
0.000
0.000
0.000
0.000
0.000
0.000
0.000
0.000
0.000
0.000
0.000
0.000
0.000
0.000
0.000
0.000
0.000
0.000
0.000
0.000
0.000
0.000
0.000
0.000
0.000
0.000
0.000
0.000
0.000
0.000
0.083
-0.757
0.083
-0.770
0.082
-0.815
-0.769
-1.431
0.083
-0.769
0.074
-1.397
-0.757
0.083
-1.759
0.082
0.074
-1.474
0.081
-0.758
0.083
0.083
-0.765
0.082
0.083
0.083
0.080
-0.770
0.083
0.079
0.081
0.074
-1.236
0.076
0.074
0.081
0.082
-0.770
0.074
-0.772
0.083
0.074
-0.769
0.074
-1.429
0.074
0.083
0.083
0.082
-0.757
-1.411
0.074
0.083
-0.770
0.083
0.074
0.074
0.080
-0.772
-0.757
0.000
0.000
0.000
0.000
0.000
0.000
0.000
0.000
0.000
0.000
0.000
0.000
0.000
0.000
0.000
0.000
0.000
0.000
-0.758
-0.770
-0.757
0.082
0.083
-0.758
-0.768
-0.772
0.083
-0.769
-1.431
0.083
0.074
0.083
0.083
-0.770
0.083
0.077
0.074
0.083
-0.768
-0.769
0.083
0.067
-0.758
-0.770
-0.770
0.083
0.083
0.073
-0.758
0.083
-0.765
0.082
0.074
-0.765
0.074
0.074
-0.765
0.082
0.083
0.074
-0.772
0.074
-0.769
-0.769
0.083
0.074
-0.769
0.080
0.083
0.081
0.083
0.083
-0.772
0.083
0.074
0.074
0.074
0.074
0.000
0.000
0.000
0.000
0.000
0.000
0.000
0.000
0.000
0.000
0.000
0.000
0.000
0.000
0.000
0.000
0.000
0.000
0.000
0.000
0.000
0.000
0.000
0.000
0.000
0.000
0.000
0.000
0.000
0.000
0.000
0.000
0.000
0.000
0.000
0.000
0.000
0.000
0.000
0.000
0.000
0.000
0.000
0.000
0.000
0.000
0.000
0.000
0.083
0.074
-0.770
-0.758
-0.768
-0.757
0.074
0.082
-0.769
0.080
-0.770
0.067
0.080
0.083
0.083
0.074
0.083
-0.758
0.074
-0.770
0.083
0.082
0.074
0.083
0.074
0.074
0.083
0.083
0.082
0.082
0.083
0.080
0.074
-1.391
0.074
-0.757
0.074
-0.769
0.083
0.082
0.074
0.083
-0.541
-0.541
-0.541
-0.541
-0.541
-0.541
-0.540
-0.540
-0.541
-0.541
-0.540
-0.540
-0.541
-0.541
-0.541
0.074
0.079
0.079
0.079
0.079
0.079
-0.839
0.079
0.079
0.070
-0.832
0.079
0.070
0.070
-2.424
-0.837
0.079
0.067
0.070
0.079
-0.832
-0.836
-0.832
-0.836
0.079
0.079
0.079
-0.188
-0.188
-0.188
-0.824
0.070
0.070
-0.824
0.070
-1.609
0.079
0.079
-1.655
0.079
0.070
0.079
-0.835
-0.839
-0.835
-0.836
0.070
0.070
-0.837
-0.824
-0.824
0.079
0.079
0.070
-0.824
0.070
0.062
-1.494
0.079
-0.824
0.079
-0.825
-0.832
-0.835
0.079
0.070
0.070
0.070
0.079
0.079
-0.836
-0.832
0.079
0.082
0.083
0.083
0.083
0.083
0.083
0.083
0.067
0.082
0.083
0.082
0.083
0.083
0.083
0.083
0.083
0.081
0.082
0.083
0.083
0.082
0.083
0.062
0.083
0.082
0.082
0.082
0.082
0.079
0.083
0.083
0.083
0.082
0.083
0.083
0.083
0.083
0.083
0.082
0.083
0.083
0.081
0.083
0.073
0.082
0.083
0.083
0.083
0.083
0.083
0.083
0.076
0.075
0.083
0.083
0.083
0.082
0.083
0.083
0.082
0.082
0.076
0.083
0.083
0.082
0.083
0.083
0.079
0.083
0.083
0.075
0.083
0.083
0.083
0.083
0.083
0.083
0.083
0.083
0.083
0.083
0.083
0.083
0.083
0.083
0.083
0.083
0.083
0.079
0.083
0.083
0.083
0.083
0.083
0.083
0.082
0.083
0.079
0.083
0.083
0.083
0.082
0.083
0.083
0.083
0.083
0.080
0.083
0.083
0.082
0.083
0.082
0.082
0.083
0.083
0.083
0.082
0.083
0.079
0.083
0.083
0.081
0.082
0.083
0.083
0.082
0.082
0.083
0.083
0.083
0.083
0.083
0.083
0.083
0.083
0.083
0.083
0.083
0.083
0.083
0.082
0.083
0.083
0.082
0.083
0.083
0.083
0.082
0.082
0.083
0.083
0.083
0.083
0.083
0.077
0.082
0.083
0.083
0.083
0.083
0.083
0.082
0.083
0.083
0.083
0.083
0.083
0.083
0.083
0.083
0.083
0.083
0.083
0.083
0.083
0.083
0.082
0.083
0.083
0.082
0.082
0.083
0.082
0.083
0.083
0.082
0.083
0.083
0.083
0.082
0.083
0.083
0.083
0.083
0.083
0.083
0.083
0.083
0.083
0.082
0.082
0.083
0.074
0.083
0.082
0.082
0.082
0.083
0.079
0.083
0.082
0.079
0.083
0.083
0.079
0.082
0.082
0.081
0.083
0.081
0.083
0.083
0.079
0.062
0.075
0.083
0.082
0.083
0.083
0.079
0.083
0.083
0.083
0.083
0.083
0.083
0.083
0.083
0.083
0.083
0.081
0.083
0.083
0.083
0.083
0.082
0.083
0.082
0.083
0.083
0.083
0.083
0.083
0.081
0.083
0.083
0.083
0.083
0.083
0.075
0.083
0.083
0.083
0.082
0.083
0.083
0.082
0.083
0.083
0.083
0.082
0.082
0.076
0.083
0.083
0.083
0.083
0.067
0.082
0.083
0.083
0.082
0.082
0.083
0.082
0.083
0.083
0.081
0.083
0.083
0.083
0.083
0.083
0.082
0.083
0.079
0.082
0.083
0.083
0.082
0.082
0.083
0.083
0.083
0.079
0.083
0.083
0.083
0.083
0.083
0.083
0.083
0.083
0.083
0.083
0.083
0.083
0.083
0.082
0.083
0.083
0.083
0.081
0.083
0.082
0.083
0.082
0.083
0.083
0.083
0.083
0.083
0.083
0.083
0.083
0.082
0.082
0.082
0.079
0.079
0.079
0.079
0.079
0.079
0.079
0.079
0.077
0.073
0.079
0.061
0.079
0.079
0.079
0.079
0.079
0.079
0.079
0.079
0.079
0.079
0.079
0.072
0.079
0.079
0.079
0.079
0.079
0.079
0.079
0.079
0.079
0.079
0.079
0.079
0.079
0.079
0.079
0.079
0.079
0.079
0.079
0.079
0.079
0.079
0.079
0.075
0.079
0.079
0.075
0.079
0.079
0.079
0.079
0.079
0.062
0.075
0.079
0.077
0.079
0.079
0.079
0.079
0.079
0.079
0.079
0.079
0.079
0.079
0.079
0.079
0.079
0.079
0.079
0.079
0.079
0.062
0.079
0.079
0.079
0.079
0.079
0.079
0.079
0.079
0.079
0.079
0.079
0.079
0.079
0.079
0.079
0.079
0.079
0.075
0.079
0.079
0.079
0.079
0.079
0.077
0.079
0.079
0.079
0.079
0.079
0.079
0.079
0.079
0.079
0.079
0.079
0.075
0.079
0.079
0.079
0.079
0.079
0.079
0.079
0.079
0.075
0.079
0.079
0.079
0.079
0.075
0.079
0.079
0.079
0.079
0.079
0.079
0.078
0.079
0.079
0.079
0.079
0.079
0.079
0.079
0.079
0.079
0.079
0.079
0.079
0.079
0.079
0.079
0.079
0.079
0.061
0.079
0.079
0.073
0.075
0.079
0.079
0.079
0.079
0.072
0.079
0.079
0.079
0.079
0.079
0.079
0.079
0.079
0.076
0.073
0.079
0.075
0.079
0.079
0.079
0.079
0.079
0.079
0.082
0.083
0.083
0.083
0.082
0.083
0.083
0.083
0.079
0.082
0.083
0.079
0.083
0.083
0.083
0.083
0.083
0.083
0.082
0.083
0.083
0.082
0.083
0.083
0.082
0.083
0.082
0.082
0.083
0.083
0.083
0.083
0.083
0.083
0.083
0.082
0.082
0.083
0.083
0.083
0.083
0.083
0.083
0.082
0.067
0.082
0.083
0.083
0.083
0.082
0.083
0.082
0.083
0.083
0.083
0.083
0.079
0.083
0.083
0.083
0.082
0.083
0.083
0.083
0.083
0.083
0.083
0.083
0.081
0.083
0.083
0.083
0.083
0.083
0.078
0.082
0.083
0.079
0.083
0.083
0.081
0.083
0.083
0.079
0.082
0.083
0.077
0.082
0.083
0.083
0.083
0.083
0.083
0.083
0.083
0.081
0.083
0.083
0.083
0.083
0.083
0.083
0.083
0.083
0.079
0.083
0.082
0.081
0.083
0.083
0.079
0.082
0.083
0.082
0.083
0.083
0.083
0.083
0.083
0.079
0.083
0.083
0.077
0.083
0.083
0.082
0.083
0.083
0.083
0.083
0.082
0.082
0.083
0.083
0.079
0.083
0.083
0.083
0.083
0.083
0.083
-1.973
0.083
0.083
0.083
0.083
0.083
0.083
0.083
0.083
0.082
0.083
0.079
0.083
0.083
0.083
0.083
0.082
0.083
0.082
0.083
0.081
0.082
0.082
0.083
0.083
0.083
0.083
0.082
0.083
0.083
0.083
0.082
0.083
0.083
0.083
0.080
0.083
0.083
0.083
0.083
0.083
0.081
0.083
0.083
0.082
0.082
0.083
0.083
0.082
0.083
0.083
0.083
0.082
0.083
0.083
0.083
0.083
0.083
0.083
0.083
0.083
0.083
0.083
0.083
0.083
0.083
0.082
0.083
0.083
0.082
0.083
0.083
0.082
0.082
0.083
0.075
0.082
0.079
0.075
0.082
0.081
0.083
0.083
0.083
0.083
0.083
0.083
0.083
0.083
0.081
0.082
0.083
0.083
0.083
0.083
-2.813
0.083
0.083
0.083
0.082
0.083
0.083
0.082
0.082
0.082
0.083
0.082
0.083
0.083
0.083
0.083
0.083
0.083
0.083
0.083
0.083
-1.954
0.083
0.083
0.083
0.083
0.083
0.083
0.083
0.083
0.083
0.083
0.083
0.083
0.083
0.083
0.082
0.082
0.082
0.081
0.083
0.083
0.082
0.083
0.082
0.083
0.083
0.083
0.083
0.082
0.083
0.083
0.083
0.083
0.083
0.083
0.083
0.082
0.083
0.083
0.083
0.082
0.083
0.083
0.083
0.083
0.082
0.083
0.083
0.083
0.082
0.083
0.079
0.083
0.083
0.083
0.075
0.083
0.082
0.083
0.082
0.083
0.083
0.083
0.083
0.082
0.083
0.081
0.083
0.083
0.083
0.083
0.083
0.083
0.082
0.083
0.083
0.083
0.083
0.083
0.083
0.079
0.083
0.079
0.083
0.083
0.083
0.083
0.083
0.082
0.083
0.083
0.082
0.083
0.083
0.082
0.083
0.083
0.083
0.083
0.083
0.083
0.083
0.083
0.083
0.083
0.083
0.083
0.083
0.083
0.083
0.083
0.083
0.083
0.083
0.083
0.082
0.083
0.082
0.082
0.083
0.083
0.083
0.083
0.083
0.083
0.083
0.081
0.082
0.082
0.083
0.083
0.083
0.079
0.083
0.083
0.072
0.081
0.083
0.075
0.082
0.082
0.083
0.082
0.083
0.083
0.082
0.082
0.079
0.083
0.083
0.082
0.079
0.083
0.083
0.083
0.083
0.083
0.083
0.083
0.083
0.083
0.083
0.083
0.082
0.083
0.082
0.083
0.083
0.083
0.082
0.083
0.083
0.083
0.083
0.083
0.083
0.083
0.082
0.082
0.083
0.083
0.083
0.083
0.083
0.082
0.083
0.083
0.083
0.083
0.082
0.082
0.083
0.083
0.083
0.083
0.083
0.083
0.083
0.083
0.082
0.082
0.083
0.083
0.083
0.083
0.083
0.081
0.083
0.083
0.083
0.083
0.082
0.083
0.083
0.083
0.082
0.083
0.083
0.083
0.083
0.075
0.083
0.083
0.082
0.083
0.083
0.083
0.083
0.083
0.083
0.083
0.083
0.082
0.083
0.083
0.083
0.083
0.083
0.083
0.083
0.083
0.083
0.082
0.083
0.082
0.083
0.083
0.083
0.083
0.082
0.083
0.071
0.083
0.083
0.083
0.083
0.081
0.083
0.079
0.083
0.083
-1.958
0.082
0.083
0.082
0.083
0.083
0.083
0.083
0.082
0.081
0.083
0.083
0.083
0.082
0.082
0.082
0.083
0.083
0.082
0.082
0.083
0.083
0.082
0.083
0.083
0.083
0.083
0.083
0.083
0.083
0.083
0.081
0.083
0.083
0.083
0.083
0.079
0.083
0.083
0.083
0.082
0.082
0.083
0.083
0.083
0.083
0.083
0.083
0.082
0.082
0.083
0.082
0.083
0.083
0.083
0.083
0.083
0.081
0.083
0.083
0.082
0.082
0.083
0.083
0.083
0.082
0.082
0.083
0.075
0.081
0.082
0.083
0.079
0.081
0.083
0.083
0.083
0.082
0.081
0.083
0.083
0.083
0.083
0.083
0.083
0.083
0.083
0.083
0.083
0.082
0.083
0.082
0.082
0.083
0.083
0.083
0.083
0.083
0.083
0.083
0.082
0.083
0.083
0.083
0.083
0.083
0.083
0.082
0.081
0.083
0.083
0.083
0.083
0.075
0.083
0.082
0.083
0.081
0.083
0.082
0.082
0.083
0.083
0.083
0.083
0.083
0.083
0.083
0.083
0.083
0.083
0.083
0.083
0.083
0.083
0.075
0.082
0.083
0.083
0.083
0.083
0.083
0.082
0.083
0.079
0.082
0.083
0.083
0.083
0.082
0.083
0.082
0.083
0.083
0.083
0.083
0.079
0.083
0.083
0.082
0.079
0.083
0.083
0.083
0.083
0.076
-1.362
-1.362
-1.413
-1.354
-1.354
-1.362
-1.354
-1.362
-1.354
-1.364
-1.362
-1.362
-1.362
-1.364
-1.364
0.000
0.000
0.000
0.000
0.000
0.000
0.000
0.000
0.000
0.000
0.000
0.000
0.000
0.000
0.000
0.082
0.083
0.079
0.082
0.083
0.083
0.083
0.082
0.083
0.082
0.083
0.079
0.083
0.083
0.083
0.083
0.082
0.083
0.083
0.083
0.083
0.083
0.083
0.083
0.082
0.083
0.067
0.083
0.083
0.083
0.083
0.083
0.083
0.081
0.083
0.082
0.083
0.082
0.083
0.083
0.083
0.083
0.082
0.083
0.083
0.082
0.082
0.083
0.083
0.083
0.083
0.083
0.083
0.075
0.079
0.083
0.083
0.083
0.083
0.083
0.081
0.083
-1.958
0.083
0.082
0.083
0.083
0.079
0.083
0.082
0.083
0.083
0.082
0.083
0.083
0.082
0.082
0.083
0.083
0.083
0.083
0.082
0.083
0.075
0.082
0.083
0.083
0.083
0.083
0.083
0.067
0.083
0.064
0.083
0.082
0.083
0.083
0.083
0.083
0.076
0.083
0.083
0.083
0.083
0.075
0.083
0.083
0.083
0.083
0.083
0.083
0.067
0.083
0.079
0.083
0.083
0.076
0.083
0.083
0.079
0.083
0.083
0.079
0.082
0.083
0.079
0.083
0.083
0.083
0.082
0.083
0.067
0.083
0.081
0.083
0.083
0.082
0.083
0.083
0.083
0.067
0.083
0.083
0.083
0.083
0.082
0.082
0.082
0.083
0.079
0.082
0.083
0.079
0.082
0.083
0.077
0.082
0.083
0.080
0.083
0.082
0.083
0.083
0.083
0.083
0.083
0.082
0.083
0.083
0.082
0.083
0.083
0.083
0.083
0.082
0.083
0.081
0.083
0.083
0.082
0.082
0.083
0.082
0.083
0.083
0.083
0.083
0.083
0.083
0.067
0.083
0.082
0.083
0.082
0.082
0.082
0.083
0.083
0.083
0.082
0.075
0.083
0.083
0.081
0.082
0.083
0.083
0.082
0.083
0.083
0.083
0.083
0.082
0.082
0.083
0.083
0.082
0.083
0.083
0.082
0.083
0.083
0.083
0.081
0.083
0.081
0.082
0.083
0.082
0.083
0.081
0.083
0.083
0.082
0.083
0.083
-1.958
0.083
0.083
0.083
0.082
0.083
0.081
0.082
0.083
0.083
0.083
0.083
0.067
0.082
0.083
0.083
0.083
0.083
0.083
0.082
0.083
0.083
0.082
0.083
0.067
0.083
0.083
0.083
0.082
0.082
0.083
0.082
0.083
0.083
0.083
0.083
0.083
0.082
0.083
0.083
0.083
0.083
0.082
0.082
0.083
0.083
0.083
0.083
0.079
0.083
0.083
0.083
0.083
0.083
0.083
0.083
0.083
0.083
0.083
0.083
0.083
0.083
0.083
0.067
0.083
0.083
0.083
0.083
0.081
0.083
0.083
0.083
0.083
0.083
0.083
0.083
0.083
0.083
0.067
0.083
0.083
0.083
0.082
0.083
0.083
0.083
0.083
0.083
0.067
0.083
0.083
0.083
0.083
0.082
0.082
0.083
0.083
0.083
0.083
0.083
0.083
0.083
0.083
0.083
0.083
0.081
-1.991
0.083
0.076
0.083
0.083
0.081
0.083
0.082
0.083
0.082
0.082
0.081
0.083
0.083
0.083
0.083
0.083
0.067
0.083
0.083
0.082
0.082
0.083
0.079
0.082
0.083
0.083
0.082
0.083
0.083
0.071
0.083
0.081
0.081
0.083
0.079
0.083
0.083
0.083
0.083
0.083
0.083
0.083
0.083
0.082
0.082
0.083
0.083
0.082
0.082
0.083
0.083
0.083
0.083
0.082
0.083
0.067
0.083
0.083
0.081
0.083
0.083
0.083
0.082
0.083
0.083
0.083
0.083
0.083
0.083
0.083
0.082
0.083
0.083
0.083
0.083
0.083
0.083
0.083
0.083
0.079
0.083
0.083
0.083
0.083
0.083
0.076
0.083
0.083
0.083
0.083
0.083
0.083
0.083
0.082
0.082
0.082
0.083
0.083
0.083
0.082
0.081
0.076
0.081
0.083
0.079
0.083
0.077
0.082
0.083
0.072
0.081
0.083
0.076
0.081
0.076
0.072
0.082
0.074
0.081
0.083
0.081
0.081
0.076
0.083
0.076
0.083
0.083
0.081
-0.045
-0.045
-0.045
0.083
0.076
0.081
0.076
0.076
0.073
0.081
0.076
0.076
0.082
0.083
0.072
0.081
0.076
0.076
0.082
0.083
0.076
0.076
0.083
0.076
0.081
0.076
0.083
0.083
0.083
0.081
0.076
0.076
0.072
0.076
0.083
0.079
0.076
0.076
0.081
0.083
0.076
0.081
0.083
0.083
0.072
0.082
0.083
0.081
0.083
0.083
0.083
0.083
0.083
0.079
0.082
0.082
0.083
0.083
0.083
0.083
0.083
0.083
0.082
0.082
0.083
0.083
0.083
0.083
0.083
0.083
0.083
0.083
0.083
0.083
0.083
-0.810
-0.811
-0.810
-0.095
-0.095
-0.096
0.083
0.068
0.079
0.083
0.083
0.081
0.083
0.083
-2.134
0.083
0.083
0.083
0.082
0.083
0.083
0.082
0.083
0.083
0.082
0.082
0.058
0.083
0.083
0.083
0.083
0.083
0.083
0.083
0.083
0.083
0.082
0.083
0.083
0.083
0.082
0.082
0.082
0.083
0.082
0.083
0.083
0.083
0.083
0.083
0.083
0.083
0.083
0.083
0.082
0.083
0.083
0.083
0.083
0.081
0.083
0.083
0.081
0.081
0.083
0.082
0.083
0.083
0.082
0.082
0.083
0.083
0.083
0.083
0.079
0.083
0.083
-1.954
0.083
0.083
0.083
0.082
0.083
0.083
0.071
0.077
0.083
0.082
0.083
0.082
0.067
0.079
0.081
-1.758
-1.782
-3.405
0.083
0.083
0.083
0.082
0.063
0.082
0.083
0.082
0.083
0.083
0.083
0.075
0.076
0.083
0.083
0.083
0.079
0.083
0.067
0.083
0.082
0.083
0.081
0.081
0.079
0.083
0.080
0.082
0.082
0.083
0.080
0.083
0.067
0.083
0.083
0.081
0.083
0.069
0.081
