fixedStep chrom=ENSGT00390000015418 start=1 step=1
0.000
0.000
0.000
0.000
0.000
0.000
0.000
0.000
0.000
0.000
0.000
0.000
0.000
0.000
0.000
0.000
0.000
0.000
0.000
0.000
0.000
0.000
0.000
0.000
0.000
0.000
0.000
0.000
0.000
0.000
0.000
0.000
0.000
0.000
0.000
0.000
0.000
0.000
0.000
0.000
0.000
0.000
0.000
0.000
0.000
0.000
0.000
0.000
0.000
0.000
0.000
0.000
0.000
0.000
0.000
0.000
0.000
0.000
0.000
0.000
0.000
0.000
0.000
0.000
0.000
0.000
0.000
0.000
0.000
0.000
0.000
0.000
0.000
0.000
0.000
0.000
0.000
0.000
0.000
0.000
0.000
0.000
0.000
0.000
0.000
0.000
0.000
0.000
0.000
0.000
0.000
0.000
0.000
0.000
0.000
0.000
0.000
0.000
0.000
0.000
0.000
0.000
0.000
0.000
0.000
0.000
0.000
0.000
0.000
0.000
0.000
0.000
0.000
0.000
0.000
0.000
0.000
0.000
0.000
0.000
0.000
0.000
0.000
0.000
0.000
0.000
0.000
0.000
0.000
0.000
0.000
0.000
0.000
0.000
0.000
0.000
0.000
0.000
0.000
0.000
0.000
0.089
-0.672
-0.692
0.089
-0.690
-0.690
-0.690
0.082
0.081
-1.287
-0.672
0.089
0.082
-0.672
0.074
0.082
-0.692
-0.690
-0.690
-0.672
0.089
-0.258
-0.257
-0.258
0.086
0.075
-1.817
-3.122
0.089
-0.692
0.089
0.089
-1.402
0.081
-1.289
0.089
0.089
0.082
-0.692
0.089
0.089
0.089
-0.692
0.082
0.082
-0.690
-1.290
-1.767
-0.692
-0.692
0.082
0.082
-0.692
-1.645
0.082
0.082
-0.692
0.089
-0.688
0.082
0.082
-0.692
0.082
-0.690
-0.688
-0.690
0.085
0.081
0.089
0.089
0.089
0.085
0.089
0.089
0.089
0.089
0.089
-1.997
0.089
0.089
-0.692
0.089
0.081
0.085
0.089
0.089
0.082
0.085
0.089
0.089
0.089
0.089
0.089
0.089
0.089
0.089
0.089
0.089
0.089
0.085
0.089
0.085
0.089
0.089
0.085
0.089
0.089
0.089
0.089
0.089
0.089
0.088
0.089
0.088
0.089
0.089
0.089
0.089
0.089
0.086
0.089
0.089
0.089
0.089
0.089
0.089
0.089
0.089
0.089
0.089
0.089
0.082
0.089
0.089
0.089
0.089
0.089
0.089
0.089
0.089
0.085
0.089
0.089
0.089
0.089
0.089
0.069
0.089
0.089
0.081
0.089
0.085
0.089
0.086
0.089
0.089
0.089
0.089
0.089
0.089
0.089
0.088
0.089
0.089
-0.690
0.089
0.089
0.089
0.089
0.089
0.089
0.076
0.089
0.076
0.089
0.089
0.082
0.089
0.089
0.089
0.089
0.089
0.089
0.089
0.081
0.089
0.089
0.089
0.082
0.089
0.089
0.089
0.089
0.089
0.089
0.089
0.089
0.089
0.089
0.089
0.089
0.089
0.089
0.089
0.089
0.089
0.074
0.089
0.089
0.076
0.089
0.089
0.089
0.089
0.089
0.089
0.089
0.089
0.089
0.075
0.089
0.089
0.089
0.089
0.085
0.089
0.089
0.089
0.089
0.089
0.089
0.089
0.089
-0.690
0.089
0.089
0.089
0.089
0.089
0.089
0.089
0.089
0.089
0.089
-1.895
0.089
-1.402
0.086
0.073
0.089
0.089
0.089
0.089
0.089
0.089
0.089
0.085
0.089
0.089
0.079
0.088
0.089
0.089
0.089
0.089
0.089
0.085
0.089
0.089
0.085
0.085
0.089
0.084
0.089
0.089
0.089
0.089
0.089
0.089
0.089
0.089
0.085
0.089
0.089
0.088
0.089
0.089
0.089
0.089
0.089
0.086
0.089
0.089
0.089
0.089
0.089
0.088
0.089
0.089
0.089
0.089
0.089
0.085
0.089
0.089
0.085
0.089
0.089
0.089
0.089
0.089
0.087
0.086
0.089
0.088
0.089
0.089
0.089
0.089
0.089
0.081
0.081
0.076
0.089
0.089
0.089
0.089
0.089
0.089
0.089
0.089
0.089
0.085
0.089
0.089
0.089
0.089
0.089
0.089
0.089
0.089
0.089
0.089
0.085
0.085
0.089
0.089
0.089
0.075
0.089
0.089
0.089
0.089
0.089
0.089
0.089
0.089
0.089
0.089
0.082
0.089
0.089
0.085
0.089
0.089
0.088
0.089
0.089
0.089
0.089
0.089
0.088
0.089
0.086
0.075
0.085
0.089
0.089
0.089
0.089
0.089
0.089
0.089
0.089
0.089
0.089
0.089
0.089
0.088
0.086
0.089
0.089
0.089
0.089
0.089
0.089
0.089
0.089
0.089
0.089
0.089
0.082
0.089
0.089
0.089
0.089
0.089
0.089
0.089
0.089
0.085
0.089
0.089
0.089
0.089
0.089
0.089
0.086
0.089
0.089
0.089
0.089
0.089
0.089
0.089
0.089
0.089
0.086
0.089
0.089
0.089
0.089
0.089
0.089
0.089
0.089
0.089
0.089
0.089
0.089
0.089
0.089
0.089
0.069
0.089
0.089
0.084
0.089
0.089
0.089
0.086
0.087
0.089
0.089
0.089
0.085
0.089
0.089
0.082
0.089
0.089
0.089
0.089
0.089
0.085
0.089
0.089
0.089
0.089
0.089
0.089
0.086
0.089
0.089
0.089
0.089
0.089
0.089
0.089
0.089
0.085
0.072
0.089
0.089
0.089
0.081
0.089
0.089
0.089
0.088
0.089
0.086
0.076
0.089
0.088
0.089
0.089
-1.859
0.089
0.089
0.076
0.089
0.089
0.089
0.089
0.089
0.089
0.089
0.089
0.081
0.086
0.089
0.076
0.089
0.081
0.086
0.089
0.089
0.089
0.089
0.089
0.089
0.085
0.085
0.089
0.087
0.089
0.089
0.089
0.089
0.089
0.089
0.089
0.089
0.089
0.089
-1.782
-2.148
-2.147
-2.149
-2.149
-2.147
-2.148
-2.446
-3.680
-2.522
-2.147
-2.149
-2.148
-2.147
-2.138
-2.149
-2.147
-2.149
-2.828
0.000
0.000
0.000
0.000
0.000
0.000
0.000
0.000
0.000
0.000
0.000
0.000
0.000
0.000
0.000
0.000
0.000
0.000
0.000
0.000
0.000
0.000
0.000
0.000
0.000
0.000
0.000
0.000
0.000
0.000
0.000
0.000
0.000
0.000
0.000
0.000
0.000
0.000
0.000
0.000
0.000
0.000
0.000
0.000
0.000
0.000
0.000
0.000
0.000
0.000
0.000
0.000
0.000
0.000
0.085
0.089
0.089
0.089
0.089
0.089
0.076
0.089
0.081
0.089
0.089
0.085
0.085
0.076
0.088
0.089
0.089
0.087
0.089
0.076
0.085
0.089
0.089
0.089
0.088
0.089
0.089
0.086
0.089
0.089
0.086
0.089
-1.289
0.089
0.076
-0.688
-0.782
-0.907
-0.889
-0.793
-0.781
-0.783
0.089
0.075
0.089
0.089
0.089
0.089
0.089
0.089
0.089
0.089
0.089
0.084
0.089
0.089
0.089
0.089
0.089
0.085
0.087
0.074
0.085
0.089
0.089
0.087
0.076
0.086
0.084
0.086
0.089
0.089
-0.781
-0.783
-0.781
0.086
0.089
0.076
0.089
0.076
-1.441
0.089
0.089
0.085
0.089
0.089
0.089
