fixedStep chrom=ENSGT00390000016046 start=1 step=1
-1.259
-1.945
-1.577
-1.259
-1.577
-1.573
-1.577
-2.172
-5.052
-2.196
-2.749
-1.673
0.052
0.052
0.052
0.052
0.062
0.060
0.063
0.063
0.063
0.060
0.047
0.063
0.058
0.059
0.063
0.063
0.063
0.063
0.063
0.063
0.063
0.063
0.060
0.063
0.063
0.063
0.060
0.063
0.063
0.063
0.063
0.047
0.063
0.063
0.063
0.063
0.062
0.063
0.060
0.047
0.063
0.063
0.063
0.062
0.050
0.062
0.063
0.062
0.062
0.063
0.047
0.059
0.058
0.051
0.063
0.063
0.063
0.063
0.063
0.052
0.063
0.063
0.063
0.063
0.063
0.063
0.063
0.063
0.063
0.063
0.063
0.063
0.063
0.047
0.063
0.062
0.062
0.063
0.059
0.063
0.063
0.060
0.063
0.052
-0.596
-0.596
-0.596
0.063
0.063
0.059
0.063
0.063
0.060
0.060
0.059
0.052
0.059
0.063
0.060
0.063
0.059
0.059
0.063
0.063
0.063
0.063
0.063
0.063
0.063
0.063
0.063
0.052
0.063
0.063
0.062
0.063
-1.872
0.063
0.062
0.062
0.063
0.063
0.063
0.063
0.059
0.060
0.063
0.063
0.063
0.063
0.063
0.063
0.060
0.063
0.063
0.063
0.063
0.060
0.063
0.063
0.059
0.063
0.063
0.059
0.063
0.063
0.059
0.063
0.063
0.063
0.063
0.063
0.063
0.063
0.063
0.060
0.063
0.063
0.063
0.060
0.063
0.063
0.063
0.063
0.063
0.063
0.060
0.063
0.059
0.063
0.059
0.060
0.063
0.063
0.063
0.063
0.063
0.063
0.063
0.052
0.063
0.063
0.063
0.063
0.063
0.063
0.062
0.062
0.063
0.063
0.063
0.063
0.063
0.063
0.063
0.063
0.063
0.060
0.058
0.063
0.063
0.063
0.063
0.059
0.063
0.063
0.063
0.063
0.063
0.059
0.063
0.063
0.063
0.063
0.063
0.052
0.063
0.063
0.063
0.063
0.063
0.063
0.052
0.063
0.063
0.063
0.063
0.060
0.063
0.063
0.063
0.063
0.063
0.063
0.063
0.063
0.063
0.063
0.063
0.063
0.063
0.063
0.063
0.063
0.063
0.047
0.063
0.063
0.063
0.060
0.063
0.059
0.063
0.063
0.063
0.063
0.063
0.063
0.063
0.063
0.063
0.052
0.063
0.063
0.063
0.063
0.063
0.063
0.063
0.060
0.063
0.063
0.063
0.047
0.063
0.063
0.063
0.063
0.063
0.063
0.063
0.060
0.060
0.063
0.062
0.063
0.063
0.063
0.063
0.063
0.063
0.063
0.063
0.060
0.063
0.063
0.063
0.063
0.063
0.063
0.063
0.058
0.059
-1.925
0.063
0.063
0.063
0.063
0.063
0.063
0.059
0.063
0.063
0.047
-1.888
0.063
0.063
0.063
0.063
0.063
0.060
0.063
0.063
0.059
0.063
0.059
0.063
0.063
0.063
0.063
0.047
0.063
0.063
0.060
0.047
0.060
0.063
0.063
0.059
0.060
0.063
0.060
0.060
0.062
0.060
0.063
0.063
0.063
0.063
0.063
0.063
0.059
0.063
-1.934
0.063
0.063
0.063
0.063
0.063
0.060
0.063
0.063
0.063
0.063
0.063
0.063
0.063
0.063
0.063
0.063
0.063
0.063
0.063
0.063
0.060
0.063
0.063
0.063
0.063
0.063
0.063
0.063
0.063
0.063
0.063
0.063
0.059
0.063
0.063
0.063
0.047
0.063
0.063
0.063
0.063
0.063
0.062
0.063
0.060
0.062
0.063
0.059
0.063
0.063
0.063
0.063
0.063
0.059
0.063
0.063
0.063
0.063
0.063
0.059
0.062
0.063
0.063
0.063
0.063
0.060
0.063
0.063
0.063
0.058
0.063
0.063
0.063
0.063
0.063
0.059
0.063
0.063
0.052
0.063
0.062
0.063
0.063
0.063
0.063
0.063
0.063
0.063
0.063
0.063
0.063
0.063
0.052
0.063
0.063
0.063
0.063
0.063
0.063
0.063
0.063
0.062
0.063
0.063
0.063
0.063
0.058
0.063
0.063
0.063
0.060
0.063
0.063
0.063
0.063
0.063
0.060
0.063
0.060
-2.512
0.063
0.063
0.063
0.063
0.063
0.052
0.063
0.063
0.063
0.063
0.060
0.063
0.063
0.063
0.063
0.063
0.063
0.063
0.063
0.063
0.063
0.063
0.063
0.062
0.063
0.063
0.063
0.063
0.063
0.063
0.059
0.063
0.063
0.063
0.063
0.058
0.050
0.063
0.063
0.063
0.063
0.047
0.059
0.063
0.061
0.047
0.063
0.059
0.063
0.063
0.063
0.063
0.063
-2.040
-1.897
0.060
0.059
0.047
0.060
0.063
0.052
0.063
0.060
0.063
0.063
0.063
0.063
0.063
0.062
0.063
0.063
0.063
0.052
0.063
0.060
0.060
0.060
0.063
0.063
0.063
0.063
0.063
0.063
0.057
0.060
0.060
0.062
0.063
0.063
0.052
0.063
0.063
0.063
0.063
0.060
0.059
0.051
0.063
0.052
0.063
0.063
0.063
0.063
0.063
0.063
0.063
0.060
0.059
0.063
0.063
0.060
0.063
0.063
0.063
0.063
0.063
0.061
0.063
0.063
0.063
0.063
0.063
0.060
0.063
0.063
0.063
0.063
0.063
0.063
0.063
0.063
0.058
0.063
0.063
0.060
0.063
0.063
0.063
0.063
0.063
0.063
0.063
0.063
0.063
0.059
0.063
0.063
0.063
0.063
0.063
0.063
0.063
0.063
0.063
0.063
0.063
0.063
0.063
0.063
0.063
0.063
0.063
0.063
0.063
0.063
0.063
0.063
0.063
0.063
0.063
0.063
0.063
0.063
0.063
0.060
0.063
0.063
0.063
0.060
0.060
0.060
0.063
0.052
0.060
0.063
0.062
0.063
0.063
0.062
0.063
0.052
0.062
0.047
0.063
0.060
0.063
0.059
0.063
0.063
0.063
0.063
0.063
0.058
0.063
0.063
0.063
0.060
0.063
0.062
0.063
0.063
0.063
0.063
0.063
0.063
0.059
0.063
0.058
0.062
0.063
0.063
0.060
0.060
0.063
0.063
0.063
0.063
0.063
0.063
0.063
0.063
0.063
0.063
0.062
0.063
0.063
0.063
0.047
0.063
0.060
0.063
0.063
0.060
0.060
0.052
0.063
0.063
0.063
0.063
0.063
0.063
0.063
0.063
0.063
0.063
0.063
0.058
0.054
0.063
0.063
0.062
0.063
0.063
0.047
0.063
0.063
0.063
0.063
0.063
0.063
0.063
0.060
0.060
0.063
0.063
0.063
0.063
0.060
0.063
0.063
0.063
0.063
0.063
0.063
0.060
0.063
0.063
0.063
0.063
0.063
0.063
0.063
0.063
0.063
0.063
0.063
0.063
0.063
0.063
0.063
0.052
0.063
0.063
0.063
0.063
0.063
0.063
0.063
0.060
0.063
0.063
0.047
0.062
0.063
0.046
0.060
0.063
0.063
0.052
0.063
0.060
0.052
0.063
0.060
0.063
0.063
0.063
0.063
0.063
0.059
0.063
0.063
0.063
0.063
0.063
0.063
0.062
0.063
0.063
0.063
0.063
0.063
0.047
0.063
0.063
0.060
0.063
0.063
0.063
0.063
0.055
0.063
0.063
0.062
0.063
0.063
0.063
0.063
0.063
0.063
0.063
0.063
0.060
0.063
0.063
0.060
0.063
0.060
0.063
0.063
0.063
0.063
0.063
0.063
0.063
0.063
0.063
0.063
0.063
0.063
0.059
0.063
0.063
0.060
0.063
0.063
0.063
0.063
0.063
0.063
0.063
0.063
0.063
0.062
0.063
0.062
0.052
0.052
0.063
0.063
0.063
0.047
0.063
0.063
0.063
0.063
0.063
0.062
0.063
0.063
0.063
0.063
0.063
0.063
0.063
0.063
0.058
0.052
0.060
0.063
0.060
0.063
0.063
0.060
0.063
0.063
0.060
0.052
0.063
0.063
0.058
0.060
0.063
0.063
0.063
0.063
0.062
0.063
0.063
0.063
0.048
0.063
0.063
0.062
0.063
0.063
0.060
0.063
0.063
0.063
0.052
0.063
0.063
0.063
0.063
0.063
0.062
0.063
0.063
0.063
0.063
0.063
0.063
0.063
0.063
0.063
0.063
0.063
0.063
0.063
0.063
0.063
0.063
0.060
0.063
0.063
-1.952
0.063
0.063
0.063
0.063
0.063
0.063
0.063
0.063
0.063
0.063
0.063
0.063
0.063
0.063
0.063
0.063
0.063
0.059
0.052
0.063
0.063
0.063
0.063
0.063
0.063
0.063
0.063
0.063
0.063
0.063
0.062
0.060
0.063
0.063
0.060
0.063
0.063
0.063
0.060
0.063
0.063
0.063
0.063
0.063
0.048
0.063
0.052
0.063
0.063
0.063
0.063
0.052
0.063
0.063
0.063
0.063
0.063
0.063
0.063
0.062
0.063
0.063
0.060
0.063
0.063
0.063
0.063
0.063
0.063
0.063
0.063
0.060
0.063
0.063
0.063
0.063
0.063
0.063
0.063
0.060
0.052
0.063
0.063
0.063
0.063
0.063
0.060
0.063
0.063
0.063
0.063
0.063
0.063
0.063
0.063
0.063
0.063
0.063
0.063
0.063
0.063
0.063
0.063
0.063
0.063
0.063
0.063
0.063
0.063
0.063
0.063
0.063
0.063
0.063
0.063
0.047
0.063
0.063
0.063
0.063
0.063
0.063
0.063
0.052
0.063
0.063
0.063
0.063
0.063
0.063
0.063
0.063
0.063
0.063
0.060
0.060
0.058
0.063
0.063
0.063
0.063
0.063
0.063
0.059
0.063
0.063
0.063
0.063
0.063
0.063
0.063
0.063
0.063
0.063
0.063
0.060
0.063
0.063
0.063
